1305031102.675285 -0.005641410 0.017841332 0.140522614 -0.042421933 -0.017772514 -0.000600706 0.998941541
1305031102.711263 -0.005734792 0.017701404 0.150932357 -0.043502308 -0.018178228 0.000592675 0.998887777
1305031102.743234 -0.003504370 0.022797989 0.163344011 -0.043896027 -0.020139910 0.003606295 0.998826563
1305031102.775472 -0.001483643 0.023026910 0.174590811 -0.046460181 -0.019170890 0.001941433 0.998734295
1305031102.811232 -0.001482583 0.028943986 0.186040208 -0.045427438 -0.016360713 0.000910079 0.998833239
1305031102.843290 -0.000486526 0.026952468 0.195228383 -0.049054958 -0.013601851 0.000443953 0.998703361
1305031102.875363 -0.003122727 0.031031061 0.205504566 -0.046899535 -0.009746091 -0.002163016 0.998849690
1305031102.911185 -0.004168793 0.033390678 0.214604199 -0.046334825 -0.008071828 -0.003391683 0.998887599
1305031102.943229 -0.009356175 0.033835538 0.220530599 -0.047038209 -0.005652501 -0.004926346 0.998864949
1305031102.975203 -0.012588507 0.036489069 0.227512896 -0.047426015 -0.011224614 -0.004669287 0.998800814
1305031103.011215 -0.015038719 0.038922079 0.232577473 -0.047860391 -0.016168924 -0.002520735 0.998719990
1305031103.043227 -0.015180795 0.041406661 0.241164327 -0.049524568 -0.022308778 0.000389226 0.998523653
1305031103.075319 -0.011832383 0.041539833 0.251993030 -0.049820211 -0.027063591 0.002891536 0.998387277
1305031103.111240 -0.012732558 0.047427170 0.257411063 -0.047155295 -0.026262712 0.003764565 0.998535156
1305031103.143318 -0.012004402 0.048997730 0.266150534 -0.049065020 -0.026938383 0.005486669 0.998417139
1305031103.175452 -0.012180522 0.053395487 0.271118551 -0.048848685 -0.025268460 0.006088387 0.998467922
1305031103.211220 -0.014215626 0.058319487 0.276098609 -0.052117161 -0.024453787 0.006713829 0.998318911
1305031103.243216 -0.013769160 0.060643025 0.282014608 -0.059031583 -0.024675425 0.010383674 0.997897029
1305031103.275370 -0.019489553 0.061620265 0.283422500 -0.068086654 -0.024215154 0.013623365 0.997292459
1305031103.311210 -0.018678170 0.057150684 0.289530605 -0.076630130 -0.034333125 0.014079912 0.996368766
1305031103.343223 -0.012521536 0.059018962 0.293831795 -0.076712087 -0.041903630 0.014409449 0.996068120
1305031103.375327 -0.011438192 0.058353163 0.294308513 -0.080355145 -0.040785760 0.016047649 0.995802164
1305031103.411260 -0.013263110 0.053786062 0.292900562 -0.083648622 -0.039118238 0.017102607 0.995580316
1305031103.443280 -0.015013818 0.052546609 0.288967252 -0.083312340 -0.040437702 0.016526893 0.995565474
1305031103.475274 -0.014044878 0.049164567 0.286015928 -0.083796494 -0.043715529 0.014913646 0.995411813
1305031103.511333 -0.013876720 0.045122467 0.281008273 -0.081932060 -0.045174781 0.012480618 0.995535314
1305031103.543444 -0.013749864 0.040950973 0.275132239 -0.078309737 -0.046441846 0.010171335 0.995794773
1305031103.575474 -0.014577235 0.040025797 0.267438918 -0.073340870 -0.047297064 0.010439404 0.996130049
1305031103.611223 -0.015553512 0.035826322 0.259271741 -0.071628384 -0.049873862 0.011742585 0.996114492
1305031103.643445 -0.014950574 0.032108624 0.250890613 -0.069151349 -0.054013968 0.012199189 0.996068120
1305031103.675523 -0.013143199 0.028889406 0.242295146 -0.066573225 -0.057003193 0.012165528 0.996077657
1305031103.711610 -0.011461738 0.026004791 0.232905939 -0.064146519 -0.058313992 0.012002314 0.996162951
1305031103.743326 -0.010391062 0.020593235 0.223545730 -0.062495295 -0.058068734 0.010757225 0.996296465
1305031103.775342 -0.010241528 0.019620381 0.211612597 -0.058437061 -0.057281315 0.007399495 0.996618867
1305031103.811242 -0.009785126 0.019099919 0.200062349 -0.057853360 -0.056049306 0.003976703 0.996742487
1305031103.843251 -0.013078713 0.019337710 0.187407866 -0.059924070 -0.054143663 0.000993798 0.996732950
1305031103.875361 -0.014007853 0.010364334 0.178097188 -0.068163544 -0.056644820 -0.002032923 0.996062696
1305031103.911221 -0.012960415 0.004453948 0.168043017 -0.067962565 -0.060824681 -0.003786907 0.995824814
1305031103.943211 -0.011654713 0.002780713 0.156364843 -0.065405965 -0.063681796 -0.004766997 0.995813191
1305031103.975373 -0.009413047 -0.002298102 0.146014795 -0.064296968 -0.066083178 -0.005847073 0.995723188
1305031104.011232 -0.004900742 -0.008199409 0.137494043 -0.061807051 -0.067610107 -0.006888171 0.995771706
1305031104.043249 -0.001784753 -0.010287201 0.125462845 -0.054443717 -0.065255590 -0.008849659 0.996342957
1305031104.075425 -0.000230758 -0.009249411 0.114720017 -0.049443737 -0.060890455 -0.011550146 0.996852160
1305031104.111235 0.003594708 -0.015121399 0.105327465 -0.047619589 -0.056234945 -0.012940922 0.997197330
1305031104.143230 0.000723996 -0.018958388 0.091893539 -0.043015495 -0.048758041 -0.014680881 0.997775912
1305031104.175424 -0.000053675 -0.020206185 0.080723256 -0.038489796 -0.045078102 -0.015455198 0.998122096
1305031104.211283 0.000666418 -0.024329461 0.070607886 -0.035023075 -0.042612378 -0.015493714 0.998357415
1305031104.243196 0.000926759 -0.025461040 0.060394891 -0.029983157 -0.040200263 -0.015618711 0.998619556
1305031104.275546 0.001743185 -0.027222333 0.050254907 -0.025708431 -0.037695706 -0.016505303 0.998822153
1305031104.311219 0.002810976 -0.028540239 0.041076411 -0.021979034 -0.034681883 -0.016613226 0.999018550
1305031104.343342 0.004065975 -0.027382243 0.032759454 -0.018014502 -0.030915948 -0.016823703 0.999218047
1305031104.375837 0.003433351 -0.028000548 0.024098177 -0.016081030 -0.025736134 -0.016565362 0.999402165
1305031104.411509 0.000684433 -0.028889565 0.014534987 -0.014687228 -0.020826703 -0.016335534 0.999541759
1305031104.443288 -0.004449581 -0.028502341 0.005129353 -0.013813293 -0.017475108 -0.016364215 0.999617994
1305031104.475456 -0.007774492 -0.029352311 -0.002560847 -0.014102625 -0.017871698 -0.015785927 0.999616206
1305031104.511329 -0.004305664 -0.030376468 -0.004311570 -0.013270894 -0.022588851 -0.013151059 0.999570251
1305031104.543368 -0.001983277 -0.031605553 -0.011672257 -0.009896549 -0.025364408 -0.012456618 0.999551654
1305031104.575343 0.003153035 -0.036773354 -0.017001122 -0.006927404 -0.026701067 -0.011713396 0.999550819
1305031104.611336 0.009411587 -0.047030564 -0.025754157 -0.000271245 -0.023842832 -0.010872605 0.999656558
1305031104.643243 0.011752155 -0.044208955 -0.034951277 0.012846654 -0.016673002 -0.009983796 0.999728620
1305031104.675525 0.013084324 -0.048524410 -0.042839356 0.023150833 -0.008960417 -0.009498360 0.999646664
1305031104.711277 0.011411553 -0.048037965 -0.052339077 0.037529353 -0.000509711 -0.007614153 0.999266386
1305031104.743280 0.013461171 -0.046422232 -0.060095057 0.051037475 0.006156594 -0.005449123 0.998662889
1305031104.775327 0.013138656 -0.044767827 -0.067422032 0.063447110 0.013480533 -0.003605479 0.997887671
1305031104.811465 0.016420472 -0.041574620 -0.072301798 0.074680418 0.019085933 -0.000397469 0.997024775
1305031104.843258 0.014913839 -0.036737312 -0.077213913 0.083967559 0.026132461 0.001862008 0.996124029
1305031104.875350 0.010847895 -0.031620935 -0.079901531 0.090287119 0.030265406 0.004305217 0.995446503
1305031104.911534 0.014358380 -0.029842431 -0.079760067 0.092315488 0.030064479 0.007475804 0.995247781
1305031104.943262 0.014242074 -0.029306952 -0.078754641 0.092949018 0.030922091 0.007983566 0.995158553
1305031104.975202 0.013482801 -0.023318449 -0.076438561 0.093091436 0.030315101 0.009008843 0.995155156
1305031105.011290 0.014748001 -0.020257996 -0.071017392 0.088849969 0.029377578 0.009861268 0.995562851
1305031105.043373 0.014091806 -0.017618300 -0.064887419 0.083482280 0.028905047 0.008645551 0.996052444
1305031105.075320 0.013364678 -0.015103066 -0.055452298 0.077195063 0.028050881 0.007214539 0.996595204
1305031105.111299 0.010724237 -0.017293487 -0.046468243 0.070742123 0.027637487 0.005187647 0.997098207
1305031105.143106 0.007485357 -0.008357533 -0.036997400 0.066755019 0.025561288 0.003243941 0.997436643
1305031105.175159 0.004543824 -0.005064894 -0.028356165 0.053982534 0.023050204 0.000139291 0.998275757
1305031105.211268 -0.000729257 -0.011431375 -0.017156066 0.040083691 0.020243427 -0.003201050 0.998986125
1305031105.243270 -0.003632824 -0.009182044 -0.007432010 0.032193244 0.015181801 -0.004743405 0.999355078
1305031105.275288 -0.006007239 -0.005947041 0.002769496 0.022531763 0.008986331 -0.005713341 0.999689400
1305031105.311290 -0.008066111 -0.008660766 0.013838000 0.011245160 0.001729460 -0.006883843 0.999911606
1305031105.343302 -0.008408337 -0.011855340 0.025889456 0.001982249 -0.005159193 -0.007286167 0.999958158
1305031105.375338 -0.009403044 -0.013147051 0.035746899 -0.002109928 -0.010076785 -0.007217500 0.999920964
1305031105.411286 -0.010196287 -0.007427213 0.045904532 -0.006115912 -0.014939528 -0.007769966 0.999839544
1305031105.443316 -0.011213649 -0.010347796 0.057777006 -0.013876362 -0.018982783 -0.008658724 0.999686003
1305031105.475280 -0.012079308 -0.009480423 0.068117782 -0.017275389 -0.022226689 -0.008703033 0.999565780
1305031105.511332 -0.009843390 -0.007679222 0.079018846 -0.021792933 -0.026092526 -0.007905567 0.999390662
1305031105.543282 -0.010354351 -0.009116201 0.090968929 -0.026624199 -0.026851511 -0.007057444 0.999259889
1305031105.575449 -0.011987699 -0.007289212 0.101257890 -0.029061012 -0.027693329 -0.007150263 0.999168336
1305031105.611378 -0.010251662 -0.008806556 0.113612771 -0.032572646 -0.029610828 -0.006288716 0.999010861
1305031105.643273 -0.011634253 -0.007658884 0.123541653 -0.033129040 -0.029535387 -0.003394578 0.999008834
1305031105.675166 -0.010831936 -0.005885884 0.135208160 -0.034945197 -0.030739922 -0.002532434 0.998913169
1305031105.711309 -0.007308570 -0.008213382 0.148194775 -0.035372946 -0.029921360 -0.002853431 0.998922110
1305031105.743312 -0.007188720 -0.002366592 0.158252537 -0.032049742 -0.025959719 -0.002347056 0.999146342
1305031105.775339 -0.004350818 -0.003432360 0.170378760 -0.033688325 -0.022559112 -0.002392735 0.999174893
1305031105.811283 -0.005350425 -0.001502834 0.181042135 -0.031904351 -0.016990917 -0.001644802 0.999345124
1305031105.843271 -0.002826064 -0.000172524 0.192694113 -0.030684587 -0.014470533 -0.000478273 0.999424219
1305031105.875337 -0.001410035 0.005903556 0.202364668 -0.028688226 -0.009743378 0.002211254 0.999538481
1305031105.911262 -0.001309887 0.008613555 0.212664843 -0.031313390 -0.005522999 0.006865161 0.999470770
1305031105.943272 -0.001085886 0.013135289 0.222024843 -0.033133984 -0.002261947 0.009496448 0.999403238
1305031105.975329 -0.001114830 0.016222807 0.231462076 -0.037487354 -0.000048395 0.011093840 0.999235511
1305031106.011285 0.000286503 0.020155108 0.242306367 -0.041137151 0.001312830 0.013062348 0.999067187
1305031106.043355 -0.001330766 0.023284333 0.251538485 -0.045412615 0.004182252 0.013888993 0.998862982
1305031106.075330 -0.002151470 0.026291484 0.260638863 -0.049316619 0.005073933 0.015856812 0.998644412
1305031106.111327 -0.005414992 0.033718009 0.270973802 -0.051918261 0.006445846 0.016312957 0.998497307
1305031106.143355 -0.006575129 0.034151442 0.279092222 -0.059821766 0.005096055 0.018366942 0.998027086
1305031106.175534 -0.007326043 0.036084965 0.287443757 -0.063643940 0.003426792 0.019565150 0.997774959
1305031106.211275 -0.008297414 0.036189914 0.295099646 -0.067449965 0.002110428 0.019896325 0.997522056
1305031106.243267 -0.009681365 0.039061934 0.301079929 -0.066749543 0.001055969 0.023101373 0.997501731
1305031106.276385 -0.010160109 0.043228801 0.305656642 -0.067238726 -0.000746777 0.024399469 0.997438252
1305031106.311238 -0.009851104 0.045876771 0.309848011 -0.070736468 -0.002393589 0.027901525 0.997101843
1305031106.343258 -0.012038828 0.051601235 0.312382847 -0.074107654 -0.002526129 0.028068267 0.996851981
1305031106.375388 -0.008672824 0.052191481 0.315083086 -0.083430298 -0.004445504 0.021377955 0.996274352
1305031106.411320 -0.008059473 0.046751261 0.316796601 -0.092000850 0.000554331 0.015066784 0.995644808
1305031106.443278 -0.012499142 0.044983223 0.315526575 -0.092732966 0.006734163 0.009916550 0.995618880
1305031106.475345 -0.013880228 0.042784922 0.312348694 -0.092985101 0.006211877 0.008768304 0.995609522
1305031106.511129 -0.015553992 0.039520912 0.308105201 -0.091777764 0.003554438 0.008458201 0.995737255
1305031106.543302 -0.013724820 0.037483495 0.300910741 -0.088521428 -0.001696642 0.007636881 0.996043563
1305031106.575282 -0.013679049 0.035333384 0.292851239 -0.085563444 -0.003614809 0.006710825 0.996303558
1305031106.611151 -0.015017917 0.035380300 0.283519685 -0.084159248 -0.006231508 0.003865497 0.996425331
1305031106.643207 -0.014380913 0.029450228 0.274667323 -0.085587487 -0.009419040 0.001583680 0.996284902
1305031106.675279 -0.017241202 0.028730357 0.264039189 -0.082521111 -0.011043757 0.001096062 0.996527493
1305031106.711508 -0.017130230 0.022661470 0.250154048 -0.086340964 -0.017081942 0.000933042 0.996118724
1305031106.743341 -0.017203175 0.020912698 0.239788845 -0.084190793 -0.023575304 0.001441511 0.996169686
1305031106.775390 -0.015748095 0.017706586 0.227698341 -0.083612278 -0.030175792 0.001326030 0.996040463
1305031106.811289 -0.015407242 0.017220156 0.214316487 -0.083026454 -0.034096900 0.000623751 0.995963633
1305031106.843416 -0.015661344 0.009620134 0.203293353 -0.085500628 -0.037804037 -0.000912795 0.995620251
1305031106.875905 -0.012373361 0.005101357 0.190676838 -0.080561534 -0.041696984 -0.004041067 0.995868921
1305031106.911243 -0.012291985 0.006253801 0.175596833 -0.075267933 -0.040803697 -0.008565678 0.996291339
1305031106.943439 -0.012121933 0.000502273 0.164219201 -0.074682191 -0.039852198 -0.013159568 0.996323824
1305031106.975547 -0.011797400 -0.004582865 0.152001038 -0.069179334 -0.037760939 -0.016552420 0.996751904
1305031107.011576 -0.012482573 -0.001429951 0.135496214 -0.060522158 -0.034546085 -0.020200746 0.997364283
1305031107.043281 -0.012556956 -0.006897734 0.123749472 -0.061954997 -0.031914357 -0.022376768 0.997317553
1305031107.075432 -0.016113272 -0.012624217 0.110844843 -0.058166362 -0.029407043 -0.023990646 0.997585237
1305031107.111229 -0.015048123 -0.012012564 0.097930297 -0.052444477 -0.030534144 -0.024471100 0.997856915
1305031107.143260 -0.010847815 -0.011409190 0.085635133 -0.049881238 -0.031259581 -0.024092956 0.997975051
1305031107.175399 -0.010429973 -0.017442960 0.076279946 -0.049058244 -0.029648930 -0.025033470 0.998041868
1305031107.211358 -0.008322307 -0.022218267 0.065939836 -0.043557122 -0.027960781 -0.026754018 0.998301148
1305031107.243378 -0.007636393 -0.021384098 0.054712243 -0.036435135 -0.024643533 -0.027106009 0.998664320
1305031107.275398 -0.005369651 -0.025542254 0.045695953 -0.031815629 -0.021889236 -0.027195167 0.998883903
1305031107.311226 -0.003911979 -0.029227281 0.037321888 -0.025118785 -0.018645508 -0.027932217 0.999120176
1305031107.343509 -0.000839827 -0.033657853 0.028339066 -0.015034016 -0.015718484 -0.027875444 0.999374747
1305031107.375413 0.001351161 -0.029586446 0.019782443 -0.004493735 -0.011186817 -0.027239822 0.999556184
1305031107.411271 0.001911833 -0.030022789 0.013598649 0.002149005 -0.006055524 -0.028367415 0.999576926
1305031107.443419 0.004696215 -0.029318307 0.009048179 0.007721732 -0.002061952 -0.028196421 0.999570429
1305031107.475377 0.007194617 -0.030591870 0.005875977 0.010289740 0.002113166 -0.027049240 0.999578893
1305031107.511352 0.008248429 -0.026010951 0.003620244 0.013105272 0.005788118 -0.026298849 0.999551475
1305031107.543605 0.012258492 -0.026242996 0.004273762 0.010353741 0.007495640 -0.023426907 0.999643862
1305031107.575454 0.013981537 -0.030156659 0.005312626 0.009071754 0.009369687 -0.020894490 0.999696612
1305031107.611271 0.015727514 -0.023898270 0.004603383 0.011286776 0.010647930 -0.019037530 0.999698400
1305031107.643323 0.016520370 -0.023814118 0.006767692 0.007666179 0.011955382 -0.017865265 0.999739528
1305031107.675568 0.015806228 -0.023046823 0.008042708 0.006705014 0.012775958 -0.017469686 0.999743283
1305031107.711307 0.015380564 -0.019861285 0.009252765 0.006078326 0.012691068 -0.016270924 0.999768615
1305031107.743538 0.013165284 -0.015708284 0.010466957 0.003799201 0.011988987 -0.015784403 0.999796331
1305031107.775802 0.012695419 -0.016613754 0.012460679 0.000573973 0.009407082 -0.017290598 0.999806106
1305031107.811596 0.014772698 -0.015191379 0.014485072 -0.001500588 0.006834351 -0.017042501 0.999830306
1305031107.843332 0.016093751 -0.014127518 0.016357662 -0.003833175 0.006130435 -0.017732082 0.999816656
1305031107.875358 0.020335438 -0.016457655 0.019530365 -0.005158745 0.006061514 -0.021231290 0.999742925
1305031107.911541 0.022865953 -0.016927795 0.021086160 -0.004446348 0.008957514 -0.023609586 0.999671221
1305031107.943122 0.027355300 -0.018318834 0.023114694 -0.002942626 0.011880189 -0.023959845 0.999638021
1305031107.975807 0.032590210 -0.020229306 0.024162870 -0.001151695 0.015944377 -0.023635734 0.999592841
1305031108.011320 0.039110977 -0.019165201 0.026328728 0.003086848 0.020349223 -0.025433885 0.999464571
1305031108.043418 0.052001171 -0.018609691 0.027306180 0.005338270 0.025228001 -0.023061901 0.999401391
1305031108.075352 0.059082799 -0.019990992 0.030799057 0.006154137 0.034361478 -0.017564902 0.999236166
1305031108.111378 0.062532552 -0.019928716 0.034193400 0.009051136 0.041455626 -0.017936589 0.998938322
1305031108.143334 0.074756205 -0.016765978 0.036895406 0.011989157 0.043484177 -0.016541911 0.998845220
1305031108.176058 0.082521729 -0.010834165 0.039478917 0.012044486 0.047128797 -0.013487180 0.998725116
1305031108.211475 0.093503460 -0.014176255 0.039767995 0.005897009 0.047959186 -0.014256647 0.998730123
1305031108.243347 0.107061438 -0.019397270 0.043307487 0.003527085 0.049448594 -0.015892504 0.998643994
1305031108.275358 0.115017593 -0.013027233 0.045766801 0.005817004 0.053983573 -0.015398844 0.998406112
1305031108.311332 0.119682722 -0.009901821 0.047853433 0.002740874 0.056429990 -0.014134328 0.998302758
1305031108.343278 0.126804054 -0.007594172 0.051611263 -0.002213705 0.055245530 -0.012349878 0.998393953
1305031108.375410 0.134270296 -0.005577460 0.054895781 -0.006855134 0.052671794 -0.006913529 0.998564363
1305031108.411361 0.144342721 -0.005875339 0.057282161 -0.012077561 0.048381194 -0.000746110 0.998755634
1305031108.443610 0.155010357 -0.003668600 0.059564803 -0.015632298 0.046447765 0.006063455 0.998780012
1305031108.475471 0.165283829 -0.007014576 0.061802231 -0.019788738 0.045607775 0.012976806 0.998679101
1305031108.511378 0.179916337 -0.013820417 0.060932893 -0.021814154 0.047269974 0.016784748 0.998502851
1305031108.543737 0.189779624 -0.014490870 0.065126300 -0.017792145 0.054209348 0.016050307 0.998242021
1305031108.575414 0.198109463 -0.007173706 0.065049201 -0.011814853 0.059073403 0.014992590 0.998071074
1305031108.611407 0.211985648 -0.006268756 0.066561013 -0.011847242 0.063368008 0.016113281 0.997789860
1305031108.643303 0.218301713 -0.003476853 0.066389188 -0.011079949 0.069688037 0.017754665 0.997349262
1305031108.675375 0.232152954 0.001940509 0.067694545 -0.012214892 0.072825089 0.021682704 0.997034192
1305031108.711411 0.235966787 -0.002216014 0.069765016 -0.018149965 0.082101963 0.024592770 0.996155143
1305031108.743502 0.239666224 -0.003988316 0.071360335 -0.020127408 0.088244811 0.025586726 0.995566726
1305031108.775493 0.248737633 -0.001516117 0.069233410 -0.020146795 0.090264693 0.028622543 0.995302498
1305031108.811244 0.250340343 -0.003589707 0.069457136 -0.022419650 0.094531797 0.033359986 0.994710088
1305031108.843264 0.249925613 -0.006394106 0.069587573 -0.022533141 0.095693752 0.038484287 0.994411349
1305031108.876515 0.256538421 -0.004530180 0.068609416 -0.019550329 0.091326766 0.045585725 0.994584918
1305031108.911364 0.256093025 -0.008828572 0.069042116 -0.018212220 0.088497326 0.050085261 0.994649708
1305031108.943243 0.251637608 -0.012122836 0.065634325 -0.014408102 0.086349405 0.050449807 0.994882405
1305031108.975268 0.248201877 -0.005891964 0.062971890 -0.008488053 0.080630466 0.048692379 0.995517850
1305031109.011269 0.250486791 -0.005394631 0.060230896 -0.008724874 0.075133763 0.048235208 0.995967925
1305031109.043277 0.242105588 -0.006602281 0.061744656 -0.008296146 0.076053232 0.044996198 0.996053398
1305031109.075410 0.237362981 -0.001060259 0.057516750 -0.007883644 0.072654806 0.040257938 0.996513128
1305031109.111282 0.232051253 -0.001879655 0.058061637 -0.011936343 0.070940763 0.037551224 0.996701956
1305031109.143334 0.216587767 -0.006619941 0.058927201 -0.014323454 0.071276948 0.033460990 0.996792257
1305031109.175464 0.202706039 -0.003058855 0.055637226 -0.013502222 0.065927312 0.030274082 0.997273684
1305031109.211379 0.199182987 0.007968860 0.053966321 -0.014425148 0.058882095 0.034100827 0.997578025
1305031109.243290 0.188709766 0.005273001 0.054366350 -0.024129992 0.056964271 0.039090462 0.997318804
1305031109.275308 0.174694791 -0.005764392 0.055360854 -0.030178796 0.054732833 0.042205043 0.997152090
1305031109.311329 0.161888286 -0.000978577 0.055964489 -0.025683248 0.046715740 0.043053534 0.997649431
1305031109.343248 0.150819033 0.005477663 0.054431479 -0.026034832 0.036999058 0.042202793 0.998084247
1305031109.375397 0.142648160 0.000790174 0.052159250 -0.030692035 0.028115038 0.041099172 0.998287737
1305031109.411329 0.133764267 0.002270033 0.049380798 -0.030771155 0.020702366 0.037444904 0.998610258
1305031109.443302 0.124916472 0.006106121 0.048489537 -0.032844733 0.014845145 0.032168049 0.998832345
1305031109.475363 0.115772806 0.003444449 0.048374016 -0.036647379 0.012237990 0.029041313 0.998831213
1305031109.511273 0.106225692 0.000563263 0.047952332 -0.037194759 0.009701224 0.024509851 0.998960316
1305031109.543294 0.096977644 0.000959916 0.044699427 -0.034494784 0.007962066 0.022441208 0.999121189
1305031109.575362 0.085449420 0.002540759 0.042713035 -0.033763811 0.008105955 0.022098118 0.999152660
1305031109.611310 0.072698385 0.003580707 0.041134167 -0.033638887 0.007406785 0.019883670 0.999208808
1305031109.643229 0.064481884 0.005112614 0.039235901 -0.033905108 0.005778158 0.019484859 0.999218404
1305031109.675263 0.051758144 0.006622763 0.037987161 -0.035891242 0.006419213 0.021405168 0.999105811
1305031109.711312 0.041146044 0.009991744 0.037841972 -0.037486091 0.003172427 0.020764960 0.999076366
1305031109.743274 0.031827219 0.009904237 0.037833612 -0.042301446 0.000009838 0.020215560 0.998900354
1305031109.775277 0.023115624 0.008254677 0.039634265 -0.046042699 -0.001985266 0.020452049 0.998728096
1305031109.811371 0.010382459 0.011092897 0.039379831 -0.047044244 -0.001855252 0.019193210 0.998706639
1305031109.843296 -0.000190407 0.011302168 0.040116202 -0.050586294 -0.004255357 0.018426945 0.998540640
1305031109.875306 -0.014685824 0.012953009 0.040504437 -0.053619612 -0.005892791 0.016199278 0.998412669
1305031109.911265 -0.025760092 0.010504387 0.043753657 -0.055756211 -0.011432749 0.011094615 0.998317301
1305031109.943299 -0.034128129 0.017610410 0.045010321 -0.055056948 -0.015348270 0.007206619 0.998339236
1305031109.975258 -0.045741022 0.017085548 0.048592757 -0.059615098 -0.016954551 0.002214332 0.998075008
1305031110.011256 -0.055437468 0.019035300 0.052354980 -0.061174396 -0.019664943 -0.004832385 0.997921646
1305031110.043299 -0.064462841 0.019531740 0.054809220 -0.063589647 -0.021041706 -0.011699202 0.997685671
1305031110.075319 -0.075013056 0.021440562 0.056717485 -0.065216959 -0.021199312 -0.016859433 0.997503400
1305031110.111325 -0.087696150 0.022110827 0.058529422 -0.069649071 -0.021617198 -0.021761009 0.997099876
1305031110.143432 -0.097110420 0.017722029 0.061454270 -0.072675318 -0.025378365 -0.025387531 0.996709406
1305031110.175641 -0.105366178 0.023858739 0.061497346 -0.072051965 -0.028961565 -0.026578791 0.996625960
1305031110.211637 -0.114436060 0.021554753 0.063741192 -0.076661885 -0.031955902 -0.028762691 0.996129751
1305031110.243323 -0.123748221 0.017736599 0.062076941 -0.078696959 -0.035553049 -0.028180849 0.995865762
1305031110.279321 -0.129817858 0.017420085 0.063167550 -0.077106237 -0.040107794 -0.029040148 0.995792449
1305031110.311404 -0.139602244 0.018740119 0.062686130 -0.073997393 -0.042788684 -0.031031650 0.995856702
1305031110.343355 -0.148841769 0.021564987 0.062761992 -0.072169952 -0.047091838 -0.032087982 0.995763123
1305031110.379281 -0.159367755 0.021815430 0.061693981 -0.071245641 -0.051873676 -0.035582945 0.995473266
1305031110.411469 -0.168306544 0.026910463 0.060087174 -0.069413304 -0.058073673 -0.038405899 0.995155394
1305031110.443260 -0.177288994 0.029034480 0.060044758 -0.073286690 -0.063541800 -0.041722879 0.994409740
1305031110.479331 -0.187425479 0.027689479 0.062221080 -0.076417997 -0.070100121 -0.048155643 0.993442178
1305031110.511429 -0.202727482 0.026321862 0.060848929 -0.077899970 -0.074749827 -0.051390104 0.992825806
1305031110.543408 -0.210675329 0.032208256 0.060739394 -0.077405438 -0.081138507 -0.054752566 0.992182970
1305031110.579426 -0.215502948 0.035878897 0.062141374 -0.080799676 -0.088471025 -0.059173770 0.991031170
1305031110.611307 -0.222017318 0.029520843 0.063307039 -0.087646343 -0.092384331 -0.063057497 0.989852011
1305031110.643418 -0.224897474 0.030200077 0.064343765 -0.085498489 -0.096136376 -0.067214839 0.989408910
1305031110.679606 -0.228772417 0.036750261 0.062446460 -0.083178200 -0.099175341 -0.069331825 0.989160597
1305031110.711412 -0.234201670 0.035994917 0.064886771 -0.086929537 -0.100855768 -0.070774391 0.988565862
1305031110.743249 -0.238971993 0.033853717 0.064120442 -0.088307001 -0.102305375 -0.072334386 0.988181770
1305031110.779193 -0.239893556 0.035735987 0.064074695 -0.087542713 -0.104942597 -0.072758630 0.987942040
1305031110.811386 -0.241977379 0.035816751 0.063421384 -0.088337205 -0.105256580 -0.074473023 0.987710178
1305031110.843218 -0.246092811 0.036486521 0.064473487 -0.089621134 -0.106161214 -0.076809444 0.987318695
1305031110.879313 -0.243556798 0.035471402 0.064407088 -0.090053760 -0.109667853 -0.076490857 0.986920655
1305031110.911333 -0.243170187 0.036622543 0.064586893 -0.090375438 -0.110736370 -0.076870322 0.986742496
1305031110.943862 -0.239046007 0.036587398 0.065269306 -0.090351909 -0.113879316 -0.077712163 0.986320853
1305031110.979345 -0.229460210 0.038754784 0.066500001 -0.089476183 -0.115682766 -0.077612974 0.986198664
1305031111.011431 -0.221104354 0.036182605 0.068140507 -0.092069708 -0.112877220 -0.076425575 0.986377716
1305031111.043327 -0.217914328 0.036771916 0.068328321 -0.090858541 -0.106379203 -0.074240945 0.987378597
1305031111.079283 -0.214282811 0.040527254 0.067883387 -0.091168694 -0.102554999 -0.072110616 0.987912357
1305031111.111508 -0.206056714 0.035507366 0.069935992 -0.094664194 -0.101486005 -0.068754993 0.987933218
1305031111.143257 -0.199600726 0.033915523 0.071066096 -0.093342870 -0.098769233 -0.067955740 0.988389492
1305031111.179326 -0.190423474 0.033055283 0.071987301 -0.091165647 -0.095873348 -0.066598251 0.988970041
1305031111.211433 -0.182453156 0.032983970 0.069595188 -0.089498378 -0.087407030 -0.063050538 0.990138710
1305031111.243236 -0.177702263 0.031753622 0.070598483 -0.088985786 -0.083088391 -0.063879654 0.990503550
1305031111.279308 -0.161676928 0.028320989 0.074341439 -0.085827895 -0.085188106 -0.061555896 0.990750968
1305031111.311547 -0.159342423 0.033646803 0.068615273 -0.080250107 -0.076938353 -0.058103357 0.992101014
1305031111.343397 -0.155553699 0.035048652 0.068878107 -0.083236359 -0.078038350 -0.058049738 0.991772115
1305031111.379134 -0.139802650 0.026389949 0.074091069 -0.085884929 -0.083524466 -0.053572182 0.991351366
1305031111.411296 -0.137099579 0.028537532 0.068500668 -0.080344833 -0.081255764 -0.053449761 0.992010772
1305031111.443386 -0.119933717 0.029394966 0.074517310 -0.080006748 -0.090164661 -0.057638764 0.991033316
1305031111.479259 -0.100038722 0.025729295 0.082206026 -0.077827930 -0.088831604 -0.055736102 0.991435945
1305031111.511264 -0.093989089 0.022999378 0.075724840 -0.074812889 -0.075597107 -0.055120640 0.992798984
1305031111.543250 -0.079656534 0.022521952 0.080999188 -0.070421442 -0.071423262 -0.054879937 0.993442357
1305031111.579237 -0.068466522 0.024715178 0.077121258 -0.065860644 -0.061958045 -0.047992542 0.994746327
1305031111.611271 -0.066368230 0.019713439 0.070089608 -0.069080502 -0.053875100 -0.041774940 0.995278955
1305031111.643395 -0.048623927 0.015539177 0.079798594 -0.066721216 -0.058768153 -0.033979911 0.995459676
1305031111.679320 -0.033061892 0.020657431 0.077643909 -0.059758913 -0.052857820 -0.025807543 0.996478260
1305031111.711760 -0.021496240 0.019703468 0.078563802 -0.059807442 -0.045280006 -0.023969721 0.996894300
1305031111.743386 -0.001078985 0.016246127 0.084687397 -0.057071373 -0.038797498 -0.019759495 0.997420251
1305031111.779423 0.008579240 0.021927960 0.085171372 -0.051255222 -0.020141017 -0.015107465 0.998368144
1305031111.811406 0.014124517 0.015751775 0.079966247 -0.051063418 -0.004033882 -0.015543660 0.998566329
1305031111.843299 0.024430679 0.015974328 0.077274330 -0.047368102 0.005767626 -0.013778348 0.998765826
1305031111.879442 0.030630356 0.014484622 0.074480012 -0.048999462 0.013793609 -0.008829157 0.998664558
1305031111.911354 0.034128506 0.010836829 0.075058281 -0.049275074 0.015805865 -0.003347417 0.998654544
1305031111.943300 0.046717554 0.012082149 0.075780116 -0.046903051 0.010934475 0.005736959 0.998823106
1305031111.979449 0.067613207 0.011881529 0.075833172 -0.046252612 0.008169277 0.013228533 0.998808801
1305031112.011433 0.079165787 0.009755373 0.076085351 -0.044963978 0.015001590 0.012721666 0.998794973
1305031112.043270 0.092075117 0.008684871 0.075520433 -0.041920166 0.021726701 0.010940144 0.998824775
1305031112.079339 0.110653862 0.007795366 0.074612752 -0.040322941 0.029383207 0.011324672 0.998690367
1305031112.111423 0.105539627 0.010403896 0.075852737 -0.036036074 0.043723360 0.005410191 0.998378873
1305031112.144342 0.124032170 0.010561273 0.072449051 -0.035554182 0.045643523 -0.000416723 0.998324752
1305031112.179390 0.139914393 0.011051638 0.072894588 -0.037636172 0.055805672 -0.003077421 0.997727334
1305031112.211254 0.144227117 0.003555537 0.075504251 -0.040144470 0.067537911 -0.009451222 0.996863902
1305031112.243369 0.155112088 -0.000858065 0.076429404 -0.035862096 0.076279104 -0.013855610 0.996344984
1305031112.279353 0.158041567 -0.000827131 0.077691093 -0.030400034 0.084612869 -0.017164642 0.995802104
1305031112.311312 0.166386366 -0.004356111 0.079284742 -0.025478914 0.086590581 -0.019103816 0.995734870
1305031112.343323 0.175850749 -0.002550507 0.078407660 -0.017818408 0.086348504 -0.016954690 0.995961308
1305031112.379360 0.183166414 -0.002530240 0.077038355 -0.013719188 0.085229501 -0.013142847 0.996180177
1305031112.411442 0.194031939 -0.001212579 0.076563299 -0.010743029 0.081975952 -0.008700456 0.996538401
1305031112.443391 0.204967469 -0.003523716 0.076468430 -0.009005611 0.080333576 -0.002093359 0.996725142
1305031112.479418 0.209805459 -0.002100702 0.076234087 -0.005198371 0.080079116 0.007090549 0.996749759
1305031112.511504 0.215489492 -0.003617426 0.076388322 -0.003748001 0.077149838 0.014156252 0.996911943
1305031112.543212 0.224216431 -0.004463956 0.075579599 -0.001352248 0.073348694 0.018637914 0.997131288
1305031112.579252 0.230931550 -0.003390468 0.074469633 0.001045600 0.070229650 0.024441266 0.997230828
1305031112.611261 0.246473074 0.001319143 0.072613165 0.002831684 0.066663750 0.031554360 0.997272432
1305031112.643246 0.261040032 0.003235335 0.073083058 0.000782138 0.069906078 0.039657105 0.996764660
1305031112.679952 0.261755377 0.001847592 0.074595720 -0.001800014 0.077122487 0.042507607 0.996113420
1305031112.711251 0.264072657 0.004314387 0.074658275 -0.002918687 0.081392281 0.044094604 0.995701969
1305031112.743245 0.266433626 0.013454194 0.075115658 -0.004426142 0.084390320 0.047999065 0.995266199
1305031112.779310 0.263792098 0.007886348 0.077804387 -0.014170236 0.089598395 0.049858574 0.994628310
1305031112.811310 0.253911674 0.003483720 0.079256795 -0.017574728 0.092688225 0.047639258 0.994399548
1305031112.843286 0.245603904 0.007622801 0.078901447 -0.018626800 0.089075841 0.045344539 0.994817734
1305031112.879421 0.253304452 0.011406447 0.079864666 -0.020440105 0.082627401 0.049114667 0.995159626
1305031112.911411 0.243077323 0.009557208 0.081827492 -0.024054602 0.082046270 0.049850509 0.995090306
1305031112.943321 0.236557081 0.007268515 0.083625302 -0.026751086 0.077603154 0.048548304 0.995442212
1305031112.979278 0.234426528 0.008415183 0.082128435 -0.026834957 0.070713334 0.046342440 0.996058166
1305031113.011353 0.230782375 0.011611944 0.079138398 -0.027157063 0.066824652 0.046736557 0.996299505
1305031113.043231 0.223469853 0.010707656 0.079010986 -0.031737138 0.065722875 0.044119589 0.996356726
1305031113.079251 0.211994588 0.002229597 0.081148908 -0.035243690 0.064784639 0.038392503 0.996537447
1305031113.111316 0.203114495 0.006749944 0.078286439 -0.030906364 0.059904348 0.033550613 0.997161269
1305031113.143306 0.198607117 0.013189455 0.075801656 -0.030663030 0.055479929 0.032847632 0.997448146
1305031113.179343 0.187189713 0.006842554 0.076102145 -0.035554063 0.055187229 0.034244277 0.997255027
1305031113.211259 0.172770649 0.004726357 0.073271722 -0.034479562 0.051187124 0.035170835 0.997473836
1305031113.243227 0.163073674 0.010231584 0.071127258 -0.034172107 0.043957356 0.035833564 0.997805595
1305031113.279312 0.153325573 0.002679530 0.071146399 -0.038954057 0.038534127 0.037355382 0.997798741
1305031113.311452 0.141476989 -0.003778349 0.068198651 -0.036467485 0.031927943 0.041237917 0.997973025
1305031113.343252 0.125239834 0.002576204 0.067625530 -0.028917331 0.023569379 0.039651122 0.998516917
1305031113.379312 0.113234110 0.002989960 0.066654034 -0.032157596 0.014847288 0.036674969 0.998699367
1305031113.411625 0.104180992 -0.003910731 0.065398343 -0.033919085 0.006863822 0.037731268 0.998688519
1305031113.443266 0.085444070 0.003419061 0.066385709 -0.028671760 0.002722637 0.030965846 0.999105394
1305031113.479311 0.065490454 0.003607718 0.066932276 -0.032328386 -0.001362286 0.026054671 0.999136686
1305031113.511523 0.052329652 -0.000379274 0.064795315 -0.037744734 -0.006519764 0.023899665 0.998980343
1305031113.543242 0.037441771 -0.003376859 0.062837794 -0.040395617 -0.011107231 0.020575376 0.998910129
1305031113.579301 0.025157243 0.001300962 0.064381182 -0.038219962 -0.015983498 0.015571345 0.999020159
1305031113.611268 0.017179007 -0.000373837 0.066014133 -0.041889250 -0.020134790 0.011303985 0.998855412
1305031113.643222 0.007068356 -0.000566778 0.066369146 -0.044538938 -0.020778023 0.007447839 0.998763800
1305031113.679288 -0.004585052 -0.001040679 0.066379935 -0.045595903 -0.019899413 0.003973820 0.998753846
1305031113.711931 -0.013098744 -0.002253235 0.067202531 -0.046233207 -0.020477483 -0.000703918 0.998720527
1305031113.743590 -0.022551071 -0.000754389 0.067779265 -0.044905316 -0.018413905 -0.005833405 0.998804510
1305031113.779320 -0.035745643 -0.002102056 0.068264365 -0.044251427 -0.014756248 -0.010424831 0.998857021
1305031113.811237 -0.045794383 -0.000531553 0.068222992 -0.042667910 -0.013879003 -0.012307170 0.998917043
1305031113.843295 -0.056995049 0.002187074 0.068314999 -0.042416155 -0.011252905 -0.015764160 0.998912275
1305031113.879281 -0.071133927 -0.004495311 0.069433905 -0.043462973 -0.009223469 -0.020970512 0.998792350
1305031113.911290 -0.078331366 0.000239327 0.069752835 -0.038647093 -0.011839969 -0.021112312 0.998959720
1305031113.943291 -0.087142147 -0.000192272 0.071362741 -0.036398381 -0.010373081 -0.023450341 0.999008358
1305031113.979293 -0.100290969 0.000099627 0.071284622 -0.032975249 -0.007464505 -0.029101841 0.999004483
1305031114.011257 -0.113784820 0.002609841 0.071207881 -0.028938986 -0.005620974 -0.034091309 0.998983860
1305031114.043301 -0.129166707 0.001685437 0.070288651 -0.028101008 -0.006586973 -0.036335241 0.998922765
1305031114.079285 -0.140609518 0.001384533 0.070644028 -0.025826398 -0.011878922 -0.036931090 0.998913407
1305031114.111263 -0.150214732 0.004732179 0.071051650 -0.022546053 -0.017766271 -0.040459227 0.998768806
1305031114.143284 -0.159705848 0.005701216 0.074001886 -0.022203224 -0.023208447 -0.043799881 0.998523891
1305031114.179337 -0.166082039 0.000768850 0.074308209 -0.021789476 -0.026771594 -0.045376655 0.998373389
1305031114.211303 -0.177105919 0.009200172 0.073332369 -0.017130325 -0.026525248 -0.047983404 0.998348892
1305031114.243337 -0.191532344 0.008789639 0.075192481 -0.019582687 -0.027445694 -0.052173756 0.998068690
1305031114.279390 -0.205110043 0.008545311 0.075100236 -0.019644614 -0.032183606 -0.054373242 0.997808516
1305031114.311429 -0.212034300 0.011407187 0.076537922 -0.019986199 -0.041755695 -0.054030180 0.997465670
1305031114.343331 -0.216329992 0.010607021 0.078994669 -0.021366557 -0.049194939 -0.056774277 0.996945322
1305031114.379320 -0.223090321 0.009281181 0.080065206 -0.021800343 -0.051728360 -0.060798567 0.996570349
1305031114.411397 -0.234272808 0.010408759 0.080765836 -0.020333761 -0.052344479 -0.065586485 0.996265531
1305031114.443345 -0.245443761 0.012385268 0.080951296 -0.019867767 -0.055376191 -0.067344457 0.995993733
1305031114.479332 -0.260840684 0.012281841 0.084934309 -0.020341605 -0.060003985 -0.068873465 0.995611489
1305031114.511266 -0.264528602 0.015107449 0.085354865 -0.019868350 -0.069077425 -0.070773467 0.994899333
1305031114.543236 -0.265154451 0.012512915 0.086579531 -0.023876095 -0.075088188 -0.069257736 0.994482279
1305031114.579237 -0.269768953 0.011474518 0.088767022 -0.025395676 -0.075808078 -0.066017091 0.994610429
1305031114.611391 -0.274778396 0.013698105 0.088110678 -0.026971173 -0.076047294 -0.063704640 0.994701505
1305031114.644136 -0.282103449 0.014161017 0.090203092 -0.031412274 -0.077174932 -0.063535497 0.994495094
1305031114.679251 -0.286395848 0.011585351 0.091020644 -0.035037998 -0.083117306 -0.064602569 0.993826151
1305031114.711306 -0.285252571 0.008318409 0.091805898 -0.036827426 -0.089242958 -0.062971741 0.993334770
1305031114.743200 -0.285818636 0.006449712 0.091508560 -0.036563732 -0.092707455 -0.066598468 0.992790520
1305031114.779289 -0.283618271 0.007231531 0.090242252 -0.033978526 -0.095321044 -0.069483787 0.992437065
1305031114.811303 -0.282217979 0.010158538 0.089732774 -0.032960102 -0.095465645 -0.070033133 0.992418945
1305031114.843208 -0.280912876 0.009492070 0.089725487 -0.033291213 -0.096392795 -0.072667278 0.992128849
1305031114.879281 -0.277554899 0.012026608 0.088752888 -0.032948758 -0.097034462 -0.072192095 0.992112398
1305031114.912879 -0.274954736 0.014172220 0.088749588 -0.033370186 -0.097218536 -0.072647363 0.992047071
1305031114.943234 -0.266265541 0.016356086 0.089809582 -0.035200208 -0.099085420 -0.073854864 0.991709888
1305031114.979280 -0.261502922 0.019163273 0.090429768 -0.036348403 -0.096665442 -0.074692927 0.991844535
1305031115.011300 -0.253781021 0.022760978 0.091475859 -0.039416596 -0.096641988 -0.075286962 0.991684735
1305031115.043508 -0.244127303 0.019954655 0.095347472 -0.044184569 -0.095911220 -0.075572915 0.991532922
1305031115.079238 -0.236347601 0.024255814 0.096514180 -0.043933585 -0.092891544 -0.075990081 0.991799653
1305031115.111230 -0.220776886 0.023082383 0.099727482 -0.047777697 -0.091705725 -0.073824242 0.991895854
1305031115.143275 -0.212529942 0.021080472 0.101633683 -0.049857821 -0.082678579 -0.071841136 0.992732227
1305031115.179440 -0.208873391 0.023646975 0.102486335 -0.050318692 -0.076984830 -0.070990346 0.993227959
1305031115.211374 -0.194279104 0.017480742 0.107891470 -0.053075854 -0.077325158 -0.067782417 0.993282139
1305031115.243297 -0.182910651 0.014432158 0.110446580 -0.049552996 -0.072665356 -0.064048797 0.994063377
1305031115.279966 -0.171267539 0.020533852 0.112141773 -0.046124958 -0.070546471 -0.059514049 0.994662642
1305031115.311704 -0.151146889 0.014732064 0.121040866 -0.048196003 -0.069875211 -0.052554183 0.995003819
1305031115.343235 -0.138962969 0.018205125 0.119953215 -0.042771541 -0.060767505 -0.049213853 0.996020019
1305031115.379166 -0.140395984 0.024182444 0.116037980 -0.045102485 -0.051690534 -0.045466308 0.996607602
1305031115.411237 -0.127956897 0.020260407 0.120600693 -0.053084608 -0.059160419 -0.041936424 0.995953500
1305031115.443159 -0.107828103 0.020235894 0.125284359 -0.056345001 -0.064322151 -0.035907347 0.995690048
1305031115.479241 -0.096788988 0.021226376 0.126090005 -0.060224876 -0.063193984 -0.030136356 0.995726526
1305031115.511253 -0.072647586 0.021093179 0.137680218 -0.062557511 -0.067023113 -0.025517261 0.995461404
1305031115.543604 -0.053069919 0.020530801 0.141133621 -0.062307496 -0.056900434 -0.018144956 0.996268451
1305031115.579315 -0.044404712 0.017863348 0.136974528 -0.062525220 -0.042598635 -0.013184446 0.997046769
1305031115.611424 -0.031846818 0.015104383 0.134219453 -0.062901080 -0.036160134 -0.007342357 0.997337461
1305031115.643254 -0.018218648 0.013121147 0.133642375 -0.061928418 -0.029584499 0.000216828 0.997641981
1305031115.679241 -0.009709543 0.010486744 0.127725407 -0.061524067 -0.024574399 0.010741075 0.997745216
1305031115.711320 0.006090471 0.015335657 0.132530615 -0.058721360 -0.026604451 0.019767577 0.997723997
1305031115.743250 0.027355116 0.013544317 0.133942410 -0.059577651 -0.023108069 0.027243879 0.997584224
1305031115.779425 0.038766567 0.012565837 0.131299376 -0.057776585 -0.012885228 0.033743825 0.997675896
1305031115.811277 0.054285940 0.014911986 0.131343096 -0.057001177 -0.005628848 0.042256929 0.997463524
1305031115.843224 0.066207245 0.012539995 0.129674613 -0.060479108 0.004470504 0.049695414 0.996921539
1305031115.879198 0.076852351 0.009873015 0.129271105 -0.060361356 0.010738381 0.056909915 0.996495068
1305031115.911118 0.092119262 0.011831316 0.128854021 -0.058002219 0.011947073 0.062679760 0.996275187
1305031115.943311 0.102450833 0.013281450 0.129434198 -0.058487386 0.019087140 0.069292240 0.995697498
1305031115.980740 0.113063999 0.015783474 0.130628154 -0.059197068 0.024451843 0.075002462 0.995124340
1305031116.011379 0.132713467 0.018187143 0.131450266 -0.061313380 0.028751854 0.078607522 0.994602859
1305031116.043164 0.142563120 0.019963395 0.134556741 -0.064002797 0.041338138 0.080817498 0.993812561
1305031116.080030 0.152523294 0.023141095 0.136525974 -0.068117253 0.050889239 0.084577516 0.992782414
1305031116.111300 0.159084603 0.021654783 0.139450237 -0.075882927 0.062070969 0.087058857 0.991367638
1305031116.143441 0.160984516 0.023106931 0.141745523 -0.078643702 0.073664322 0.089811154 0.990112484
1305031116.179572 0.175305367 0.027175479 0.142289072 -0.078931153 0.075836964 0.092223801 0.989703715
1305031116.211299 0.186012909 0.023449469 0.141612545 -0.085942693 0.079753883 0.095274344 0.988522112
1305031116.243320 0.194192484 0.019707182 0.143787593 -0.090160340 0.085962504 0.097927175 0.987366080
1305031116.279385 0.203266874 0.023748282 0.145879567 -0.088543862 0.094579495 0.100969054 0.986417711
1305031116.311336 0.208129868 0.028302472 0.145149946 -0.088701524 0.103769891 0.105351821 0.985020220
1305031116.343292 0.214813009 0.021953631 0.145749331 -0.092579842 0.109077282 0.109420665 0.983645380
1305031116.379384 0.218155354 0.021103181 0.144509912 -0.087233342 0.112515792 0.109943308 0.983688474
1305031116.411333 0.216956124 0.027843896 0.141921133 -0.079894885 0.115941405 0.112586468 0.983615100
1305031116.443369 0.219477490 0.027786493 0.139051199 -0.082698993 0.116791748 0.122224286 0.982131243
1305031116.479850 0.219269842 0.021241274 0.138268977 -0.086057842 0.118613124 0.126108691 0.981132805
1305031116.511205 0.216404170 0.021697890 0.136263832 -0.083521247 0.118085578 0.122417428 0.981882870
1305031116.543262 0.209720939 0.022677869 0.133741349 -0.080286749 0.119332969 0.117534399 0.982598245
1305031116.579313 0.198728323 0.022117771 0.133831620 -0.081097804 0.120085470 0.114667542 0.982778728
1305031116.611261 0.187395155 0.020401081 0.133341685 -0.080852352 0.116398893 0.108150348 0.983980536
1305031116.643355 0.177507699 0.020420546 0.132194087 -0.079074197 0.108782694 0.098534837 0.986004293
1305031116.679281 0.168088883 0.021551423 0.132355407 -0.078272358 0.101397723 0.089460835 0.987718940
1305031116.711634 0.158772439 0.020440420 0.129617289 -0.078336693 0.096384875 0.080780625 0.988963008
1305031116.743291 0.145578384 0.024437053 0.128181949 -0.077285513 0.092086539 0.069479167 0.990312934
1305031116.779298 0.134076029 0.024125304 0.126844764 -0.079825208 0.087489069 0.059104063 0.991201460
1305031116.811318 0.118707553 0.021488186 0.125689998 -0.080581576 0.085271515 0.050507747 0.991808593
1305031116.846089 0.102453083 0.022720315 0.125583977 -0.077949286 0.077825576 0.043212999 0.992975175
1305031116.880165 0.089813218 0.025568195 0.124891870 -0.077730648 0.066671163 0.036933739 0.994056702
1305031116.912044 0.080085933 0.022963706 0.125749379 -0.078707442 0.053909291 0.032733522 0.994900763
1305031116.943296 0.060670398 0.028033055 0.121345326 -0.076897323 0.043028768 0.024311228 0.995813370
1305031116.979351 0.046926979 0.027636448 0.119774595 -0.076504380 0.031560902 0.013689575 0.996475577
1305031117.011382 0.027705360 0.032577541 0.118706681 -0.072659656 0.022833450 0.005311897 0.997081220
1305031117.043261 0.013396262 0.034883715 0.114805475 -0.072558150 0.014063128 0.000747952 0.997264743
1305031117.079520 0.000480329 0.037240379 0.112026058 -0.073929839 0.005439494 -0.005516410 0.997233331
1305031117.111238 -0.011280265 0.036919318 0.109065369 -0.076601870 -0.004506214 -0.007318063 0.997024715
1305031117.143218 -0.016644161 0.040154941 0.107773811 -0.078480616 -0.016704822 -0.006762484 0.996752739
1305031117.179264 -0.025625985 0.042049613 0.107437484 -0.080933049 -0.024965223 -0.012071929 0.996333718
1305031117.211361 -0.027733075 0.043060135 0.110371158 -0.082522079 -0.033570040 -0.015901100 0.995896757
1305031117.243277 -0.028033882 0.048155256 0.112997897 -0.083842456 -0.037588537 -0.017095562 0.995623052
1305031117.279299 -0.028320577 0.046045415 0.115208350 -0.089435004 -0.038049538 -0.021613330 0.995030880
1305031117.311200 -0.031595327 0.043295205 0.115601249 -0.093781352 -0.035752621 -0.023362199 0.994676352
1305031117.343243 -0.034292605 0.040249985 0.116450861 -0.096012615 -0.035408057 -0.024187194 0.994456053
1305031117.379454 -0.034805998 0.036979228 0.116914935 -0.095852800 -0.035738856 -0.024484493 0.994452357
1305031117.411221 -0.037363365 0.031810258 0.116138220 -0.095549993 -0.036363229 -0.023813218 0.994475186
1305031117.443274 -0.036707923 0.030065484 0.115711585 -0.092316538 -0.038451962 -0.022506883 0.994732380
1305031117.479403 -0.037253324 0.024662772 0.115882352 -0.091403067 -0.039252337 -0.020980533 0.994818866
1305031117.511325 -0.037470218 0.017897280 0.116463907 -0.089225091 -0.040977143 -0.019429090 0.994978547
1305031117.544285 -0.038634147 0.014464788 0.115761735 -0.084098883 -0.041327141 -0.018938577 0.995419919
1305031117.579155 -0.039987754 0.009856745 0.116152495 -0.081211627 -0.042614795 -0.020557649 0.995573223
1305031117.611159 -0.040752411 0.004917005 0.117572352 -0.080173619 -0.044169985 -0.019966440 0.995601594
1305031117.643252 -0.040948961 -0.002161317 0.119920544 -0.079185478 -0.046500064 -0.018705709 0.995599031
1305031117.679262 -0.041854717 -0.006086875 0.121622168 -0.078401051 -0.048965376 -0.018262602 0.995551169
1305031117.711184 -0.041147448 -0.014391597 0.125108466 -0.079920873 -0.051979076 -0.015912240 0.995317876
1305031117.743184 -0.040729553 -0.022523932 0.128710166 -0.080498107 -0.054587051 -0.012362864 0.995182097
1305031117.779467 -0.041901030 -0.027862344 0.130121022 -0.079860061 -0.056414999 -0.010653101 0.995151401
1305031117.811320 -0.040298738 -0.038320173 0.135445282 -0.082330763 -0.059339531 -0.008466512 0.994800866
1305031117.843291 -0.036217004 -0.045277059 0.139005691 -0.080140941 -0.060842738 -0.007500529 0.994896650
1305031117.879451 -0.037433386 -0.051162727 0.141105786 -0.078442410 -0.057198409 -0.007788249 0.995245934
1305031117.911407 -0.038750995 -0.061674334 0.145072594 -0.079345539 -0.055077024 -0.007555899 0.995295763
1305031117.943253 -0.039348401 -0.066664368 0.147920996 -0.077282637 -0.052922741 -0.008048479 0.995571077
1305031117.979228 -0.041982107 -0.072061762 0.151834965 -0.078357182 -0.050477937 -0.008883345 0.995606959
1305031118.011228 -0.041051522 -0.084119901 0.158183455 -0.082066163 -0.051043615 -0.008901646 0.995279074
1305031118.043521 -0.042334020 -0.091402017 0.161052689 -0.080917470 -0.049102630 -0.009080379 0.995469153
1305031118.079334 -0.040299684 -0.097532272 0.166539624 -0.080666594 -0.049094602 -0.010107451 0.995480001
1305031118.111217 -0.037867274 -0.106157973 0.171534181 -0.080610976 -0.046080228 -0.011292655 0.995615840
1305031118.143256 -0.041073158 -0.113167562 0.173570976 -0.079048492 -0.040294308 -0.013102020 0.995969892
1305031118.179323 -0.041224819 -0.121774197 0.179346383 -0.078931183 -0.037842538 -0.014967985 0.996049106
1305031118.211202 -0.045434576 -0.131526247 0.181155488 -0.076746181 -0.033767436 -0.014082698 0.996379197
1305031118.243173 -0.046802383 -0.139923424 0.183442578 -0.074002169 -0.034221105 -0.014091136 0.996571124
1305031118.279194 -0.044981919 -0.149047375 0.187804371 -0.071127661 -0.035378434 -0.013874456 0.996743083
1305031118.311299 -0.046340436 -0.154368520 0.189664736 -0.064105578 -0.035210364 -0.014440021 0.997217238
1305031118.343324 -0.043381505 -0.159049958 0.192879304 -0.059604824 -0.035484895 -0.015239028 0.997474730
1305031118.379208 -0.046807133 -0.166332364 0.195469752 -0.056479540 -0.032812893 -0.016995123 0.997719646
1305031118.411296 -0.047325481 -0.167018518 0.196250930 -0.052609291 -0.034503758 -0.016537005 0.997881889
1305031118.445692 -0.045065138 -0.168009877 0.199218974 -0.051696423 -0.035589769 -0.013218436 0.997940958
1305031118.479285 -0.045343779 -0.171539873 0.200560629 -0.051824063 -0.035841506 -0.011100612 0.997951150
1305031118.511255 -0.042794026 -0.167936802 0.201887846 -0.048471797 -0.037079211 -0.009877820 0.998087227
1305031118.544414 -0.043071575 -0.162921727 0.201889798 -0.048385091 -0.036086518 -0.010550107 0.998120904
1305031118.579285 -0.041836768 -0.161865503 0.202322483 -0.050583761 -0.035345353 -0.010811963 0.998035610
1305031118.616142 -0.040462747 -0.157072589 0.201794595 -0.050243501 -0.033724677 -0.013000158 0.998082757
1305031118.645325 -0.041446526 -0.149163619 0.198972717 -0.049926803 -0.030984890 -0.015604909 0.998150170
1305031118.679295 -0.041830428 -0.145271733 0.197423384 -0.053635076 -0.029748918 -0.017369099 0.997966230
1305031118.711421 -0.043562479 -0.143448964 0.195602655 -0.055499129 -0.029439788 -0.020469578 0.997814655
1305031118.746770 -0.047905054 -0.133698761 0.189543530 -0.051663157 -0.029794754 -0.020374207 0.998012066
1305031118.779277 -0.045947809 -0.117409557 0.185508475 -0.050945479 -0.034296922 -0.019944709 0.997913063
1305031118.811221 -0.042678766 -0.119144805 0.185930625 -0.058508966 -0.037847657 -0.021308411 0.997341573
1305031118.846753 -0.038943954 -0.111634903 0.182010949 -0.054443471 -0.039056353 -0.020083290 0.997550607
1305031118.879208 -0.039378479 -0.093695343 0.174149767 -0.050095808 -0.036232080 -0.021974912 0.997845054
1305031118.911177 -0.040434800 -0.089871004 0.170504496 -0.054007526 -0.034640603 -0.025122479 0.997623205
1305031118.946974 -0.039788857 -0.079599164 0.164845601 -0.052376848 -0.033562385 -0.026614266 0.997708321
1305031118.979374 -0.041303705 -0.066639677 0.158434287 -0.051921275 -0.031993322 -0.030510064 0.997672141
1305031119.011363 -0.042902783 -0.058505513 0.153219327 -0.055515051 -0.031654879 -0.032960467 0.997411489
1305031119.047172 -0.043739319 -0.050632466 0.148175761 -0.057639226 -0.032148980 -0.033841427 0.997245669
1305031119.079223 -0.046007849 -0.042625234 0.142130405 -0.057971809 -0.033526730 -0.033700023 0.997185826
1305031119.111328 -0.045780148 -0.035324208 0.137474686 -0.058553156 -0.037370775 -0.032856852 0.997043312
1305031119.147616 -0.047247164 -0.024738625 0.132141903 -0.057694934 -0.040198535 -0.031535327 0.997026026
1305031119.179226 -0.046339855 -0.021385126 0.128437057 -0.059552912 -0.044939972 -0.031639766 0.996710956
1305031119.211364 -0.044090040 -0.011448243 0.123579018 -0.056186069 -0.047722217 -0.029667981 0.996837735
1305031119.247399 -0.045269385 -0.002985737 0.119254261 -0.055283140 -0.048420470 -0.028745243 0.996881604
1305031119.279212 -0.043819882 0.005532046 0.115295649 -0.054648735 -0.049944457 -0.028810188 0.996839523
1305031119.311212 -0.044940360 0.012680299 0.111452550 -0.054712884 -0.049866084 -0.026296977 0.996909380
1305031119.347741 -0.045851029 0.018327231 0.108451031 -0.054465972 -0.051362485 -0.023898413 0.996907294
1305031119.379239 -0.044963762 0.029573908 0.105302446 -0.052378565 -0.054015689 -0.023438688 0.996889889
1305031119.411484 -0.041478619 0.036370669 0.103219137 -0.053478070 -0.055255607 -0.022706497 0.996780515
1305031119.447706 -0.040898837 0.042556219 0.100624122 -0.054659221 -0.053059351 -0.022178916 0.996847630
1305031119.479267 -0.041838750 0.052426763 0.097211473 -0.052190330 -0.050637659 -0.022831563 0.997091115
1305031119.511240 -0.044335056 0.060866974 0.093237266 -0.053314690 -0.048293039 -0.022531809 0.997154772
1305031119.547382 -0.043815341 0.071481377 0.091089576 -0.053532533 -0.048642725 -0.020724796 0.997165263
1305031119.579559 -0.042522136 0.083325014 0.087942436 -0.054119926 -0.047902718 -0.020484742 0.997174382
1305031119.615017 -0.044245057 0.089058213 0.086696982 -0.058595482 -0.045340065 -0.020012241 0.997050822
1305031119.647903 -0.045295730 0.101040594 0.084609866 -0.059519425 -0.044601548 -0.019070938 0.997047842
1305031119.679208 -0.043013670 0.110850342 0.083762325 -0.062762171 -0.043441560 -0.020981947 0.996861815
1305031119.715232 -0.044359561 0.118128195 0.081818141 -0.068691634 -0.038138960 -0.019353781 0.996720791
1305031119.747193 -0.048492707 0.123856746 0.079624757 -0.072888866 -0.034857754 -0.014527497 0.996624887
1305031119.779169 -0.048354182 0.130532354 0.080474168 -0.075895414 -0.036941536 -0.012028717 0.996358633
1305031119.814537 -0.046799898 0.138177931 0.079646982 -0.077555686 -0.038656570 -0.008199502 0.996204555
1305031119.847429 -0.047782309 0.147675544 0.077925459 -0.079090536 -0.036991924 -0.003968473 0.996172965
1305031119.879214 -0.047947120 0.151099637 0.076665230 -0.080709107 -0.035081603 -0.003730759 0.996113181
1305031119.911401 -0.049244486 0.162829489 0.073736355 -0.077910662 -0.032654095 -0.003157562 0.996420443
1305031119.947392 -0.048385851 0.168621689 0.072992668 -0.082282841 -0.031632591 -0.002750563 0.996103048
1305031119.979537 -0.047520928 0.172593683 0.072250478 -0.084728129 -0.028905623 -0.003996954 0.995976746
1305031120.015264 -0.048681520 0.184582472 0.069740802 -0.085533477 -0.025346033 -0.001776104 0.996011257
1305031120.047290 -0.052060463 0.181574374 0.069633648 -0.095750593 -0.023073731 -0.000330653 0.995137870
1305031120.079418 -0.054128245 0.179803163 0.068306722 -0.098608375 -0.023996279 0.000971048 0.994836450
1305031120.115232 -0.054232351 0.184497878 0.068296984 -0.097965062 -0.026455512 0.002774595 0.994834304
1305031120.148157 -0.051416539 0.181318894 0.069662049 -0.101396747 -0.028800739 0.004171991 0.994420350
1305031120.179246 -0.049436394 0.176713809 0.071129858 -0.101675488 -0.029381655 0.007149841 0.994357944
1305031120.215249 -0.049632851 0.170497328 0.071057819 -0.099075347 -0.029210795 0.006988124 0.994626582
1305031120.248003 -0.048657551 0.168931127 0.071972705 -0.094238989 -0.029749954 0.005050179 0.995092213
1305031120.279430 -0.049532622 0.162946969 0.073265471 -0.091791965 -0.028318565 0.002766864 0.995371640
1305031120.315196 -0.049271263 0.156849936 0.075362556 -0.089506999 -0.028087877 0.000790297 0.995589793
1305031120.347787 -0.048984271 0.150217682 0.077184856 -0.086242005 -0.027756803 -0.001093563 0.995886922
1305031120.379437 -0.048763417 0.141667485 0.080314785 -0.085525729 -0.028136974 -0.001585676 0.995937347
1305031120.415445 -0.047107629 0.128013656 0.085226968 -0.082336277 -0.029634850 -0.001061013 0.996163368
1305031120.447417 -0.047512371 0.124208912 0.086364672 -0.073754974 -0.029834205 -0.002033736 0.996828020
1305031120.479432 -0.045687869 0.113165587 0.090059869 -0.072631888 -0.031413279 -0.001224320 0.996863246
1305031120.514819 -0.046416499 0.103455633 0.094041884 -0.066890746 -0.033052448 0.000577899 0.997212529
1305031120.547736 -0.046961784 0.096496247 0.096922763 -0.060375687 -0.035779338 0.002436507 0.997531295
1305031120.579551 -0.048409425 0.091040879 0.099253133 -0.056408964 -0.038804471 0.005539928 0.997637987
1305031120.615236 -0.045962386 0.080901586 0.104408816 -0.054687239 -0.044292949 0.008505291 0.997484386
1305031120.647354 -0.045289114 0.075001121 0.108031824 -0.049223658 -0.047264412 0.008668895 0.997631192
1305031120.679318 -0.043532863 0.068216205 0.111749910 -0.047091056 -0.049386013 0.009789476 0.997621000
1305031120.714522 -0.043712739 0.060882956 0.114511997 -0.045239124 -0.049661547 0.010200504 0.997688890
1305031120.747369 -0.044232026 0.052853201 0.118050821 -0.044618130 -0.051708508 0.010606099 0.997608602
1305031120.779894 -0.041599251 0.043758452 0.122605599 -0.043217987 -0.054954018 0.010760709 0.997495115
1305031120.814944 -0.041925386 0.039343495 0.124005675 -0.039550934 -0.054919105 0.009961772 0.997657478
1305031120.847921 -0.041847192 0.030861340 0.127810106 -0.040934015 -0.055991180 0.008120782 0.997558773
1305031120.883435 -0.039388098 0.021335213 0.131096840 -0.039596926 -0.056612551 0.006401094 0.997590184
1305031120.915444 -0.040088437 0.016732045 0.132431939 -0.037518315 -0.054867391 0.004780153 0.997777104
1305031120.947488 -0.040945124 0.008016347 0.134782091 -0.038285512 -0.054170217 0.002515230 0.997794330
1305031120.983366 -0.042049751 0.000639115 0.137380034 -0.037806403 -0.053838309 0.000277423 0.997833669
1305031121.015019 -0.041602157 -0.008437159 0.139669061 -0.037080776 -0.054776669 -0.000924753 0.997809470
1305031121.047498 -0.043260422 -0.012584022 0.140838176 -0.035332900 -0.053811781 -0.002144017 0.997923493
1305031121.083099 -0.044255450 -0.023626246 0.143308699 -0.035727780 -0.054842461 -0.003330029 0.997850060
1305031121.114696 -0.043560825 -0.029428994 0.144794405 -0.032913074 -0.056559697 -0.002576874 0.997853220
1305031121.147331 -0.044520423 -0.036722586 0.145804062 -0.031342220 -0.056817699 -0.003388893 0.997886717
1305031121.183271 -0.045017071 -0.044394981 0.147428542 -0.029691637 -0.057994295 -0.004267999 0.997866154
1305031121.211420 -0.041972898 -0.052426200 0.151682168 -0.027635593 -0.059203770 -0.004040145 0.997855127
1305031121.247194 -0.045792207 -0.057348773 0.151704714 -0.024959596 -0.056251470 -0.005008557 0.998091996
1305031121.282876 -0.045268886 -0.066935249 0.155044869 -0.026187742 -0.058139354 -0.003728208 0.997957945
1305031121.313568 -0.044545174 -0.076033540 0.157943010 -0.024014076 -0.058524065 -0.003057288 0.997992456
1305031121.347517 -0.047307253 -0.081494726 0.158735618 -0.021737721 -0.058603521 -0.001849327 0.998042941
1305031121.383226 -0.044481564 -0.093035333 0.163934201 -0.021825740 -0.061254434 -0.001315439 0.997882664
1305031121.414318 -0.044886269 -0.098303571 0.165854469 -0.016691390 -0.060270980 -0.002563070 0.998039186
1305031121.447319 -0.044916987 -0.104464494 0.167514279 -0.015540197 -0.059903808 -0.001776478 0.998081625
1305031121.482964 -0.042296432 -0.116249017 0.172619641 -0.015586507 -0.059051055 -0.000379855 0.998133183
1305031121.514107 -0.046680495 -0.119038053 0.170925230 -0.011027870 -0.055523433 0.000096885 0.998396456
1305031121.547270 -0.046697617 -0.124416851 0.172864705 -0.012267941 -0.055417620 0.000613090 0.998387694
1305031121.583204 -0.046108585 -0.134850934 0.176635593 -0.014921081 -0.054380834 -0.000412107 0.998408675
1305031121.614700 -0.046016634 -0.140706986 0.178489044 -0.013534488 -0.052634798 -0.001684489 0.998520732
1305031121.647183 -0.044081084 -0.143823355 0.180914208 -0.012188055 -0.049312070 -0.003779617 0.998701870
1305031121.683200 -0.048930809 -0.151362568 0.182403147 -0.015198724 -0.043888211 -0.005735897 0.998904347
1305031121.714520 -0.050827853 -0.157642409 0.183347166 -0.016123898 -0.042600308 -0.004631753 0.998951316
1305031121.747145 -0.050425932 -0.161009982 0.185389251 -0.017537624 -0.042569786 -0.004172136 0.998930871
1305031121.782835 -0.049770482 -0.167517453 0.188671410 -0.019969782 -0.042511068 -0.001918829 0.998894513
1305031121.811540 -0.047532763 -0.170161828 0.191780791 -0.020960968 -0.042219769 0.000479853 0.998888314
1305031121.847335 -0.048734080 -0.172318444 0.192351654 -0.022741660 -0.040008910 0.003335787 0.998934925
1305031121.882060 -0.050025232 -0.175016850 0.192829952 -0.025375428 -0.039249122 0.009269463 0.998864174
1305031121.914931 -0.051530354 -0.175685078 0.192213595 -0.027101459 -0.040343139 0.011158830 0.998755932
1305031121.947288 -0.049352910 -0.175552562 0.194099560 -0.026982129 -0.043307737 0.010852362 0.998638391
1305031121.982926 -0.048225969 -0.170782745 0.193380475 -0.025952879 -0.043245260 0.010598404 0.998671114
1305031122.014256 -0.050390534 -0.168797329 0.191775426 -0.026593668 -0.042393662 0.008173972 0.998713553
1305031122.047306 -0.050139304 -0.163745314 0.190053970 -0.025057318 -0.043887470 0.004661868 0.998711288
1305031122.082959 -0.049401015 -0.158208683 0.188224301 -0.023991950 -0.044612914 0.000906200 0.998715818
1305031122.114672 -0.049594976 -0.149086505 0.184626684 -0.021773715 -0.044583712 -0.002358540 0.998765588
1305031122.150725 -0.047914818 -0.142445847 0.182827324 -0.022374578 -0.045546565 -0.007487346 0.998683572
1305031122.183042 -0.047162935 -0.134247109 0.179428861 -0.020235226 -0.044650424 -0.012698824 0.998717010
1305031122.214959 -0.047327712 -0.116276152 0.173968524 -0.019841613 -0.043055005 -0.017431796 0.998723567
1305031122.251319 -0.049050517 -0.112454034 0.172126293 -0.026424019 -0.041782040 -0.021435075 0.998547256
1305031122.283560 -0.051367346 -0.101291940 0.166776687 -0.025970934 -0.041698564 -0.023637762 0.998512924
1305031122.314289 -0.052058648 -0.085451275 0.162502646 -0.029515086 -0.043846641 -0.027558053 0.998221874
1305031122.351327 -0.052620016 -0.079913437 0.160578206 -0.036548063 -0.046086844 -0.030392107 0.997805893
1305031122.382630 -0.055421889 -0.069515646 0.154768348 -0.040477093 -0.046911590 -0.031314593 0.997587204
1305031122.414997 -0.057231799 -0.064473361 0.150503948 -0.045200758 -0.050499443 -0.031944085 0.997189164
1305031122.451257 -0.057448655 -0.054938041 0.145417497 -0.046768155 -0.055077173 -0.030505031 0.996919572
1305031122.483360 -0.057402253 -0.047233753 0.141558245 -0.049891382 -0.060035761 -0.030522007 0.996481299
1305031122.515097 -0.055832654 -0.038825244 0.138083562 -0.050939504 -0.064563729 -0.031631507 0.996110499
1305031122.551490 -0.052325189 -0.029702168 0.134881377 -0.052132808 -0.066924438 -0.032548122 0.995863378
1305031122.583208 -0.052482709 -0.022309415 0.130896732 -0.053661115 -0.065486483 -0.034087643 0.995826304
1305031122.614980 -0.055854857 -0.016731316 0.126865432 -0.055049218 -0.064438626 -0.033598576 0.995835543
1305031122.648788 -0.054975063 -0.007946013 0.122551925 -0.053510673 -0.066719569 -0.032246869 0.995813906
1305031122.683402 -0.056499869 0.001122651 0.118133709 -0.052543420 -0.067168750 -0.031120133 0.995871007
1305031122.715208 -0.057522289 0.009574340 0.115172870 -0.052244063 -0.069590181 -0.028215079 0.995807052
1305031122.751298 -0.055654880 0.021466013 0.111259520 -0.050611310 -0.072794326 -0.027576722 0.995680153
1305031122.783423 -0.055559993 0.033438534 0.107731193 -0.052374106 -0.072935350 -0.028527096 0.995551884
1305031122.812555 -0.053139880 0.039132789 0.106862232 -0.057986997 -0.073296607 -0.028994519 0.995200694
1305031122.851418 -0.048859291 0.046966907 0.106613509 -0.059430309 -0.071437664 -0.030813839 0.995196044
1305031122.883754 -0.051543836 0.056139011 0.103384398 -0.061638325 -0.063827373 -0.030431218 0.995590627
1305031122.914571 -0.055052441 0.059820857 0.101073675 -0.066066593 -0.059797131 -0.029816207 0.995575488
1305031122.951341 -0.055558629 0.066310495 0.099554256 -0.066724502 -0.058981378 -0.028768446 0.995611072
1305031122.982815 -0.057353057 0.074791789 0.096014902 -0.067631908 -0.058223933 -0.025129436 0.995692909
1305031123.015450 -0.056087703 0.078835234 0.094859444 -0.070803367 -0.060004424 -0.021889381 0.995443225
1305031123.051827 -0.055068679 0.084268831 0.093309432 -0.070166752 -0.059969354 -0.020592945 0.995518088
1305031123.082975 -0.055390626 0.094694264 0.090229467 -0.068111107 -0.058927808 -0.018025896 0.995772779
1305031123.113873 -0.056067981 0.103684291 0.087863132 -0.070092767 -0.057345703 -0.016179869 0.995759368
1305031123.150822 -0.056237407 0.108574778 0.087005928 -0.073572680 -0.056640454 -0.015659275 0.995557010
1305031123.182155 -0.053538501 0.119332284 0.086034149 -0.074057236 -0.056106176 -0.015126763 0.995559514
1305031123.214704 -0.052771285 0.128345624 0.084783047 -0.077470422 -0.051668208 -0.015610305 0.995532572
1305031123.250618 -0.053892873 0.139448062 0.082143530 -0.081217043 -0.047136776 -0.016929979 0.995437264
1305031123.282347 -0.052520037 0.147416487 0.083405785 -0.089087799 -0.044912145 -0.013990810 0.994912326
1305031123.311327 -0.050872762 0.154870033 0.084122643 -0.093917735 -0.041803002 -0.013231541 0.994613945
1305031123.350481 -0.050692491 0.161348641 0.083078243 -0.098727308 -0.037531015 -0.012766496 0.994324565
1305031123.382255 -0.048668507 0.169726655 0.083448105 -0.102194659 -0.033900619 -0.008918188 0.994146585
1305031123.411363 -0.049396679 0.174009115 0.082933582 -0.106051408 -0.028648140 -0.006862442 0.993924201
1305031123.451255 -0.050430492 0.181123838 0.080917209 -0.107566528 -0.025397869 -0.005587559 0.993857741
1305031123.483594 -0.049168188 0.189197153 0.079886630 -0.110502355 -0.024072524 -0.001015344 0.993583798
1305031123.511360 -0.049709752 0.192669123 0.078415066 -0.114822224 -0.021731779 0.002065342 0.993146181
1305031123.551513 -0.048018258 0.201522380 0.077382907 -0.114238635 -0.022713237 0.004520036 0.993183374
1305031123.579583 -0.046244871 0.206374615 0.077534810 -0.116876289 -0.023155965 0.007858179 0.992845416
1305031123.611335 -0.044549793 0.215610832 0.076025754 -0.115751453 -0.022359779 0.009141268 0.992984474
1305031123.652411 -0.041977141 0.222315714 0.075781494 -0.118816406 -0.021529661 0.009082830 0.992641270
1305031123.683753 -0.041120160 0.230177611 0.074805938 -0.120942242 -0.018129788 0.010638122 0.992436945
1305031123.711323 -0.040188290 0.235940874 0.074179389 -0.124436624 -0.014901149 0.011876654 0.992044568
1305031123.751723 -0.041285250 0.236904547 0.073625937 -0.128955916 -0.012066241 0.014035047 0.991477549
1305031123.783858 -0.042638090 0.237156332 0.072075553 -0.131796524 -0.011443234 0.015779605 0.991085112
1305031123.811608 -0.041798789 0.239214629 0.071971446 -0.132285818 -0.012173793 0.017174615 0.990988016
1305031123.851444 -0.042052086 0.237418339 0.070452526 -0.134760007 -0.011886052 0.019125735 0.990622342
1305031123.883786 -0.042129111 0.233759522 0.070478097 -0.136333063 -0.013154493 0.019903274 0.990375698
1305031123.911243 -0.041401602 0.233381540 0.070569053 -0.132391438 -0.015075105 0.018942650 0.990901828
1305031123.951442 -0.041211314 0.233706892 0.069814727 -0.131500527 -0.015599755 0.020581117 0.990979671
1305031123.983415 -0.042536661 0.219913617 0.071491167 -0.139917031 -0.016909104 0.022113979 0.989771843
1305031124.011302 -0.041298412 0.214165300 0.073790073 -0.135473967 -0.021760192 0.021445660 0.990309715
1305031124.051505 -0.042224158 0.215642944 0.074610405 -0.127893254 -0.024339715 0.021996900 0.991245151
1305031124.083837 -0.041493662 0.206592247 0.077616796 -0.129835308 -0.027542427 0.022811772 0.990890443
1305031124.111331 -0.040181510 0.193117961 0.080932394 -0.127914369 -0.031166639 0.021043284 0.991072059
1305031124.147446 -0.041371312 0.196431398 0.082024366 -0.117368966 -0.031928804 0.019457808 0.992384255
1305031124.182694 -0.040074755 0.187310323 0.085895404 -0.118187457 -0.034019634 0.017840633 0.992247999
1305031124.211396 -0.039586671 0.177309275 0.089907020 -0.113648489 -0.035558537 0.015746877 0.992759585
1305031124.249327 -0.040903587 0.174293727 0.089675233 -0.106531672 -0.036061984 0.015436044 0.993535221
1305031124.282545 -0.041832257 0.167488083 0.091135740 -0.106350303 -0.039845731 0.015132275 0.993414760
1305031124.311361 -0.040401943 0.156366318 0.094537288 -0.104394086 -0.044647973 0.015701685 0.993409216
1305031124.350354 -0.040692575 0.151261464 0.095688090 -0.098319724 -0.047685962 0.014297778 0.993908882
1305031124.382420 -0.037938751 0.141490251 0.098518334 -0.096212983 -0.051504161 0.013489556 0.993935823
1305031124.411439 -0.037797194 0.132507563 0.100671127 -0.091645956 -0.052963682 0.013204260 0.994294465
1305031124.450245 -0.037804436 0.123733982 0.101497360 -0.085014641 -0.053987004 0.011184069 0.994853199
1305031124.480099 -0.038994543 0.113026366 0.101662576 -0.079924360 -0.054245349 0.008242707 0.995289683
1305031124.511324 -0.040777627 0.107596867 0.102548040 -0.071718335 -0.054954316 0.006008853 0.995891750
1305031124.550437 -0.041327097 0.099140905 0.104010947 -0.067674354 -0.056407783 0.003508933 0.996105433
1305031124.579404 -0.041455574 0.088868320 0.106664926 -0.064591110 -0.058998566 0.001436022 0.996165216
1305031124.611358 -0.041460298 0.078067310 0.109532565 -0.060485870 -0.061494280 -0.000980114 0.996272504
1305031124.651271 -0.042668771 0.070150569 0.111101478 -0.056498025 -0.063012041 -0.003161083 0.996407270
1305031124.679362 -0.040853724 0.059030332 0.115089267 -0.053340349 -0.065716118 -0.004674573 0.996400714
1305031124.711251 -0.040274568 0.051216982 0.117683277 -0.048732728 -0.066034064 -0.006440807 0.996605814
1305031124.749890 -0.041383401 0.040007107 0.120828360 -0.047487047 -0.065705098 -0.008294931 0.996674001
1305031124.779365 -0.041342333 0.030171674 0.124311611 -0.044421464 -0.067152806 -0.008755364 0.996714890
1305031124.811360 -0.041582495 0.021153733 0.127711803 -0.042317040 -0.068027087 -0.009576392 0.996739626
1305031124.850535 -0.041413508 0.010376774 0.133155689 -0.042812604 -0.069700710 -0.010040147 0.996598303
1305031124.879355 -0.037396163 -0.000567026 0.139463827 -0.041311264 -0.071684130 -0.010155329 0.996519744
1305031124.911448 -0.038421102 -0.006142614 0.142578304 -0.038726117 -0.068572357 -0.010493511 0.996838987
1305031124.950730 -0.038740255 -0.015554672 0.148710355 -0.041881092 -0.067377754 -0.010651247 0.996791244
1305031124.979438 -0.039771937 -0.031240758 0.153497979 -0.042998072 -0.066181742 -0.008961273 0.996840417
1305031125.011454 -0.043061107 -0.038924109 0.155518740 -0.037943840 -0.067245640 -0.008384756 0.996979415
1305031125.050763 -0.039575562 -0.041902099 0.160698757 -0.034539018 -0.071060948 -0.006971045 0.996849418
1305031125.079364 -0.040136505 -0.051306266 0.164689600 -0.035872426 -0.069769785 -0.004213122 0.996909022
1305031125.111364 -0.041631177 -0.061990213 0.167936251 -0.035855401 -0.070333548 -0.003376597 0.996873200
1305031125.151013 -0.040091269 -0.068141073 0.171142131 -0.031525016 -0.071318343 -0.005232085 0.996941566
1305031125.179353 -0.041726153 -0.069662206 0.172550961 -0.030244928 -0.068116762 -0.004759615 0.997207463
1305031125.211320 -0.043675907 -0.080077574 0.176910937 -0.034443639 -0.066326596 -0.004505951 0.997193098
1305031125.250632 -0.045227971 -0.090778008 0.179494753 -0.033363398 -0.065833971 -0.007374795 0.997245431
1305031125.279467 -0.045634065 -0.094110847 0.180648044 -0.029812589 -0.065713316 -0.008253714 0.997358918
1305031125.311493 -0.045213059 -0.102581710 0.185063511 -0.030293856 -0.064482465 -0.007634726 0.997429669
1305031125.348880 -0.047857679 -0.107009344 0.185712919 -0.026157148 -0.062406953 -0.011054608 0.997646689
1305031125.379401 -0.043584019 -0.110244848 0.190705299 -0.025920028 -0.062432487 -0.014521112 0.997606874
1305031125.411335 -0.042905368 -0.113766871 0.193903849 -0.025851592 -0.056601923 -0.014782507 0.997952580
1305031125.451195 -0.046189636 -0.118847117 0.196032152 -0.028901551 -0.050210457 -0.017108660 0.998173773
1305031125.479424 -0.045254365 -0.127005130 0.198495656 -0.029532028 -0.046843447 -0.018694272 0.998290598
1305031125.511316 -0.046863511 -0.126482710 0.198197767 -0.028024547 -0.042388219 -0.019368598 0.998520255
1305031125.551020 -0.046411395 -0.128584221 0.199217901 -0.028924955 -0.039563365 -0.021103505 0.998575330
1305031125.579308 -0.045652330 -0.130644485 0.200076133 -0.030575795 -0.036342666 -0.023275597 0.998600304
1305031125.611533 -0.046942305 -0.136217013 0.199692324 -0.031173583 -0.032540582 -0.023538733 0.998706758
1305031125.650575 -0.052024994 -0.139458016 0.195545256 -0.027688092 -0.030346645 -0.021159170 0.998931766
1305031125.679328 -0.055989984 -0.131586045 0.190222293 -0.021611806 -0.032972042 -0.020417858 0.999013960
1305031125.711443 -0.052093253 -0.133628204 0.190565705 -0.021555364 -0.040113483 -0.018368939 0.998793721
1305031125.751260 -0.049921758 -0.123095773 0.186080575 -0.014976609 -0.043044627 -0.016552614 0.998823762
1305031125.779348 -0.048803862 -0.117168158 0.184022412 -0.014965375 -0.044351291 -0.019352928 0.998716414
1305031125.811573 -0.047144521 -0.108363889 0.180802613 -0.013701496 -0.044103790 -0.020124020 0.998730242
1305031125.847412 -0.047697820 -0.103227228 0.178197622 -0.016112234 -0.042442381 -0.022335025 0.998719275
1305031125.879318 -0.050477251 -0.096041925 0.173140660 -0.015785208 -0.041877668 -0.023189325 0.998728871
1305031125.911305 -0.053667650 -0.085275441 0.168649316 -0.018260375 -0.043768920 -0.022141283 0.998629332
1305031125.947343 -0.055704575 -0.082432136 0.165094778 -0.022710023 -0.049732018 -0.020130094 0.998301446
1305031125.979324 -0.054208037 -0.071179233 0.162513345 -0.022001036 -0.057700716 -0.016375801 0.997957110
1305031126.011333 -0.050061636 -0.060519159 0.161560938 -0.023554828 -0.064795271 -0.015989142 0.997492433
1305031126.047324 -0.044914350 -0.049022604 0.160756022 -0.025725573 -0.068071134 -0.014804061 0.997238874
1305031126.079356 -0.044320602 -0.037810545 0.159293920 -0.029083366 -0.066638939 -0.014174302 0.997252464
1305031126.111370 -0.043117926 -0.031025164 0.157660082 -0.033621490 -0.066171385 -0.014706407 0.997133195
1305031126.147432 -0.043385416 -0.017603192 0.155671433 -0.034517817 -0.064705491 -0.013263489 0.997219026
1305031126.179384 -0.044064239 -0.005905343 0.152644113 -0.040327456 -0.064376108 -0.012640161 0.997030437
1305031126.211319 -0.041065328 0.000468742 0.152284861 -0.045957122 -0.066186473 -0.011813410 0.996678352
1305031126.247298 -0.040567853 0.013503531 0.150044724 -0.047442675 -0.064931117 -0.011501730 0.996694982
1305031126.279363 -0.038998440 0.022428120 0.147722617 -0.051901501 -0.063659064 -0.012330382 0.996544898
1305031126.311332 -0.036588833 0.034770455 0.146036968 -0.054851759 -0.061585516 -0.013665100 0.996499777
1305031126.347363 -0.036918804 0.042225707 0.143573552 -0.059810415 -0.057398036 -0.015391344 0.996439278
1305031126.379423 -0.039066311 0.051387809 0.140477747 -0.062975876 -0.053413019 -0.016787106 0.996443331
1305031126.411465 -0.039593309 0.061400406 0.137524128 -0.066621639 -0.051457841 -0.018757066 0.996273935
1305031126.447361 -0.040075108 0.066673636 0.137212068 -0.071993321 -0.050071143 -0.017860383 0.995987356
1305031126.479533 -0.042205874 0.074589424 0.133914948 -0.073969953 -0.049194455 -0.015053800 0.995932579
1305031126.511410 -0.041983567 0.086649902 0.129963711 -0.075282678 -0.050781894 -0.013478925 0.995777130
1305031126.547374 -0.038559057 0.094266087 0.130129710 -0.081057638 -0.052859243 -0.012584939 0.995227218
1305031126.579454 -0.037254907 0.101091586 0.128831297 -0.085241437 -0.051137589 -0.010821316 0.994988322
1305031126.611528 -0.036813628 0.107369021 0.126849219 -0.090586327 -0.049371950 -0.009269286 0.994620860
1305031126.647376 -0.034456350 0.110647954 0.126869977 -0.095465392 -0.048658099 -0.007107268 0.994217396
1305031126.679479 -0.034785002 0.115040213 0.124802917 -0.097400926 -0.045987818 -0.002862607 0.994178057
1305031126.711583 -0.033831436 0.120436631 0.123080388 -0.099835217 -0.044685185 0.000233409 0.994000077
1305031126.747316 -0.032964759 0.121730052 0.122003667 -0.101866260 -0.043126512 0.003343959 0.993857205
1305031126.779379 -0.032341957 0.126818463 0.119917259 -0.100856170 -0.042244989 0.006380038 0.993983269
1305031126.811602 -0.029056970 0.130567789 0.119457968 -0.100640401 -0.041627880 0.006753023 0.994028687
1305031126.847343 -0.028845053 0.132879436 0.116695799 -0.101163551 -0.037515894 0.007365845 0.994134903
1305031126.879357 -0.028347682 0.134831890 0.114994816 -0.101783484 -0.035662822 0.007875936 0.994135916
1305031126.911364 -0.027403194 0.135478184 0.114105687 -0.102263518 -0.033729155 0.007198494 0.994159281
1305031126.947437 -0.028180940 0.136878610 0.112322211 -0.102732107 -0.032165669 0.008945716 0.994148612
1305031126.979337 -0.028124388 0.136460036 0.112433814 -0.103276834 -0.033052579 0.009941167 0.994053602
1305031127.011371 -0.027406577 0.135743290 0.112161793 -0.102325767 -0.034312405 0.010479514 0.994103730
1305031127.047297 -0.027228700 0.136664405 0.111278355 -0.101021282 -0.034555539 0.011572157 0.994216621
1305031127.079299 -0.027955692 0.135773793 0.111425884 -0.101663508 -0.034622647 0.011741214 0.994146883
1305031127.111435 -0.029058034 0.132517815 0.111575961 -0.102794021 -0.036352027 0.012810869 0.993955672
1305031127.147307 -0.029105971 0.129972443 0.112620153 -0.102183767 -0.039858371 0.013564147 0.993874133
1305031127.179349 -0.029048402 0.130219251 0.112125859 -0.099248149 -0.042658810 0.012763693 0.994065940
1305031127.211700 -0.027228205 0.128438637 0.114071473 -0.098924816 -0.045173462 0.012758122 0.993987203
1305031127.247374 -0.026955245 0.124554202 0.115629904 -0.098064721 -0.045577038 0.011972103 0.994063735
1305031127.279465 -0.028488442 0.125095248 0.115159392 -0.094567433 -0.044884454 0.010750872 0.994448006
1305031127.311362 -0.029187225 0.122244202 0.116500795 -0.095472738 -0.045562483 0.010203870 0.994336426
1305031127.347356 -0.028975949 0.116931081 0.119010054 -0.095106475 -0.047502991 0.009804953 0.994284689
1305031127.379262 -0.029551145 0.117860533 0.119535238 -0.091203742 -0.048368897 0.009356773 0.994612873
1305031127.411371 -0.030575303 0.116647139 0.120281309 -0.090836912 -0.049004164 0.008534182 0.994622767
1305031127.447333 -0.029924443 0.111413635 0.122722872 -0.091778368 -0.050854187 0.008466742 0.994444013
1305031127.479362 -0.031580154 0.113387376 0.122788683 -0.088204369 -0.051032487 0.007454698 0.994766355
1305031127.511356 -0.031709712 0.112112120 0.124112785 -0.089471482 -0.052317493 0.006434051 0.994593501
1305031127.547348 -0.031102937 0.108121149 0.126574188 -0.090515167 -0.053790901 0.006511824 0.994419992
1305031127.579345 -0.032323267 0.108633503 0.126543298 -0.088016726 -0.053568967 0.005999818 0.994659424
1305031127.611271 -0.032241262 0.109337032 0.127193719 -0.087930977 -0.054305486 0.005789949 0.994628310
1305031127.647358 -0.031366680 0.106035754 0.128804326 -0.090031020 -0.055125393 0.007339670 0.994385123
1305031127.679298 -0.032082822 0.105368584 0.129115596 -0.088340789 -0.055195920 0.008152853 0.994526446
1305031127.711375 -0.032717820 0.107100256 0.128479332 -0.086833417 -0.055649869 0.007494533 0.994639099
1305031127.747304 -0.031938419 0.104730546 0.129912600 -0.088867620 -0.056589153 0.007774579 0.994404256
1305031127.779346 -0.032055922 0.102358907 0.130602390 -0.088505134 -0.056814760 0.007866852 0.994422972
1305031127.811829 -0.033239786 0.104130059 0.129358962 -0.085984163 -0.056501418 0.006673986 0.994670689
1305031127.847366 -0.033089615 0.102974564 0.129772082 -0.086719774 -0.056789272 0.005951861 0.994594991
1305031127.879380 -0.033981085 0.101921335 0.129745051 -0.086930461 -0.056688316 0.005446033 0.994585276
1305031127.911476 -0.034897804 0.102328651 0.130027518 -0.086242981 -0.057252835 0.005052420 0.994614840
1305031127.947366 -0.035343081 0.103423208 0.130300462 -0.086333416 -0.057931982 0.005098362 0.994567454
1305031127.979371 -0.035064038 0.102124512 0.131600767 -0.088455655 -0.058936574 0.005091840 0.994321942
1305031128.011427 -0.033906311 0.102665432 0.133280024 -0.089115188 -0.059664115 0.004718901 0.994221509
1305031128.047369 -0.033239514 0.100464895 0.135593683 -0.092340142 -0.059077438 0.005902305 0.993955910
1305031128.079334 -0.033260569 0.097750381 0.137237802 -0.093178742 -0.058820251 0.006719429 0.993887663
1305031128.111391 -0.033440959 0.097796708 0.137844563 -0.092260785 -0.058877490 0.007549765 0.993963957
1305031128.147418 -0.032932147 0.097242497 0.139054596 -0.093106337 -0.059208259 0.009152249 0.993852019
1305031128.179350 -0.031171519 0.093464158 0.141038120 -0.093946032 -0.060184490 0.010598629 0.993699968
1305031128.211447 -0.032418314 0.094877243 0.139863998 -0.091054082 -0.059291795 0.010776971 0.994020879
1305031128.247480 -0.032605611 0.095359728 0.140065506 -0.091180675 -0.059727486 0.011196250 0.993978560
1305031128.279336 -0.032089211 0.092559837 0.141184747 -0.092365347 -0.060372762 0.011149750 0.993830681
1305031128.311483 -0.032725893 0.093890488 0.140716255 -0.090264618 -0.060066219 0.010304390 0.994051397
1305031128.347423 -0.033793926 0.094258398 0.140302941 -0.089986682 -0.059623167 0.009390200 0.994112313
1305031128.379404 -0.033496417 0.092501849 0.140865266 -0.091023363 -0.060373116 0.007901734 0.993985593
1305031128.411337 -0.033584416 0.092247598 0.141004428 -0.090277649 -0.060474824 0.006957807 0.994054496
1305031128.447296 -0.034219064 0.091889694 0.140267432 -0.089911349 -0.060165808 0.005535569 0.994115353
1305031128.479296 -0.034651913 0.090936877 0.140323251 -0.090428099 -0.060243230 0.004467345 0.994069219
1305031128.511433 -0.034266204 0.090211265 0.140612707 -0.090216480 -0.060402531 0.003787159 0.994081557
1305031128.547399 -0.034060113 0.089745931 0.140933096 -0.090308420 -0.059973326 0.003234847 0.994101167
1305031128.579455 -0.033873543 0.087936535 0.140816301 -0.090487048 -0.059455615 0.003070530 0.994116545
1305031128.611395 -0.035256021 0.087741502 0.140320227 -0.089114763 -0.058935508 0.003291980 0.994270742
1305031128.647352 -0.036173485 0.088081345 0.139242291 -0.088296495 -0.059655309 0.003508229 0.994300127
1305031128.679282 -0.035578102 0.086510018 0.139631778 -0.088522464 -0.061416548 0.002916776 0.994174659
1305031128.711457 -0.034291640 0.086814076 0.139965877 -0.087146208 -0.062049307 0.002284813 0.994258642
1305031128.747363 -0.034408383 0.087248348 0.139146656 -0.086110458 -0.060952812 0.001182667 0.994418621
