1305031102.675285 -0.004743440 0.018069584 0.142064378 -0.042392239 -0.018327119 -0.000331772 0.998932898
1305031102.711263 -0.004812299 0.017799504 0.152344778 -0.043520432 -0.018764561 0.000789366 0.998875976
1305031102.743234 -0.004411729 0.022494253 0.160636857 -0.043847084 -0.019566067 0.003431411 0.998840749
1305031102.775472 -0.002329482 0.022645993 0.171707526 -0.046452794 -0.018642446 0.001773125 0.998744965
1305031102.811232 -0.001997152 0.028379120 0.182798564 -0.045492224 -0.016081408 0.000930285 0.998834848
1305031102.843290 -0.001070552 0.026645558 0.192314625 -0.048986673 -0.013249197 0.000335699 0.998711467
1305031102.875363 -0.003656871 0.030396441 0.201978505 -0.046978962 -0.009428585 -0.002195732 0.998848975
1305031102.911185 -0.004609411 0.032594100 0.210861817 -0.046483062 -0.007795855 -0.003395608 0.998882890
1305031102.943229 -0.009915888 0.033197187 0.216860920 -0.047102891 -0.005288744 -0.004952394 0.998863757
1305031102.975203 -0.013296034 0.035948239 0.223700345 -0.047372673 -0.010740032 -0.004803226 0.998807967
1305031103.011215 -0.012679845 0.038069420 0.232580096 -0.048726827 -0.017568437 -0.001706340 0.998656154
1305031103.043227 -0.015131658 0.041318968 0.242288649 -0.049462464 -0.022423919 0.000124961 0.998524249
1305031103.075319 -0.011285227 0.041025121 0.252376169 -0.050138749 -0.027404128 0.002904025 0.998362005
1305031103.111240 -0.012464840 0.046586771 0.257566959 -0.047527537 -0.026393386 0.003604778 0.998514652
1305031103.143318 -0.011703492 0.047980011 0.265774727 -0.049590141 -0.027023841 0.005365862 0.998389602
1305031103.175452 -0.011546525 0.052427631 0.271341383 -0.049366623 -0.025729921 0.006110969 0.998430550
1305031103.211220 -0.012810234 0.057604808 0.276837975 -0.052786935 -0.025305938 0.007186275 0.998259306
1305031103.243216 -0.015023159 0.063854404 0.286830008 -0.056785163 -0.024140039 0.009270009 0.998051465
1305031103.275370 -0.020423170 0.064892061 0.288672864 -0.065851241 -0.023914222 0.012667229 0.997462392
1305031103.311210 -0.020225430 0.060666800 0.294802845 -0.074207895 -0.033631545 0.012742245 0.996594071
1305031103.343223 -0.014232681 0.062532201 0.298520178 -0.074296445 -0.041071624 0.013279475 0.996301591
1305031103.375327 -0.013007239 0.061788023 0.299278527 -0.077979505 -0.040144634 0.014878496 0.996035278
1305031103.411260 -0.014487382 0.057426430 0.297581345 -0.081214920 -0.038627151 0.016054813 0.995818436
1305031103.443280 -0.016345924 0.056182697 0.293975919 -0.080901682 -0.039891034 0.015460464 0.995803475
1305031103.475274 -0.015299329 0.052736968 0.290973008 -0.081491023 -0.043210592 0.013871448 0.995640337
1305031103.511333 -0.015791278 0.049046136 0.286052138 -0.079360887 -0.044271983 0.011053968 0.995801032
1305031103.543444 -0.015143098 0.044897888 0.280157000 -0.075887509 -0.045848627 0.009179300 0.996019423
1305031103.575474 -0.017035160 0.042947363 0.271342069 -0.071110226 -0.046009533 0.008894141 0.996367097
1305031103.611223 -0.018584669 0.038877938 0.263222575 -0.069334760 -0.048209831 0.010015397 0.996377528
1305031103.643445 -0.014434016 0.031776406 0.251281708 -0.069377705 -0.054286286 0.012140285 0.996038377
1305031103.675523 -0.012628902 0.028443636 0.242886409 -0.066912256 -0.057296332 0.012082501 0.996039152
1305031103.711610 -0.011034993 0.025641013 0.233662233 -0.064451821 -0.058593910 0.011948154 0.996127546
1305031103.743326 -0.009956224 0.020547014 0.224477232 -0.062726744 -0.058345485 0.010855008 0.996264696
1305031103.775342 -0.009675508 0.019590259 0.212812975 -0.058674052 -0.057671372 0.007491866 0.996581793
1305031103.811242 -0.009177211 0.019280311 0.201638937 -0.057974800 -0.056452777 0.004168363 0.996711969
1305031103.843251 -0.011272871 0.019376609 0.189339221 -0.060276106 -0.055150483 0.001292062 0.996656179
1305031103.875361 -0.011969119 0.010752588 0.180926800 -0.068374626 -0.057852499 -0.001797271 0.995979309
1305031103.911221 -0.011398877 0.004831834 0.170640305 -0.068220139 -0.061743759 -0.003551250 0.995751560
1305031103.943211 -0.010029734 0.003011245 0.158971041 -0.065743312 -0.064584643 -0.004497797 0.995734155
1305031103.975373 -0.007938492 -0.002210820 0.148730993 -0.064746417 -0.066917509 -0.005583189 0.995639861
1305031104.011232 -0.004010820 -0.007101856 0.139688507 -0.061397757 -0.068259388 -0.006560775 0.995754957
1305031104.043249 -0.000816765 -0.009609474 0.128128693 -0.054302480 -0.066002987 -0.008558549 0.996303976
1305031104.075425 0.000783585 -0.008309403 0.117074542 -0.049116984 -0.061561536 -0.011271601 0.996830344
1305031104.111235 0.004443776 -0.014498504 0.107428588 -0.047428459 -0.056809999 -0.012943115 0.997173846
1305031104.143230 0.001866505 -0.017714128 0.094900727 -0.042604089 -0.049518805 -0.014371706 0.997760653
1305031104.175424 0.000999478 -0.018743291 0.083747484 -0.037999343 -0.045765981 -0.015178656 0.998113811
1305031104.211283 0.001805626 -0.022980591 0.073835887 -0.034617979 -0.043363504 -0.015247205 0.998342991
1305031104.243196 0.001520253 -0.024079734 0.063827597 -0.029553780 -0.040707827 -0.015530190 0.998613179
1305031104.275546 0.002959787 -0.025564259 0.054015428 -0.025186209 -0.038522106 -0.016178725 0.998809278
1305031104.311219 0.003880172 -0.027015096 0.044925202 -0.021552347 -0.035434604 -0.016268298 0.999007165
1305031104.343342 0.005105831 -0.026128501 0.036606163 -0.017692395 -0.031610258 -0.016489785 0.999207675
1305031104.375837 0.004728664 -0.026547946 0.028207127 -0.015704183 -0.026571749 -0.016166383 0.999392807
1305031104.411509 0.001722991 -0.027120413 0.019056916 -0.014160859 -0.021535955 -0.016034469 0.999539196
1305031104.443288 -0.001316702 -0.026813885 0.010957053 -0.013442305 -0.019101979 -0.015422301 0.999608219
1305031104.475456 -0.004087198 -0.027957402 0.003402673 -0.013925396 -0.019712236 -0.014652155 0.999601364
1305031104.511329 -0.004462202 -0.031378515 -0.003039502 -0.013886722 -0.022437168 -0.013403975 0.999561965
1305031104.543368 -0.002591078 -0.032268375 -0.010021657 -0.010367202 -0.025036149 -0.012715438 0.999551952
1305031104.575343 0.001473726 -0.037319392 -0.015765224 -0.007340556 -0.025921695 -0.012258898 0.999561906
1305031104.611336 0.011057176 -0.049007781 -0.024786068 -0.001273906 -0.024483263 -0.009864731 0.999650776
1305031104.643243 0.011169819 -0.044981238 -0.034047585 0.012533454 -0.016488777 -0.009821131 0.999737263
1305031104.675525 0.014195238 -0.050879650 -0.041737359 0.022039725 -0.009394858 -0.008847070 0.999673784
1305031104.711277 0.014024755 -0.051457684 -0.051285736 0.035932750 -0.001578623 -0.006367015 0.999332666
1305031104.743280 0.016746856 -0.050037034 -0.058802903 0.049318630 0.004775597 -0.004209124 0.998762786
1305031104.775327 0.016217967 -0.049419221 -0.066727675 0.061450258 0.012239545 -0.002710602 0.998031378
1305031104.811465 0.018278068 -0.045604244 -0.072072327 0.072958872 0.018365102 0.000278300 0.997165799
1305031104.843258 0.017230386 -0.040654358 -0.076567739 0.082196839 0.025297308 0.003043011 0.996290386
1305031104.875350 0.014242915 -0.034733918 -0.079776220 0.088854335 0.029184336 0.005328310 0.995602727
1305031104.911534 0.015163058 -0.031858280 -0.079802729 0.091338843 0.029820623 0.008080603 0.995340466
1305031104.943262 0.014982887 -0.030834984 -0.079523601 0.092267126 0.030667633 0.008395394 0.995226502
1305031104.975202 0.014408667 -0.024469435 -0.075894862 0.092442855 0.029930677 0.009700830 0.995220780
1305031105.011290 0.015410613 -0.022117678 -0.071003504 0.087943502 0.029121777 0.010653199 0.995642662
1305031105.043373 0.013921080 -0.019162554 -0.064503506 0.082766391 0.028951457 0.009152915 0.996106327
1305031105.075320 0.013510535 -0.017047327 -0.056142204 0.076394238 0.028101848 0.007117300 0.996656179
1305031105.111299 0.009584688 -0.018967902 -0.047188066 0.070069857 0.028175719 0.004706574 0.997132957
1305031105.143106 0.007085069 -0.011096957 -0.038506977 0.065665387 0.025867909 0.002925129 0.997502089
1305031105.175159 0.005034182 -0.004404729 -0.026277248 0.054270677 0.022750920 0.000153548 0.998266995
1305031105.211268 0.000049495 -0.010814763 -0.016380886 0.040255591 0.019967159 -0.003342884 0.998984277
1305031105.243270 -0.003287954 -0.008527603 -0.006097651 0.032387085 0.015020666 -0.004661814 0.999351680
1305031105.275288 -0.006262498 -0.006024373 0.003778985 0.022475718 0.009153270 -0.005761693 0.999688864
1305031105.311290 -0.008140295 -0.008887650 0.013030876 0.011141746 0.001922196 -0.006961351 0.999911845
1305031105.343302 -0.007835538 -0.012348629 0.024943028 0.001720311 -0.005244516 -0.007224550 0.999958694
1305031105.375338 -0.008913587 -0.013652134 0.034631733 -0.002338646 -0.010122546 -0.007133331 0.999920607
1305031105.411286 -0.010231019 -0.008124652 0.044698369 -0.006422504 -0.014690439 -0.007835169 0.999840736
1305031105.443316 -0.010654468 -0.010708392 0.057038572 -0.014095877 -0.019071687 -0.008529007 0.999682367
1305031105.475280 -0.011198130 -0.010094209 0.067160457 -0.017660376 -0.022457426 -0.008417821 0.999556363
1305031105.511332 -0.010152061 -0.007384066 0.078919478 -0.021652266 -0.025953732 -0.008097609 0.999395847
1305031105.543282 -0.010532910 -0.009221276 0.090226837 -0.026671896 -0.026689015 -0.007179402 0.999262094
1305031105.575449 -0.012685323 -0.007258030 0.101872914 -0.029093297 -0.027182842 -0.007479717 0.999179006
1305031105.611378 -0.011347868 -0.008490312 0.114326097 -0.032450188 -0.028911633 -0.006648053 0.999032974
1305031105.643273 -0.012705152 -0.007235151 0.124553904 -0.033005964 -0.028863821 -0.003640474 0.999031663
1305031105.675166 -0.010255474 -0.005190692 0.136721104 -0.034654703 -0.031068943 -0.002341381 0.998913527
1305031105.711309 -0.006332585 -0.007435928 0.149784505 -0.035165459 -0.030493760 -0.002323270 0.998913467
1305031105.743312 -0.006582703 -0.001575259 0.160218626 -0.031763993 -0.026409477 -0.002046203 0.999144316
1305031105.775339 -0.003675712 -0.002424067 0.172775477 -0.033268783 -0.023064882 -0.001889108 0.999178469
1305031105.811283 -0.004371595 -0.000874928 0.182733700 -0.031719185 -0.017568700 -0.000952750 0.999341905
1305031105.843271 -0.002011975 0.000649160 0.194098338 -0.030509254 -0.014989562 0.000221402 0.999422073
1305031105.875337 -0.000667506 0.006097400 0.203937754 -0.028713265 -0.010328857 0.002347484 0.999531567
1305031105.911262 -0.000882167 0.009109316 0.213980749 -0.031162439 -0.005874875 0.007106045 0.999471784
1305031105.943272 -0.000645033 0.013531754 0.223508000 -0.033050507 -0.002698431 0.009673592 0.999403238
1305031105.975329 -0.000859117 0.016436283 0.232967839 -0.037493408 -0.000357522 0.011225770 0.999233782
1305031106.011285 0.000669297 0.019984553 0.242523894 -0.041362274 0.001065873 0.013302146 0.999055088
1305031106.043355 -0.000843849 0.022624936 0.251752436 -0.045876157 0.003852729 0.013974519 0.998841941
1305031106.075330 -0.001667642 0.025637634 0.260448545 -0.049787767 0.004866790 0.016022975 0.998619437
1305031106.111327 -0.002927270 0.030761745 0.267990023 -0.053968478 0.005161286 0.017038437 0.998383939
1305031106.143355 -0.004647817 0.032071538 0.276716173 -0.061228879 0.004115541 0.018906441 0.997936189
1305031106.175534 -0.006579965 0.037611939 0.289550573 -0.062558442 0.002818649 0.019352950 0.997849703
1305031106.211275 -0.007266048 0.038035683 0.297735006 -0.066174313 0.001180748 0.019966172 0.997607589
1305031106.243267 -0.007885950 0.039943930 0.303012758 -0.066334747 -0.000278243 0.023666454 0.997516692
1305031106.276385 -0.008898295 0.044520434 0.307662696 -0.066427007 -0.001715053 0.024667805 0.997484803
1305031106.311238 -0.008911525 0.046966575 0.311703801 -0.070028044 -0.003139696 0.028121276 0.997143626
1305031106.343258 -0.010250232 0.053325437 0.314346761 -0.073108211 -0.003834774 0.028400581 0.996912181
1305031106.375388 -0.006829193 0.053742226 0.316905111 -0.082504608 -0.005746217 0.021514619 0.996341884
1305031106.411320 -0.006485786 0.048676040 0.318796724 -0.090744026 -0.000666414 0.015358808 0.995755613
1305031106.443278 -0.009850945 0.045734234 0.317692220 -0.092430674 0.004667115 0.010565080 0.995652139
1305031106.475345 -0.012035880 0.044156194 0.314649880 -0.092146002 0.004802127 0.009138934 0.995691955
1305031106.511129 -0.013678728 0.040395968 0.310353130 -0.091408476 0.002170707 0.008882172 0.995771527
1305031106.543302 -0.012159505 0.038413934 0.303064942 -0.088000037 -0.002906144 0.007979539 0.996084273
1305031106.575282 -0.012080809 0.036434464 0.294844240 -0.084894210 -0.004794921 0.006910758 0.996354461
1305031106.611151 -0.013541485 0.035739221 0.285202891 -0.083986945 -0.007226856 0.004106776 0.996432185
1305031106.643207 -0.013256321 0.030238608 0.276605070 -0.085105710 -0.010153565 0.001752838 0.996318638
1305031106.675279 -0.016093740 0.029839650 0.265702993 -0.081869915 -0.011826456 0.001358565 0.996571898
1305031106.711508 -0.017886501 0.026050707 0.255260378 -0.084199421 -0.016869655 0.000442140 0.996306002
1305031106.743341 -0.018556338 0.023898685 0.244145542 -0.082249850 -0.022962371 0.000617746 0.996346951
1305031106.775390 -0.016728483 0.020654740 0.232006684 -0.081774428 -0.029819982 0.000608213 0.996204495
1305031106.811289 -0.014852474 0.017161509 0.214626566 -0.083136700 -0.034394760 0.000825685 0.995944083
1305031106.843416 -0.014981574 0.009254484 0.203745708 -0.085797891 -0.038154636 -0.000703777 0.995581448
1305031106.875905 -0.011799480 0.005582981 0.191786304 -0.080345377 -0.042044919 -0.003980970 0.995871961
1305031106.911243 -0.011517631 0.007049546 0.177061990 -0.074902706 -0.041350748 -0.008517722 0.996296704
1305031106.943439 -0.011211460 0.000806341 0.165443033 -0.074604429 -0.040385541 -0.012899483 0.996311605
1305031106.975547 -0.009690784 -0.005217774 0.153467625 -0.069666013 -0.038953111 -0.015818495 0.996684015
1305031107.011576 -0.011014286 -0.001572903 0.136541352 -0.060702976 -0.035249732 -0.019574117 0.997341156
1305031107.043281 -0.010515824 -0.006669736 0.125576153 -0.062029757 -0.033082359 -0.021490155 0.997294366
1305031107.075432 -0.014356371 -0.011589077 0.112611555 -0.057743236 -0.030395627 -0.023147488 0.997600138
1305031107.111229 -0.013503406 -0.011072067 0.099640802 -0.052043624 -0.031400464 -0.023852343 0.997865975
1305031107.143260 -0.011519663 -0.011428171 0.087370999 -0.049920976 -0.030881012 -0.024314968 0.997979462
1305031107.175399 -0.010387773 -0.017424114 0.078762285 -0.049129304 -0.029682958 -0.024822585 0.998042583
1305031107.211358 -0.007655285 -0.022238769 0.068545707 -0.043715488 -0.028327687 -0.026388457 0.998293579
1305031107.243378 -0.008041266 -0.020611713 0.057706304 -0.036160931 -0.024556363 -0.026951000 0.998680592
1305031107.275398 -0.005351167 -0.025343332 0.047887951 -0.031771421 -0.021936366 -0.027131801 0.998885989
1305031107.311226 -0.003996366 -0.030629460 0.037835173 -0.025664613 -0.018616546 -0.027464150 0.999119818
1305031107.343509 -0.000604327 -0.035004344 0.029515810 -0.015538122 -0.015878916 -0.027376002 0.999378264
1305031107.375413 0.000844998 -0.030998943 0.020239480 -0.004917654 -0.010942445 -0.027171806 0.999558747
1305031107.411271 0.002449384 -0.031498645 0.014533636 0.001622188 -0.006334058 -0.028008141 0.999586284
1305031107.443419 0.005562974 -0.029410912 0.009540246 0.007584716 -0.002482398 -0.027945606 0.999577582
1305031107.475377 0.007756022 -0.030491965 0.006579839 0.010217774 0.001810974 -0.026778510 0.999587536
1305031107.511352 0.010198940 -0.027490117 0.003646464 0.012340855 0.004990519 -0.025661843 0.999582052
1305031107.543605 0.013313456 -0.028398188 0.003732496 0.009393394 0.007085194 -0.023403604 0.999656856
1305031107.575454 0.014788559 -0.032264814 0.004839226 0.008159515 0.009046064 -0.020902451 0.999707282
1305031107.611271 0.016460108 -0.026114320 0.004237906 0.010301903 0.010373459 -0.019022891 0.999712169
1305031107.643323 0.017240619 -0.025623506 0.006181318 0.006888642 0.011678007 -0.017807981 0.999749482
1305031107.675568 0.016640414 -0.025321158 0.007583194 0.005691791 0.012437410 -0.017406721 0.999754906
1305031107.711307 0.016186088 -0.022235451 0.008489257 0.005069640 0.012443966 -0.016307952 0.999776721
1305031107.743538 0.013872972 -0.018076539 0.009505678 0.002848319 0.011797993 -0.015821530 0.999801159
1305031107.775802 0.013202843 -0.019202020 0.011416336 -0.000508533 0.009285615 -0.017365923 0.999805927
1305031107.811596 0.015396254 -0.017540189 0.013808497 -0.002521087 0.006630732 -0.017038526 0.999829650
1305031107.843332 0.016900511 -0.016406681 0.015274753 -0.004851381 0.005892010 -0.017519647 0.999817371
1305031107.875358 0.021002166 -0.018790051 0.018512815 -0.006215023 0.005873876 -0.020991113 0.999743104
1305031107.911541 0.024229519 -0.019430000 0.019873820 -0.005581065 0.008459796 -0.023268506 0.999677896
1305031107.943122 0.028802635 -0.020623557 0.022233153 -0.003981063 0.011333576 -0.023621215 0.999648809
1305031107.975807 0.034591023 -0.021715930 0.024162279 -0.001777977 0.015272156 -0.023559470 0.999604225
1305031108.011320 0.041455649 -0.020269809 0.026711401 0.002620579 0.019553334 -0.025441173 0.999481618
1305031108.043418 0.055381160 -0.020694612 0.027538626 0.004407730 0.023939319 -0.023073608 0.999437392
1305031108.075352 0.061702896 -0.020886648 0.030775798 0.005714519 0.033450436 -0.017541388 0.999270141
1305031108.111378 0.065441191 -0.020935297 0.034440488 0.008662856 0.040485669 -0.017931858 0.998981655
1305031108.143334 0.076032221 -0.018033031 0.037170816 0.011468543 0.043006230 -0.016536711 0.998872101
1305031108.176058 0.083899394 -0.011837268 0.039637804 0.011589902 0.046714336 -0.013392334 0.998751283
1305031108.211475 0.094309591 -0.013905374 0.043720946 0.006010793 0.047519781 -0.014456804 0.998747587
1305031108.243347 0.108036280 -0.019031348 0.047222178 0.003703402 0.048936266 -0.016034942 0.998666346
1305031108.275358 0.115038514 -0.012835117 0.049880482 0.005926119 0.053710598 -0.015684038 0.998415768
1305031108.311332 0.121912062 -0.010316990 0.049246937 0.002624065 0.055628311 -0.014188161 0.998347282
1305031108.343278 0.129066303 -0.008894790 0.052237201 -0.002776425 0.054584034 -0.012348964 0.998428941
1305031108.375410 0.135518625 -0.007214820 0.055256404 -0.007476501 0.052257568 -0.007272513 0.998579144
1305031108.411361 0.147422999 -0.006529357 0.057384059 -0.012283363 0.047168817 -0.000535980 0.998811305
1305031108.443610 0.158243135 -0.005151429 0.059262406 -0.016315935 0.045281596 0.006238730 0.998821557
1305031108.475471 0.168183446 -0.008715123 0.061797954 -0.020625865 0.044712752 0.013136675 0.998700559
1305031108.511378 0.186538965 -0.012132603 0.063816793 -0.021110523 0.044643961 0.017603075 0.998624742
1305031108.543737 0.195566624 -0.015052618 0.066623800 -0.018081460 0.052098174 0.016214682 0.998346627
1305031108.575414 0.204564571 -0.005544321 0.067021705 -0.011219104 0.056895696 0.015115466 0.998202682
1305031108.611407 0.213202089 -0.007983621 0.067562707 -0.012753524 0.062829986 0.015920781 0.997815728
1305031108.643303 0.219428271 -0.005762246 0.066831969 -0.012202340 0.069208004 0.017346263 0.997376800
1305031108.675375 0.234093696 -0.000139664 0.068833105 -0.013222905 0.072161727 0.021596191 0.997071445
1305031108.711411 0.252864391 0.001245886 0.067753389 -0.016147776 0.074886642 0.026398525 0.996711731
1305031108.743502 0.257054746 -0.001686001 0.067706838 -0.018732235 0.080589958 0.027484119 0.996192217
1305031108.775493 0.264080614 0.000241144 0.067905992 -0.019345613 0.083922304 0.029471325 0.995848477
1305031108.811244 0.267698646 0.000028074 0.070505843 -0.020811470 0.087429270 0.034590591 0.995352447
1305031108.843264 0.267230183 -0.002301271 0.071198240 -0.020634694 0.088688076 0.040240493 0.995032310
1305031108.876515 0.266960859 -0.002230943 0.070219889 -0.018645242 0.086552180 0.046103433 0.995005310
1305031108.911364 0.269667059 -0.005844931 0.068224177 -0.016848736 0.082080796 0.051983327 0.995126426
1305031108.943243 0.264062583 -0.009577578 0.066036336 -0.013364150 0.080549128 0.051756155 0.995316327
1305031108.975268 0.262530744 -0.003199463 0.061770838 -0.007261311 0.073811173 0.050733153 0.995954514
1305031109.011269 0.264030755 -0.002806884 0.059709273 -0.007544864 0.068799034 0.049748577 0.996360838
1305031109.043277 0.256720841 -0.004381479 0.059308618 -0.007169706 0.069038615 0.046923745 0.996484041
1305031109.075410 0.250863642 0.001086746 0.056256566 -0.006790634 0.066322416 0.042117272 0.996885896
1305031109.111282 0.245516613 -0.000519600 0.055202667 -0.011103666 0.064484142 0.039154034 0.997088552
1305031109.143334 0.216586605 -0.008229290 0.058457658 -0.015338948 0.070611902 0.032527179 0.996855319
1305031109.175464 0.211030915 -0.002071527 0.056021705 -0.013105078 0.062565707 0.030058784 0.997501969
1305031109.211379 0.207815066 0.008284163 0.053542629 -0.014454462 0.055584416 0.033933971 0.997772455
1305031109.243290 0.198242158 0.007081381 0.053541444 -0.023393165 0.053089220 0.039583649 0.997530639
1305031109.275308 0.182788521 -0.004323345 0.054923113 -0.029485833 0.051533245 0.042286769 0.997339785
1305031109.311329 0.166899323 -0.001456622 0.055004090 -0.026060725 0.044809341 0.042828422 0.997736752
1305031109.343248 0.157787457 0.003674690 0.053395115 -0.027103579 0.034456708 0.042233363 0.998145521
1305031109.375397 0.149315283 -0.000368475 0.051714543 -0.031305071 0.025571624 0.041388575 0.998325109
1305031109.411329 0.139447659 0.002731783 0.051130164 -0.030522449 0.018429732 0.038047224 0.998639643
1305031109.443302 0.129075199 0.005497408 0.049107503 -0.033254907 0.013448868 0.032568794 0.998825550
1305031109.475363 0.119418286 0.002144855 0.048030570 -0.037191074 0.011167363 0.028954888 0.998826146
1305031109.511273 0.108239241 -0.000748161 0.046612103 -0.037950940 0.009420347 0.024676088 0.998930454
1305031109.543294 0.098792456 -0.000309078 0.044248443 -0.035150822 0.007660861 0.022343706 0.999102831
1305031109.575362 0.087103672 0.001567733 0.041977875 -0.034275778 0.007861998 0.022076512 0.999137640
1305031109.611310 0.076112643 0.001916547 0.039948031 -0.034452051 0.006607761 0.019783894 0.999188662
1305031109.643229 0.065977000 0.003749903 0.039831102 -0.034445338 0.005383325 0.019271310 0.999206245
1305031109.675263 0.053412788 0.004504692 0.037218146 -0.036804911 0.006144951 0.021313706 0.999076247
1305031109.711312 0.042296503 0.007972782 0.036473069 -0.038333599 0.003236668 0.020740800 0.999044478
1305031109.743274 0.032301590 0.008490319 0.037212353 -0.042842694 0.000121985 0.019918075 0.998883247
1305031109.775277 0.024995709 0.006879892 0.039244089 -0.046655264 -0.002583141 0.020640463 0.998694420
1305031109.811371 0.010666405 0.011296359 0.039389923 -0.047025882 -0.002003130 0.019091977 0.998709202
1305031109.843296 0.000212389 0.010941163 0.039374419 -0.050750736 -0.004301520 0.018286444 0.998534679
1305031109.875306 -0.013774829 0.012043944 0.040262800 -0.054106988 -0.006249840 0.016547658 0.998378456
1305031109.911265 -0.025005626 0.010187801 0.044266023 -0.055989765 -0.011807227 0.011519915 0.998295069
1305031109.943299 -0.033321507 0.016695673 0.045481529 -0.055593822 -0.015749078 0.007580157 0.998300493
1305031109.975258 -0.045855187 0.016203091 0.048760764 -0.060114153 -0.016971586 0.002533442 0.998044014
1305031110.011256 -0.055363659 0.017823212 0.052171338 -0.061848085 -0.019834787 -0.004322235 0.997879088
1305031110.043299 -0.064552680 0.017988604 0.054485559 -0.064464010 -0.021161634 -0.011162751 0.997633219
1305031110.075319 -0.077331834 0.020316616 0.054828357 -0.065920390 -0.020240357 -0.016663970 0.997480392
1305031110.111325 -0.089639254 0.021307101 0.057146106 -0.070162572 -0.020864738 -0.021645851 0.997082412
1305031110.143432 -0.099309079 0.016659040 0.059789084 -0.073222235 -0.024524337 -0.025178142 0.996696115
1305031110.175641 -0.109584138 0.023542255 0.059929911 -0.072249971 -0.027312627 -0.026384387 0.996663332
1305031110.211637 -0.118786350 0.021541515 0.062837876 -0.076828815 -0.030343547 -0.028064510 0.996187210
1305031110.243323 -0.127370521 0.019436866 0.064781956 -0.077972122 -0.034552019 -0.027527256 0.995976269
1305031110.279321 -0.134078443 0.018532079 0.064974114 -0.076661780 -0.038766921 -0.028632004 0.995891690
1305031110.311404 -0.143914849 0.019706374 0.064356714 -0.073605061 -0.041490424 -0.030543905 0.995955825
1305031110.343355 -0.153561026 0.022834908 0.064427637 -0.071623012 -0.045598522 -0.031820204 0.995880723
1305031110.379281 -0.162901998 0.024108663 0.064742416 -0.070173509 -0.050977301 -0.035235211 0.995608091
1305031110.411469 -0.172318488 0.029486150 0.063117713 -0.068277232 -0.057024952 -0.038037892 0.995308757
1305031110.443260 -0.182899430 0.031085743 0.062028363 -0.072380312 -0.061684828 -0.041440357 0.994604826
1305031110.479331 -0.192978770 0.029217094 0.064162083 -0.075804926 -0.068374835 -0.047587726 0.993636727
1305031110.511429 -0.202552855 0.029556789 0.063840516 -0.076342687 -0.075162679 -0.051452816 0.992912352
1305031110.543408 -0.210075900 0.034934253 0.063482225 -0.076150775 -0.081833467 -0.054735791 0.992223918
1305031110.579426 -0.216314927 0.039300501 0.064945951 -0.079252385 -0.088568643 -0.059255987 0.991142452
1305031110.611307 -0.221728519 0.034111343 0.067708388 -0.085486047 -0.093221128 -0.062895052 0.989972830
1305031110.643418 -0.229764655 0.032669440 0.068014316 -0.084516093 -0.094867826 -0.066470303 0.989665985
1305031110.679606 -0.233956665 0.039426893 0.065829054 -0.082077980 -0.097717971 -0.068576567 0.989450157
1305031110.711412 -0.239425808 0.037833247 0.067671016 -0.086244032 -0.099367015 -0.070267752 0.988812745
1305031110.743249 -0.243622974 0.035899501 0.067329988 -0.087462232 -0.101116329 -0.071793951 0.988418698
1305031110.779193 -0.244979084 0.039054811 0.068299934 -0.086151086 -0.103445880 -0.072006971 0.988277256
1305031110.811386 -0.247157171 0.039455403 0.067571878 -0.086755216 -0.103694268 -0.073783234 0.988067329
1305031110.843218 -0.251247704 0.039916832 0.068584397 -0.088133141 -0.104589291 -0.076259345 0.987662911
1305031110.879313 -0.248933703 0.038492709 0.068275742 -0.088771112 -0.107930154 -0.075956464 0.987269640
1305031110.911333 -0.248889402 0.039987683 0.068641461 -0.088875301 -0.108867757 -0.076298624 0.987130940
1305031110.943862 -0.244292915 0.039423697 0.069278665 -0.089064471 -0.112272687 -0.077108890 0.986669421
1305031110.979345 -0.235261366 0.040990055 0.069226101 -0.088555418 -0.113682017 -0.077181593 0.986548185
1305031111.011431 -0.226446092 0.037701368 0.070936993 -0.091540292 -0.111193150 -0.075997457 0.986651301
1305031111.043327 -0.223699287 0.038861226 0.070807956 -0.090009943 -0.104415953 -0.073999919 0.987683892
1305031111.079283 -0.220286205 0.042906288 0.071109101 -0.090203047 -0.100554541 -0.071831636 0.988226891
1305031111.111508 -0.211781800 0.038314752 0.073066324 -0.093444817 -0.099557549 -0.068358675 0.988272905
1305031111.143257 -0.203750893 0.036092333 0.074386120 -0.092377350 -0.097698458 -0.067070812 0.988646984
1305031111.179326 -0.194522128 0.033558134 0.070077255 -0.091018677 -0.094054751 -0.066657446 0.989154220
1305031111.211433 -0.187556878 0.034004048 0.068474129 -0.089148909 -0.085179895 -0.062989175 0.990368187
1305031111.243236 -0.187071458 0.031628281 0.068540499 -0.089320570 -0.079139315 -0.063292511 0.990834415
1305031111.279308 -0.170611396 0.028033642 0.071672916 -0.086276844 -0.081476964 -0.060799081 0.991070747
1305031111.311547 -0.163401619 0.035163641 0.070901096 -0.079685912 -0.075839423 -0.057154838 0.992286205
1305031111.343397 -0.159977898 0.036470629 0.071389027 -0.082738623 -0.076816164 -0.057043165 0.991967559
1305031111.379134 -0.144264415 0.027462246 0.076407380 -0.085509375 -0.082219034 -0.052875631 0.991530299
1305031111.411296 -0.140495136 0.030542843 0.071745999 -0.079507098 -0.080494270 -0.052932743 0.992168069
1305031111.443386 -0.124188676 0.029306050 0.074594922 -0.080185004 -0.088759392 -0.057485234 0.991154671
1305031111.479259 -0.100527659 0.026967537 0.083672829 -0.077161126 -0.088969722 -0.056709860 0.991420507
1305031111.511264 -0.094886556 0.025056478 0.078324847 -0.073737115 -0.075593241 -0.055962041 0.992832720
1305031111.543250 -0.082967587 0.020341801 0.079917014 -0.071500733 -0.070179529 -0.055087611 0.993442416
1305031111.579237 -0.069923520 0.024966486 0.078778498 -0.065845102 -0.061766963 -0.048178907 0.994750261
1305031111.611271 -0.068508103 0.020671830 0.071520239 -0.068640828 -0.053103112 -0.042103045 0.995337009
1305031111.643395 -0.050944868 0.014827688 0.080443561 -0.067178622 -0.058064703 -0.034095585 0.995466232
1305031111.679320 -0.033007685 0.020367593 0.078592524 -0.059999704 -0.053144533 -0.025914956 0.996445775
1305031111.711760 -0.019925660 0.019344643 0.080673456 -0.060058963 -0.046362214 -0.024282388 0.996821880
1305031111.743386 0.000073789 0.011592346 0.080601200 -0.059203118 -0.038862474 -0.021008328 0.997267962
1305031111.779423 0.011602997 0.020982379 0.086691715 -0.051460810 -0.021382969 -0.016404653 0.998311281
1305031111.811406 0.017388545 0.014976449 0.082662299 -0.051321398 -0.005556939 -0.015972594 0.998539031
1305031111.843299 0.027341908 0.015325662 0.078959182 -0.047656108 0.004269734 -0.014155003 0.998754382
1305031111.879442 0.033655815 0.015285407 0.075063780 -0.048386160 0.012544991 -0.009604735 0.998703718
1305031111.911354 0.037356768 0.011642752 0.076502874 -0.048678737 0.014323682 -0.004263041 0.998702705
1305031111.943300 0.051173784 0.011760296 0.076874137 -0.047122523 0.009060759 0.005835824 0.998830974
1305031111.979449 0.071148023 0.012266854 0.079395242 -0.046106052 0.006705003 0.013265355 0.998825967
1305031112.011433 0.081508368 0.011013718 0.079718657 -0.044419184 0.014365993 0.012825389 0.998827338
1305031112.043270 0.094874144 0.012041913 0.080035865 -0.040121272 0.021022644 0.010658465 0.998916805
1305031112.079339 0.113528758 0.007693416 0.075950220 -0.040324390 0.028906712 0.010548864 0.998712718
1305031112.111423 0.109887227 0.010802237 0.075659119 -0.035764351 0.042585049 0.004811600 0.998440921
1305031112.144342 0.126939714 0.013522405 0.075112261 -0.034256935 0.044466797 -0.001112089 0.998422742
1305031112.179390 0.143543869 0.012310891 0.075102434 -0.037076723 0.054449771 -0.003438860 0.997821987
1305031112.211254 0.148129091 0.005825842 0.079385042 -0.039095126 0.065982126 -0.009752121 0.997006953
1305031112.243369 0.159741729 0.001803312 0.080661386 -0.034443576 0.074374281 -0.014058246 0.996536255
1305031112.279353 0.164425716 0.003051334 0.081160054 -0.028350363 0.081830889 -0.017097289 0.996096253
1305031112.311312 0.172610715 -0.000712208 0.081879728 -0.023535648 0.083667308 -0.018966284 0.996035218
1305031112.343323 0.187640712 -0.000163591 0.077059358 -0.016195998 0.081882149 -0.016092362 0.996380448
1305031112.379360 0.196622670 0.000772880 0.077297390 -0.011622956 0.080222704 -0.011785105 0.996639490
1305031112.411442 0.208772808 0.002536302 0.076457232 -0.008303110 0.076441430 -0.006858553 0.997015893
1305031112.443391 0.220339954 -0.000563349 0.075490490 -0.007200236 0.074151494 -0.000500317 0.997220874
1305031112.479418 0.225152224 0.000887519 0.075962618 -0.003474059 0.073943540 0.008665921 0.997218728
1305031112.511504 0.232114106 -0.000372419 0.076079130 -0.001776321 0.070401050 0.016365182 0.997382939
1305031112.543212 0.241806373 -0.001532203 0.074640445 0.000365699 0.066077873 0.020794522 0.997597694
1305031112.579252 0.248694599 0.000683211 0.075181633 0.003212067 0.063036747 0.026413104 0.997656465
1305031112.611261 0.263507068 0.004575750 0.072944887 0.004409534 0.059617691 0.032803427 0.997672379
1305031112.643246 0.271786094 0.005161645 0.073751733 0.001709565 0.064787261 0.040087890 0.997092128
1305031112.679952 0.272538960 0.003613128 0.074670792 -0.000921674 0.072022229 0.042880364 0.996480405
1305031112.711251 0.275797188 0.006823384 0.074525118 -0.001630561 0.075794131 0.044976532 0.996107280
1305031112.743245 0.277341604 0.015574009 0.075338013 -0.003346229 0.079265445 0.048042145 0.995689571
1305031112.779310 0.274897069 0.010698954 0.078531697 -0.012655460 0.084364012 0.050416723 0.995078266
1305031112.811310 0.264857322 0.006436092 0.079187207 -0.015983060 0.087505370 0.048870668 0.994836152
1305031112.843286 0.261936724 0.012396466 0.080003947 -0.016233157 0.082375132 0.046583761 0.995379746
1305031112.879421 0.262332171 0.013198900 0.080343008 -0.019574303 0.078321710 0.048801571 0.995540500
1305031112.911411 0.253945887 0.012162465 0.080537960 -0.022621386 0.076783657 0.050735116 0.995499074
1305031112.943321 0.247548178 0.010167466 0.081764773 -0.025147829 0.072270289 0.049576063 0.995834708
1305031112.979278 0.244892836 0.011162335 0.081128627 -0.025251325 0.065619580 0.047493298 0.996393919
1305031113.011353 0.240358517 0.014524696 0.079097368 -0.025631353 0.062238585 0.047354415 0.996607721
1305031113.043231 0.232070714 0.013713786 0.079900980 -0.030218223 0.061649326 0.044685293 0.996639073
1305031113.079251 0.219632819 0.003642731 0.079001889 -0.034384679 0.061303724 0.039226856 0.996755123
1305031113.111316 0.211551666 0.008528097 0.076301612 -0.029734800 0.055944152 0.034500986 0.997394502
1305031113.143306 0.206577614 0.014433662 0.074469805 -0.029987700 0.051811218 0.033484183 0.997644782
1305031113.179343 0.194465265 0.008177664 0.075074069 -0.034690659 0.051836859 0.035192940 0.997432172
1305031113.211259 0.179619282 0.006948523 0.073426284 -0.033196684 0.048561241 0.035760507 0.997627676
1305031113.243227 0.161956623 0.007758077 0.071460254 -0.035358187 0.044726953 0.035755422 0.997732878
1305031113.279312 0.153307080 -0.000031456 0.071688421 -0.040318865 0.038762573 0.037797417 0.997718990
1305031113.311452 0.139874116 -0.004569124 0.069486953 -0.036696333 0.032866690 0.041171785 0.997936904
1305031113.343252 0.122963935 0.000143718 0.067208372 -0.030007690 0.025230343 0.039820027 0.998437405
1305031113.379312 0.113354109 0.000719466 0.066813722 -0.033205502 0.015164993 0.037247438 0.998639107
1305031113.411625 0.101170719 -0.006656900 0.066086590 -0.035425339 0.008471304 0.038140632 0.998608351
1305031113.443266 0.083689444 -0.000826350 0.065442309 -0.030967128 0.003921914 0.031926520 0.999002695
1305031113.479311 0.069667190 0.001429632 0.066241272 -0.033706710 -0.002600652 0.026931789 0.999065459
1305031113.511523 0.057506382 -0.003195577 0.065317035 -0.039348263 -0.008351130 0.025001075 0.998877823
1305031113.543242 0.040542163 -0.004927793 0.064552858 -0.041065853 -0.012158288 0.020680599 0.998868406
1305031113.579301 0.027216300 0.000020022 0.064873286 -0.038923878 -0.016488012 0.015945725 0.998978913
1305031113.611268 0.018795669 -0.001356878 0.065817900 -0.042430863 -0.020660952 0.011764077 0.998816490
1305031113.643222 0.008103240 -0.002080048 0.065767087 -0.045275122 -0.021027310 0.007916384 0.998721838
1305031113.679288 -0.003413470 -0.001674274 0.067876466 -0.045905177 -0.020298293 0.003952049 0.998731732
1305031113.711931 -0.012556607 -0.002829212 0.068818673 -0.046485923 -0.020611633 -0.000660714 0.998706043
1305031113.743590 -0.022451628 -0.001166656 0.069493793 -0.045062870 -0.018375728 -0.006027683 0.998796940
1305031113.779320 -0.035545465 -0.002431608 0.070315182 -0.044375945 -0.014938568 -0.010575249 0.998847246
1305031113.811237 -0.045795780 -0.000480328 0.070397571 -0.042710528 -0.014052809 -0.012123489 0.998915076
1305031113.843295 -0.057494067 0.001991054 0.070388481 -0.042532254 -0.011225764 -0.015707122 0.998908520
1305031113.879281 -0.070934176 -0.005921191 0.070679441 -0.044230513 -0.010033830 -0.020392777 0.998762786
1305031113.911290 -0.079797491 -0.000842930 0.070938125 -0.039204407 -0.011863444 -0.020779092 0.998944700
1305031113.943291 -0.088762164 -0.001439931 0.072174214 -0.037048254 -0.010305245 -0.023153180 0.998992085
1305031113.979293 -0.102522492 -0.000300872 0.072660454 -0.033234328 -0.007181442 -0.028764604 0.999007761
1305031114.011257 -0.115796156 0.001180534 0.071813405 -0.029668393 -0.005476496 -0.033665538 0.998977661
1305031114.043301 -0.132186875 0.000220992 0.070924774 -0.028859422 -0.006284787 -0.035927821 0.998917818
1305031114.079285 -0.143637463 -0.000233540 0.071860410 -0.026697988 -0.011686619 -0.036401507 0.998912215
1305031114.111263 -0.154662207 0.003483918 0.072190233 -0.023244698 -0.016984804 -0.040067922 0.998782158
1305031114.143284 -0.163618729 0.004109310 0.074630812 -0.023145776 -0.022659101 -0.043172330 0.998542428
1305031114.179337 -0.170794994 0.000090462 0.075917438 -0.022102518 -0.026045911 -0.045296583 0.998389363
1305031114.211303 -0.182529211 0.008456570 0.074695006 -0.017513914 -0.025538102 -0.047859840 0.998373926
1305031114.243337 -0.197432160 0.008110862 0.076670051 -0.020000380 -0.026324267 -0.051853761 0.998107314
1305031114.279390 -0.211061388 0.008620661 0.077296466 -0.019685369 -0.031133298 -0.053977363 0.997862518
1305031114.311429 -0.220384210 0.012187227 0.079033501 -0.019832890 -0.039387599 -0.053879030 0.997573256
1305031114.343331 -0.224901989 0.011280283 0.081397399 -0.021295257 -0.046654448 -0.056481924 0.997085571
1305031114.379320 -0.231708199 0.009996032 0.083030492 -0.021667769 -0.049290761 -0.060572155 0.996710598
1305031114.411397 -0.242877230 0.011000043 0.083245531 -0.020362798 -0.049975473 -0.065166749 0.996414125
1305031114.443345 -0.254988909 0.013762050 0.083916232 -0.019479938 -0.052601047 -0.067192428 0.996162057
1305031114.479332 -0.266182631 0.012692653 0.083592065 -0.020244293 -0.057635482 -0.068861321 0.995754182
1305031114.511266 -0.269660503 0.015838549 0.084722281 -0.019646885 -0.066855662 -0.070740357 0.995057821
1305031114.543236 -0.270659804 0.013350934 0.086656503 -0.023509959 -0.072743744 -0.069684386 0.994635463
1305031114.579237 -0.275628656 0.009699125 0.086485595 -0.026326314 -0.074012697 -0.066069923 0.994717956
1305031114.611391 -0.280616373 0.011750254 0.085951701 -0.028051136 -0.074315652 -0.063532799 0.994813502
1305031114.644136 -0.288566262 0.012109809 0.087986790 -0.032613192 -0.075178020 -0.063190117 0.994631410
1305031114.679251 -0.292742789 0.009152196 0.088595331 -0.036418665 -0.081252791 -0.064099208 0.993963242
1305031114.711306 -0.291920125 0.006400346 0.089814246 -0.037918303 -0.087093584 -0.062792428 0.993495882
1305031114.743200 -0.292390585 0.004116829 0.089251690 -0.037781432 -0.090706825 -0.066516697 0.992935181
1305031114.779289 -0.290281564 0.004931571 0.088202342 -0.035242293 -0.093246229 -0.069462329 0.992591619
1305031114.811303 -0.288969725 0.007857526 0.087220147 -0.034248944 -0.093321174 -0.070039354 0.992578804
1305031114.843208 -0.287495077 0.007599014 0.087148726 -0.034372699 -0.094318062 -0.072518691 0.992302179
1305031114.879281 -0.283879369 0.010411862 0.086285263 -0.033875868 -0.095009111 -0.072152399 0.992280066
1305031114.912879 -0.281058788 0.012340549 0.086137712 -0.034411751 -0.095305614 -0.072397701 0.992215335
1305031114.943234 -0.272045821 0.014577671 0.087121874 -0.036212627 -0.097269945 -0.073705539 0.991864204
1305031114.979280 -0.266722322 0.017601529 0.088478193 -0.037314035 -0.095184706 -0.074459009 0.991969407
1305031115.011300 -0.258204073 0.022017708 0.089369558 -0.039902903 -0.095389940 -0.075301766 0.991785288
1305031115.043508 -0.248951435 0.017777709 0.092513710 -0.045423325 -0.094432153 -0.075275220 0.991641521
1305031115.079238 -0.240343034 0.022046532 0.093756765 -0.045187142 -0.091761105 -0.075699106 0.991870821
1305031115.111230 -0.223837584 0.022960516 0.098889440 -0.047915891 -0.090472259 -0.073572688 0.992021084
1305031115.143275 -0.214883745 0.020323664 0.100610062 -0.050302085 -0.081753522 -0.071388565 0.992819071
1305031115.179440 -0.211251333 0.023031790 0.101690024 -0.050679848 -0.076037057 -0.070784852 0.993297279
1305031115.211374 -0.194637597 0.017696507 0.108550742 -0.052927800 -0.077353813 -0.067192294 0.993327856
1305031115.243297 -0.183003426 0.014131562 0.110589296 -0.049633600 -0.072737947 -0.063786939 0.994070888
1305031115.279966 -0.171217829 0.021472257 0.113261998 -0.045655828 -0.070658013 -0.059126660 0.994699478
1305031115.311704 -0.153981864 0.012946965 0.117992923 -0.049139790 -0.068504170 -0.052259088 0.995068550
1305031115.343235 -0.140840545 0.016361065 0.118015856 -0.043685954 -0.059886459 -0.049073733 0.996040583
1305031115.379166 -0.142997518 0.023172433 0.113348179 -0.045632679 -0.050387572 -0.045479402 0.996649563
1305031115.411237 -0.126529589 0.019575907 0.121323541 -0.053367015 -0.060320582 -0.041984085 0.995866835
1305031115.443159 -0.105021864 0.018967623 0.125180319 -0.057021230 -0.066155061 -0.035458226 0.995547533
1305031115.479241 -0.093071371 0.020631788 0.126634032 -0.060523856 -0.065539129 -0.029898059 0.995563984
1305031115.511253 -0.067692652 0.018443396 0.136329859 -0.063932121 -0.069709830 -0.025222756 0.995196998
1305031115.543604 -0.046523005 0.019060774 0.142321676 -0.063132793 -0.060571037 -0.018143903 0.996000111
1305031115.579315 -0.038155232 0.016160883 0.137210786 -0.063467182 -0.045736082 -0.012917315 0.996851683
1305031115.611424 -0.024433672 0.013066970 0.135691807 -0.063818008 -0.039988082 -0.007862156 0.997129023
1305031115.643254 -0.010821594 0.011855297 0.136016473 -0.062596753 -0.033547956 -0.000168672 0.997474849
1305031115.679241 -0.002714220 0.008206085 0.129425824 -0.062620647 -0.027961317 0.010267226 0.997592807
1305031115.711320 0.015132208 0.013888071 0.134670660 -0.059416704 -0.030937934 0.018985689 0.997573078
1305031115.743250 0.035249032 0.013028312 0.136995807 -0.059845377 -0.027182741 0.026494466 0.997485638
1305031115.779425 0.045422424 0.013906052 0.136011198 -0.057098690 -0.016656468 0.032905471 0.997687042
1305031115.811277 0.061721671 0.013711789 0.131910220 -0.057635121 -0.009275887 0.041291628 0.997440279
1305031115.843224 0.075145051 0.012546802 0.132193044 -0.060556434 0.000155431 0.048801515 0.996971071
1305031115.879198 0.078710891 0.010586773 0.131928250 -0.059889462 0.009907615 0.056506213 0.996555150
1305031115.911118 0.094207622 0.012019169 0.131184533 -0.057950415 0.010961464 0.062406935 0.996306658
1305031115.943311 0.106324658 0.014753028 0.132839426 -0.057839446 0.017044123 0.068750247 0.995809972
1305031115.980740 0.117903605 0.017307419 0.133589536 -0.058449131 0.022237793 0.074436896 0.995262980
1305031116.011379 0.135075122 0.018964153 0.134129032 -0.060788728 0.027954921 0.077997364 0.994705796
1305031116.043164 0.146171987 0.020558836 0.136385664 -0.063564584 0.039883323 0.080055527 0.993961751
1305031116.080030 0.149048522 0.025376791 0.138243183 -0.066126227 0.053170636 0.082697518 0.992955863
1305031116.111300 0.168938220 0.025095444 0.138529003 -0.073789574 0.057570856 0.086561941 0.991840541
1305031116.143441 0.172506690 0.025081668 0.140364558 -0.077618003 0.068516158 0.089553654 0.990586281
1305031116.179572 0.180878922 0.025270808 0.142651260 -0.080382638 0.073527604 0.091977708 0.989784002
1305031116.211299 0.189371184 0.027746262 0.144724414 -0.083700344 0.078633629 0.094967812 0.988833725
1305031116.243320 0.204871804 0.022634838 0.145190388 -0.088797115 0.080457821 0.099210992 0.987825274
1305031116.279385 0.211366817 0.029576052 0.146110013 -0.085065573 0.090155795 0.101793453 0.987053096
1305031116.311336 0.219193041 0.028188486 0.144285411 -0.089210980 0.097822726 0.105992340 0.985513926
1305031116.343292 0.224252939 0.021329243 0.147008657 -0.093486346 0.104499348 0.109986663 0.983993471
1305031116.379384 0.227750555 0.019178160 0.145423964 -0.089083500 0.107811324 0.110097468 0.984032214
1305031116.411333 0.226840317 0.024177767 0.142375633 -0.082782015 0.111098103 0.113171056 0.983868182
1305031116.443369 0.229017630 0.026863296 0.139783353 -0.083774745 0.112202913 0.122816771 0.982501030
1305031116.479850 0.229771554 0.021429870 0.138653785 -0.086690120 0.113291301 0.127149850 0.981571615
1305031116.511205 0.226006210 0.023243178 0.137654692 -0.083265476 0.113411218 0.123300262 0.982345045
1305031116.543262 0.220304802 0.022724416 0.134731784 -0.081069797 0.114040978 0.118288465 0.983071804
1305031116.579313 0.208493307 0.024447583 0.134222329 -0.080194667 0.114943467 0.115385912 0.983383417
1305031116.611261 0.197481975 0.020351190 0.134312809 -0.081251785 0.111447737 0.109263770 0.984397769
1305031116.643355 0.184164941 0.021469403 0.131991118 -0.078723900 0.105498604 0.099945836 0.986247122
1305031116.679281 0.175249130 0.022580581 0.130306065 -0.077832542 0.097611658 0.090952329 0.987998843
1305031116.711634 0.167078018 0.025179356 0.128339410 -0.075575262 0.091743067 0.081664391 0.989546597
1305031116.743291 0.151832536 0.029863458 0.127845168 -0.074179322 0.089090914 0.070727900 0.990736008
1305031116.779298 0.141156659 0.029677050 0.126845151 -0.076545827 0.084128730 0.060207099 0.991684496
1305031116.811318 0.121339992 0.022724865 0.126926512 -0.079755984 0.084180586 0.051269863 0.991929412
1305031116.846089 0.105716765 0.024016248 0.125193357 -0.077088118 0.076384380 0.043590300 0.993137836
1305031116.880165 0.092621297 0.026478332 0.125352591 -0.077206537 0.065767646 0.036666993 0.994167626
1305031116.912044 0.080953732 0.027574092 0.126940936 -0.076074906 0.054184999 0.032465626 0.995099306
1305031116.943296 0.059218116 0.031191304 0.124781653 -0.075115703 0.044246461 0.024534224 0.995890498
1305031116.979351 0.045792792 0.029183395 0.120363832 -0.075733326 0.032291278 0.013776771 0.996509850
1305031117.011382 0.033480771 0.032053493 0.119553573 -0.073104210 0.020397527 0.005451328 0.997100770
1305031117.043261 0.017099619 0.034001578 0.116992086 -0.073250264 0.012583766 0.001355138 0.997233272
1305031117.079520 0.005850391 0.035369776 0.112246409 -0.075222097 0.003070695 -0.004992215 0.997149587
1305031117.111238 -0.004319623 0.033245660 0.108483054 -0.078825101 -0.007651538 -0.006871657 0.996835411
1305031117.143218 -0.015137604 0.038450815 0.106826276 -0.079575524 -0.017228018 -0.006782427 0.996656895
1305031117.179264 -0.023143303 0.040418103 0.107289262 -0.082052059 -0.026090855 -0.011727778 0.996217430
1305031117.211361 -0.026032910 0.042391628 0.112159014 -0.083063230 -0.034408338 -0.015159288 0.995834708
1305031117.243277 -0.026696082 0.046932869 0.114056662 -0.084717661 -0.038366634 -0.017000847 0.995520890
1305031117.279299 -0.027651152 0.044794779 0.115378194 -0.090321518 -0.038305707 -0.021588020 0.994941533
1305031117.311200 -0.031175803 0.043809868 0.116998650 -0.093830325 -0.036075369 -0.023233673 0.994663060
1305031117.343243 -0.033263952 0.040391337 0.117834203 -0.096170880 -0.036123224 -0.024191694 0.994414926
1305031117.379454 -0.034174643 0.036648881 0.117516115 -0.096320868 -0.036156151 -0.024507932 0.994391501
1305031117.411221 -0.035709448 0.032191522 0.117623560 -0.095708810 -0.037365355 -0.023511641 0.994429886
1305031117.443274 -0.035551079 0.029931791 0.116840340 -0.092628382 -0.039170764 -0.022475313 0.994676054
1305031117.479403 -0.036476213 0.024184057 0.116710626 -0.091846518 -0.039725006 -0.020965951 0.994759560
1305031117.511325 -0.036671858 0.017440461 0.116982773 -0.089582898 -0.041348707 -0.019371692 0.994932115
1305031117.544285 -0.037351523 0.014035776 0.116659790 -0.084557034 -0.042061213 -0.018691484 0.995355010
1305031117.579155 -0.039279878 0.009454791 0.116750404 -0.081565320 -0.042971537 -0.020608662 0.995527923
1305031117.611159 -0.039082378 0.003706288 0.118550330 -0.081009716 -0.045117106 -0.019718794 0.995496392
1305031117.643252 -0.040762186 -0.002705313 0.120230377 -0.079556376 -0.046576936 -0.018762363 0.995564878
1305031117.679262 -0.041329905 -0.006764492 0.122305274 -0.078882582 -0.049264137 -0.018103117 0.995501280
1305031117.711184 -0.040698983 -0.015114153 0.126035064 -0.080328569 -0.052256666 -0.015889475 0.995270908
1305031117.743184 -0.040664643 -0.023310181 0.129332691 -0.080830276 -0.054534063 -0.012556683 0.995155692
1305031117.779467 -0.042051908 -0.028232705 0.131319225 -0.079983488 -0.056389090 -0.010901816 0.995140254
1305031117.811320 -0.039772939 -0.038848899 0.136302263 -0.082522437 -0.059622884 -0.008494729 0.994767845
1305031117.843291 -0.035422042 -0.046984933 0.140899390 -0.080875628 -0.061398141 -0.007026115 0.994806528
1305031117.879451 -0.037267722 -0.052524693 0.143429860 -0.078938298 -0.057574928 -0.007772963 0.995185137
1305031117.911407 -0.038458217 -0.062197410 0.146930322 -0.079266891 -0.055487528 -0.007844438 0.995277047
1305031117.943253 -0.037709292 -0.068615831 0.150341779 -0.078197815 -0.054074541 -0.007814909 0.995439589
1305031117.979228 -0.040293027 -0.074814908 0.153825715 -0.079660669 -0.051465321 -0.008401677 0.995457113
1305031118.011228 -0.039847441 -0.086418092 0.159821987 -0.083016574 -0.051717218 -0.008606149 0.995168090
1305031118.043521 -0.040653076 -0.092848986 0.163676679 -0.081533000 -0.050160963 -0.008590993 0.995370507
1305031118.079334 -0.039138515 -0.100143678 0.168554902 -0.081737831 -0.049912691 -0.009886987 0.995354176
1305031118.111217 -0.037600417 -0.108298615 0.174134701 -0.081275709 -0.046539977 -0.011214897 0.995541334
1305031118.143256 -0.040846560 -0.115190715 0.175721288 -0.079533570 -0.040700909 -0.013384187 0.995911002
1305031118.179323 -0.041185416 -0.124597222 0.180854261 -0.079768449 -0.038063943 -0.015160318 0.995971024
1305031118.211202 -0.044188887 -0.137036443 0.183823526 -0.079038754 -0.034577176 -0.013862804 0.996175230
1305031118.243173 -0.046131659 -0.144952700 0.185821190 -0.076280981 -0.034898348 -0.014391428 0.996371508
1305031118.279194 -0.043782681 -0.154005349 0.190897852 -0.073350139 -0.036349587 -0.014297851 0.996541023
1305031118.311299 -0.044895448 -0.160031080 0.192518607 -0.066800587 -0.036313076 -0.014960017 0.996993124
1305031118.343324 -0.042707868 -0.162008822 0.196603566 -0.060862120 -0.036384050 -0.015490198 0.997362554
1305031118.379208 -0.046200879 -0.167878971 0.197975576 -0.056818359 -0.033506714 -0.017164834 0.997674465
1305031118.411296 -0.047786560 -0.168736547 0.198995963 -0.053088181 -0.034772851 -0.016803315 0.997842789
1305031118.445692 -0.045786012 -0.169373274 0.201522633 -0.051942639 -0.035662651 -0.013948976 0.997915626
1305031118.479285 -0.046340741 -0.172906667 0.203272566 -0.052003257 -0.035878330 -0.011818452 0.997932255
1305031118.511255 -0.043805361 -0.170943648 0.203373775 -0.049429160 -0.036877144 -0.010608884 0.998040259
1305031118.544414 -0.043221243 -0.165281981 0.203845084 -0.049084030 -0.036325384 -0.011068724 0.998072505
1305031118.579285 -0.041592546 -0.164516583 0.204849094 -0.051450286 -0.035868388 -0.011421814 0.997965872
1305031118.616142 -0.040074583 -0.159083754 0.204603329 -0.050822437 -0.034342878 -0.013478757 0.998026073
1305031118.645325 -0.041818820 -0.151407585 0.201474711 -0.050551064 -0.031239284 -0.016293880 0.998099804
1305031118.679295 -0.042347539 -0.147337839 0.200103700 -0.054233376 -0.029926548 -0.017855026 0.997920036
1305031118.711421 -0.043597713 -0.145601869 0.197933942 -0.056195848 -0.029782249 -0.020885527 0.997756898
1305031118.746770 -0.047342375 -0.137873664 0.192502141 -0.053634204 -0.030584596 -0.020738319 0.997876704
1305031118.779277 -0.045246027 -0.121445015 0.187859833 -0.052715793 -0.035014339 -0.020418148 0.997786641
1305031118.811221 -0.042088442 -0.121749781 0.189553365 -0.059677213 -0.038717534 -0.021645723 0.997231722
1305031118.846753 -0.038453843 -0.115946278 0.184303492 -0.056492090 -0.039663393 -0.020362843 0.997407079
1305031118.879208 -0.037900571 -0.097297736 0.176148653 -0.051833536 -0.037296865 -0.022242879 0.997711122
1305031118.911177 -0.038644765 -0.093594290 0.173027769 -0.055943277 -0.035919335 -0.024871515 0.997477591
1305031118.946974 -0.038745675 -0.083564520 0.166694030 -0.054320566 -0.034387089 -0.026865654 0.997569561
1305031118.979374 -0.040603913 -0.070564523 0.159888923 -0.053815976 -0.032618146 -0.030869959 0.997540474
1305031119.011363 -0.042160362 -0.062082782 0.154985666 -0.057268489 -0.032333042 -0.033154380 0.997284174
1305031119.047172 -0.042726766 -0.053178623 0.149822280 -0.058726765 -0.032858979 -0.033465050 0.997171760
1305031119.079223 -0.045274727 -0.044945847 0.143704847 -0.059071913 -0.034143005 -0.033678077 0.997101068
1305031119.111328 -0.045163941 -0.036657430 0.139440924 -0.059139136 -0.038029749 -0.032794669 0.996985853
1305031119.147616 -0.047010861 -0.026250431 0.133691221 -0.058519091 -0.040595345 -0.031408846 0.996965885
1305031119.179226 -0.044755630 -0.022946199 0.130141720 -0.060454693 -0.046021588 -0.030907879 0.996630311
1305031119.211364 -0.043154623 -0.012988660 0.125094160 -0.056948628 -0.048460614 -0.029448370 0.996765375
1305031119.247399 -0.044220418 -0.004344601 0.120823123 -0.056012783 -0.049186949 -0.028423171 0.996812582
1305031119.279212 -0.042852052 0.003547013 0.116587378 -0.055765148 -0.050721288 -0.028422693 0.996749580
1305031119.311212 -0.043049842 0.010840523 0.112614848 -0.055892665 -0.051010925 -0.025663828 0.996802509
1305031119.347741 -0.044602625 0.016807463 0.109029308 -0.055402223 -0.052114986 -0.023526795 0.996825516
1305031119.379239 -0.043681368 0.028253675 0.105682723 -0.053205807 -0.054719683 -0.022942137 0.996819198
1305031119.411484 -0.040456481 0.035408542 0.103420965 -0.054198094 -0.055803165 -0.022218253 0.996722102
1305031119.447706 -0.040328473 0.042561810 0.101118185 -0.054836519 -0.053415865 -0.021942625 0.996824086
1305031119.479267 -0.041421942 0.052361485 0.097356759 -0.052437253 -0.050918203 -0.022689719 0.997067153
1305031119.511240 -0.043056458 0.061295219 0.094037920 -0.053455986 -0.049128383 -0.022046285 0.997117281
1305031119.547382 -0.042543579 0.070538931 0.091534540 -0.054241639 -0.049452852 -0.020333925 0.997095168
1305031119.579559 -0.040853079 0.082093939 0.088891014 -0.055061385 -0.049015317 -0.019890688 0.997080803
1305031119.615017 -0.042916577 0.088135801 0.087367103 -0.059323415 -0.046228006 -0.019697754 0.996973276
1305031119.647903 -0.044130027 0.100283124 0.084618375 -0.060195189 -0.045260031 -0.019020285 0.996978581
1305031119.679208 -0.041508459 0.110696025 0.083745092 -0.063299865 -0.044156447 -0.020783164 0.996800601
1305031119.715232 -0.041878693 0.117196284 0.083463416 -0.069640145 -0.039749768 -0.018156396 0.996614575
1305031119.747193 -0.046875700 0.123268485 0.081748798 -0.073573008 -0.036082018 -0.013713930 0.996542573
1305031119.779169 -0.048812084 0.132762566 0.079637580 -0.075328812 -0.036816560 -0.011401530 0.996413589
1305031119.814537 -0.046775725 0.140309215 0.078790724 -0.077206045 -0.038768981 -0.007460723 0.996233165
1305031119.847429 -0.045777056 0.147786722 0.077870198 -0.079655439 -0.038241882 -0.002891198 0.996084452
1305031119.879214 -0.045363661 0.151048407 0.076746143 -0.081395149 -0.036712836 -0.002706961 0.996001840
1305031119.911401 -0.047893096 0.166834697 0.073404394 -0.076500632 -0.033609264 -0.001959722 0.996500969
1305031119.947392 -0.047515742 0.172375381 0.072489470 -0.080903210 -0.032235593 -0.001795128 0.996198952
1305031119.979537 -0.047122948 0.176027656 0.071523681 -0.083650455 -0.029257389 -0.002925721 0.996061265
1305031120.015264 -0.048645455 0.186918840 0.069008961 -0.084803216 -0.025434611 -0.001233590 0.996072292
1305031120.047290 -0.051642936 0.182457447 0.069123462 -0.095883206 -0.023379585 -0.000309947 0.995117962
1305031120.079418 -0.053957112 0.188422546 0.069264852 -0.094544545 -0.024586614 0.002245675 0.995214462
1305031120.115232 -0.053935654 0.191930264 0.068885446 -0.094748706 -0.027071297 0.004107688 0.995124578
1305031120.148157 -0.051683418 0.187911227 0.070267990 -0.098455660 -0.028971240 0.004890914 0.994707584
1305031120.179246 -0.050378390 0.182417974 0.071392044 -0.099283457 -0.029053759 0.007817673 0.994604230
1305031120.215249 -0.050514858 0.177954108 0.071819812 -0.095516078 -0.029052496 0.007726597 0.994973838
1305031120.248003 -0.050054714 0.175954953 0.072611265 -0.090821721 -0.029243736 0.005258639 0.995423794
1305031120.279430 -0.049067631 0.166143954 0.072583750 -0.090593517 -0.028681785 0.003472371 0.995468736
1305031120.315196 -0.048352573 0.159006223 0.074522451 -0.088965766 -0.028715217 0.001343059 0.995619774
1305031120.347787 -0.048326075 0.153127208 0.076461405 -0.085267328 -0.028225588 -0.000254697 0.995958149
1305031120.379437 -0.048224043 0.144145280 0.079104885 -0.084736213 -0.028411021 -0.001010830 0.995997727
1305031120.415445 -0.046211321 0.129810572 0.082969502 -0.081705362 -0.029867280 -0.000703682 0.996208668
1305031120.447417 -0.046641592 0.127225876 0.085463241 -0.072679900 -0.030386025 -0.001029316 0.996891797
1305031120.479432 -0.045609310 0.115341522 0.089698896 -0.071858823 -0.031566445 -0.000601687 0.996914983
1305031120.514819 -0.046697542 0.106470212 0.092752039 -0.065681197 -0.032810979 0.001479617 0.997299969
1305031120.547736 -0.047121000 0.098717369 0.095766097 -0.059508771 -0.035614230 0.003016546 0.997587681
1305031120.579551 -0.047808383 0.090758219 0.099382959 -0.056882624 -0.039141983 0.005731491 0.997596800
1305031120.615236 -0.045492329 0.081343904 0.104543261 -0.054718565 -0.044548199 0.008779055 0.997468948
1305031120.647354 -0.044484701 0.074942328 0.107911505 -0.049510110 -0.047656439 0.008904725 0.997596264
1305031120.679318 -0.043030240 0.068817772 0.111856483 -0.047045775 -0.049685124 0.009954913 0.997606635
1305031120.714522 -0.042965900 0.061121132 0.114579678 -0.045386925 -0.050120350 0.010502877 0.997656107
1305031120.747369 -0.043540582 0.052914187 0.118038774 -0.044877209 -0.052116044 0.010921025 0.997572362
1305031120.779894 -0.041114055 0.044182427 0.122730255 -0.043264918 -0.055325709 0.011185155 0.997467816
1305031120.814944 -0.040903803 0.037970819 0.124550946 -0.040444177 -0.055542756 0.010300401 0.997583687
1305031120.847921 -0.040921710 0.029647268 0.128258377 -0.041799448 -0.056578841 0.008522134 0.997486353
1305031120.883435 -0.038698066 0.020997357 0.131728500 -0.039971888 -0.057106499 0.006866292 0.997543931
1305031120.915444 -0.039932989 0.016779384 0.133252606 -0.037610713 -0.055090327 0.004910460 0.997760653
1305031120.947488 -0.040481225 0.008334724 0.136083782 -0.038211811 -0.054637551 0.002776031 0.997770965
1305031120.983366 -0.041559521 0.000079487 0.138430297 -0.038176738 -0.054260734 0.000488149 0.997796595
1305031121.015019 -0.041344620 -0.008408374 0.140204400 -0.037079137 -0.055013984 -0.000871669 0.997796476
1305031121.047498 -0.042552248 -0.012622999 0.141471013 -0.035395756 -0.054331630 -0.001884111 0.997893631
1305031121.083099 -0.043592289 -0.024566207 0.144493029 -0.036249839 -0.055381831 -0.003005686 0.997802436
1305031121.114696 -0.043328248 -0.030819565 0.145479336 -0.033529330 -0.056789655 -0.002673192 0.997819424
1305031121.147331 -0.044091877 -0.037901826 0.146895021 -0.031829003 -0.057189099 -0.003487399 0.997849762
1305031121.183271 -0.044321649 -0.045720335 0.148891717 -0.030262385 -0.058560017 -0.004138732 0.997816503
1305031121.211420 -0.041662470 -0.054266352 0.152161822 -0.028432345 -0.059475578 -0.004230525 0.997815788
1305031121.247194 -0.045166910 -0.059004642 0.152613848 -0.025653966 -0.056723159 -0.005128765 0.998047113
1305031121.282876 -0.045519702 -0.068762228 0.155714303 -0.026881367 -0.058144920 -0.003898868 0.997938573
1305031121.313568 -0.044921629 -0.078046829 0.158745453 -0.024806743 -0.058505245 -0.003280118 0.997973442
1305031121.347517 -0.047267735 -0.083320715 0.159769163 -0.022420561 -0.058789123 -0.002210432 0.998016179
1305031121.383226 -0.044113472 -0.094735391 0.164481923 -0.022462379 -0.061604120 -0.001513856 0.997846723
1305031121.414318 -0.044588864 -0.101392567 0.165454403 -0.017999817 -0.060378503 -0.002751985 0.998009443
1305031121.447319 -0.045253173 -0.107256792 0.167251483 -0.016605867 -0.059741676 -0.002229959 0.998073220
1305031121.482964 -0.042767018 -0.119116202 0.172221765 -0.016720003 -0.058817036 -0.000710786 0.998128474
1305031121.514107 -0.046596371 -0.122350819 0.170307726 -0.012316541 -0.055466212 -0.000238385 0.998384595
1305031121.547270 -0.046322510 -0.126349404 0.173180625 -0.013035907 -0.055682093 0.000525533 0.998363316
1305031121.583204 -0.045918234 -0.137869358 0.177422360 -0.016177351 -0.054680463 -0.000650319 0.998372674
1305031121.614700 -0.046306044 -0.143766955 0.179417908 -0.014814482 -0.052712187 -0.001785915 0.998498261
1305031121.647183 -0.044795711 -0.147144511 0.181807086 -0.013552703 -0.049223416 -0.004177537 0.998687088
1305031121.683200 -0.048455879 -0.155193478 0.182577997 -0.016816422 -0.044176601 -0.005783532 0.998865426
1305031121.714520 -0.051937394 -0.162035197 0.183049142 -0.017972270 -0.042176325 -0.005431997 0.998933733
1305031121.747145 -0.051520105 -0.165289357 0.185300782 -0.019355742 -0.042172600 -0.004929069 0.998910666
1305031121.782835 -0.050568767 -0.172900245 0.188118294 -0.022193281 -0.042191051 -0.002999434 0.998858511
1305031121.811540 -0.048607975 -0.175283775 0.191178203 -0.023075921 -0.041792370 -0.000612323 0.998859644
1305031121.847335 -0.049966976 -0.177716374 0.191674486 -0.024900250 -0.039464287 0.002083604 0.998908520
1305031121.882060 -0.050892290 -0.179715201 0.192529753 -0.027334832 -0.038903110 0.008413708 0.998833597
1305031121.914931 -0.052557625 -0.179910421 0.192636430 -0.028818635 -0.040041551 0.010298623 0.998729229
1305031121.947288 -0.049315430 -0.180795640 0.193772554 -0.029167943 -0.043332499 0.010072475 0.998584032
1305031121.982926 -0.048346624 -0.175592899 0.193680242 -0.028016271 -0.043301404 0.009880454 0.998620272
1305031122.014256 -0.050930485 -0.173946947 0.191416129 -0.028720710 -0.042204436 0.007194284 0.998670220
1305031122.047306 -0.050318278 -0.168550849 0.190173581 -0.027102049 -0.043891616 0.003955435 0.998660803
1305031122.082959 -0.049271889 -0.163227037 0.188464776 -0.026184892 -0.044746760 0.000299593 0.998655081
1305031122.114672 -0.050069276 -0.153613284 0.184905648 -0.023683900 -0.044507325 -0.003309171 0.998722792
1305031122.150725 -0.048200347 -0.146685749 0.183414206 -0.024244208 -0.045633327 -0.008140895 0.998630822
1305031122.183042 -0.046402223 -0.137262300 0.180225715 -0.021455152 -0.045192450 -0.012839296 0.998665333
1305031122.214959 -0.048181560 -0.119347848 0.175356776 -0.021158764 -0.042884439 -0.017723216 0.998698711
1305031122.251319 -0.049332522 -0.116282120 0.172886491 -0.028065963 -0.041823685 -0.021875262 0.998491108
1305031122.283560 -0.050790347 -0.104700521 0.168936938 -0.027570413 -0.042280525 -0.023532413 0.998448014
1305031122.314289 -0.051484082 -0.088562876 0.164440051 -0.031005722 -0.044444647 -0.027533447 0.998150885
1305031122.351327 -0.051087424 -0.082462721 0.160972714 -0.037749086 -0.046949953 -0.029939640 0.997734606
1305031122.382630 -0.054429423 -0.070988640 0.154765457 -0.041168310 -0.047447525 -0.031177560 0.997537911
1305031122.414997 -0.056227058 -0.065872878 0.150227159 -0.045882303 -0.051025022 -0.031689666 0.997139394
1305031122.451257 -0.057110190 -0.055638712 0.145085454 -0.046967689 -0.055328224 -0.030486785 0.996896863
1305031122.483360 -0.057028335 -0.048465934 0.140801281 -0.050394818 -0.060216762 -0.030467045 0.996446729
1305031122.515097 -0.055450737 -0.039197057 0.137674466 -0.051076189 -0.064747639 -0.031470165 0.996096671
1305031122.551490 -0.051343389 -0.030832425 0.134334207 -0.052631531 -0.067412078 -0.032367885 0.995810151
1305031122.583208 -0.051798020 -0.023483729 0.130571589 -0.054162662 -0.065883964 -0.033892918 0.995779574
1305031122.614980 -0.055435210 -0.017450651 0.125969112 -0.055273589 -0.064606525 -0.033620417 0.995811462
1305031122.648788 -0.055184033 -0.007871601 0.121715799 -0.053388529 -0.066681758 -0.032346953 0.995819688
1305031122.683402 -0.055664498 0.000662720 0.117386259 -0.052734952 -0.067595437 -0.031068528 0.995833635
1305031122.715208 -0.057471320 0.009326962 0.113761149 -0.052300241 -0.069579050 -0.028338647 0.995801330
1305031122.751298 -0.055535130 0.021654423 0.110292949 -0.050469141 -0.072860613 -0.027706692 0.995678902
1305031122.783423 -0.054504581 0.033352990 0.108540468 -0.052484117 -0.073617347 -0.028165948 0.995506167
1305031122.812555 -0.052651748 0.039521769 0.107852951 -0.057836544 -0.073710449 -0.028805863 0.995184362
1305031122.851418 -0.049227942 0.047920533 0.107451439 -0.059001457 -0.071385086 -0.030589387 0.995232284
1305031122.883754 -0.050831262 0.055970471 0.103483126 -0.061776254 -0.064239681 -0.030345334 0.995558202
1305031122.914571 -0.054628331 0.060052156 0.101389855 -0.066105813 -0.060146868 -0.029409934 0.995563865
1305031122.951341 -0.054776434 0.066337019 0.099543363 -0.066902705 -0.059479050 -0.028280139 0.995583475
1305031122.982815 -0.056613896 0.075709872 0.096503899 -0.067333423 -0.058737420 -0.024548426 0.995697498
1305031123.015450 -0.055932567 0.079330944 0.094585568 -0.070667066 -0.060125958 -0.021832505 0.995446801
1305031123.051827 -0.054537505 0.084820032 0.093151309 -0.070106022 -0.060323477 -0.020244826 0.995508075
1305031123.082975 -0.054892302 0.095420711 0.090222791 -0.067975059 -0.059273679 -0.017459651 0.995771646
1305031123.113873 -0.055014964 0.104392044 0.088137656 -0.070068479 -0.058020122 -0.015254204 0.995736599
1305031123.150822 -0.056097448 0.110612318 0.086884931 -0.072864145 -0.056767169 -0.015256251 0.995608151
1305031123.182155 -0.053072467 0.121007808 0.085688345 -0.073555171 -0.056441084 -0.014664277 0.995584726
1305031123.214704 -0.052629329 0.129663348 0.084169813 -0.077128135 -0.051729135 -0.015190440 0.995562434
1305031123.250618 -0.052928191 0.142775953 0.082695708 -0.080006763 -0.047959298 -0.015829060 0.995514035
1305031123.282347 -0.051197391 0.150697619 0.083890863 -0.087838024 -0.045982376 -0.012827321 0.994990170
1305031123.311327 -0.050207876 0.158092186 0.084272318 -0.092758328 -0.042420901 -0.011864560 0.994713783
1305031123.350481 -0.050148163 0.164966553 0.083706498 -0.097329035 -0.038172327 -0.011397578 0.994454622
1305031123.382255 -0.047566500 0.171616703 0.083071023 -0.101779222 -0.034666255 -0.008304669 0.994168103
1305031123.411363 -0.049163640 0.180210277 0.082088068 -0.103074484 -0.028883748 -0.006193284 0.994234860
1305031123.451255 -0.049642719 0.189034313 0.080063343 -0.103630804 -0.026012285 -0.004613225 0.994264960
1305031123.483594 -0.048674781 0.196147203 0.079305805 -0.107246272 -0.024519408 -0.000161304 0.993930101
1305031123.511360 -0.048696328 0.200408176 0.078386143 -0.111084335 -0.022598391 0.002828855 0.993550003
1305031123.551513 -0.047735848 0.208729610 0.077402443 -0.110893004 -0.023157505 0.005155594 0.993549109
1305031123.579583 -0.045552894 0.213200301 0.077697307 -0.113858499 -0.023861848 0.008624116 0.993172944
1305031123.611335 -0.044091579 0.221215695 0.075959340 -0.113517366 -0.022877401 0.009894417 0.993223310
1305031123.652411 -0.042417578 0.227843478 0.075416118 -0.116622023 -0.021394441 0.009653102 0.992899001
1305031123.683753 -0.041427743 0.233857214 0.074674338 -0.119872287 -0.018094450 0.011122610 0.992562115
1305031123.711323 -0.040234219 0.239346117 0.074559428 -0.123662107 -0.015157684 0.012632893 0.992128193
1305031123.751723 -0.040722065 0.241612405 0.074317358 -0.127308473 -0.012825605 0.014460417 0.991674840
1305031123.783858 -0.041582916 0.242990792 0.073208392 -0.129375100 -0.012589986 0.016278896 0.991382182
1305031123.811608 -0.041259915 0.243158951 0.072393388 -0.131087556 -0.012827924 0.017418360 0.991134763
1305031123.851444 -0.041231167 0.242456168 0.071763173 -0.132995263 -0.012862337 0.019697567 0.990837455
1305031123.883786 -0.041222718 0.233005717 0.070627190 -0.138594851 -0.013896025 0.020665551 0.990036011
1305031123.911243 -0.040333577 0.235170126 0.071366891 -0.132840037 -0.016064368 0.019780360 0.990809858
1305031123.951442 -0.041186843 0.238114595 0.071203694 -0.130104095 -0.016021587 0.021264818 0.991142809
1305031123.983415 -0.041004438 0.224298328 0.072230749 -0.138551459 -0.018276311 0.023014264 0.989919066
1305031124.011302 -0.042256609 0.219976038 0.074091211 -0.133003220 -0.021474710 0.022280307 0.990632415
1305031124.051505 -0.043638945 0.220289439 0.074382298 -0.126087859 -0.023620630 0.022576226 0.991480827
1305031124.083837 -0.041204449 0.211536527 0.077651754 -0.127858803 -0.028028667 0.023502823 0.991117597
1305031124.111331 -0.039150197 0.199647963 0.081483170 -0.124999717 -0.032205246 0.022015255 0.991389573
1305031124.147446 -0.041362599 0.203273699 0.082226664 -0.114181504 -0.032164857 0.020031618 0.992736995
1305031124.182694 -0.040955722 0.192395791 0.085687347 -0.116019279 -0.033643480 0.018347457 0.992507458
1305031124.211396 -0.039512385 0.182024658 0.089940675 -0.111709103 -0.035766050 0.016314505 0.992963135
1305031124.249327 -0.041569199 0.178984299 0.089340925 -0.104677007 -0.035814699 0.016129026 0.993730307
1305031124.282545 -0.043265030 0.172821119 0.090540141 -0.103994615 -0.039041888 0.015688725 0.993687451
1305031124.311361 -0.040639322 0.160078317 0.094477877 -0.103068210 -0.044589937 0.016170120 0.993542790
1305031124.350354 -0.039668128 0.155227706 0.095319077 -0.096812271 -0.048411358 0.015114447 0.994009674
1305031124.382420 -0.037931085 0.146441147 0.097921714 -0.094050646 -0.051595826 0.014286447 0.994126916
1305031124.411439 -0.037298650 0.136613593 0.100544646 -0.089901425 -0.053382717 0.013682054 0.994424880
1305031124.450245 -0.037732668 0.128424495 0.101867557 -0.082833253 -0.054194633 0.011464068 0.995022714
1305031124.480099 -0.038748771 0.117925845 0.101985477 -0.077592723 -0.054496784 0.008911420 0.995454729
1305031124.511324 -0.039840765 0.110737748 0.102950245 -0.070465662 -0.055650838 0.006633182 0.995938540
1305031124.550437 -0.041037444 0.102221683 0.104037128 -0.066333301 -0.056688141 0.003750499 0.996178806
1305031124.579404 -0.041324146 0.091274679 0.106544428 -0.063461915 -0.059101243 0.001304293 0.996231854
1305031124.611358 -0.041037902 0.081079744 0.109271646 -0.059129503 -0.061719626 -0.000560905 0.996340334
1305031124.651271 -0.041529097 0.072381742 0.111316204 -0.055341937 -0.063715927 -0.002588839 0.996429086
1305031124.679362 -0.039006457 0.061073963 0.116060704 -0.052373108 -0.066938162 -0.003841452 0.996374190
1305031124.711251 -0.039112113 0.053122219 0.117705591 -0.047693159 -0.066763900 -0.006070856 0.996609807
1305031124.749890 -0.040013056 0.040243134 0.121467113 -0.047412131 -0.066583969 -0.007885431 0.996622503
1305031124.779365 -0.040248573 0.030798614 0.124716543 -0.044128895 -0.067828096 -0.008528579 0.996684134
1305031124.811360 -0.040402800 0.021888573 0.128255546 -0.042049590 -0.068753593 -0.009121850 0.996705353
1305031124.850535 -0.040621594 0.011388882 0.133878723 -0.042273324 -0.070299573 -0.009944560 0.996580184
1305031124.879355 -0.036821533 0.000064619 0.140135124 -0.040927690 -0.072121881 -0.010176539 0.996503770
1305031124.911448 -0.037359528 -0.006065240 0.143169507 -0.038691871 -0.069297649 -0.010444077 0.996790707
1305031124.950730 -0.037968919 -0.016545303 0.148568705 -0.042294908 -0.067809165 -0.010729171 0.996743679
1305031124.979438 -0.039619464 -0.032229312 0.153701648 -0.043232586 -0.066371121 -0.009254782 0.996815026
1305031125.011454 -0.042697370 -0.039579898 0.156101257 -0.038029790 -0.067617975 -0.008469599 0.996950269
1305031125.050763 -0.038418218 -0.043346480 0.161028385 -0.035050597 -0.071703240 -0.006991364 0.996785462
1305031125.079364 -0.038911369 -0.052708596 0.165365890 -0.036415875 -0.070523910 -0.003989001 0.996837199
1305031125.111364 -0.039680734 -0.063763611 0.169417709 -0.036710531 -0.071544766 -0.002907842 0.996757329
1305031125.151013 -0.038624220 -0.070288323 0.172797412 -0.032451089 -0.072286807 -0.005086362 0.996842861
1305031125.179353 -0.040487379 -0.071052454 0.173944294 -0.030805502 -0.068950243 -0.004487852 0.997134268
1305031125.211320 -0.042036224 -0.082553431 0.178351894 -0.035510343 -0.067371264 -0.004310968 0.997086525
1305031125.250632 -0.044464447 -0.094032839 0.180469587 -0.034720965 -0.066382848 -0.007392481 0.997162521
1305031125.279467 -0.044943292 -0.096582234 0.182033166 -0.030852282 -0.066282697 -0.008196332 0.997290134
1305031125.311493 -0.044533055 -0.105674334 0.186168805 -0.031611979 -0.065067932 -0.007687346 0.997350335
1305031125.348880 -0.047837216 -0.109461434 0.186632782 -0.027048966 -0.062681936 -0.011260995 0.997603416
1305031125.379401 -0.043812405 -0.113067642 0.191489965 -0.026992448 -0.062538922 -0.014779154 0.997567952
1305031125.411335 -0.043938659 -0.117038622 0.194364578 -0.026965803 -0.056241188 -0.015508227 0.997932494
1305031125.451195 -0.045621842 -0.123161510 0.196285099 -0.030547354 -0.050555702 -0.017669428 0.998097599
1305031125.479424 -0.045529768 -0.130947560 0.198658124 -0.031004190 -0.046853136 -0.019381763 0.998232365
1305031125.511316 -0.047091048 -0.130003497 0.198904693 -0.029343180 -0.042470057 -0.019872682 0.998468995
1305031125.551020 -0.046836700 -0.132140234 0.199737549 -0.030251078 -0.039516278 -0.021742893 0.998524189
1305031125.579308 -0.045507915 -0.134916276 0.200785622 -0.032274131 -0.036613680 -0.023836816 0.998523712
1305031125.611533 -0.047409702 -0.140877336 0.199735180 -0.033234715 -0.032467790 -0.024377489 0.998622537
1305031125.650575 -0.052851994 -0.143509790 0.195680350 -0.029372277 -0.030105492 -0.021981757 0.998873234
1305031125.679328 -0.056454167 -0.136193156 0.189982608 -0.023583604 -0.032818347 -0.021254469 0.998956919
1305031125.711443 -0.052888289 -0.137608200 0.190334871 -0.023206141 -0.039822482 -0.019161729 0.998753428
1305031125.751260 -0.050354302 -0.126792878 0.186148271 -0.016546741 -0.042921629 -0.017279167 0.998791933
1305031125.779348 -0.049045645 -0.120819442 0.184180990 -0.016521435 -0.044341981 -0.019891452 0.998681724
1305031125.811573 -0.047506407 -0.112160876 0.180901691 -0.015238955 -0.044042397 -0.020950062 0.998693705
1305031125.847412 -0.047903989 -0.106351197 0.178193346 -0.017398676 -0.042428475 -0.023053553 0.998681962
1305031125.879318 -0.050748251 -0.099245057 0.172989249 -0.017118871 -0.041795231 -0.023911787 0.998693287
1305031125.911305 -0.054100253 -0.088060074 0.168676391 -0.019291567 -0.043650776 -0.023129497 0.998592734
1305031125.947343 -0.055636216 -0.085080892 0.165525347 -0.023868896 -0.049841125 -0.020412838 0.998263240
1305031125.979324 -0.053305984 -0.074509874 0.162120119 -0.023440158 -0.058101133 -0.016866744 0.997892976
1305031126.011333 -0.049463682 -0.063102864 0.161280498 -0.024629496 -0.065065362 -0.016505446 0.997440457
1305031126.047324 -0.044499300 -0.050526656 0.161029860 -0.026290694 -0.068330325 -0.015462179 0.997196376
1305031126.079356 -0.043820407 -0.040198158 0.158796385 -0.030068422 -0.066782743 -0.014512374 0.997208774
1305031126.111370 -0.042876069 -0.033591200 0.157433659 -0.034738000 -0.066268884 -0.015047144 0.997083426
1305031126.147432 -0.043526117 -0.019594209 0.154649675 -0.035353072 -0.064466298 -0.013828852 0.997197568
1305031126.179384 -0.043811440 -0.007390211 0.152019590 -0.040894840 -0.064412460 -0.013012444 0.997000158
1305031126.211319 -0.041259527 -0.000685651 0.152552113 -0.046303447 -0.066110179 -0.012377247 0.996660531
1305031126.247298 -0.039400820 0.012911242 0.150270671 -0.047676206 -0.065476656 -0.011523654 0.996647894
1305031126.279363 -0.038731284 0.022765964 0.148023397 -0.051545236 -0.063748039 -0.012546191 0.996555030
1305031126.311332 -0.036743492 0.034782387 0.146040916 -0.054753393 -0.061569151 -0.013994675 0.996501625
1305031126.347363 -0.037162237 0.042879593 0.144321695 -0.059489135 -0.057479318 -0.015117067 0.996458054
1305031126.379423 -0.039101347 0.051735394 0.141437098 -0.062792115 -0.053623844 -0.016625283 0.996446311
1305031126.411465 -0.039272442 0.062413525 0.138873130 -0.066181839 -0.051912218 -0.018353257 0.996287227
1305031126.447361 -0.039571635 0.068115659 0.137088209 -0.071342297 -0.050364934 -0.017602181 0.996024013
1305031126.479533 -0.042187206 0.076312140 0.133265913 -0.073157512 -0.049158894 -0.015040865 0.995994568
1305031126.511410 -0.042523138 0.089058466 0.129590541 -0.074135788 -0.050506100 -0.013292120 0.995879710
1305031126.547374 -0.038610872 0.096832104 0.129187644 -0.079904884 -0.052731641 -0.012440084 0.995329022
1305031126.579454 -0.037683204 0.103967667 0.127354681 -0.083949782 -0.050788980 -0.010788688 0.995116353
1305031126.611528 -0.037724029 0.111261405 0.125425458 -0.088632137 -0.048731938 -0.009302825 0.994828105
1305031126.647376 -0.035465956 0.114064716 0.125878990 -0.093727432 -0.047982313 -0.007301741 0.994414210
1305031126.679479 -0.035064138 0.119318090 0.123580888 -0.095295325 -0.045730881 -0.002856371 0.994393945
1305031126.711583 -0.034102309 0.125471026 0.121954679 -0.097299568 -0.044446744 0.000568949 0.994261980
1305031126.747316 -0.032796606 0.125089124 0.121140450 -0.100366123 -0.043225586 0.003527053 0.994004905
1305031126.779379 -0.032333113 0.131632447 0.118697077 -0.098497055 -0.042212311 0.006567496 0.994219959
1305031126.811602 -0.028847726 0.134612620 0.117964335 -0.098747559 -0.041594330 0.007123379 0.994217336
1305031126.847343 -0.028219879 0.137261927 0.115889408 -0.099213712 -0.037885725 0.008060104 0.994311988
1305031126.879357 -0.029469684 0.139753357 0.113781616 -0.099380195 -0.034885958 0.008272054 0.994403422
1305031126.911364 -0.027292728 0.140309021 0.113691136 -0.100090019 -0.033846047 0.007744886 0.994372368
1305031126.947437 -0.029070465 0.141769215 0.111391433 -0.100473426 -0.031583950 0.009405206 0.994393826
1305031126.979337 -0.028892737 0.141224101 0.111117743 -0.101162307 -0.032496464 0.010670891 0.994281769
1305031127.011371 -0.027908212 0.139542982 0.110838160 -0.100638106 -0.033852637 0.010718823 0.994289219
1305031127.047297 -0.027154848 0.140917540 0.110433422 -0.099156722 -0.034579385 0.012115571 0.994397044
1305031127.079299 -0.028055036 0.139625549 0.110288277 -0.100047678 -0.034516804 0.012137507 0.994309664
1305031127.111435 -0.029509876 0.136754289 0.110531971 -0.100947343 -0.036023356 0.013351826 0.994149745
1305031127.147307 -0.029647306 0.133808523 0.110890627 -0.100419231 -0.039417401 0.013763150 0.994068801
1305031127.179349 -0.028972253 0.134481087 0.111264676 -0.097333722 -0.042746283 0.013187948 0.994245946
1305031127.211700 -0.027026664 0.132277280 0.112900183 -0.097279415 -0.045254122 0.013259292 0.994139314
1305031127.247374 -0.027174670 0.128565654 0.114682637 -0.096209295 -0.045400165 0.012248057 0.994249761
1305031127.279465 -0.028094208 0.128342465 0.114049822 -0.093298279 -0.045030814 0.011114925 0.994557261
1305031127.311362 -0.029676482 0.126128197 0.115296409 -0.093645968 -0.045229305 0.010392815 0.994523406
1305031127.347356 -0.029227261 0.120359100 0.117874846 -0.093496673 -0.047254760 0.009789965 0.994449377
1305031127.379262 -0.029793791 0.120888129 0.117986962 -0.089921020 -0.048104744 0.009494331 0.994741142
1305031127.411371 -0.030851621 0.119989894 0.119107775 -0.089278132 -0.048762731 0.008500040 0.994776011
1305031127.447333 -0.030446574 0.115025975 0.121551588 -0.090030119 -0.050508134 0.008480984 0.994621336
1305031127.479362 -0.031495620 0.116516009 0.121947080 -0.086828113 -0.051089376 0.007606546 0.994883358
1305031127.511356 -0.032311011 0.115744449 0.123055018 -0.087720506 -0.051940814 0.006239378 0.994770467
1305031127.547348 -0.031610899 0.111012258 0.125404000 -0.089159332 -0.053413987 0.006336287 0.994563937
1305031127.579345 -0.032476496 0.111905053 0.125439674 -0.086588033 -0.053465780 0.006092248 0.994789839
1305031127.611271 -0.032804273 0.112970091 0.126365572 -0.086180344 -0.053972572 0.005747369 0.994799912
1305031127.647358 -0.031500872 0.109307505 0.128150731 -0.088502854 -0.055055909 0.007344931 0.994526088
1305031127.679298 -0.032231204 0.108108096 0.128192276 -0.087108150 -0.055102665 0.007957075 0.994641900
1305031127.711375 -0.032871880 0.109925717 0.127447918 -0.085608721 -0.055470221 0.007593467 0.994754493
1305031127.747304 -0.031967439 0.107969344 0.129126400 -0.087343819 -0.056605600 0.007720871 0.994538724
1305031127.779346 -0.032700796 0.105385825 0.129328534 -0.087045878 -0.056385033 0.007705404 0.994577467
1305031127.811829 -0.033538230 0.106867947 0.128436178 -0.084767617 -0.056335289 0.006673023 0.994784534
1305031127.847366 -0.033545874 0.105981439 0.128730148 -0.085308246 -0.056491349 0.005747873 0.994735241
1305031127.879380 -0.034330726 0.104533412 0.128851056 -0.085777454 -0.056511290 0.005423970 0.994695544
1305031127.911476 -0.035501279 0.105264470 0.128884256 -0.084841639 -0.056918014 0.004795055 0.994755864
1305031127.947366 -0.035794541 0.106092863 0.129296854 -0.085105985 -0.057639387 0.004845829 0.994691491
1305031127.979371 -0.035222944 0.104994640 0.130807877 -0.087115593 -0.058841921 0.005033977 0.994446158
1305031128.011427 -0.034190003 0.105624676 0.132312924 -0.087767668 -0.059515268 0.004761060 0.994350076
1305031128.047369 -0.033265844 0.103206128 0.134558842 -0.091102377 -0.059028544 0.005929083 0.994072855
1305031128.079334 -0.033605393 0.100653611 0.136124805 -0.091852918 -0.058595963 0.006817519 0.994023681
1305031128.111391 -0.033413216 0.100212872 0.137064576 -0.091132522 -0.058899000 0.007337580 0.994068325
1305031128.147418 -0.033524081 0.100122154 0.138177425 -0.091715783 -0.058907438 0.009053675 0.994000077
1305031128.179350 -0.031687893 0.096092187 0.140209064 -0.092657797 -0.059821043 0.010486876 0.993844032
1305031128.211447 -0.032779731 0.097931072 0.139686510 -0.089599364 -0.059209403 0.010785258 0.994157851
1305031128.247480 -0.033235803 0.098187767 0.138728008 -0.089808464 -0.059268177 0.010991645 0.994133234
1305031128.279336 -0.032102779 0.094961360 0.140239269 -0.091292001 -0.060348190 0.011214747 0.993930638
1305031128.311483 -0.033190891 0.096088797 0.139583081 -0.089260042 -0.059805799 0.010303994 0.994157791
1305031128.347423 -0.033715941 0.096334241 0.139351591 -0.089161627 -0.059667058 0.009634265 0.994181693
1305031128.379404 -0.034076203 0.095616944 0.139658183 -0.089486375 -0.059942618 0.007743568 0.994152427
1305031128.411337 -0.033997469 0.094259419 0.139940441 -0.089336500 -0.060189318 0.006785392 0.994158030
1305031128.447296 -0.034712598 0.094311923 0.139255732 -0.088797808 -0.059872698 0.005527909 0.994233191
1305031128.479296 -0.034960546 0.093679145 0.139473215 -0.089127555 -0.060093645 0.004431321 0.994195879
1305031128.511433 -0.034246773 0.092934109 0.140149653 -0.088952363 -0.060469713 0.003858029 0.994191110
1305031128.547399 -0.034680627 0.092495665 0.139847368 -0.089019142 -0.059650674 0.003238800 0.994236827
1305031128.579455 -0.034587622 0.090506375 0.140066460 -0.089224331 -0.059067253 0.002991841 0.994254053
1305031128.611395 -0.035705782 0.090227045 0.139081627 -0.087878413 -0.058582585 0.003106709 0.994402230
1305031128.647352 -0.037135024 0.090364039 0.137482345 -0.087202437 -0.058918715 0.003418474 0.994440854
1305031128.679282 -0.036399253 0.089184240 0.138508037 -0.087210238 -0.060898326 0.002772638 0.994322896
1305031128.711457 -0.035311885 0.089356989 0.138517141 -0.085863002 -0.061382186 0.002106253 0.994412065
1305031128.747363 -0.034995846 0.090162769 0.138536617 -0.084706821 -0.060694639 0.001216649 0.994554877
