1341840840.169494 0.063914694 0.017983645 0.006043074 -0.017561637 -0.011427713 -0.004652217 0.999769688
1341840840.201335 0.065017700 0.018375486 0.001504265 -0.017478343 -0.011888355 -0.005198239 0.999763072
1341840840.233363 0.063372947 0.029019747 0.000717490 -0.015452565 -0.013250683 -0.001874256 0.999791026
1341840840.269407 0.064368546 0.027745541 0.003185541 -0.017344886 -0.011808508 -0.000936197 0.999779403
1341840840.294570 0.070526883 0.021547295 0.004261364 -0.020854155 -0.008026845 -0.001510549 0.999749184
1341840840.330394 0.071093202 0.019332401 0.003420194 -0.019574674 -0.007431225 0.000240588 0.999780774
1341840840.362487 0.078367844 0.027762368 -0.000066613 -0.015563596 -0.010779562 0.003604201 0.999814272
1341840840.394382 0.082266226 0.031791791 0.001960838 -0.016867975 -0.013189260 0.005523353 0.999755442
1341840840.430325 0.094597638 0.022144657 0.008242018 -0.020791566 -0.016921559 0.007549769 0.999612093
1341840840.462407 0.093029581 0.030245408 0.003957388 -0.015306531 -0.013569039 0.006723240 0.999768198
1341840840.494502 0.095158882 0.041307967 0.003412558 -0.013504821 -0.013504311 0.007320672 0.999790847
1341840840.530297 0.092611484 0.024660863 0.004162365 -0.022424798 -0.011716300 0.008771707 0.999641418
1341840840.562361 0.096163832 0.024343906 0.004110334 -0.021295324 -0.012374140 0.009013237 0.999656022
1341840840.598321 0.104071446 0.030221913 0.005057197 -0.019104328 -0.015855204 0.010977265 0.999631464
1341840840.630280 0.105866477 0.017149074 0.005708380 -0.023297617 -0.018124985 0.012986492 0.999479890
1341840840.662439 0.115053512 0.030407092 0.004347168 -0.015576581 -0.022913465 0.012276778 0.999540687
1341840840.698371 0.123674609 0.042430222 0.008420649 -0.011717121 -0.023226673 0.011550454 0.999594808
1341840840.730361 0.130860254 0.029587319 0.011255639 -0.016932381 -0.021124993 0.012695353 0.999552846
1341840840.762407 0.124802448 0.024034726 0.005969627 -0.015479580 -0.016127463 0.011498282 0.999683976
1341840840.798303 0.121648602 0.037514966 0.001509199 -0.009194007 -0.014881712 0.010753482 0.999789178
1341840840.830375 0.137104243 0.035106119 0.007485522 -0.012224124 -0.018809473 0.011170126 0.999685943
1341840840.866393 0.130013868 0.013132779 0.005128431 -0.018666564 -0.019393273 0.012053248 0.999565005
1341840840.898320 0.124702379 0.019336434 -0.001944749 -0.012360923 -0.014667407 0.009963376 0.999766350
1341840840.930454 0.136405900 0.042129289 -0.000163306 -0.005127159 -0.010952559 0.008835218 0.999887884
1341840840.966498 0.145790219 0.036805041 0.005526330 -0.010800153 -0.012218140 0.008636685 0.999829769
1341840840.998398 0.152391776 0.035122134 0.006491752 -0.010883019 -0.011541273 0.008280404 0.999839902
1341840841.034538 0.157274112 0.044331022 0.005310617 -0.007933071 -0.008870866 0.005948023 0.999911487
1341840841.066345 0.145994440 0.047624689 -0.001947231 -0.010610889 -0.004983393 0.004789402 0.999919772
1341840841.098335 0.144797042 0.028975302 0.000527413 -0.024168640 -0.001268724 0.006594855 0.999685347
1341840841.134331 0.155075386 0.016206495 0.004684350 -0.026584309 -0.005429280 0.008189566 0.999598265
1341840841.166392 0.164276659 0.037275400 0.001859805 -0.015862716 -0.005217916 0.007037459 0.999835789
1341840841.198348 0.166753799 0.035866644 0.000459908 -0.020008761 0.000365116 0.008184047 0.999766231
1341840841.234400 0.169487670 0.022802433 0.004640456 -0.024825372 0.001611087 0.011994075 0.999618530
1341840841.266296 0.172306389 0.016463373 -0.000361719 -0.021705197 0.000532929 0.011770988 0.999694943
1341840841.302430 0.175024986 0.031207886 -0.004279777 -0.013682225 0.000909152 0.011835793 0.999835908
1341840841.334542 0.183020711 0.030413998 -0.004547974 -0.015384050 0.000120169 0.014344458 0.999778748
1341840841.366311 0.186692879 0.030353429 -0.004845213 -0.015226607 -0.000476038 0.014040328 0.999785364
1341840841.402475 0.188227490 0.032519933 -0.006198246 -0.014016145 -0.000760309 0.013048252 0.999816298
1341840841.434345 0.189405963 0.032443821 -0.007959506 -0.014654932 -0.000265497 0.011866578 0.999822140
1341840841.466383 0.193742782 0.033597104 -0.008079413 -0.015367123 -0.000570209 0.011472503 0.999815941
1341840841.502454 0.195023328 0.033099845 -0.007687879 -0.015860325 -0.000435797 0.011239884 0.999810934
1341840841.534696 0.200586930 0.030130196 -0.007980632 -0.016044214 -0.002474589 0.012050298 0.999795616
1341840841.570470 0.191604719 0.035133511 -0.011613825 -0.013553984 -0.002053717 0.012899468 0.999822795
1341840841.602476 0.209728122 0.040412262 -0.009627519 -0.017460300 -0.002955920 0.012852508 0.999760509
1341840841.634468 0.220833391 0.030370895 -0.003669845 -0.021421179 -0.004822871 0.012125847 0.999685407
1341840841.671032 0.213842839 0.033009470 -0.009823240 -0.018551016 -0.000177117 0.011425823 0.999762595
1341840841.702284 0.212992355 0.037484951 -0.012602204 -0.017777227 -0.000909735 0.013195180 0.999754488
1341840841.734304 0.220374852 0.037402287 -0.009890824 -0.020067431 -0.004252610 0.014552463 0.999683678
1341840841.770351 0.222766340 0.030938964 -0.007842751 -0.023040649 -0.004659516 0.015869100 0.999597728
1341840841.802313 0.222990453 0.025827058 -0.012448799 -0.024491860 -0.006631392 0.019529667 0.999487221
1341840841.838370 0.208014145 0.013502962 -0.010114785 -0.027274190 -0.011022467 0.022990042 0.999302804
1341840841.870881 0.216876194 0.020812161 -0.007854397 -0.021783635 -0.021057937 0.018630063 0.999367237
1341840841.902346 0.230212152 0.048155721 -0.003116385 -0.011438875 -0.025383139 0.013910310 0.999515533
1341840841.938375 0.227439612 0.036798909 -0.002256854 -0.020049280 -0.019029874 0.014699630 0.999509752
1341840841.970352 0.229378611 0.032657545 -0.011859447 -0.023924544 -0.015153405 0.012222006 0.999524176
1341840842.006342 0.235740274 0.044011384 -0.010436357 -0.020074923 -0.020823751 0.009315213 0.999538183
1341840842.038475 0.247432083 0.048833005 -0.002140121 -0.019668991 -0.023928076 0.007477104 0.999492168
1341840842.070419 0.243916467 0.045274936 -0.006102217 -0.020289876 -0.018308690 0.005798156 0.999609649
1341840842.106404 0.240005955 0.040459055 -0.011913268 -0.023092840 -0.015448557 0.004724386 0.999602795
1341840842.138367 0.243500486 0.023563234 -0.013403328 -0.028757397 -0.018610077 0.004434261 0.999403358
1341840842.170410 0.251977473 0.033835061 -0.014093964 -0.019881092 -0.024298005 0.001770649 0.999505520
1341840842.206430 0.260306239 0.042883486 -0.013747637 -0.014068522 -0.026805578 -0.001132993 0.999541044
1341840842.238319 0.261934012 0.041626707 -0.016149729 -0.013044493 -0.025223562 -0.006334531 0.999576628
1341840842.274385 0.268439293 0.042198870 -0.017070584 -0.010528821 -0.024090670 -0.012174913 0.999580145
1341840842.306571 0.267282486 0.042390011 -0.021003567 -0.007349810 -0.020552039 -0.015501756 0.999641538
1341840842.338413 0.261547387 0.046806615 -0.031829454 -0.004926492 -0.017463051 -0.018059755 0.999672234
1341840842.374365 0.262550831 0.030140467 -0.030980855 -0.011591667 -0.020383881 -0.018457791 0.999554574
1341840842.406739 0.268541545 0.032301318 -0.030924551 -0.004456946 -0.026053064 -0.021065030 0.999428630
1341840842.438410 0.280746639 0.070961095 -0.024908315 0.010603493 -0.029140638 -0.025509780 0.999193490
1341840842.474299 0.308500618 0.073896520 -0.021128578 0.001382505 -0.029204488 -0.028444998 0.999167681
1341840842.506377 0.315382183 0.029339820 -0.015159086 -0.013909984 -0.017387532 -0.030979199 0.999271989
1341840842.542388 0.293354750 0.031852826 -0.025284069 0.001803093 0.001959192 -0.035684377 0.999359548
1341840842.574346 0.278923720 0.052823093 -0.029692566 0.012529738 0.006625709 -0.037654165 0.999190271
1341840842.606530 0.290679783 0.063683890 -0.026192000 0.009453946 0.009306080 -0.035656616 0.999276042
1341840842.642329 0.277456313 0.029551510 -0.024674198 -0.006818165 0.021988012 -0.032567438 0.999204338
1341840842.674386 0.275046706 0.026002059 -0.036486220 -0.004058154 0.021850878 -0.031284727 0.999263406
1341840842.706548 0.287172765 0.053341303 -0.034020796 0.006677281 0.014354023 -0.034396250 0.999282897
1341840842.742312 0.261969298 0.033960097 -0.035612684 -0.002507823 0.027922643 -0.033093944 0.999058962
1341840842.774261 0.233049273 -0.027447041 -0.057838641 -0.025610041 0.040350020 -0.041048788 0.998013556
1341840842.810490 0.295656353 0.040841255 -0.037334282 0.010452687 0.042099129 -0.036640041 0.998386681
1341840842.842296 0.289198995 0.058497541 -0.043167703 0.013170253 0.041901987 -0.036452368 0.998369634
1341840842.874411 0.312137216 0.048466735 -0.030799456 0.004578267 0.031324252 -0.034367710 0.998907745
1341840842.910377 0.323485821 0.028301137 -0.028634921 -0.000610130 0.030864956 -0.033128381 0.998974204
1341840842.942647 0.314284295 0.044151720 -0.041163933 0.008646647 0.036669873 -0.034253679 0.998702765
1341840842.974535 0.324429572 0.052159052 -0.037239999 0.010005973 0.032995243 -0.037020475 0.998719513
1341840843.010449 0.342192411 0.037989400 -0.029019592 0.003963026 0.031165686 -0.034739740 0.998902440
1341840843.042429 0.329013288 0.042739440 -0.033757370 0.008558200 0.042818241 -0.029391276 0.998613775
1341840843.078385 0.302201837 0.046633117 -0.052046936 0.009056226 0.051583268 -0.028899716 0.998209357
1341840843.110373 0.329381645 0.050439611 -0.042391591 0.006742638 0.034895793 -0.029277310 0.998939276
1341840843.142285 0.360532731 0.045512151 -0.019771589 0.006161204 0.025132045 -0.028661596 0.999254227
1341840843.178476 0.373322278 0.037009057 -0.030250121 0.007343554 0.036056936 -0.027707266 0.998938560
1341840843.210589 0.327112466 0.041138701 -0.053041991 0.009021548 0.059197441 -0.030470092 0.997740388
1341840843.246317 0.337652951 0.049021009 -0.047010574 0.008917125 0.047521960 -0.032681197 0.998295605
1341840843.278543 0.387267739 0.051148944 -0.026598103 0.009702033 0.033321805 -0.030832347 0.998921871
1341840843.310587 0.379495323 0.035115521 -0.034476861 0.008007651 0.045678459 -0.030909127 0.998445809
1341840843.346529 0.360893041 0.043310113 -0.050939430 0.012867205 0.055270303 -0.031375635 0.997895360
1341840843.385053 0.367780507 0.059443660 -0.048988134 0.012858643 0.051096294 -0.030481495 0.998145640
1341840843.411509 0.385674536 0.049702436 -0.035289682 0.005165841 0.046302661 -0.027370160 0.998539031
1341840843.447220 0.379048109 0.044953436 -0.037889808 0.004519986 0.052220609 -0.025897553 0.998289466
1341840843.478671 0.368815273 0.050312441 -0.052540962 0.004837911 0.057000134 -0.029175319 0.997936070
1341840843.515039 0.403592706 0.054739866 -0.036973976 0.001551812 0.045144163 -0.029561786 0.998541772
1341840843.548527 0.415820688 0.036742218 -0.024444003 -0.004021918 0.043971367 -0.029810390 0.998579800
1341840843.582569 0.404472530 0.039398894 -0.034115624 0.001480688 0.051335234 -0.031043172 0.998197794
1341840843.614798 0.379792869 0.064904869 -0.045979675 0.008745854 0.058888171 -0.034038339 0.997645795
1341840843.653429 0.385153055 0.049637217 -0.037572484 -0.000947565 0.055549189 -0.034185067 0.997870147
1341840843.687928 0.400295258 0.038713474 -0.023677472 -0.002768079 0.050017402 -0.032935183 0.998201311
1341840843.720258 0.402710676 0.043455023 -0.032677818 0.000662283 0.051356990 -0.033868056 0.998105705
1341840843.785505 0.424614340 0.031936567 -0.027586792 -0.005874845 0.046185121 -0.032811414 0.998376608
1341840843.814703 0.427243233 0.029969692 -0.028450685 -0.004569633 0.046870954 -0.033241712 0.998337209
1341840843.846439 0.423119158 0.030309303 -0.033458903 -0.004140425 0.050022878 -0.032740574 0.998202682
1341840843.882429 0.427084178 0.032235026 -0.032772761 -0.003853092 0.049212582 -0.033397142 0.998222351
1341840843.914321 0.430806667 0.034204595 -0.024610920 -0.002688971 0.050464626 -0.036255222 0.998063922
1341840843.946316 0.439475209 0.029911440 -0.023222398 -0.003057993 0.051241785 -0.035831753 0.998038590
1341840843.982401 0.434120536 0.029734550 -0.031243429 -0.003795327 0.056001332 -0.035273649 0.997800171
1341840844.014387 0.437761664 0.031951360 -0.023668492 -0.004924577 0.054414935 -0.035635144 0.997870147
1341840844.050399 0.435182929 0.028983362 -0.012651462 -0.002085062 0.054976724 -0.038166951 0.997755766
1341840844.082349 0.431912839 0.037064943 -0.021592194 0.006012651 0.060457911 -0.040860150 0.997316003
1341840844.114393 0.434974998 0.034426335 -0.028626449 0.003126437 0.061131969 -0.039121248 0.997357845
1341840844.150523 0.433180898 0.036439210 -0.022086795 0.002896930 0.061903492 -0.041368682 0.997220278
1341840844.182299 0.436214954 0.029289905 -0.017331045 0.002716560 0.063600421 -0.044606980 0.996974349
1341840844.218448 0.449455440 0.013277070 -0.018816680 0.000738969 0.061887931 -0.044609129 0.997085452
1341840844.250566 0.447295904 0.019605571 -0.028266754 0.005784923 0.065092020 -0.045025799 0.996846199
1341840844.282274 0.439293355 0.028970404 -0.028372552 0.006409508 0.067558609 -0.044728708 0.996691585
1341840844.318322 0.451715261 0.009491931 -0.025109774 -0.001736690 0.061184093 -0.043368276 0.997182369
1341840844.350432 0.464562297 0.001535282 -0.026764937 0.000016244 0.055244397 -0.046165001 0.997405052
1341840844.382375 0.461857557 0.018292043 -0.027685191 0.007394715 0.058778740 -0.050207987 0.996980250
1341840844.418837 0.454075962 0.033680655 -0.019420147 0.010829004 0.063873194 -0.048190624 0.996734977
1341840844.450418 0.460918516 -0.000308801 -0.026724732 0.000080800 0.059064478 -0.048470918 0.997076690
1341840844.486330 0.474723518 -0.000573387 -0.028481746 0.002705648 0.052245613 -0.050926790 0.997331202
1341840844.518335 0.501700521 -0.000922353 -0.025080549 0.004925576 0.045677647 -0.051966667 0.997591496
1341840844.550458 0.494320750 0.000180510 -0.028915327 0.004687324 0.052502416 -0.052409701 0.997233570
1341840844.586351 0.484840870 -0.006739074 -0.026173756 0.001794052 0.054201305 -0.051514961 0.997198701
1341840844.618382 0.495428979 -0.004974759 -0.025280353 0.002802531 0.048298731 -0.051453579 0.997502863
1341840844.650334 0.496640146 -0.001583374 -0.025257776 0.002431538 0.046243791 -0.051538605 0.997596800
1341840844.686320 0.503184855 -0.014405572 -0.022168497 -0.001586087 0.045415245 -0.053069532 0.997556269
1341840844.718495 0.506108046 -0.010994854 -0.021967651 0.001970668 0.046240211 -0.054430716 0.997444332
1341840844.757582 0.493452817 -0.002121862 -0.025183715 0.003444144 0.050208893 -0.054814167 0.997227430
1341840844.791011 0.492549300 0.000074850 -0.018555772 0.003708515 0.050123494 -0.053557705 0.997299075
1341840844.818394 0.500421226 -0.012973097 -0.023360699 0.000469962 0.047241405 -0.055034641 0.997366130
1341840844.854307 0.502283514 -0.013020144 -0.022263672 0.000281406 0.049335156 -0.054235578 0.997308612
1341840844.888045 0.506738305 -0.014871008 -0.023601793 -0.000300421 0.049737420 -0.052696407 0.997371078
1341840844.918612 0.509239972 -0.015043447 -0.025489556 -0.002494052 0.048909906 -0.051762655 0.997457862
1341840844.954718 0.478048742 -0.010578948 -0.017713310 -0.004242199 0.045147002 -0.050958544 0.997670770
1341840844.986719 0.482143193 -0.011587032 -0.016703390 -0.004155441 0.046351977 -0.051846910 0.997570097
1341840845.022279 0.442065984 -0.005827329 -0.015463011 -0.004778192 0.047379490 -0.050399113 0.997593284
1341840845.054280 0.472739279 -0.011560882 -0.016557664 -0.004065969 0.050798595 -0.049502321 0.997473061
1341840845.086344 0.478283018 -0.009762428 -0.021809461 -0.004241376 0.052653443 -0.047362994 0.997479975
1341840845.123640 0.476332217 -0.010676521 -0.015732899 -0.005763828 0.052563351 -0.048633326 0.997415960
1341840845.154408 0.443937570 -0.007263621 -0.014210515 -0.002794510 0.051393144 -0.052164275 0.997311354
1341840845.186393 0.467753083 -0.006435410 -0.021142269 -0.002927458 0.045167506 -0.047729842 0.997834206
1341840845.222296 0.466327548 -0.005821710 -0.015424175 -0.006913064 0.043601770 -0.043300331 0.998086214
1341840845.254440 0.467330962 -0.008258628 -0.013604313 -0.005753263 0.040840819 -0.047095697 0.998038530
1341840845.290376 0.489662290 -0.013320859 -0.015958067 -0.006285535 0.036350679 -0.050321009 0.998051524
1341840845.322289 0.488606393 -0.009025662 -0.014709029 -0.005974999 0.040882647 -0.047801729 0.998001933
1341840845.354494 0.486952841 -0.009280551 -0.009773383 -0.006700647 0.038827442 -0.043400753 0.998280466
1341840845.390309 0.487580746 -0.009514087 -0.010687685 -0.002214101 0.033666983 -0.047112867 0.998319626
1341840845.422339 0.469600439 -0.011837761 -0.018391274 0.000680992 0.039463207 -0.057193778 0.997582614
1341840845.458335 0.504415929 -0.011717685 -0.019019153 -0.000585038 0.031591002 -0.056209911 0.997918904
1341840845.490264 0.494556367 -0.012659866 -0.013714254 -0.004390486 0.037058193 -0.057917643 0.997623622
1341840845.522343 0.494943231 -0.017070850 -0.013623072 -0.007390695 0.038889185 -0.054272626 0.997741222
1341840845.558310 0.500451267 -0.027210472 -0.020500598 -0.011789857 0.036880288 -0.052436635 0.997873366
1341840845.597232 0.502609253 -0.035917342 -0.021254247 -0.015230808 0.031215014 -0.053365260 0.997970819
1341840845.622577 0.490628630 -0.028471136 -0.023032624 -0.009305522 0.033341207 -0.059001971 0.997657537
1341840845.658634 0.490116268 -0.024906926 -0.025020039 -0.008135522 0.037199654 -0.061933190 0.997353613
1341840845.690353 0.498078853 -0.011891725 -0.018427392 -0.004820374 0.036073167 -0.059371471 0.997572303
1341840845.729069 0.509655774 -0.024763675 -0.016495232 -0.011928994 0.031554468 -0.058076251 0.997741997
1341840845.758375 0.510980964 -0.029486509 -0.018610358 -0.013325019 0.031481516 -0.057489857 0.997760653
1341840845.790466 0.500269294 -0.022079658 -0.019502468 -0.010085795 0.033358961 -0.057697967 0.997725606
1341840845.826375 0.511859596 -0.016186208 -0.019147987 -0.007594755 0.023960901 -0.060649883 0.997842550
1341840845.858782 0.531702995 -0.010745605 -0.013846105 -0.006588854 0.018028708 -0.061897855 0.997897923
1341840845.890417 0.534089804 -0.026463890 -0.015934780 -0.013754448 0.024577625 -0.062016103 0.997677684
1341840845.926383 0.532906413 -0.029250506 -0.024747968 -0.012614419 0.026329160 -0.063312002 0.997566640
1341840845.958390 0.535405874 -0.015301246 -0.022979155 -0.008408088 0.024763221 -0.063520983 0.997637749
1341840845.994269 0.535775840 -0.023442825 -0.019010006 -0.012760141 0.026233021 -0.063020840 0.997585773
1341840846.026558 0.539224088 -0.027633451 -0.025429357 -0.012184988 0.027432198 -0.063219480 0.997548103
1341840846.058807 0.537259579 -0.017597433 -0.022344997 -0.008667714 0.026559681 -0.062151298 0.997675657
1341840846.094265 0.549653172 -0.029820045 -0.026146883 -0.014334365 0.022354327 -0.063994497 0.997596860
1341840846.126378 0.564394653 -0.025824370 -0.025118779 -0.010663964 0.020921556 -0.064143077 0.997664332
1341840846.158446 0.558520257 -0.024617352 -0.025729299 -0.010369741 0.029357590 -0.063658468 0.997485936
1341840846.194427 0.553638637 -0.019394750 -0.026975619 -0.010044875 0.032343838 -0.063022509 0.997437239
1341840846.226385 0.561691403 -0.026444459 -0.026596978 -0.015586643 0.028718231 -0.061090097 0.997597218
1341840846.262497 0.574044645 -0.024051825 -0.022988206 -0.011511092 0.027394572 -0.058529064 0.997843325
1341840846.294419 0.568881214 -0.019035932 -0.024928071 -0.008472700 0.034892999 -0.058186591 0.997659743
1341840846.326478 0.562817991 -0.023394313 -0.027002105 -0.011955266 0.037175857 -0.058704499 0.997511268
1341840846.362426 0.577629030 -0.022539329 -0.026115794 -0.011073455 0.030270327 -0.058579128 0.997762263
1341840846.394323 0.589014053 -0.022739250 -0.025352804 -0.009686654 0.030125631 -0.057847701 0.997823715
1341840846.430454 0.579036832 -0.018365165 -0.027291019 -0.007943034 0.039378557 -0.058143519 0.997499585
1341840846.465291 0.583960950 -0.017289393 -0.030186445 -0.010986276 0.038288958 -0.057826117 0.997531652
1341840846.494473 0.590728164 -0.023637168 -0.027545396 -0.014467685 0.034203418 -0.058119088 0.997618616
1341840846.530439 0.597515225 -0.021045929 -0.028059555 -0.009743124 0.037627280 -0.055989821 0.997674465
1341840846.562569 0.589851141 -0.015284730 -0.030328998 -0.006479700 0.044084594 -0.054354865 0.997526944
1341840846.594486 0.592579246 -0.008352423 -0.030688342 -0.007153738 0.041548695 -0.055230319 0.997583091
1341840846.630509 0.592568398 -0.005967887 -0.027964888 -0.008660821 0.042956777 -0.057509918 0.997382700
1341840846.662363 0.592262924 -0.003203114 -0.032965668 -0.003354791 0.049775485 -0.063361421 0.996742904
1341840846.698323 0.590642512 -0.000557556 -0.030284986 -0.000213725 0.056830995 -0.060866848 0.996526599
1341840846.730390 0.601225317 0.002429232 -0.029023848 -0.003960827 0.051271610 -0.060993131 0.996812582
1341840846.762470 0.612744749 -0.011166614 -0.028705819 -0.013161276 0.044163771 -0.059058320 0.997190237
1341840846.798363 0.619594455 -0.004293154 -0.032247208 -0.009241928 0.046795830 -0.060061138 0.997054338
1341840846.830356 0.617091656 0.000654345 -0.029787581 -0.010536598 0.051165130 -0.060760535 0.996784449
1341840846.862350 0.618480861 -0.008645105 -0.030781718 -0.015876751 0.049218062 -0.060977809 0.996798456
1341840846.898489 0.634175301 0.002929249 -0.032048941 -0.010609493 0.044244934 -0.061831914 0.997048914
1341840846.930380 0.632502377 0.009627992 -0.030165125 -0.011389793 0.045243092 -0.063416086 0.996895969
1341840846.966358 0.620670795 -0.009695853 -0.027992137 -0.023563048 0.050963908 -0.061979488 0.996496797
1341840846.998844 0.625439465 -0.003095112 -0.030067541 -0.019610817 0.050003354 -0.063002147 0.996567011
1341840847.030411 0.641713560 0.015033558 -0.029640805 -0.012694434 0.042918965 -0.064263061 0.996928811
1341840847.066359 0.642131925 0.007023684 -0.028967779 -0.020193581 0.045627110 -0.063736781 0.996718585
1341840847.098410 0.633759201 -0.000077558 -0.027484372 -0.024259506 0.049746532 -0.064049169 0.996410787
1341840847.130366 0.638787091 0.006132091 -0.028439831 -0.020999396 0.046128199 -0.064964384 0.996599615
1341840847.166401 0.652273774 0.012912192 -0.026653932 -0.019335661 0.041379187 -0.064743899 0.996856093
1341840847.198307 0.646079481 0.001065372 -0.026037708 -0.025163045 0.045778103 -0.063629381 0.996605456
1341840847.234496 0.634779930 -0.007248135 -0.027809922 -0.024601411 0.047556784 -0.063150793 0.996566594
1341840847.266747 0.639870942 0.004337834 -0.031049713 -0.018186264 0.043188367 -0.063539237 0.996878505
1341840847.298356 0.657170534 0.009479111 -0.027537232 -0.017798705 0.038579397 -0.063288100 0.997090459
1341840847.334573 0.651644289 0.001596852 -0.026928047 -0.020975515 0.043242384 -0.063350625 0.996833324
1341840847.366405 0.639079094 -0.006715629 -0.027936537 -0.021899207 0.044339143 -0.064107090 0.996716917
1341840847.398361 0.648197114 -0.000978525 -0.029883405 -0.018021110 0.040048964 -0.065878719 0.996860683
1341840847.434625 0.659390271 0.007123992 -0.028663151 -0.015123155 0.039227195 -0.067646429 0.996823132
1341840847.466370 0.651190877 -0.002046209 -0.026081853 -0.020837840 0.047619946 -0.066421054 0.996436775
1341840847.502590 0.641692460 -0.003936890 -0.026354734 -0.020587465 0.051540788 -0.065700941 0.996294618
1341840847.534309 0.652920067 0.004673413 -0.026626524 -0.017291620 0.044839706 -0.065912649 0.996667385
1341840847.566354 0.660630703 0.000195106 -0.026074667 -0.021250514 0.042953048 -0.065415263 0.996706665
1341840847.603337 0.659434021 -0.004197387 -0.023968611 -0.021595368 0.046621934 -0.064956822 0.996564388
1341840847.634465 0.655165195 -0.002906291 -0.024138514 -0.019358318 0.048627675 -0.065617464 0.996471226
1341840847.670420 0.662091434 0.000720774 -0.025000945 -0.017510708 0.045444090 -0.065983668 0.996631444
1341840847.702420 0.679795265 0.001396031 -0.029267225 -0.019317893 0.042865608 -0.064494528 0.996809781
1341840847.734342 0.678582609 -0.003473476 -0.026677266 -0.023786452 0.046853382 -0.063931897 0.996569932
1341840847.770464 0.673797905 -0.016576223 -0.023184795 -0.027686002 0.049111478 -0.063684486 0.996376276
1341840847.802407 0.677061141 -0.008113327 -0.026160881 -0.019714640 0.047305550 -0.065344393 0.996545792
1341840847.834306 0.686994851 -0.003533547 -0.027217541 -0.018757146 0.045009416 -0.065794036 0.996641040
1341840847.870532 0.685144901 -0.009047280 -0.025361102 -0.020951219 0.048027229 -0.064045653 0.996570349
1341840847.902485 0.685195982 -0.005472563 -0.025908303 -0.018723680 0.047611445 -0.062851340 0.996710718
1341840847.938405 0.689475179 -0.008153928 -0.025679108 -0.022005757 0.044914521 -0.063451953 0.996730745
1341840847.970339 0.693544745 -0.015337120 -0.024679486 -0.023630248 0.042992514 -0.063543811 0.996772468
1341840848.002312 0.694340527 -0.011447824 -0.025781181 -0.018927820 0.042937376 -0.064606614 0.996806920
1341840848.038354 0.692663789 -0.010566136 -0.026467152 -0.017106999 0.043115921 -0.065666772 0.996762812
1341840848.070743 0.704327166 -0.009355048 -0.027098339 -0.015442418 0.037899211 -0.065092765 0.997039616
1341840848.102909 0.709290385 -0.000093959 -0.022699952 -0.010656603 0.039442752 -0.066387050 0.996957064
1341840848.138432 0.708036900 0.000624752 -0.021637022 -0.011649733 0.042645089 -0.066285037 0.996820927
1341840848.170385 0.711606324 -0.003865101 -0.020505719 -0.014436407 0.041728426 -0.065239057 0.996892214
1341840848.206548 0.721296668 -0.015285253 -0.025124252 -0.018419901 0.038473323 -0.063831598 0.997048676
1341840848.238651 0.720997214 -0.012786714 -0.026531339 -0.015875891 0.039787151 -0.063506447 0.997061551
1341840848.277372 0.728250384 -0.010254773 -0.025013667 -0.015191405 0.036934327 -0.063228972 0.997199655
1341840848.313384 0.730966687 -0.016477164 -0.024852877 -0.017994747 0.036685131 -0.063735262 0.997129917
1341840848.345285 0.735301793 -0.016255597 -0.027240878 -0.016005950 0.036180578 -0.063634284 0.997188747
1341840848.377729 0.737388730 -0.013434725 -0.028490899 -0.014438980 0.037301529 -0.063770868 0.997162640
1341840848.413434 0.738082349 -0.015308346 -0.027084982 -0.016510993 0.038364436 -0.063878246 0.997083306
1341840848.446614 0.748248696 -0.020612543 -0.027572967 -0.018487208 0.036167510 -0.062654860 0.997208357
1341840848.477376 0.746990085 -0.018082565 -0.027753275 -0.016089389 0.039054409 -0.061324976 0.997223675
1341840848.514358 0.745906413 -0.012937878 -0.026567172 -0.015204211 0.039879106 -0.060110144 0.997278869
1341840848.545352 0.759577751 -0.028362686 -0.026777774 -0.023201371 0.035002712 -0.060579021 0.997279584
1341840848.581630 0.764360487 -0.030407004 -0.026043072 -0.017970441 0.037637226 -0.061358489 0.997244000
1341840848.613497 0.759829223 -0.017118959 -0.027506854 -0.008391646 0.042792562 -0.058951117 0.997307897
1341840848.645345 0.756028950 -0.013467895 -0.023348015 -0.008079847 0.043074198 -0.055847447 0.997476995
1341840848.681427 0.772194862 -0.035132170 -0.028093966 -0.016404862 0.034470256 -0.054710761 0.997772217
1341840848.713310 0.771896601 -0.031331100 -0.030615948 -0.009712433 0.037789941 -0.054118425 0.997771859
1341840848.745404 0.772107303 -0.025560187 -0.029081728 -0.004232766 0.043406721 -0.052653104 0.997660041
1341840848.774529 0.767889798 -0.014786159 -0.028692614 0.001250578 0.048614200 -0.051733084 0.997476161
1341840848.806548 0.771494865 -0.012502675 -0.026210856 -0.000606437 0.047774103 -0.048494134 0.997680068
1341840848.842443 0.783285081 -0.028526163 -0.023989327 -0.007264814 0.043143716 -0.046673007 0.997951627
1341840848.874427 0.784840465 -0.031242138 -0.029147729 -0.003544043 0.042446744 -0.048171826 0.997930467
1341840848.910589 0.785649717 -0.021339977 -0.031133212 0.001406496 0.043827426 -0.050316922 0.997770190
1341840848.942390 0.790613592 -0.031365268 -0.027675219 -0.003194347 0.043224871 -0.050097197 0.997803450
1341840848.974342 0.786237717 -0.040044222 -0.026473064 0.001001673 0.045671944 -0.048366919 0.997784376
1341840849.010480 0.778952241 -0.031137809 -0.037420359 0.007282346 0.046116076 -0.048236266 0.997744203
1341840849.042373 0.804295421 -0.032065079 -0.038682088 0.002129982 0.035283323 -0.049443223 0.998151183
1341840849.074269 0.808657408 -0.043514378 -0.037123803 -0.002124044 0.035786461 -0.049474802 0.998131752
1341840849.110433 0.806405544 -0.040754482 -0.036923595 0.002176702 0.038942128 -0.048952710 0.998039246
1341840849.142356 0.805214822 -0.038841851 -0.035881378 0.005092210 0.038565718 -0.049595144 0.998011529
1341840849.178427 0.806538463 -0.037612174 -0.039970517 0.006339925 0.036530480 -0.050306026 0.998045385
1341840849.210439 0.798646688 -0.037377190 -0.033132296 0.007730953 0.038618159 -0.047791537 0.998080552
1341840849.242309 0.798996866 -0.036099385 -0.034611613 0.011805706 0.038134564 -0.046866171 0.998103142
1341840849.278391 0.823420048 -0.026264546 -0.041923136 0.015454304 0.029325115 -0.049808584 0.998208523
1341840849.310332 0.836427629 -0.049299102 -0.050837960 0.000994416 0.026855417 -0.048037507 0.998483896
1341840849.342402 0.853186488 -0.053134914 -0.044488922 0.004351230 0.029015660 -0.043494053 0.998622715
1341840849.378339 0.824399889 -0.032859609 -0.037716456 0.018531086 0.050041523 -0.046520796 0.997490942
1341840849.410390 0.827708364 -0.017018275 -0.039671443 0.024029067 0.046532087 -0.043596931 0.997675598
1341840849.446437 0.837961912 -0.039342232 -0.041121773 0.010674355 0.042945784 -0.041868553 0.998142600
1341840849.478425 0.841526210 -0.041362710 -0.040628903 0.014384200 0.044846956 -0.040194727 0.998081267
1341840849.512199 0.836647272 -0.028567113 -0.041329607 0.021214921 0.054655191 -0.043106429 0.997348726
1341840849.546449 0.861622274 -0.016586827 -0.045359150 0.023037549 0.050482348 -0.045672413 0.997414052
1341840849.578498 0.869922042 -0.023314280 -0.042519577 0.015656110 0.051194459 -0.043843165 0.997602999
1341840849.610692 0.853228450 -0.035447054 -0.035866834 0.010289967 0.064553395 -0.043307807 0.996920943
1341840849.646317 0.705939531 -0.049283165 -0.157018989 -0.007446672 0.146007553 -0.021377306 0.989024460
1341840849.685647 0.716351926 -0.042732544 -0.163026139 -0.011293332 0.143008694 -0.019896250 0.989456952
1341840849.714708 0.721932709 -0.057138901 -0.159023985 -0.021902610 0.146175697 -0.017548481 0.988860428
1341840849.746347 0.875791371 -0.029924536 -0.034775212 0.005127916 0.067043766 -0.039230987 0.996965230
1341840849.778359 0.723281384 -0.047816459 -0.156227201 -0.017635446 0.151020065 -0.018342128 0.988203168
1341840849.814323 0.727192581 -0.053684730 -0.153763622 -0.024053475 0.150768891 -0.017759897 0.988116741
1341840849.846557 0.875169277 -0.033517297 -0.028804474 -0.001532918 0.071097195 -0.040393278 0.996649921
1341840849.882256 0.877392650 -0.030037010 -0.033664294 0.002515748 0.069149911 -0.041016944 0.996759474
1341840849.921575 0.744655252 -0.041940555 -0.163164452 -0.018627398 0.144512668 -0.017807264 0.989167333
1341840849.946362 0.754968643 -0.047897898 -0.156800240 -0.023666579 0.142228395 -0.016787786 0.989408493
1341840849.982476 0.751385093 -0.070013754 -0.155954152 -0.028306628 0.147863746 -0.016911192 0.988457918
1341840850.014371 0.749957740 -0.049347572 -0.158946022 -0.017114529 0.150544465 -0.016622223 0.988315344
1341840850.046326 0.747695565 -0.034594562 -0.155816644 -0.018293681 0.149564281 -0.017657351 0.988425076
1341840850.082415 0.752822161 -0.052312262 -0.154318631 -0.028891148 0.146183163 -0.019214215 0.988648891
1341840850.121449 0.760082424 -0.066923082 -0.159654737 -0.029087080 0.145445809 -0.017289668 0.988787353
1341840850.157539 0.759696305 -0.050799336 -0.161501989 -0.021258838 0.147474051 -0.017670089 0.988679528
1341840850.189410 0.759837449 -0.050306689 -0.158730179 -0.024081953 0.145594448 -0.018380193 0.988880455
1341840850.221491 0.762006104 -0.050947469 -0.155108720 -0.023921981 0.145418748 -0.022441493 0.988826334
1341840850.257570 0.779026151 -0.054891918 -0.168953374 -0.023489023 0.140645266 -0.020105189 0.989577174
1341840850.289374 0.767338932 -0.033033442 -0.161865741 -0.014018149 0.146066993 -0.022445658 0.988920689
1341840850.314521 0.784822524 -0.041629896 -0.172435895 -0.021009203 0.140050799 -0.021012375 0.989698350
1341840850.350348 0.785435081 -0.042081665 -0.171968311 -0.023502996 0.141212970 -0.024317818 0.989401400
1341840850.382480 0.785238266 -0.041634649 -0.171496302 -0.023703497 0.145485505 -0.026202770 0.988729239
1341840850.418448 0.784113348 -0.040367763 -0.170873240 -0.022776857 0.146275491 -0.024771471 0.988671362
1341840850.450229 0.793099165 -0.038882226 -0.174075261 -0.022423662 0.140972286 -0.025815450 0.989422858
1341840850.482352 0.822141528 -0.051570144 -0.194322184 -0.025720797 0.131626502 -0.025298499 0.990642667
1341840850.518351 0.822517395 -0.051947583 -0.192629769 -0.026446063 0.141889274 -0.025928952 0.989189446
1341840850.550287 0.787469745 -0.024127178 -0.169568017 -0.016410610 0.158886194 -0.030435180 0.986691236
1341840850.582563 0.786893547 -0.036132209 -0.166498363 -0.019498585 0.152724445 -0.027768271 0.987686157
1341840850.618439 0.799025595 -0.043470055 -0.176676825 -0.017242828 0.141959473 -0.028037455 0.989325047
1341840850.650443 0.803477705 -0.025293609 -0.186809450 -0.007635621 0.139768735 -0.029405003 0.989718020
1341840850.686406 0.803200662 -0.028685164 -0.183370024 -0.014610159 0.142110273 -0.026979214 0.989375174
1341840850.718516 0.798014462 -0.042619966 -0.176759213 -0.021051677 0.145765692 -0.026576994 0.988738000
1341840850.750308 0.805213511 -0.032419324 -0.182632372 -0.012836384 0.140744418 -0.025911203 0.989623606
1341840850.786319 0.808475852 -0.028908504 -0.187271312 -0.013419325 0.139218479 -0.025062459 0.989853501
1341840850.818316 0.813959181 -0.035533819 -0.185661450 -0.019074704 0.139126807 -0.024035919 0.989799082
1341840850.854290 0.816289723 -0.036607865 -0.186351508 -0.018798124 0.141502887 -0.024800427 0.989448607
1341840850.886322 0.822199106 -0.025660006 -0.189346015 -0.014317486 0.143163711 -0.024658585 0.989288151
1341840850.918358 0.817445040 -0.028969772 -0.183475837 -0.018518148 0.148754209 -0.021951411 0.988457084
1341840850.954395 0.822079778 -0.036755495 -0.182112545 -0.020781517 0.146354675 -0.020545606 0.988800466
1341840850.986448 0.832002282 -0.028378639 -0.189656228 -0.014505125 0.141695097 -0.019378867 0.989614367
1341840851.018447 0.835937023 -0.023960352 -0.188622653 -0.014334432 0.142868519 -0.018254571 0.989469528
1341840851.054395 0.834501684 -0.030932704 -0.184406400 -0.016842138 0.144704446 -0.017475329 0.989177227
1341840851.086362 0.840228438 -0.029242977 -0.188532263 -0.014135262 0.141106993 -0.018195925 0.989726186
1341840851.122353 0.846919835 -0.030159390 -0.189545363 -0.014194997 0.141602114 -0.016468588 0.989684880
1341840851.154293 0.844139636 -0.032118756 -0.188206747 -0.013521566 0.144809276 -0.015967546 0.989238381
1341840851.186482 0.847429454 -0.030159624 -0.190043107 -0.012444209 0.143177390 -0.015937665 0.989490390
1341840851.222499 0.853285909 -0.033939879 -0.189068198 -0.014077157 0.142035857 -0.015991595 0.989632189
1341840851.254587 0.857847452 -0.037196912 -0.190346047 -0.013399294 0.142208159 -0.016583797 0.989607155
1341840851.286786 0.862810910 -0.030888516 -0.192081183 -0.009249867 0.141623825 -0.017438006 0.989723742
1341840851.322525 0.867006063 -0.029052190 -0.193568513 -0.009733547 0.140682548 -0.018155366 0.989840448
1341840851.354461 0.874713242 -0.038347986 -0.194169447 -0.014106663 0.138534784 -0.018505752 0.990084171
1341840851.390383 0.876138568 -0.037426323 -0.194818482 -0.012147613 0.141584292 -0.020974195 0.989629447
1341840851.422373 0.876557827 -0.038535148 -0.191537768 -0.011428438 0.144369602 -0.020020086 0.989255309
1341840851.454333 0.863435626 -0.042519670 -0.186862022 -0.010142114 0.146916419 -0.020123567 0.988892198
1341840851.490328 0.883441806 -0.037193369 -0.197347119 -0.006223944 0.133432850 -0.020074010 0.990835011
1341840851.522431 0.898047626 -0.041714180 -0.199562415 -0.007685025 0.129795805 -0.018197525 0.991343975
1341840851.555777 0.891339719 -0.044750143 -0.195315227 -0.005312438 0.137395456 -0.020121176 0.990297616
1341840851.590800 0.888534844 -0.033269782 -0.198048353 0.001207409 0.137157410 -0.021497218 0.990315259
1341840851.622401 0.898566008 -0.036065023 -0.198810920 -0.002903759 0.133171022 -0.019780792 0.990891397
1341840851.658371 0.907816529 -0.044132654 -0.199230656 -0.005287828 0.131993875 -0.018381141 0.991066039
1341840851.690446 0.908286691 -0.044881105 -0.200573504 -0.004267683 0.135391772 -0.019122982 0.990598381
1341840851.722387 0.905926704 -0.047039669 -0.198058859 -0.004846936 0.137763828 -0.018813904 0.990274549
1341840851.758379 0.913318634 -0.049063981 -0.199506283 -0.003775680 0.134566247 -0.018420266 0.990726173
1341840851.790498 0.931819797 -0.061203040 -0.206931889 -0.005153881 0.135219738 -0.017670145 0.990644693
1341840851.822502 0.912497938 -0.046348590 -0.200667560 0.002952972 0.136296913 -0.016552027 0.990525365
1341840851.858469 0.921860933 -0.038365103 -0.205069482 0.004400881 0.132046804 -0.015877033 0.991106570
1341840851.890382 0.950614214 -0.065950856 -0.211278453 -0.008139758 0.132208407 -0.014227671 0.991086423
1341840851.926297 0.949270964 -0.067068398 -0.210825950 -0.002915708 0.136681080 -0.012446134 0.990532637
1341840851.958364 0.924531281 -0.043002117 -0.203198180 0.006803178 0.138679251 -0.011462864 0.990247667
1341840851.990589 0.952315152 -0.058861677 -0.211065784 -0.002525931 0.132641390 -0.010279419 0.991107523
1341840852.026374 0.962662935 -0.069791026 -0.211302847 -0.006000135 0.131618142 -0.008263204 0.991247892
1341840852.058336 0.959956586 -0.066442817 -0.210671708 -0.001126490 0.136540711 -0.005838781 0.990616620
1341840852.094404 0.955529213 -0.056349494 -0.208978280 0.003370854 0.137999058 -0.005398246 0.990411937
1341840852.126392 0.965718031 -0.058414761 -0.213092223 -0.000961536 0.132148713 -0.006325312 0.991209269
1341840852.158516 0.987069905 -0.083375774 -0.221273959 -0.011010682 0.130751103 -0.005257452 0.991340160
1341840852.194279 0.983908772 -0.075274631 -0.217741191 -0.002720808 0.141077340 -0.004934494 0.989982545
1341840852.226380 0.969323397 -0.051037356 -0.207787126 0.005175811 0.148062110 -0.004778904 0.988952994
1341840852.258313 0.972776532 -0.062455233 -0.208239257 -0.003156740 0.141937718 -0.003286668 0.989865065
1341840852.294500 0.987084091 -0.083298072 -0.214525223 -0.008772111 0.134334341 -0.001445928 0.990896165
1341840852.326311 0.988429308 -0.073494352 -0.218006924 -0.000835752 0.139503062 -0.004941731 0.990208924
1341840852.362368 0.984391391 -0.060182735 -0.216733515 0.002130373 0.145532876 -0.006019592 0.989332795
1341840852.394489 0.986475587 -0.075226799 -0.212939903 -0.006236959 0.147222504 -0.003353923 0.989078045
1341840852.426307 1.002781749 -0.081752688 -0.216982484 -0.004594585 0.146563619 -0.002679174 0.989186943
1341840852.462394 1.003627539 -0.074240804 -0.217822760 0.000895905 0.148408398 -0.001147360 0.988925040
1341840852.494557 1.011087894 -0.069649868 -0.221699014 0.001610513 0.146740928 0.001500113 0.989172518
1341840852.526348 1.014808774 -0.072783925 -0.221677095 -0.001351006 0.148327976 0.003032939 0.988932669
1341840852.562305 1.014266253 -0.072634138 -0.219485193 -0.001179913 0.151855201 0.003658953 0.988395274
1341840852.594400 1.013520241 -0.070108227 -0.219136953 -0.002207820 0.154834464 0.004880104 0.987925887
1341840852.630345 1.011593819 -0.083211288 -0.213833332 -0.007897498 0.156891271 0.006064788 0.987565696
1341840852.663508 1.015358567 -0.083346903 -0.215070277 -0.003150730 0.154556885 0.005407358 0.987964094
1341840852.694654 1.015532732 -0.068956643 -0.217378929 0.004103819 0.152906924 0.005968351 0.988214016
1341840852.732477 1.019242167 -0.071315013 -0.217591807 0.000604681 0.149683356 0.007437212 0.988705814
1341840852.762455 1.025035620 -0.069914848 -0.219942138 -0.000854433 0.147202894 0.007657336 0.989076316
1341840852.794631 1.028634548 -0.073987424 -0.218436062 -0.005701898 0.147668153 0.005931044 0.989002705
1341840852.830583 1.032787204 -0.088918686 -0.215807736 -0.010884468 0.149081066 0.003679540 0.988758206
1341840852.862990 1.029202461 -0.079236887 -0.216133446 -0.001978614 0.152773246 0.000330464 0.988259256
1341840852.898597 1.036282301 -0.055886798 -0.222232610 0.004834687 0.151073039 0.000203883 0.988510728
1341840852.930367 1.036365271 -0.066804744 -0.218380585 -0.006222760 0.151314452 0.001505919 0.988464952
1341840852.962482 1.036311388 -0.088029541 -0.215567738 -0.012593687 0.150213644 0.002192667 0.988570929
1341840852.998535 1.043149233 -0.077676870 -0.221839368 -0.005167593 0.147440299 0.000257105 0.989057422
1341840853.037588 1.041088581 -0.071430564 -0.220926523 -0.003957393 0.149953052 -0.000862445 0.988684833
1341840853.066770 1.042080164 -0.081230678 -0.220332593 -0.008019786 0.150163621 -0.000631132 0.988628447
1341840853.098354 1.046995401 -0.076139048 -0.223896027 -0.004223787 0.147660479 -0.001709218 0.989027560
1341840853.131999 1.054953456 -0.075515650 -0.228546262 -0.004991676 0.145637378 -0.002400775 0.989322543
1341840853.166530 1.052533746 -0.082757257 -0.225208238 -0.007239308 0.149028242 -0.004484452 0.988796234
1341840853.198406 1.055539489 -0.075644732 -0.229504779 -0.001290228 0.146716833 -0.006377748 0.989157140
1341840853.231726 1.064793110 -0.058002710 -0.236431375 0.002731409 0.142456234 -0.009020768 0.989756227
1341840853.266442 1.069933534 -0.073495775 -0.233965516 -0.008783387 0.144622520 -0.009376831 0.989403486
1341840853.298516 1.064892054 -0.091054671 -0.229611874 -0.012391208 0.149865583 -0.009886401 0.988579273
1341840853.334385 1.068002582 -0.071238428 -0.236300796 0.000771981 0.146883041 -0.013051602 0.989067435
1341840853.366351 1.078672767 -0.059821129 -0.242009789 0.002885384 0.141318232 -0.013560499 0.989867151
1341840853.398402 1.083750725 -0.073255435 -0.241422236 -0.004889083 0.141980246 -0.013252825 0.989768684
1341840853.434335 1.083631992 -0.072956637 -0.242755681 -0.003883592 0.143742964 -0.014589920 0.989499867
1341840853.466387 1.082609534 -0.067417413 -0.243119568 -0.002632697 0.143950760 -0.016263578 0.989447713
1341840853.498430 1.088137627 -0.071490295 -0.243522123 -0.004762340 0.142442062 -0.018317439 0.989622176
1341840853.534407 1.094079852 -0.068148077 -0.245606303 -0.002130531 0.142189890 -0.018794471 0.989658654
1341840853.566451 1.089997292 -0.058299113 -0.246444345 0.000385787 0.145304918 -0.019288804 0.989198804
1341840853.602691 1.100117803 -0.054064978 -0.249808908 -0.002573933 0.142053500 -0.019338682 0.989666700
1341840853.634832 1.101351380 -0.067831114 -0.245341629 -0.011145132 0.143949434 -0.019618178 0.989327788
1341840853.666488 1.104400873 -0.074922845 -0.245545104 -0.010689405 0.144217089 -0.021315567 0.989258707
1341840853.702424 1.107221961 -0.057228722 -0.249700129 -0.001620709 0.141959816 -0.022700099 0.989610791
1341840853.734353 1.110970616 -0.052671738 -0.251343429 -0.004775828 0.139489755 -0.024705429 0.989903748
1341840853.766467 1.115696430 -0.071855903 -0.248516291 -0.013590380 0.138849154 -0.024595607 0.989914775
1341840853.802607 1.118216515 -0.063951507 -0.251607358 -0.006262510 0.139067948 -0.026098028 0.989919066
1341840853.834576 1.120266199 -0.050669983 -0.254217416 -0.002945127 0.138864473 -0.028285628 0.989902973
1341840853.870615 1.123704791 -0.055279650 -0.253956109 -0.008512507 0.138561651 -0.029628215 0.989873886
1341840853.902573 1.126035571 -0.059804153 -0.253672063 -0.011956557 0.139664620 -0.030079715 0.989669621
1341840853.940152 1.125892043 -0.057350487 -0.253633201 -0.011093669 0.140590727 -0.030409014 0.989538491
1341840853.970342 1.133088350 -0.049536068 -0.256808698 -0.009501037 0.137596294 -0.031730983 0.989934385
1341840854.002413 1.138612628 -0.054397885 -0.256456584 -0.013439532 0.137236938 -0.033098392 0.989893854
1341840854.034566 1.138207555 -0.058593098 -0.255861342 -0.013757572 0.141341016 -0.034865946 0.989251137
1341840854.070475 1.135983944 -0.050373793 -0.258938819 -0.009716746 0.143827513 -0.035283480 0.988925815
1341840854.102373 1.134772658 -0.047515418 -0.259129584 -0.010356946 0.143805325 -0.034596458 0.988946855
1341840854.138343 1.147685647 -0.052290801 -0.261820227 -0.013362738 0.139478579 -0.034977794 0.989516914
1341840854.170475 1.155949712 -0.057524066 -0.263851076 -0.013269980 0.138780430 -0.035050988 0.989613771
1341840854.202459 1.150879860 -0.049087908 -0.265611857 -0.007210059 0.144347534 -0.035525218 0.988862872
1341840854.238384 1.148718715 -0.046070270 -0.267325729 -0.007278031 0.142995313 -0.035616241 0.989055574
1341840854.270355 1.159096718 -0.053918906 -0.267509460 -0.009746917 0.137997866 -0.035374820 0.989752591
1341840854.306367 1.173866272 -0.053023070 -0.272829115 -0.005912491 0.133747578 -0.035196938 0.990372539
1341840854.338540 1.168019176 -0.040743567 -0.273428798 -0.000616596 0.140028819 -0.035423160 0.989513397
1341840854.370427 1.164530873 -0.037919637 -0.273315907 -0.001450572 0.140320420 -0.033452109 0.989539802
1341840854.406491 1.169782639 -0.043105561 -0.273769349 -0.004826949 0.136590123 -0.033263490 0.990057290
1341840854.438402 1.172061324 -0.042797621 -0.275388837 -0.004300035 0.137328938 -0.032417323 0.989985526
1341840854.470341 1.167368054 -0.036045097 -0.274288058 -0.002647334 0.137557611 -0.031584196 0.989986539
1341840854.506442 1.176345587 -0.039014854 -0.275561392 -0.006054089 0.132482708 -0.032755945 0.990625441
1341840854.538722 1.182662129 -0.041916460 -0.275290608 -0.007343300 0.132076114 -0.033508029 0.990645826
1341840854.574331 1.180205107 -0.036552973 -0.274327099 -0.007068274 0.137753919 -0.034105003 0.989853919
1341840854.606460 1.176007748 -0.042370073 -0.272271991 -0.010620818 0.140179589 -0.034399953 0.989471316
1341840854.638476 1.181707859 -0.037282534 -0.273732901 -0.008265622 0.137197673 -0.032605205 0.989972353
1341840854.674312 1.186208487 -0.037494782 -0.275318086 -0.010895877 0.136417761 -0.031640846 0.990086019
1341840854.706362 1.186569333 -0.039205164 -0.272709846 -0.011646044 0.136796489 -0.033125900 0.989976645
1341840854.738328 1.197552085 -0.037683643 -0.275611579 -0.010828189 0.134336606 -0.034539852 0.990274429
1341840854.774384 1.197488308 -0.037710402 -0.274773300 -0.011605706 0.136253998 -0.034521814 0.990004241
1341840854.806396 1.212463975 -0.033538021 -0.278131694 -0.011276273 0.134329528 -0.035944477 0.990220368
1341840854.842383 1.214090109 -0.037032139 -0.276966780 -0.012960438 0.134613305 -0.037657805 0.990097582
1341840854.874351 1.212469935 -0.055625070 -0.274453908 -0.016130783 0.134806082 -0.037234202 0.990040779
1341840854.906375 1.208972454 -0.045545228 -0.277996004 -0.007275747 0.134132653 -0.037776563 0.990216374
1341840854.942414 1.212227106 -0.028469602 -0.281410992 -0.002484924 0.129406944 -0.040709466 0.990752459
1341840854.974632 1.230000257 -0.047077652 -0.281028569 -0.011571308 0.122645207 -0.041404758 0.991518974
1341840855.006485 1.229465485 -0.051907320 -0.278347969 -0.008515980 0.126786396 -0.042959612 0.990962744
1341840855.042409 1.224785686 -0.026264424 -0.284025431 0.002468514 0.128561929 -0.046458889 0.990609586
1341840855.074380 1.241386056 -0.021617645 -0.286240697 -0.003731788 0.124063164 -0.048127741 0.991099417
