1341840840.169494 0.063484453 0.013806651 0.004159763 -0.019020038 -0.013367881 -0.004324735 0.999720395
1341840840.201335 0.064604685 0.014185901 -0.000375894 -0.018935524 -0.013829284 -0.004869919 0.999713182
1341840840.233363 0.068331510 0.043708783 0.006146521 -0.010367163 -0.011575034 -0.005086567 0.999866307
1341840840.269407 0.069326885 0.042403027 0.008598112 -0.012253417 -0.010131721 -0.004138029 0.999864995
1341840840.294570 0.069948092 0.021465641 0.004105365 -0.020884914 -0.007766987 -0.001541896 0.999750495
1341840840.330394 0.071141481 0.019318435 0.003852325 -0.019622695 -0.007493829 0.000264431 0.999779344
1341840840.362487 0.077523068 0.027656654 -0.000365423 -0.015603960 -0.010398753 0.003535136 0.999817967
1341840840.394382 0.080115713 0.032841396 0.003078494 -0.016026130 -0.013199642 0.005442395 0.999769628
1341840840.430325 0.093090251 0.022525275 0.009972963 -0.020589618 -0.016471557 0.006866388 0.999628723
1341840840.462407 0.089417256 0.030676944 0.005320913 -0.015035992 -0.012108432 0.005763291 0.999796987
1341840840.494502 0.087951101 0.031994753 0.000579715 -0.017150313 -0.012562024 0.006479845 0.999752998
1341840840.530297 0.086104698 0.036609072 0.002174314 -0.015773550 -0.011122932 0.007379117 0.999786496
1341840840.562361 0.100822389 0.034817241 0.006886168 -0.015825601 -0.017213367 0.009128552 0.999684930
1341840840.598321 0.105462603 0.025916737 0.006951486 -0.020908812 -0.019067010 0.011047165 0.999538541
1341840840.630280 0.103729218 0.023601083 0.005998326 -0.019701807 -0.019667292 0.012601788 0.999532998
1341840840.662439 0.110459059 0.037235148 0.004861492 -0.011691356 -0.023377217 0.011443166 0.999592841
1341840840.698371 0.119361714 0.046608564 0.008449279 -0.008956245 -0.023839019 0.010283905 0.999622822
1341840840.730361 0.128989890 0.032276534 0.012817523 -0.015124981 -0.023195576 0.012194914 0.999542117
1341840840.762407 0.121856213 0.025779370 0.006510988 -0.014126010 -0.017569894 0.011302429 0.999681950
1341840840.798303 0.120221406 0.039742820 0.002515789 -0.007453938 -0.016692847 0.009619963 0.999786615
1341840840.830375 0.132570326 0.038080443 0.007828991 -0.010063803 -0.019507846 0.010437639 0.999704599
1341840840.866393 0.146097854 0.020110581 0.009346256 -0.015690215 -0.023518369 0.011665679 0.999532163
1341840840.898320 0.140962511 0.025133422 0.001774785 -0.009809445 -0.018767674 0.009405480 0.999731481
1341840840.930454 0.134497002 0.042656332 -0.000668103 -0.004212071 -0.012428200 0.008376913 0.999878824
1341840840.966498 0.146205515 0.038757164 0.005752918 -0.009368274 -0.014868992 0.008488805 0.999809563
1341840840.998398 0.152430177 0.036214918 0.006691549 -0.009828558 -0.014077766 0.008129355 0.999819577
1341840841.034538 0.155872881 0.044747639 0.005449481 -0.007089294 -0.010952726 0.005964578 0.999897063
1341840841.066345 0.157307848 0.046299201 0.001198953 -0.010840259 -0.005145219 0.004779435 0.999916553
1341840841.098335 0.155885994 0.043488968 0.006536904 -0.016993696 -0.001619764 0.006580951 0.999832630
1341840841.134331 0.173123643 0.025058163 0.008081882 -0.022783292 -0.008022131 0.007699436 0.999678612
1341840841.166392 0.174047351 0.042566348 0.004673821 -0.013619634 -0.004457958 0.006550500 0.999875844
1341840841.198348 0.177563354 0.044172566 0.004587819 -0.016320225 0.000300492 0.008349349 0.999831915
1341840841.234400 0.184863433 0.021951804 0.006437172 -0.025587561 -0.000293295 0.012050124 0.999599934
1341840841.266296 0.184890270 0.023833903 0.002566923 -0.018625842 -0.000191168 0.011783282 0.999757111
1341840841.302430 0.192392588 0.036527555 -0.001382700 -0.011676333 -0.001883401 0.012537757 0.999851465
1341840841.334542 0.196365699 0.033635449 -0.002058621 -0.014073747 -0.001044410 0.014265294 0.999798596
1341840841.366311 0.198443383 0.033146292 -0.002992390 -0.013929993 -0.001167913 0.013573262 0.999810159
1341840841.402475 0.199213073 0.033540044 -0.004251712 -0.013598672 -0.001175028 0.012728110 0.999825835
1341840841.434345 0.201881304 0.035860699 -0.005641230 -0.013102468 -0.001226672 0.011552614 0.999846637
1341840841.466383 0.206853122 0.036103740 -0.005577641 -0.014256039 -0.002046216 0.011475324 0.999830425
1341840841.502454 0.209096074 0.032213703 -0.005608407 -0.016350007 -0.002531565 0.011571283 0.999796152
1341840841.534696 0.213431641 0.030072995 -0.005972632 -0.016157083 -0.004079975 0.012152832 0.999787271
1341840841.570470 0.222850427 0.043908738 -0.010794279 -0.011435182 -0.006342258 0.012611862 0.999834955
1341840841.602476 0.221019104 0.042972531 -0.006405844 -0.016057076 -0.004238287 0.012627603 0.999782324
1341840841.634468 0.232007504 0.032259867 -0.001135297 -0.020583652 -0.006437043 0.012202387 0.999692917
1341840841.671032 0.224457905 0.034468997 -0.007520033 -0.017882047 -0.001344719 0.011324788 0.999775052
1341840841.702284 0.223831117 0.038767513 -0.009606889 -0.017109690 -0.002245171 0.013021399 0.999766290
1341840841.734304 0.238119587 0.038439587 -0.006884929 -0.019598868 -0.008377873 0.014674083 0.999665141
1341840841.770351 0.238073334 0.033240739 -0.003922573 -0.022126473 -0.008096547 0.016169056 0.999591589
1341840841.802313 0.237103984 0.026773745 -0.010112288 -0.024226097 -0.009021836 0.019010296 0.999485016
1341840841.838370 0.234453470 0.019073827 -0.011948450 -0.026870940 -0.013288518 0.021418000 0.999321103
1341840841.870881 0.243696839 0.027381379 -0.009831423 -0.020739572 -0.023620069 0.017266639 0.999356687
1341840841.902346 0.261223823 0.051902331 -0.003515881 -0.011296323 -0.030143380 0.013465508 0.999391019
1341840841.938375 0.258040041 0.041428920 -0.003413022 -0.019659851 -0.023427485 0.013921360 0.999435246
1341840841.970352 0.243499368 0.032585211 -0.009420141 -0.023930153 -0.017805206 0.012029309 0.999482691
1341840842.006342 0.249979436 0.042572223 -0.008150801 -0.020497054 -0.023696540 0.009443720 0.999464452
1341840842.038475 0.262436062 0.042674612 -0.001408600 -0.022102587 -0.027278343 0.007653179 0.999354184
1341840842.070419 0.261295885 0.040724210 -0.004421401 -0.022135286 -0.022603150 0.005751274 0.999482930
1341840842.106404 0.256907642 0.039081436 -0.009721535 -0.023593912 -0.019216044 0.004730844 0.999525726
1341840842.138367 0.252952039 0.027513249 -0.008305589 -0.026664263 -0.022481838 0.003071914 0.999386907
1341840842.170410 0.271068752 0.033435743 -0.009613683 -0.020021945 -0.030063428 0.001833970 0.999345779
1341840842.206430 0.275165290 0.041896999 -0.012559516 -0.014208302 -0.030034075 -0.001299990 0.999447048
1341840842.238319 0.279085666 0.040168263 -0.014887725 -0.013471958 -0.029108563 -0.006245961 0.999465942
1341840842.274385 0.290357500 0.038519628 -0.012527574 -0.011953601 -0.030762084 -0.011530783 0.999388754
1341840842.306571 0.287113398 0.038116630 -0.018013796 -0.008875714 -0.026058249 -0.015174335 0.999505877
1341840842.338413 0.281827390 0.041892972 -0.026380118 -0.006546677 -0.023610288 -0.017472683 0.999547124
1341840842.374365 0.261026919 0.035284314 -0.021177601 -0.008237489 -0.024625057 -0.019658191 0.999469519
1341840842.406739 0.284667969 0.035988908 -0.024939386 -0.002522388 -0.030449649 -0.021826165 0.999294817
1341840842.438410 0.273417890 0.067969397 -0.018781755 0.011682075 -0.031355176 -0.027135383 0.999071598
1341840842.474299 0.301519305 0.079107963 -0.010746267 0.006544560 -0.032422245 -0.030439530 0.998989165
1341840842.542388 0.288922191 0.060929809 -0.027856741 -0.000457078 -0.027527489 -0.036302511 0.998961508
1341840842.574346 0.312588006 0.078689918 -0.015142420 0.007750459 -0.034090515 -0.036413725 0.998725116
1341840842.606530 0.317122966 0.069152765 -0.029027503 0.001239760 -0.032357763 -0.029638775 0.999036014
1341840842.642329 0.295398563 0.036146536 -0.021896238 -0.004672182 0.014278177 -0.032639429 0.999354303
1341840842.674386 0.292333335 0.038574751 -0.027531195 0.000528319 0.014067945 -0.031057887 0.999418437
1341840842.706548 0.303553551 0.055187270 -0.029386865 0.007495547 0.008116348 -0.034641840 0.999338746
1341840842.742312 0.324851185 0.048863906 -0.019892855 0.003567322 0.002253094 -0.032837823 0.999451756
1341840842.774261 0.326215684 0.047459118 -0.023120515 -0.000292221 0.005997804 -0.023804845 0.999698639
1341840842.810490 0.300020576 0.049439508 -0.032811962 0.014278405 0.040167838 -0.038071554 0.998365283
1341840842.842296 0.298480302 0.064211875 -0.036577232 0.016572244 0.037818454 -0.038112920 0.998420000
1341840842.874411 0.318350405 0.062500559 -0.022135913 0.011478211 0.027239319 -0.035484832 0.998932958
1341840842.910377 0.327987015 0.035353307 -0.023862612 0.001503250 0.026148055 -0.033721358 0.999087989
1341840842.942647 0.316635460 0.046471082 -0.036655441 0.009453859 0.033565920 -0.035346203 0.998766541
1341840842.974535 0.326879710 0.059451714 -0.030543841 0.013641227 0.029151499 -0.037870049 0.998764217
1341840843.010449 0.345845759 0.050357431 -0.021733837 0.009063383 0.025750706 -0.033930175 0.999051273
1341840843.042429 0.333012551 0.040488090 -0.031847473 0.006883021 0.038455669 -0.030093696 0.998783350
1341840843.078385 0.319511414 0.040689923 -0.047814328 0.006204034 0.042210158 -0.028915104 0.998670995
1341840843.110373 0.332362592 0.056275334 -0.036483511 0.009859627 0.030795285 -0.030587075 0.999008954
1341840843.142285 0.358062983 0.055935834 -0.016026659 0.011300481 0.023091171 -0.030574428 0.999201834
1341840843.178476 0.367229700 0.052570678 -0.019845935 0.013894799 0.031922929 -0.027439266 0.999017000
1341840843.210589 0.328533322 0.056212880 -0.039783534 0.015812712 0.052999467 -0.031586390 0.997969568
1341840843.246317 0.334232867 0.059948597 -0.037414297 0.014492701 0.045298617 -0.034844279 0.998260438
1341840843.278543 0.366995394 0.055793762 -0.019798575 0.012766819 0.031872682 -0.034498319 0.998814821
1341840843.310587 0.366966069 0.044137970 -0.023645103 0.011905673 0.040727288 -0.031983964 0.998587310
1341840843.346529 0.350069761 0.051761258 -0.038782548 0.016844744 0.050920382 -0.032808781 0.998021543
1341840843.385053 0.348064393 0.064444773 -0.039074302 0.017076006 0.050256919 -0.033494275 0.998028457
1341840843.411509 0.369605958 0.063190535 -0.023907466 0.012212667 0.041163757 -0.028102210 0.998682439
1341840843.447220 0.369512051 0.051099822 -0.028973660 0.007312433 0.045410972 -0.025352428 0.998619854
1341840843.478671 0.365083873 0.057604190 -0.038243979 0.008308528 0.047905006 -0.027104706 0.998449504
1341840843.515039 0.378955364 0.055772547 -0.029342510 0.002949477 0.040577363 -0.029622177 0.998732865
1341840843.548527 0.389322966 0.042839404 -0.018071882 -0.001669685 0.038971670 -0.030033579 0.998787463
1341840843.582569 0.380214274 0.045855608 -0.028041523 0.004284625 0.046686150 -0.031131754 0.998415172
1341840843.614798 0.371369809 0.063276768 -0.032930061 0.009918761 0.049874850 -0.033090863 0.998157859
1341840843.653429 0.378827363 0.065260619 -0.020342123 0.006683811 0.044525802 -0.030684944 0.998514473
1341840843.687928 0.389067173 0.054897130 -0.015933080 0.003973671 0.041614126 -0.030696558 0.998654187
1341840843.720258 0.389551073 0.059719134 -0.020659905 0.008208960 0.042764839 -0.031738885 0.998547137
1341840843.785505 0.399240941 0.040188685 -0.019716978 -0.003178450 0.039376125 -0.032549758 0.998689115
1341840843.814703 0.400171518 0.036315698 -0.020969652 -0.002842881 0.040636476 -0.033652175 0.998603106
1341840843.846439 0.400141537 0.038957905 -0.023703756 -0.001571615 0.042067658 -0.031632692 0.998612642
1341840843.882429 0.402785361 0.044679891 -0.019364618 0.000675740 0.041132376 -0.032347132 0.998629749
1341840843.914321 0.401919246 0.046128348 -0.015539257 0.002187451 0.044285301 -0.036277443 0.998357654
1341840843.946316 0.406459063 0.045374349 -0.013038030 0.003147058 0.046189871 -0.036426309 0.998263299
1341840843.982401 0.407287985 0.045641337 -0.018933406 0.002374787 0.048537262 -0.034959115 0.998206556
1341840844.014387 0.407471627 0.045362566 -0.015599141 0.000520433 0.048483588 -0.035836518 0.998180747
1341840844.050399 0.409551442 0.043679714 -0.005346779 0.003092256 0.048201162 -0.037291460 0.998136461
1341840844.082349 0.412399739 0.039660778 -0.016652472 0.006674197 0.051431868 -0.040317554 0.997840047
1341840844.114393 0.410482556 0.041869190 -0.020449296 0.005689641 0.054229554 -0.038866494 0.997755587
1341840844.150523 0.418441355 0.033593904 -0.016175546 0.000741901 0.049658332 -0.040655181 0.997938156
1341840844.182299 0.430032521 0.027687579 -0.008690855 -0.000108546 0.046230838 -0.041697469 0.998060167
1341840844.218448 0.430033624 0.023464197 -0.007893879 0.002296068 0.049612142 -0.043434117 0.997821033
1341840844.250566 0.422881186 0.026823351 -0.019802390 0.007013846 0.056630474 -0.045749787 0.997321784
1341840844.282274 0.420302689 0.030640641 -0.022972455 0.005751409 0.057152715 -0.044199329 0.997370005
1341840844.318322 0.430951059 0.028313657 -0.010760587 0.002986948 0.049432147 -0.040360477 0.997957170
1341840844.350432 0.434521735 0.034777794 -0.008001570 0.011619848 0.046656638 -0.044179432 0.997865856
1341840844.382375 0.441569626 0.031870589 -0.015115758 0.011261960 0.046277609 -0.048400614 0.997691810
1341840844.418837 0.441013575 0.022800278 -0.013943374 0.004563206 0.048667349 -0.047657941 0.997667015
1341840844.450418 0.444517255 0.013381735 -0.015991673 0.002320365 0.044875074 -0.046573836 0.997903645
1341840844.486330 0.448953599 0.012474861 -0.017323693 0.005046711 0.041074228 -0.051300909 0.997825503
1341840844.518335 0.463889301 0.020504354 -0.010401780 0.010975883 0.037342295 -0.051597018 0.997909248
1341840844.550458 0.454126596 0.021899831 -0.014613571 0.010899072 0.046222460 -0.052101120 0.997511983
1341840844.586351 0.442834765 0.021897942 -0.012293622 0.010704728 0.049884219 -0.051507786 0.997368515
1341840844.618382 0.448458552 0.023658823 -0.011488918 0.011882285 0.045244001 -0.051707234 0.997566104
1341840844.650334 0.458572119 0.025737854 -0.009748641 0.011825499 0.041178141 -0.052304499 0.997711718
1341840844.686320 0.464924484 0.019439010 -0.006324938 0.009500577 0.039630558 -0.052925158 0.997766554
1341840844.718495 0.469727606 0.020445300 -0.007537577 0.012293599 0.039457504 -0.054437008 0.997661531
1341840844.757582 0.466462404 0.024159696 -0.008399487 0.012564873 0.042498324 -0.054863580 0.997509897
1341840844.791011 0.467697352 0.017784195 -0.005084146 0.008938728 0.041559078 -0.054184534 0.997625649
1341840844.818394 0.479075193 0.014198769 -0.005925629 0.009277226 0.037426546 -0.054668646 0.997759759
1341840844.854307 0.481586307 0.014353146 -0.004812390 0.009298301 0.039040212 -0.053898774 0.997739613
1341840844.888045 0.481290221 0.014811540 -0.004887395 0.009417624 0.040664550 -0.052278087 0.997759879
1341840844.918612 0.485977679 0.016370779 -0.004366469 0.008215277 0.038914151 -0.051319361 0.997890055
1341840844.954718 0.490698040 0.011887233 -0.003087636 0.005192719 0.037490752 -0.051123083 0.997974873
1341840844.986719 0.496650636 0.009020468 -0.002146147 0.004391145 0.037290286 -0.051785078 0.997952163
1341840845.022279 0.501938522 -0.006085392 -0.009679638 -0.002633856 0.038361851 -0.051054403 0.997955322
1341840845.054280 0.504372239 -0.006806537 -0.009273820 -0.002200609 0.040471971 -0.049228653 0.997964799
1341840845.086344 0.505514503 -0.003928891 -0.012611303 -0.002154048 0.042635690 -0.047073759 0.997978747
1341840845.123640 0.503883362 -0.008044294 -0.010655060 -0.005187890 0.042988140 -0.048369519 0.997890532
1341840845.154408 0.504449069 -0.008783756 -0.006741479 -0.001393581 0.041799620 -0.052134160 0.997763932
1341840845.186393 0.510979474 -0.002350826 -0.011955265 0.000475248 0.040209629 -0.049029682 0.997987509
1341840845.222296 0.506542861 -0.006569995 -0.008750048 -0.005432639 0.040213946 -0.046348169 0.998100758
1341840845.254440 0.506667256 -0.007181402 -0.006296158 -0.003469540 0.037791986 -0.049456201 0.998054981
1341840845.290376 0.514821887 -0.009429663 -0.009069812 -0.003298976 0.037261900 -0.052828971 0.997902691
1341840845.322289 0.513011754 -0.010299331 -0.009011164 -0.005244332 0.042221166 -0.052017365 0.997739494
1341840845.354494 0.512812138 -0.007735260 -0.005076602 -0.004659017 0.039713331 -0.046986591 0.998094857
1341840845.390309 0.513541281 -0.008610594 -0.007465089 0.000101865 0.034510534 -0.052100666 0.998045325
1341840845.422339 0.514558613 -0.009032001 -0.009257371 0.003188900 0.033747904 -0.056989960 0.997799098
1341840845.458335 0.517938972 -0.010634283 -0.015942274 0.001124225 0.035822526 -0.061294727 0.997475982
1341840845.490264 0.517586708 -0.010478111 -0.012062883 -0.001610090 0.039766353 -0.061725799 0.997299314
1341840845.522343 0.515364945 -0.009761425 -0.009374354 -0.002117006 0.042545520 -0.058148041 0.997398674
1341840845.558310 0.527529657 -0.008257879 -0.005162241 -0.002837559 0.032923147 -0.051021986 0.998150647
1341840845.597232 0.530645430 -0.005392936 -0.004427541 -0.000863910 0.026800150 -0.049736913 0.998402357
1341840845.622577 0.531108201 -0.001206360 -0.004089091 0.003433292 0.025648810 -0.053800944 0.998216331
1341840845.658634 0.558898389 -0.001216629 -0.003163083 0.002073258 0.014939285 -0.051915973 0.998537540
1341840845.690353 0.558174014 -0.002040738 -0.002102878 -0.000489744 0.018430389 -0.054304712 0.998354197
1341840845.729069 0.537739992 -0.002752263 -0.001405880 0.000057692 0.030991625 -0.058996275 0.997776985
1341840845.758375 0.559103608 -0.001664848 -0.002467910 0.000326054 0.020932926 -0.052646030 0.998393774
1341840845.790466 0.558291078 -0.000852507 -0.004357522 -0.000065020 0.018139301 -0.051155314 0.998525977
1341840845.826375 0.556233048 0.002861497 -0.008281634 0.002400969 0.015925555 -0.058474533 0.998158991
1341840845.858782 0.559049547 -0.002065726 -0.002479648 0.000075679 0.017832652 -0.067358345 0.997569442
1341840845.890417 0.559215426 -0.005251306 -0.000105638 -0.001496386 0.024813088 -0.065354928 0.997552395
1341840845.926383 0.562537730 -0.005377619 -0.012327911 0.000249947 0.025546920 -0.063670017 0.997643948
1341840845.958390 0.562192321 -0.000931610 -0.013735129 0.000292089 0.025540220 -0.066435784 0.997463763
1341840845.994269 0.563491821 -0.001888505 -0.002904261 -0.001177357 0.025549272 -0.063955821 0.997624934
1341840846.026558 0.564455748 0.001839564 -0.006695937 0.002448916 0.027192436 -0.061889116 0.997709513
1341840846.058807 0.561443448 0.004932127 -0.013960782 0.003131896 0.029097047 -0.063128397 0.997576237
1341840846.094265 0.586129069 0.006318913 -0.002628166 0.003262013 0.016932387 -0.060759570 0.998003423
1341840846.126378 0.563324571 0.005815372 -0.007538253 0.006508997 0.033544533 -0.069560573 0.996992350
1341840846.158446 0.565061390 0.005370702 -0.013243726 0.005822358 0.039227717 -0.067529373 0.996928811
1341840846.194427 0.589648008 0.006790195 -0.014551556 0.002134654 0.028921111 -0.059497710 0.997807145
1341840846.226385 0.588515401 0.005158070 -0.009598995 0.000365979 0.029062120 -0.060653858 0.997735620
1341840846.262497 0.585715413 0.004146690 -0.000094727 0.003190001 0.033479601 -0.062167816 0.997498930
1341840846.294419 0.589497745 0.003697715 -0.013274793 0.003526407 0.038736656 -0.059485447 0.997471035
1341840846.326478 0.590773404 0.003505947 -0.016933909 0.001129023 0.037956323 -0.056764744 0.997665167
1341840846.362426 0.601752639 0.004797083 -0.010387750 0.002818832 0.032133810 -0.058622267 0.997758925
1341840846.394323 0.639967740 0.008371238 0.001638472 0.007870579 0.017621523 -0.059619881 0.998034596
1341840846.430454 0.641619146 0.008907786 -0.003255883 0.006755463 0.022108026 -0.056866020 0.998114169
1341840846.465291 0.644807756 0.007719034 -0.011392143 0.002544443 0.022360086 -0.056713417 0.998136818
1341840846.494473 0.641517162 0.007466656 -0.002271371 0.002560175 0.023401311 -0.058504462 0.998009562
1341840846.530439 0.639533401 0.008105834 -0.001421221 0.005751785 0.028775021 -0.055657204 0.998018622
1341840846.562569 0.643409371 0.011361263 -0.011511598 0.006682192 0.031269856 -0.050982259 0.998187542
1341840846.594486 0.635274768 0.007651037 -0.026540037 0.001413509 0.035509028 -0.054285474 0.997892916
1341840846.630509 0.634231091 0.004638329 -0.017753603 -0.001807795 0.036303595 -0.057585616 0.997678638
1341840846.662363 0.641285956 -0.048929442 -0.039280333 -0.018850883 0.042471614 -0.074032366 0.996172667
1341840846.698323 0.655942261 -0.064965114 -0.066502899 -0.023377011 0.046687003 -0.077139132 0.995652258
1341840846.730390 0.664967358 -0.060619153 -0.060552601 -0.027104793 0.041760255 -0.076509252 0.995825171
1341840846.762470 0.660988808 -0.062688239 -0.054277625 -0.030326147 0.041275088 -0.076243147 0.995772898
1341840846.798363 0.667166889 -0.081628464 -0.070810586 -0.034579895 0.043341465 -0.087623142 0.994609475
1341840846.830356 0.666748405 -0.083092615 -0.070807427 -0.038892120 0.047481213 -0.089699596 0.994075894
1341840846.862350 0.663724661 -0.081196956 -0.068066165 -0.039244406 0.047215190 -0.088715158 0.994163096
1341840846.898489 0.667536676 -0.081598632 -0.070358075 -0.039064940 0.046952587 -0.090593338 0.994013190
1341840846.930380 0.666764021 -0.081744246 -0.071244262 -0.045372814 0.051430840 -0.091662243 0.993425488
1341840846.966358 0.663648307 -0.070590682 -0.063987158 -0.044039901 0.053701334 -0.087069035 0.993778467
1341840846.998844 0.667682290 -0.060971625 -0.066208109 -0.038501766 0.049253959 -0.085975900 0.994333863
1341840847.030411 0.672162294 -0.026597714 -0.046914231 -0.029472291 0.042938285 -0.071618207 0.996071577
1341840847.066359 0.667007804 -0.023111688 -0.042326689 -0.031995617 0.048066549 -0.071118116 0.995795190
1341840847.098410 0.664157927 -0.019553879 -0.038324431 -0.031149874 0.049823921 -0.070099987 0.995807827
1341840847.130366 0.664408565 -0.019476868 -0.040182967 -0.030925928 0.047826901 -0.070859700 0.995858967
1341840847.166401 0.669913173 -0.025062518 -0.044845309 -0.035067048 0.047432832 -0.071272284 0.995711148
1341840847.198307 0.669927478 -0.025020000 -0.044045128 -0.035330363 0.049178060 -0.070160799 0.995696068
1341840847.234496 0.669838011 -0.024434861 -0.043430608 -0.030825561 0.047921259 -0.069648720 0.995942950
1341840847.266747 0.669003189 -0.023919797 -0.045180395 -0.029730352 0.045623980 -0.069810033 0.996072829
1341840847.298356 0.669770598 -0.024571560 -0.045684159 -0.032571796 0.046664894 -0.068568528 0.996021986
1341840847.334573 0.670055151 -0.024725303 -0.045124136 -0.031920895 0.049196672 -0.069332674 0.995868325
1341840847.366405 0.669264019 -0.024072267 -0.044820771 -0.028796842 0.048543122 -0.069824457 0.995961249
1341840847.398361 0.668959439 -0.023920391 -0.045376457 -0.028009269 0.048227202 -0.071513809 0.995879233
1341840847.434625 0.668992460 -0.026020968 -0.045112632 -0.031088730 0.053160761 -0.072677575 0.995452344
1341840847.466370 0.670249045 -0.026251348 -0.043288905 -0.031589665 0.057157315 -0.072455503 0.995231271
1341840847.502590 0.672007740 -0.027187558 -0.042792886 -0.030381054 0.055949043 -0.071621932 0.995397866
1341840847.534309 0.671090901 -0.027014088 -0.044465579 -0.031965058 0.054553587 -0.071928345 0.995403647
1341840847.566354 0.669712067 -0.029091559 -0.045577586 -0.034478668 0.056885965 -0.070988595 0.995256662
1341840847.603337 0.670982122 -0.029112769 -0.043612700 -0.032616086 0.059911177 -0.071658716 0.995093882
1341840847.634465 0.670799255 -0.025516363 -0.042268120 -0.029650846 0.059804674 -0.071359068 0.995214641
1341840847.670420 0.671016514 -0.029061954 -0.043724477 -0.031125307 0.059576273 -0.071871020 0.995146453
1341840847.702420 0.660368383 -0.034567118 -0.069308832 -0.033071656 0.061471131 -0.058713265 0.995831490
1341840847.734342 0.661630988 -0.034668248 -0.067379862 -0.034810785 0.064390436 -0.058334444 0.995609999
1341840847.770464 0.672179461 -0.029972594 -0.042616945 -0.032706041 0.066652529 -0.070229933 0.994764030
1341840847.802407 0.671237946 -0.029725136 -0.043956578 -0.028786514 0.066528693 -0.071944579 0.994770944
1341840847.834306 0.660093665 -0.034579828 -0.069170311 -0.030146964 0.067515247 -0.060751256 0.995410562
1341840847.870532 0.661143482 -0.034575321 -0.067795947 -0.029091701 0.069429681 -0.060007613 0.995355368
1341840847.902485 0.660397172 -0.034729041 -0.068614297 -0.029007956 0.069124825 -0.057521254 0.995525777
1341840847.938405 0.668853104 -0.029551258 -0.042432517 -0.031445030 0.070612960 -0.068930969 0.994622290
1341840847.970339 0.658983707 -0.036424775 -0.068835989 -0.029671989 0.069719546 -0.060060233 0.995314777
1341840848.002312 0.659277737 -0.036999710 -0.070768803 -0.027506268 0.069731474 -0.060687371 0.995338142
1341840848.038354 0.658982396 -0.036564145 -0.070530206 -0.025990132 0.069185473 -0.061310489 0.995378792
1341840848.070743 0.657666862 -0.034936491 -0.071477927 -0.024609968 0.070585281 -0.061595324 0.995297968
1341840848.102909 0.664964914 -0.033657137 -0.052355688 -0.026564885 0.075899661 -0.072252177 0.994139433
1341840848.138432 0.664966941 -0.034195047 -0.050185155 -0.028286628 0.078219838 -0.071585529 0.993960261
1341840848.170385 0.664295197 -0.033462942 -0.049518310 -0.028352750 0.079401843 -0.071074598 0.993901312
1341840848.206548 0.665067196 -0.036357455 -0.050809301 -0.027950179 0.080413267 -0.069901519 0.993914604
1341840848.238651 0.664684296 -0.036283154 -0.051450204 -0.026830094 0.081788801 -0.068716876 0.993915856
1341840848.277372 0.664771378 -0.038507182 -0.055508256 -0.028527295 0.082107134 -0.068820491 0.993835211
1341840848.313384 0.663935423 -0.040777475 -0.054990362 -0.028709827 0.083566152 -0.070219979 0.993610382
1341840848.345285 0.666602015 -0.042744242 -0.058751281 -0.027589777 0.083726980 -0.070168570 0.993632197
1341840848.377729 0.669700980 -0.043213133 -0.062701337 -0.027800389 0.084155463 -0.068399057 0.993713498
1341840848.413434 0.670215309 -0.044213206 -0.062907144 -0.029505199 0.085454620 -0.069396101 0.993484318
1341840848.446614 0.663574398 -0.042897157 -0.065395772 -0.027630322 0.091190428 -0.069544353 0.993017852
1341840848.477376 0.663178861 -0.044188306 -0.066286966 -0.026876355 0.093447380 -0.067705885 0.992955804
1341840848.514358 0.664784729 -0.041854758 -0.068867490 -0.027882054 0.093519412 -0.066859923 0.992978573
1341840848.545352 0.663988233 -0.048658878 -0.067383349 -0.031264715 0.095481247 -0.069579326 0.992504179
1341840848.581630 0.661746502 -0.052354470 -0.069508202 -0.025948191 0.101941667 -0.073367231 0.991741776
1341840848.613497 0.658942878 -0.052903611 -0.079830527 -0.023204669 0.103891559 -0.069205843 0.991906524
1341840848.645345 0.660009503 -0.053276319 -0.077309296 -0.024960957 0.102767698 -0.066126026 0.992191076
1341840848.681427 0.664465547 -0.058894210 -0.070021771 -0.024965519 0.102271140 -0.068966851 0.992048860
1341840848.713310 0.657452226 -0.100606427 -0.088004440 -0.033462971 0.109665066 -0.088068679 0.989493668
1341840848.745404 0.659920692 -0.095695227 -0.086745664 -0.029772490 0.114523932 -0.087151565 0.989142299
1341840848.774529 0.658656895 -0.094045058 -0.092730477 -0.028536098 0.116768323 -0.084093429 0.989181042
1341840848.806548 0.661219239 -0.091743492 -0.089164265 -0.031013174 0.117514111 -0.080143332 0.989346087
1341840848.842443 0.670483291 -0.088491812 -0.063354708 -0.029628303 0.118504405 -0.080476470 0.989243329
1341840848.874427 0.662258863 -0.094204940 -0.084194250 -0.025412140 0.119134851 -0.081390239 0.989210188
1341840848.910589 0.659943819 -0.093602926 -0.090066105 -0.026443519 0.120603584 -0.085790977 0.988633096
1341840848.942390 0.665900111 -0.097671792 -0.069409512 -0.027127398 0.123077489 -0.086662926 0.988233566
1341840848.974342 0.660443783 -0.106889248 -0.080484688 -0.019851608 0.122998767 -0.084736757 0.988583267
1341840849.010480 0.648590744 -0.115958661 -0.113802761 -0.020269062 0.119939998 -0.083815582 0.989029050
1341840849.042373 0.647762954 -0.128638029 -0.120350458 -0.028475177 0.118625276 -0.085353054 0.988853931
1341840849.074269 0.650220871 -0.133434132 -0.109352961 -0.028447209 0.121984184 -0.088014565 0.988212585
1341840849.110433 0.659455180 -0.111673452 -0.085467659 -0.020563202 0.124390110 -0.089209862 0.988000929
1341840849.142356 0.664617419 -0.096842542 -0.075906917 -0.015354714 0.123409316 -0.088718154 0.988262832
1341840849.178427 0.663502932 -0.093852744 -0.081173420 -0.014362780 0.122334845 -0.090153195 0.988281488
1341840849.210439 0.671709895 -0.088257499 -0.062164508 -0.012041629 0.122961290 -0.089981757 0.988250375
1341840849.242309 0.674154639 -0.086340427 -0.065265946 -0.008057364 0.121857129 -0.089092173 0.988508224
1341840849.278391 0.672259390 -0.086373001 -0.084532887 -0.010365075 0.121580563 -0.092713326 0.988187730
1341840849.310332 0.674412012 -0.116359279 -0.104337744 -0.020185633 0.125103161 -0.094070144 0.987467706
1341840849.342402 0.669766188 -0.135424554 -0.100929745 -0.019651560 0.136445135 -0.093908258 0.985990763
1341840849.378339 0.649561048 -0.130528301 -0.105363868 -0.013979605 0.144460365 -0.092989512 0.985032380
1341840849.410390 0.649850965 -0.129044220 -0.122441359 -0.015695143 0.141858608 -0.087506071 0.985886633
1341840849.446437 0.660230398 -0.131027564 -0.102975875 -0.018745663 0.143633604 -0.090757445 0.985282242
1341840849.478425 0.660954535 -0.125555784 -0.098488130 -0.013590396 0.150863141 -0.095038354 0.983881772
1341840849.512199 0.650332153 -0.128513232 -0.115485683 -0.013817578 0.158705443 -0.096397094 0.982511699
1341840849.546449 0.646206677 -0.129071414 -0.127015620 -0.018471885 0.163725659 -0.098590657 0.981393218
1341840849.578498 0.657786727 -0.127138197 -0.109447405 -0.022256108 0.167769000 -0.098794721 0.980610967
1341840849.610692 0.671877384 -0.123668730 -0.089466184 -0.019308209 0.171349287 -0.096077241 0.980324328
1341840849.646317 0.673163295 -0.108281270 -0.101827234 -0.015102976 0.172447398 -0.092651851 0.980535269
1341840849.685647 0.676817060 -0.105697013 -0.101668119 -0.021603283 0.174438879 -0.093588233 0.979972243
1341840849.714708 0.685276508 -0.107031815 -0.088884130 -0.024375359 0.179351225 -0.093007974 0.979075313
1341840849.746347 0.687516272 -0.113139153 -0.086899921 -0.023893103 0.182577386 -0.090893462 0.978689432
1341840849.778359 0.678567708 -0.120702811 -0.105834842 -0.028101007 0.183371961 -0.091095366 0.978410304
1341840849.814323 0.685157657 -0.120010868 -0.096489459 -0.031032732 0.184388369 -0.090786912 0.978159308
1341840849.846557 0.696870923 -0.123130225 -0.081074774 -0.030567167 0.183944106 -0.090052076 0.978325546
1341840849.882256 0.693829179 -0.121700354 -0.091052905 -0.028134705 0.183457956 -0.091721959 0.978334665
1341840849.921575 0.686518073 -0.122239426 -0.110332280 -0.032319073 0.185254321 -0.092714943 0.977773070
1341840849.946362 0.691608429 -0.128411025 -0.085568085 -0.036926951 0.188260287 -0.094934694 0.976822317
1341840849.982476 0.687670350 -0.136338547 -0.090893596 -0.033583511 0.191238731 -0.097689256 0.976092577
1341840850.014371 0.671754003 -0.148598060 -0.132215142 -0.035190023 0.193329617 -0.093829982 0.976002693
1341840850.046326 0.682012677 -0.138233751 -0.123209894 -0.037889574 0.189957410 -0.091328539 0.976800740
1341840850.082415 0.689663291 -0.137242973 -0.091607407 -0.040342540 0.190388352 -0.096541300 0.976117074
1341840850.121449 0.675029516 -0.134742811 -0.091759652 -0.037166018 0.196932063 -0.103408709 0.974239767
1341840850.157539 0.683165133 -0.137585565 -0.121254236 -0.036073301 0.194590971 -0.096686661 0.975440800
1341840850.189410 0.684036076 -0.139196575 -0.119554907 -0.039600082 0.192596436 -0.096289068 0.975739181
1341840850.221491 0.691504180 -0.138946131 -0.107058078 -0.039122481 0.191960290 -0.100444324 0.975464821
1341840850.257570 0.688621402 -0.139430940 -0.110605747 -0.036408123 0.195844218 -0.104008935 0.974423766
1341840850.289374 0.684412241 -0.138624877 -0.118516505 -0.037085995 0.198977411 -0.103322126 0.973836303
1341840850.314521 0.683199048 -0.138192937 -0.123785794 -0.039418176 0.198364288 -0.103617415 0.973838389
1341840850.350348 0.688596547 -0.136046350 -0.119252801 -0.040979762 0.198753774 -0.106695659 0.973362029
1341840850.382480 0.693301499 -0.134509668 -0.116356999 -0.040848829 0.202163443 -0.107993461 0.972521842
1341840850.418448 0.688810825 -0.137063533 -0.120535150 -0.041264314 0.203095868 -0.106365174 0.972489476
1341840850.450229 0.686954379 -0.138723180 -0.117540404 -0.042531632 0.202524424 -0.110258736 0.972120345
1341840850.482352 0.680523634 -0.150406063 -0.127434328 -0.044777691 0.208100021 -0.118921421 0.969818056
1341840850.518351 0.682966948 -0.148197919 -0.131924465 -0.043011226 0.217316940 -0.116748393 0.968139052
1341840850.550287 0.687804997 -0.137040198 -0.141688675 -0.040296163 0.214949235 -0.110061109 0.969566703
1341840850.582563 0.683640242 -0.144363508 -0.132420719 -0.040579218 0.209728017 -0.108624689 0.970859528
1341840850.618439 0.683443606 -0.158139333 -0.144198760 -0.038694229 0.205133960 -0.114975363 0.971186638
1341840850.650443 0.673079729 -0.153880745 -0.167646378 -0.038552243 0.206784293 -0.119342640 0.970315039
1341840850.686406 0.674323916 -0.147795469 -0.155494303 -0.042484403 0.210015699 -0.115049921 0.969975233
1341840850.718516 0.682686448 -0.151148826 -0.136011377 -0.041498613 0.209802479 -0.113360286 0.970262945
1341840850.750308 0.679432571 -0.153015047 -0.153738558 -0.039839420 0.208722919 -0.115823150 0.970274508
1341840850.786319 0.677589476 -0.156378418 -0.166484088 -0.043253887 0.209177166 -0.115518205 0.970066786
1341840850.818316 0.685933769 -0.156684354 -0.156123027 -0.045021441 0.211057812 -0.113736778 0.969789445
1341840850.854290 0.686157107 -0.156763151 -0.155156627 -0.044074968 0.214804202 -0.115448155 0.968807638
1341840850.886322 0.685399294 -0.156636655 -0.156783208 -0.045268312 0.219597638 -0.114650376 0.967772126
1341840850.918358 0.685977578 -0.156292617 -0.155529499 -0.046357211 0.222094387 -0.109586611 0.967737496
1341840850.954395 0.686836004 -0.156588987 -0.154492959 -0.044467904 0.220947161 -0.111103468 0.967915773
1341840850.986448 0.685961962 -0.156809136 -0.155867085 -0.043345619 0.222135440 -0.112255029 0.967561781
1341840851.018447 0.685953617 -0.156506076 -0.155846879 -0.044645794 0.224562496 -0.109508201 0.967257142
1341840851.054395 0.686692595 -0.156483918 -0.154760286 -0.043185566 0.224501640 -0.110341154 0.967242956
1341840851.086362 0.686217487 -0.156567469 -0.155500367 -0.042409364 0.225448236 -0.112901278 0.966761529
1341840851.122353 0.687039316 -0.156103864 -0.154559821 -0.041119888 0.228374884 -0.113227688 0.966091931
1341840851.154293 0.687134445 -0.156097859 -0.154239923 -0.039334804 0.230070591 -0.111593641 0.965954006
1341840851.186482 0.686663270 -0.156300187 -0.154868692 -0.039751697 0.230695814 -0.113051645 0.965618193
1341840851.222499 0.687278926 -0.156079724 -0.154047295 -0.039148603 0.232043669 -0.115544826 0.965024590
1341840851.254587 0.687450230 -0.155969679 -0.153537080 -0.036596075 0.234166905 -0.117296219 0.964400411
1341840851.286786 0.687554240 -0.155953735 -0.153604642 -0.035832066 0.235340714 -0.117106199 0.964166462
1341840851.322525 0.686965942 -0.156049117 -0.154360801 -0.037409019 0.236237735 -0.119284764 0.963619947
1341840851.354461 0.687645733 -0.155890048 -0.153509676 -0.036947656 0.237771407 -0.124223858 0.962635994
1341840851.390383 0.687322855 -0.155905411 -0.153982624 -0.035438962 0.241439611 -0.126742408 0.961450636
1341840851.422373 0.687690139 -0.155906767 -0.153033614 -0.033705693 0.243362918 -0.124081552 0.961375177
1341840851.454333 0.687698007 -0.155818984 -0.153112322 -0.030178230 0.239213035 -0.122192949 0.962774813
1341840851.490328 0.687591434 -0.155648217 -0.153598472 -0.030457696 0.236781359 -0.127043128 0.962739289
1341840851.522431 0.688459575 -0.155023947 -0.152965128 -0.029523849 0.239943773 -0.132973835 0.961183310
1341840851.555777 0.688039303 -0.155197054 -0.153051659 -0.024814799 0.243636563 -0.132371381 0.960470319
1341840851.590800 0.687384605 -0.155264139 -0.153887466 -0.024761310 0.243269086 -0.131199524 0.960725605
1341840851.622401 0.687722623 -0.154740304 -0.153359875 -0.026871966 0.243413731 -0.133076549 0.960374057
1341840851.658371 0.688134015 -0.154831901 -0.153037682 -0.025227329 0.246349052 -0.136772916 0.959150076
1341840851.690446 0.687790692 -0.154741794 -0.153471082 -0.023469530 0.250036359 -0.136079192 0.958338857
1341840851.722387 0.688193560 -0.154957473 -0.152948752 -0.022772992 0.250902653 -0.135521963 0.958208203
1341840851.758379 0.688257098 -0.154665500 -0.152860075 -0.020523436 0.251021564 -0.137363762 0.957965612
1341840851.790498 0.688688874 -0.154752776 -0.152367353 -0.017270213 0.252678901 -0.137954041 0.957509160
1341840851.822502 0.688530028 -0.154841289 -0.152769119 -0.015256970 0.253041536 -0.135938138 0.957735896
1341840851.858469 0.687699616 -0.154833734 -0.153980553 -0.018070193 0.254596621 -0.137104422 0.957108378
1341840851.890382 0.688753486 -0.154000938 -0.152742714 -0.016989363 0.258053064 -0.138961300 0.955933988
1341840851.926297 0.689525187 -0.153898537 -0.151347652 -0.010547019 0.261221945 -0.137549430 0.955370069
1341840851.958364 0.687691987 -0.155054420 -0.154279381 -0.012064269 0.261458278 -0.133493856 0.955862641
1341840851.990589 0.688592672 -0.154344797 -0.152621448 -0.014703245 0.260761887 -0.137215450 0.955488861
1341840852.026374 0.689631581 -0.153800994 -0.151325122 -0.011298552 0.264450729 -0.138178691 0.954381883
1341840852.058336 0.688888192 -0.154207408 -0.151999444 -0.007828894 0.268011332 -0.133079082 0.954148114
1341840852.094404 0.688273072 -0.154489890 -0.153160095 -0.008625717 0.267068684 -0.132202461 0.954527378
1341840852.126392 0.688630283 -0.154335767 -0.152803540 -0.012119171 0.266819358 -0.136754215 0.953917623
1341840852.158516 0.688662827 -0.154948577 -0.154042974 -0.009832218 0.271884561 -0.139813900 0.952068388
1341840852.194279 0.685249984 -0.154516771 -0.159966603 -0.003708831 0.280220687 -0.139282584 0.949769974
1341840852.226380 0.686242282 -0.154814929 -0.158303782 -0.006354201 0.280914634 -0.129210263 0.950973868
1341840852.258313 0.688632309 -0.154372931 -0.152628660 -0.009063711 0.276697785 -0.132208258 0.951775789
1341840852.294500 0.691366851 -0.152989835 -0.149155781 -0.005516159 0.277948678 -0.140410036 0.950262666
1341840852.326311 0.674604893 -0.150492504 -0.165353402 -0.001054103 0.285828114 -0.145466283 0.947175145
1341840852.362368 0.667328596 -0.146636650 -0.166283861 -0.003651282 0.291405380 -0.147795618 0.945106387
1341840852.394489 0.681824446 -0.134169579 -0.141223878 0.000690455 0.293088168 -0.142701030 0.945375741
1341840852.426307 0.701588869 -0.121711999 -0.116103113 0.007436994 0.293397307 -0.141610399 0.945414841
1341840852.462394 0.717215538 -0.112934321 -0.098846912 0.011728480 0.293600738 -0.137315452 0.945941627
1341840852.494557 0.729411244 -0.104051374 -0.092789590 0.014149815 0.293328822 -0.134534210 0.946392357
1341840852.526348 0.649983823 -0.192852050 -0.157803193 -0.009980405 0.306267977 -0.143885225 0.940955579
1341840852.562305 0.654037476 -0.237436920 -0.198446065 -0.019224647 0.304491580 -0.138639227 0.942175388
1341840852.594400 0.662210226 -0.264872402 -0.226010695 -0.025677003 0.303508550 -0.131528795 0.943357527
1341840852.630345 0.649433851 -0.259682298 -0.185859531 -0.025550367 0.309192002 -0.135251597 0.940985918
1341840852.663508 0.654523253 -0.261262238 -0.196113825 -0.020749196 0.306186974 -0.135010496 0.942120552
1341840852.694654 0.647502422 -0.263214439 -0.215470418 -0.020643979 0.305064529 -0.134925485 0.942499101
1341840852.732477 0.653059483 -0.261768103 -0.216941640 -0.022760564 0.302789390 -0.134158134 0.943293214
1341840852.762455 0.658157170 -0.242767662 -0.214667976 -0.020387555 0.303388834 -0.135047883 0.943027914
1341840852.794631 0.653025925 -0.247763842 -0.203767002 -0.024753731 0.307024807 -0.139864564 0.941042483
1341840852.830583 0.646167994 -0.265358239 -0.184484392 -0.027780194 0.311396033 -0.145815134 0.938615322
1341840852.862990 0.645878017 -0.267653823 -0.198084161 -0.023933774 0.311930239 -0.146584734 0.938423991
1341840852.898597 0.645795405 -0.263313174 -0.229575396 -0.024182918 0.311263531 -0.142463624 0.939273298
1341840852.930367 0.651935399 -0.261721909 -0.205954418 -0.030236250 0.312516600 -0.141479477 0.938830495
1341840852.962482 0.656292915 -0.260440946 -0.198098987 -0.027508544 0.311867237 -0.143357515 0.938845396
1341840852.998535 0.652830303 -0.256668001 -0.200838283 -0.025128499 0.312723666 -0.149141699 0.937725544
1341840853.037588 0.647884548 -0.254684687 -0.205647483 -0.026331268 0.315023422 -0.149401084 0.936881125
1341840853.066770 0.649424255 -0.254938483 -0.203863949 -0.025474496 0.314929515 -0.149438530 0.936930418
1341840853.098354 0.647162557 -0.256588966 -0.207851887 -0.024967993 0.315084249 -0.151489928 0.936562538
1341840853.131999 0.645430505 -0.263081163 -0.218152016 -0.026991064 0.316338569 -0.153875127 0.935694277
1341840853.166530 0.649090528 -0.263121158 -0.209898785 -0.025968185 0.317671150 -0.155251801 0.935044169
1341840853.198406 0.641803145 -0.259172052 -0.220025450 -0.023502870 0.317480445 -0.159844980 0.934400022
1341840853.231726 0.628312707 -0.260861933 -0.249104470 -0.027861811 0.318425149 -0.165806994 0.932918668
1341840853.266442 0.637802899 -0.262060910 -0.226838142 -0.032040343 0.323139727 -0.164917931 0.931319594
1341840853.298516 0.646628499 -0.266307056 -0.218804806 -0.027895849 0.323655874 -0.163561046 0.931513011
1341840853.334385 0.624776423 -0.280427426 -0.253735244 -0.027277019 0.322210133 -0.168299168 0.931188524
1341840853.366351 0.610130668 -0.296324015 -0.265203387 -0.034574129 0.322882742 -0.174878791 0.929499209
1341840853.398402 0.615324020 -0.298673064 -0.256712049 -0.036032237 0.325702429 -0.174426034 0.928544641
1341840853.434335 0.610508502 -0.297732502 -0.266044170 -0.034805071 0.327329874 -0.176599771 0.927607834
1341840853.466387 0.609109163 -0.293866694 -0.271654934 -0.034710530 0.328076482 -0.175761774 0.927506745
1341840853.498430 0.613416076 -0.295054704 -0.262568414 -0.035582334 0.328508735 -0.179583818 0.926588118
1341840853.534407 0.608545542 -0.301163316 -0.269500017 -0.036298726 0.331408083 -0.182508007 0.924955070
1341840853.566451 0.602824330 -0.300079554 -0.284783900 -0.037866190 0.333099455 -0.181690931 0.924445450
1341840853.602691 0.601927221 -0.303819299 -0.292240500 -0.042431582 0.333669722 -0.181399837 0.924098551
1341840853.634832 0.610947967 -0.299510539 -0.264490038 -0.044579409 0.336356014 -0.182773232 0.922752023
1341840853.666488 0.610200226 -0.300915301 -0.267976463 -0.041063525 0.336066335 -0.185048491 0.922567189
1341840853.702424 0.596976519 -0.300777137 -0.290768862 -0.041036475 0.335782945 -0.188667148 0.921938479
1341840853.734353 0.604399443 -0.300727874 -0.279257149 -0.046741359 0.335293472 -0.189510062 0.921672106
1341840853.766467 0.608180523 -0.300890535 -0.268807352 -0.046237346 0.336778402 -0.189565554 0.921144605
1341840853.802607 0.600607932 -0.302242696 -0.280684292 -0.043149032 0.337722450 -0.193824202 0.920061886
1341840853.834576 0.596811593 -0.302425385 -0.285078943 -0.046643063 0.339118958 -0.196317956 0.918848217
1341840853.870615 0.601051927 -0.300935060 -0.280279160 -0.049753480 0.340459138 -0.197214082 0.917997181
1341840853.902573 0.601175725 -0.301960349 -0.280323535 -0.050876595 0.342805296 -0.196869612 0.917136014
1341840853.940152 0.599345565 -0.301856458 -0.282628059 -0.051303092 0.343598753 -0.198059559 0.916558921
1341840853.970342 0.594133675 -0.301115900 -0.289423704 -0.053644404 0.344543904 -0.200376317 0.915566027
1341840854.002413 0.598326981 -0.298964739 -0.284138858 -0.054729920 0.347373754 -0.203637809 0.913711011
1341840854.034566 0.601815581 -0.302204013 -0.282384098 -0.053377502 0.350137711 -0.204581335 0.912524521
1341840854.070475 0.596573174 -0.301557928 -0.286654592 -0.053405236 0.352307379 -0.204896986 0.911616504
1341840854.102373 0.596201301 -0.301691145 -0.287408620 -0.055551320 0.352057040 -0.203645244 0.911865413
1341840854.138343 0.598598242 -0.302092671 -0.283650279 -0.056465108 0.352522165 -0.204885602 0.911351562
1341840854.170475 0.597152472 -0.301088095 -0.286204457 -0.052994099 0.354804665 -0.208274707 0.909904897
1341840854.202459 0.591586053 -0.301039875 -0.293308288 -0.051024742 0.356724441 -0.207110494 0.909532487
1341840854.238384 0.590741396 -0.301718414 -0.294459581 -0.053274415 0.354897022 -0.205672652 0.910444200
1341840854.270355 0.592791200 -0.304041266 -0.292520225 -0.052706093 0.353080362 -0.206309423 0.911039412
1341840854.306367 0.593952835 -0.302961111 -0.287590653 -0.049744058 0.355320781 -0.209760040 0.909545660
1341840854.338540 0.584889174 -0.302924722 -0.302579522 -0.048650321 0.358406812 -0.210536316 0.908213735
1341840854.370427 0.584754765 -0.303026795 -0.302381396 -0.050719153 0.357826084 -0.206319883 0.909296513
1341840854.406491 0.590113163 -0.301165640 -0.295084745 -0.051815171 0.356781751 -0.207597628 0.909354270
1341840854.438402 0.586530864 -0.301941216 -0.299719781 -0.050856113 0.358919889 -0.207599029 0.908566356
1341840854.470341 0.584209800 -0.303301185 -0.303359985 -0.053169131 0.358167320 -0.205970958 0.909101307
1341840854.506442 0.586120605 -0.302985817 -0.301625520 -0.055613283 0.357120514 -0.208696082 0.908745289
1341840854.538722 0.586573839 -0.301927418 -0.302824378 -0.054902188 0.360902846 -0.210785940 0.906809866
1341840854.574331 0.588164091 -0.301753640 -0.300050735 -0.057150234 0.365427285 -0.210840032 0.904844284
1341840854.606460 0.586172104 -0.303113461 -0.301466525 -0.057417840 0.365967363 -0.209666133 0.904881895
1341840854.638476 0.585644782 -0.303050429 -0.302246869 -0.057390779 0.365449548 -0.209357738 0.905164242
1341840854.674312 0.585660100 -0.302997291 -0.301943958 -0.059562072 0.367015392 -0.208097994 0.904680789
1341840854.706362 0.586179733 -0.303031236 -0.301355958 -0.059769176 0.366970539 -0.210351437 0.904164016
1341840854.738328 0.585745573 -0.302879691 -0.302092195 -0.059677988 0.367770523 -0.213096932 0.903201580
1341840854.774384 0.586093605 -0.302904904 -0.301661462 -0.059929758 0.369729549 -0.212063581 0.902628124
1341840854.806396 0.586198032 -0.303056866 -0.301516294 -0.061027873 0.369709283 -0.214124411 0.902076125
1341840854.842383 0.586107433 -0.303055882 -0.301574320 -0.061166663 0.370675296 -0.216197401 0.901175439
1341840854.874351 0.587508738 -0.302908540 -0.300022900 -0.055701017 0.369903058 -0.216995806 0.901655078
1341840854.906375 0.585626841 -0.303083122 -0.302138537 -0.053049114 0.367429376 -0.217682749 0.902660310
1341840854.942414 0.584320486 -0.303441167 -0.303490281 -0.057799045 0.364773333 -0.219323099 0.903048754
1341840854.974632 0.585811496 -0.303075701 -0.302053005 -0.058337580 0.365515471 -0.223954514 0.901576161
1341840855.006485 0.585858822 -0.302925080 -0.302001476 -0.052637637 0.367954910 -0.228108048 0.899891794
1341840855.042409 0.584329307 -0.302989572 -0.303762674 -0.054063663 0.367781043 -0.228074506 0.899886787
1341840855.074380 0.581742883 -0.303972960 -0.307458639 -0.063490003 0.371684432 -0.230959699 0.896926641
