1341840840.169494 0.066557102 0.020867752 0.006469405 -0.016519962 -0.012271103 -0.003578252 0.999781847
1341840840.201335 0.067912646 0.029494751 0.000982089 -0.012598211 -0.012949927 -0.004305662 0.999827504
1341840840.233363 0.075524390 0.044010565 0.005047930 -0.010801233 -0.014032332 -0.003364318 0.999837518
1341840840.269407 0.076507181 0.042717520 0.007528351 -0.012688008 -0.012595870 -0.002424686 0.999837220
1341840840.294570 0.079753779 0.021122025 0.005606168 -0.020921003 -0.012767605 -0.000475914 0.999699473
1341840840.330394 0.073796317 0.020584330 0.003363970 -0.018964577 -0.008515363 0.000685160 0.999783695
1341840840.362487 0.078771695 0.028075969 0.000071381 -0.015355760 -0.010984416 0.003784413 0.999814630
1341840840.394382 0.084411092 0.032047529 0.001335512 -0.016663810 -0.014082850 0.005853157 0.999744833
1341840840.430325 0.094215430 0.020445278 0.006528430 -0.021418808 -0.016575674 0.007477910 0.999605179
1341840840.462407 0.094819225 0.028000336 0.001849028 -0.016308002 -0.014254539 0.006848545 0.999741912
1341840840.494502 0.101657882 0.038634822 0.003268535 -0.014918322 -0.016309561 0.008577187 0.999718904
1341840840.530297 0.109815478 0.026358871 0.007048956 -0.022072643 -0.019337846 0.010996981 0.999508798
1341840840.562361 0.111691639 0.024817266 0.005950044 -0.021406254 -0.019116314 0.011027548 0.999527276
1341840840.598321 0.111162871 0.025148734 0.004168911 -0.021671891 -0.018632429 0.011833509 0.999521494
1341840840.630280 0.116800919 0.025388055 0.006614640 -0.019549124 -0.022792015 0.014338768 0.999446213
1341840840.662439 0.117192306 0.025440680 0.002156004 -0.017995834 -0.023195283 0.012741911 0.999487758
1341840840.698371 0.125041038 0.042577699 0.006663303 -0.012173863 -0.022531515 0.010606463 0.999615729
1341840840.730361 0.141832933 0.038753185 0.013216896 -0.013177928 -0.025272489 0.012755658 0.999512374
1341840840.762407 0.129236966 0.020598695 0.003797783 -0.017170392 -0.017499845 0.012036205 0.999626935
1341840840.798303 0.129774541 0.034630727 -0.000960066 -0.010693961 -0.017672431 0.011202606 0.999723852
1341840840.830375 0.147583172 0.042447474 0.010376299 -0.009183042 -0.022142954 0.010375648 0.999658823
1341840840.866393 0.154273733 0.030382026 0.013177212 -0.011872653 -0.020869521 0.010258710 0.999659061
1341840840.898320 0.143917799 0.027438181 0.000064753 -0.009669799 -0.014624165 0.010201531 0.999794245
1341840840.930454 0.138956621 0.036442857 -0.003884297 -0.007797763 -0.011814329 0.009611150 0.999853611
1341840840.966498 0.147533849 0.031644925 0.000968123 -0.013207221 -0.012627080 0.009280869 0.999789953
1341840840.998398 0.154922232 0.026606165 0.001615243 -0.014855687 -0.012372116 0.009189723 0.999770880
1341840841.034538 0.156780973 0.037171412 0.001321474 -0.011294225 -0.008531445 0.006762797 0.999876916
1341840841.066345 0.170840666 0.059915561 0.006938864 -0.005541331 -0.007013929 0.003531770 0.999953806
1341840841.098335 0.167958096 0.040706247 0.008097245 -0.019224938 -0.002478424 0.004705755 0.999801040
1341840841.134331 0.165922239 0.020203687 0.005218619 -0.025513012 -0.002333716 0.008216688 0.999638021
1341840841.166392 0.188372687 0.052259017 0.008920959 -0.010116607 -0.006494883 0.005524604 0.999912500
1341840841.198348 0.191442177 0.053930294 0.009575201 -0.012723546 -0.001505045 0.006631727 0.999895930
1341840841.234400 0.206867903 0.026738828 0.010152391 -0.024189532 -0.003613734 0.010615176 0.999644518
1341840841.266296 0.198269352 0.030362584 0.007224910 -0.016429216 -0.001762176 0.010462537 0.999808729
1341840841.302430 0.200212866 0.043714643 0.003179570 -0.009075020 -0.000965687 0.010482548 0.999903381
1341840841.334542 0.204455823 0.037072010 -0.001182570 -0.013104419 -0.001417975 0.013917477 0.999816239
1341840841.366311 0.208692238 0.034810267 -0.001767710 -0.013874678 -0.002281582 0.013071626 0.999815702
1341840841.402475 0.206405044 0.036115322 -0.004779528 -0.012903736 -0.000706731 0.011628312 0.999848843
1341840841.434345 0.210033849 0.038219403 -0.005379630 -0.012517300 -0.001398734 0.010832149 0.999862015
1341840841.466383 0.212778002 0.040814217 -0.003838165 -0.012563632 -0.001626910 0.010798094 0.999861419
1341840841.502454 0.216030076 0.035564028 -0.003213542 -0.015333822 -0.002570576 0.011033617 0.999818265
1341840841.534696 0.233434737 0.038703814 -0.001209024 -0.013231421 -0.007146638 0.010966711 0.999826789
1341840841.570470 0.234134197 0.051900972 -0.006408817 -0.008611155 -0.006068478 0.011373634 0.999879837
1341840841.602476 0.231640413 0.060245954 -0.002174754 -0.009073188 -0.002988670 0.010519827 0.999899030
1341840841.634468 0.248433948 0.042962473 0.003188756 -0.016623851 -0.007815321 0.011053078 0.999770164
1341840841.671032 0.243575722 0.044802122 -0.002374898 -0.014156790 -0.004100542 0.010600035 0.999835193
1341840841.702284 0.242800444 0.049843434 -0.005047161 -0.013122131 -0.004885006 0.012249929 0.999826908
1341840841.734304 0.246920645 0.051967576 -0.002865662 -0.014204199 -0.006804433 0.013287472 0.999787629
1341840841.770351 0.251093715 0.046278931 0.000592198 -0.016938593 -0.008225127 0.014900330 0.999711633
1341840841.802313 0.255450755 0.039133783 -0.003618885 -0.019665267 -0.010941141 0.018304698 0.999579191
1341840841.838370 0.239914104 0.034398373 -0.005753189 -0.020333093 -0.011144090 0.019965649 0.999531746
1341840841.870881 0.248519704 0.043743167 -0.002861342 -0.013672963 -0.021217743 0.015101713 0.999567330
1341840841.902346 0.261845320 0.068797559 0.003465308 -0.004227052 -0.026072089 0.011143474 0.999589026
1341840841.938375 0.261120230 0.056143884 0.003608917 -0.013525640 -0.020570386 0.012052143 0.999624252
1341840841.970352 0.263820767 0.044257466 -0.002789037 -0.019862162 -0.020413214 0.011596275 0.999527037
1341840842.006342 0.269178927 0.055265024 -0.001340996 -0.016120862 -0.025711814 0.008849351 0.999500275
1341840842.038475 0.276768714 0.056916121 0.005368271 -0.016774694 -0.027155226 0.006271855 0.999470830
1341840842.070419 0.279952645 0.056098521 0.002428645 -0.016456347 -0.024065815 0.004906603 0.999562860
1341840842.106404 0.273938686 0.052047040 -0.003574360 -0.018882528 -0.020372167 0.003755045 0.999607086
1341840842.138367 0.260096490 0.042012844 -0.002268950 -0.020750213 -0.019643895 0.001549200 0.999590456
1341840842.170410 0.270106286 0.052107282 -0.002307878 -0.012023697 -0.025988989 -0.000597613 0.999589741
1341840842.206430 0.284192175 0.068420202 0.000176879 -0.003022915 -0.030844415 -0.002606700 0.999516249
1341840842.238319 0.288821846 0.067379184 -0.001886517 -0.001972231 -0.030468158 -0.007437918 0.999506116
1341840842.274385 0.303561985 0.053039089 -0.006994542 -0.006398851 -0.029962847 -0.013337920 0.999441564
1341840842.306571 0.301925540 0.052430984 -0.011567816 -0.003523784 -0.026201816 -0.016900888 0.999507606
1341840842.338413 0.294569671 0.057557248 -0.021196771 -0.000505100 -0.022761710 -0.019558618 0.999549448
1341840842.374365 0.298937082 0.047137007 -0.019004930 -0.004800240 -0.026844097 -0.020390593 0.999420106
1341840842.406739 0.285240561 0.048711937 -0.018923612 0.002581522 -0.027678141 -0.023401497 0.999339581
1341840842.438410 0.301444143 0.080052339 -0.017402748 0.014983425 -0.030905427 -0.027601955 0.999028742
1341840842.474299 0.313145787 0.093763381 -0.009596489 0.011609124 -0.026182994 -0.032021660 0.999076724
1341840842.506377 0.326477438 0.064061329 -0.006966136 0.000521271 -0.017419780 -0.033171359 0.999297678
1341840842.542388 0.307322800 0.047661364 -0.016491164 0.008664280 0.002419058 -0.038385645 0.999222517
1341840842.574346 0.321975619 0.053064421 -0.012860532 0.013133316 -0.001443903 -0.039813761 0.999119759
1341840842.606530 0.330982059 -0.054601390 -0.005197713 -0.030957282 -0.002085411 -0.048021130 0.998364270
1341840842.642329 0.321671784 -0.076211609 -0.028528707 -0.039467134 0.005895359 -0.051511556 0.997874796
1341840842.674386 0.323507577 -0.078642190 -0.037932012 -0.036908444 0.004004846 -0.047815904 0.998166025
1341840842.706548 0.325452805 -0.080295168 -0.043319687 -0.038815372 0.002129162 -0.052409872 0.997868776
1341840842.742312 0.325457931 -0.080837741 -0.043376703 -0.041469540 0.005618220 -0.048372481 0.997952342
1341840842.774261 0.328500837 -0.086382210 -0.055453893 -0.042478327 0.004855701 -0.048804656 0.997892857
1341840842.810490 0.326939672 -0.086274169 -0.066485189 -0.040693652 0.005368563 -0.051364295 0.997836113
1341840842.842296 0.329035729 -0.088143550 -0.074537426 -0.045702722 0.001421052 -0.051507179 0.997625291
1341840842.874411 0.327555776 -0.086502366 -0.068072453 -0.048784435 0.001791177 -0.053529866 0.997372270
1341840842.910377 0.326833397 -0.086257368 -0.062722407 -0.045155570 0.005216038 -0.052729025 0.997573733
1341840842.942647 0.327925414 -0.086476110 -0.072395645 -0.042536013 0.006497838 -0.052550223 0.997690797
1341840842.974535 0.328183353 -0.086201929 -0.072726801 -0.043402739 0.006743849 -0.059466001 0.997263491
1341840843.010449 0.326593399 -0.085947797 -0.068438023 -0.042508528 0.013140120 -0.060301848 0.997188091
1341840843.042429 0.326921374 -0.086418204 -0.070415884 -0.041258592 0.019505098 -0.052427664 0.997581363
1341840843.078385 0.327870607 -0.087632179 -0.077602476 -0.043803502 0.016860686 -0.045314051 0.997869551
1341840843.110373 0.328274369 -0.087027095 -0.075675152 -0.046077441 0.011243712 -0.053038713 0.997465491
1341840843.142285 0.327546656 -0.081686564 -0.097525880 -0.044727474 0.017197113 -0.052687183 0.997460663
1341840843.178476 0.335090637 -0.086765252 -0.124355964 -0.045430139 0.020466499 -0.046443176 0.997677386
1341840843.210589 0.336037040 -0.086969137 -0.126581997 -0.044458870 0.019729260 -0.050229840 0.997552574
1341840843.246317 0.335061789 -0.084789887 -0.127080724 -0.045506634 0.022104869 -0.041064776 0.997874856
1341840843.278543 0.333546132 -0.085310996 -0.125265732 -0.046625510 0.023333650 -0.040114373 0.997833908
1341840843.310587 0.339957267 -0.083594449 -0.119227998 -0.045669623 0.017824177 -0.039400134 0.998020172
1341840843.346529 0.344168723 -0.077496603 -0.129062295 -0.040454783 0.014363636 -0.039574683 0.998293996
1341840843.385053 0.344682693 -0.076830029 -0.130807385 -0.044846401 0.011862770 -0.042025667 0.998039067
1341840843.411509 0.339972287 -0.082747951 -0.128119096 -0.049263239 0.017043782 -0.046445861 0.997559726
1341840843.447220 0.340285450 -0.081914671 -0.128706545 -0.048316099 0.020376785 -0.040917050 0.997785628
1341840843.478671 0.343674749 -0.084778309 -0.133635521 -0.051209375 0.018418668 -0.043459911 0.997571826
1341840843.515039 0.340132654 -0.081581749 -0.129261509 -0.053919394 0.019495588 -0.049376022 0.997133195
1341840843.548527 0.339368701 -0.079472922 -0.124111399 -0.051473025 0.023991022 -0.050582930 0.997103930
1341840843.582569 0.341618121 -0.077711262 -0.122422025 -0.047427382 0.025205797 -0.048074618 0.997398674
1341840843.614798 0.346471936 -0.075987063 -0.131247357 -0.049614478 0.021625711 -0.049910866 0.997286141
1341840843.653429 0.342481345 -0.078343630 -0.123842299 -0.054294016 0.023171449 -0.048913203 0.997057021
1341840843.687928 0.342911690 -0.074746698 -0.113431826 -0.051787790 0.024135193 -0.048136596 0.997205257
1341840843.720258 0.343423516 -0.074338734 -0.117541760 -0.048821967 0.025346886 -0.050708022 0.997197390
1341840843.785505 0.342353851 -0.074055716 -0.113751516 -0.050818563 0.027098872 -0.051442463 0.997013927
1341840843.814703 0.342614919 -0.073903255 -0.113286480 -0.048540462 0.028388334 -0.052391466 0.997042179
1341840843.846439 0.342778623 -0.074157581 -0.112952732 -0.048398152 0.029298088 -0.051782116 0.997054577
1341840843.882429 0.341773361 -0.074835517 -0.115386799 -0.048605945 0.030824360 -0.053998444 0.996880889
1341840843.914321 0.341673732 -0.074802332 -0.115196869 -0.047842514 0.033633128 -0.057310607 0.996642053
1341840843.946316 0.342096448 -0.075336166 -0.116404444 -0.046416491 0.038556658 -0.058070544 0.996487200
1341840843.982401 0.342096627 -0.075319640 -0.116448000 -0.047088109 0.040692627 -0.056906115 0.996437907
1341840844.014387 0.341269344 -0.075200923 -0.115736008 -0.048702762 0.041098338 -0.059262872 0.996206224
1341840844.050399 0.341996133 -0.075508706 -0.115813479 -0.045126956 0.042876326 -0.060363866 0.996233582
1341840844.082349 0.342309028 -0.075670309 -0.116424456 -0.039761767 0.045939744 -0.063962840 0.996101081
1341840844.114393 0.342437655 -0.075788394 -0.118608490 -0.042287275 0.047799747 -0.061595444 0.996058702
1341840844.150523 0.342388153 -0.075603962 -0.118412882 -0.043082032 0.048286650 -0.063382760 0.995889008
1341840844.182299 0.342169613 -0.074737065 -0.117120400 -0.039679594 0.051331483 -0.067753755 0.995590329
1341840844.218448 0.341933101 -0.074369498 -0.115705505 -0.034695417 0.054806426 -0.069404103 0.995477557
1341840844.250566 0.342077464 -0.075042449 -0.116723701 -0.033060774 0.056242954 -0.068969227 0.995483279
1341840844.282274 0.343252927 -0.075371936 -0.119444609 -0.036459532 0.055483039 -0.067568138 0.995503306
1341840844.318322 0.342164010 -0.074885525 -0.115855947 -0.037596215 0.054809459 -0.065878808 0.995611608
1341840844.350432 0.342512131 -0.074584648 -0.115761369 -0.031653427 0.053331695 -0.070874661 0.995555401
1341840844.382375 0.342447579 -0.074662134 -0.117363095 -0.030395465 0.055670276 -0.076242551 0.995069861
1341840844.418837 0.341719329 -0.075055949 -0.116240703 -0.033389360 0.058847316 -0.073654331 0.994986057
1341840844.450418 0.342036039 -0.074817814 -0.115378387 -0.031287700 0.056371920 -0.071473777 0.995356619
1341840844.486330 0.342240691 -0.074255101 -0.115151793 -0.027821222 0.054172870 -0.076514617 0.995206952
1341840844.518335 0.341988832 -0.074393213 -0.113704227 -0.024887890 0.057736665 -0.082828067 0.994578600
1341840844.550458 0.342619568 -0.075075313 -0.114853702 -0.026061902 0.061255153 -0.082086928 0.994399488
1341840844.586351 0.342282325 -0.074674532 -0.114703067 -0.026696118 0.060057942 -0.078442104 0.994749844
1341840844.618382 0.342381656 -0.074385241 -0.114598840 -0.025605602 0.058100674 -0.080861799 0.994701028
1341840844.650334 0.343072683 -0.073696613 -0.116636001 -0.025360657 0.058784414 -0.085378416 0.994289577
1341840844.686320 0.342510670 -0.073450655 -0.113706276 -0.024881374 0.060708895 -0.085043252 0.994214773
1341840844.718495 0.342990339 -0.073797770 -0.115512550 -0.022098748 0.062415961 -0.088769481 0.993849039
1341840844.757582 0.343562067 -0.074192919 -0.117616221 -0.023762194 0.063618593 -0.089690104 0.993651688
1341840844.791011 0.343009293 -0.073255748 -0.115390599 -0.023601128 0.064065009 -0.088309944 0.993750453
1341840844.818394 0.343250930 -0.073109776 -0.114851937 -0.021241860 0.064934693 -0.091122076 0.993493378
1341840844.854307 0.345108807 -0.072424963 -0.121298529 -0.019621953 0.067474954 -0.093816020 0.993106544
1341840844.888045 0.345003605 -0.072185084 -0.121551767 -0.019390866 0.069211937 -0.092050128 0.993156791
1341840844.918612 0.345022857 -0.072415367 -0.121231101 -0.021605616 0.069729961 -0.091694780 0.993107736
1341840844.954718 0.344936669 -0.072181754 -0.120939508 -0.021844992 0.071421325 -0.092657223 0.992892981
1341840844.986719 0.344977945 -0.072091676 -0.120789394 -0.021053594 0.074022681 -0.094044082 0.992589116
1341840845.022279 0.344873160 -0.072005443 -0.120545611 -0.020395422 0.077478468 -0.094139583 0.992330074
1341840845.054280 0.344885021 -0.072004020 -0.120359518 -0.019712612 0.081004836 -0.091821179 0.992279470
1341840845.086344 0.344861090 -0.072102576 -0.120621443 -0.020442976 0.083257392 -0.091450259 0.992112458
1341840845.123640 0.344847322 -0.072069764 -0.120361105 -0.022059331 0.082991093 -0.091159150 0.992126942
1341840845.154408 0.344779313 -0.071981862 -0.120082885 -0.017963208 0.082659528 -0.094848432 0.991891384
1341840845.186393 0.344861954 -0.071971461 -0.120465860 -0.018559083 0.083270587 -0.094476886 0.991864741
1341840845.222296 0.344813526 -0.071848370 -0.120317832 -0.022605646 0.082116537 -0.089517303 0.992336869
1341840845.254440 0.344803363 -0.071703032 -0.120023727 -0.020626934 0.079932272 -0.092129581 0.992319226
1341840845.290376 0.344768941 -0.071468085 -0.119817726 -0.018247280 0.082611233 -0.098986715 0.991485775
1341840845.322289 0.344781846 -0.071168184 -0.120162740 -0.019434839 0.086957440 -0.097928710 0.991196573
1341840845.354494 0.344819278 -0.071313828 -0.120471075 -0.020167455 0.084831789 -0.092391632 0.991897464
1341840845.390309 0.344833821 -0.071241833 -0.120216876 -0.015904985 0.079515919 -0.096292041 0.992044389
1341840845.422339 0.344743252 -0.071185142 -0.119935140 -0.012400090 0.078620858 -0.102660939 0.991526961
1341840845.458335 0.344939381 -0.070777997 -0.120190337 -0.013174965 0.081319541 -0.110605218 0.990444422
1341840845.490264 0.344943196 -0.070667513 -0.119951442 -0.015532711 0.085772276 -0.111514501 0.989932477
1341840845.522343 0.344698876 -0.071430922 -0.119638175 -0.017262883 0.088188916 -0.103778474 0.990532517
1341840845.558310 0.344803452 -0.071432754 -0.120050356 -0.017411383 0.085242406 -0.101211585 0.991053343
1341840845.597232 0.344847590 -0.071460895 -0.119862407 -0.016941622 0.080536462 -0.100939840 0.991482735
1341840845.622577 0.345143914 -0.071064241 -0.119525775 -0.014792020 0.078952454 -0.105064206 0.991216063
1341840845.658634 0.344750762 -0.070605613 -0.120051742 -0.015181735 0.082944795 -0.107809134 0.990589142
1341840845.690353 0.344755471 -0.070533931 -0.120033279 -0.017305585 0.086454503 -0.111029699 0.989898205
1341840845.729069 0.344845831 -0.070762403 -0.119572952 -0.017016148 0.088593327 -0.111322463 0.989681244
1341840845.758375 0.344725728 -0.070843942 -0.119837105 -0.016718846 0.089395836 -0.109293133 0.989840329
1341840845.790466 0.344792575 -0.071143366 -0.119823851 -0.017715786 0.085772328 -0.107629985 0.990325689
1341840845.826375 0.344733119 -0.071024671 -0.119775951 -0.018476246 0.082083762 -0.111962192 0.990144134
1341840845.858782 0.344649017 -0.070917539 -0.119661346 -0.018968090 0.086087562 -0.121393815 0.988682270
1341840845.890417 0.344604433 -0.070844583 -0.118913710 -0.018072914 0.094094150 -0.119295910 0.988224685
1341840845.926383 0.344587386 -0.071283646 -0.118419997 -0.016370656 0.093698964 -0.119565383 0.988259375
1341840845.958390 0.345024467 -0.070700563 -0.122408718 -0.017884769 0.093604222 -0.122857124 0.987838268
1341840845.994269 0.345025152 -0.070680372 -0.122264564 -0.018129047 0.095883586 -0.122418128 0.987669706
1341840846.026558 0.344947666 -0.070624568 -0.122162066 -0.015824975 0.097397186 -0.121124879 0.987720668
1341840846.058807 0.345096529 -0.070814036 -0.122534588 -0.016959982 0.096641436 -0.121303655 0.987754107
1341840846.094265 0.344995230 -0.070834942 -0.121595934 -0.016476903 0.097068243 -0.125739947 0.987165511
1341840846.126378 0.345048130 -0.070672512 -0.122284062 -0.013598429 0.102775618 -0.131519318 0.985877752
1341840846.158446 0.345334500 -0.070612982 -0.123499408 -0.013745686 0.108361565 -0.128473163 0.985679209
1341840846.194427 0.345607489 -0.071450956 -0.125849828 -0.017299434 0.109002307 -0.125137627 0.985981643
1341840846.226385 0.345416367 -0.071594805 -0.124555662 -0.019015228 0.109478831 -0.125064954 0.985906422
1341840846.262497 0.344978809 -0.071026877 -0.121086165 -0.014424921 0.113940649 -0.128582537 0.985025883
1341840846.294419 0.345516115 -0.071724713 -0.125023022 -0.014619146 0.118912302 -0.125608504 0.984819114
1341840846.326478 0.345664233 -0.072251216 -0.126267254 -0.016851652 0.118451826 -0.123538531 0.985100687
1341840846.362426 0.345557868 -0.071625508 -0.125255927 -0.015254064 0.118251927 -0.126881003 0.984725833
1341840846.394323 0.345439404 -0.071083777 -0.125477389 -0.011898662 0.123575702 -0.130648568 0.983625174
1341840846.430454 0.345562994 -0.071193777 -0.126139700 -0.012175746 0.128259510 -0.129158989 0.983218789
1341840846.465291 0.345461071 -0.071098655 -0.125710785 -0.016505200 0.128799573 -0.127756789 0.983268261
1341840846.494473 0.345507920 -0.071050338 -0.125635639 -0.016180240 0.129845262 -0.129644573 0.982888937
1341840846.530439 0.345459431 -0.071071707 -0.125449002 -0.012416082 0.134219915 -0.128927305 0.982450306
1341840846.562569 0.345622420 -0.071102180 -0.126960054 -0.011664100 0.137038693 -0.125464216 0.982518733
1341840846.594486 0.345678627 -0.071181819 -0.127495423 -0.016529113 0.135610744 -0.124458931 0.982774913
1341840846.630509 0.345513284 -0.071053118 -0.126342997 -0.017256707 0.137671456 -0.129719228 0.981795132
1341840846.662363 0.345207483 -0.070762411 -0.125438571 -0.010533789 0.145411342 -0.139133647 0.979482710
1341840846.698323 0.345882237 -0.071682997 -0.128675267 -0.011295140 0.150971875 -0.135847956 0.979094088
1341840846.730390 0.345818281 -0.071730159 -0.128410846 -0.015025781 0.151493773 -0.136192158 0.978915513
1341840846.762470 0.345898420 -0.071904421 -0.128760099 -0.019958697 0.149409890 -0.134917364 0.979324043
1341840846.798363 0.345833927 -0.071804583 -0.129201099 -0.017654054 0.152424976 -0.138488352 0.978404820
1341840846.830356 0.345905453 -0.071904615 -0.129456311 -0.022788357 0.155958101 -0.136133924 0.978072226
1341840846.862350 0.346065611 -0.071732581 -0.130043834 -0.023795178 0.154676810 -0.136223033 0.978239298
1341840846.898489 0.346129566 -0.071719646 -0.130508497 -0.021801692 0.156710193 -0.143575877 0.976909697
1341840846.930380 0.346008092 -0.071637303 -0.130630612 -0.027141323 0.160679102 -0.143534958 0.976136923
1341840846.966358 0.346120566 -0.071476407 -0.131073400 -0.031919029 0.161621541 -0.135475129 0.976988316
1341840846.998844 0.346090674 -0.071664125 -0.130329162 -0.027290784 0.159536883 -0.145494357 0.976030052
1341840847.030411 0.346076816 -0.071673356 -0.130417019 -0.028404914 0.159029722 -0.147354275 0.975801945
1341840847.066359 0.346096396 -0.071674734 -0.130531535 -0.032884534 0.162465051 -0.144753382 0.975484550
1341840847.098410 0.346108854 -0.071705796 -0.130378887 -0.033467498 0.163208872 -0.145086110 0.975291133
1341840847.130366 0.346099436 -0.071675763 -0.130470961 -0.033495713 0.161658928 -0.146383464 0.975354433
1341840847.166401 0.346108466 -0.071678743 -0.130590573 -0.035106391 0.162590921 -0.145083770 0.975337088
1341840847.198307 0.346118599 -0.071663953 -0.130467802 -0.034553621 0.164754942 -0.146000937 0.974856675
1341840847.234496 0.346116543 -0.071621053 -0.130339667 -0.030571735 0.163286358 -0.146716416 0.975129306
1341840847.266747 0.346128404 -0.071634710 -0.130544931 -0.029586466 0.160440356 -0.146800086 0.975619435
1341840847.298356 0.346113533 -0.071673661 -0.130650789 -0.031903740 0.162045091 -0.145715863 0.975443721
1341840847.334573 0.346121609 -0.071681172 -0.130574733 -0.030677149 0.164393380 -0.146674424 0.974946320
1341840847.366405 0.346113563 -0.071696930 -0.130564719 -0.028044574 0.163355052 -0.147937939 0.975009203
1341840847.398361 0.346105009 -0.071681999 -0.130672544 -0.027129326 0.162825420 -0.149613440 0.974868059
1341840847.434625 0.346042812 -0.071704604 -0.130901814 -0.029064314 0.167484254 -0.150082693 0.973950446
1341840847.466370 0.346124947 -0.071679600 -0.130565390 -0.029263694 0.172557771 -0.150473312 0.972998023
1341840847.502590 0.346116692 -0.071667016 -0.130535439 -0.028119778 0.171769381 -0.149485320 0.973323524
1341840847.534309 0.346117139 -0.071708284 -0.130655989 -0.029916767 0.170245320 -0.148424760 0.973699987
1341840847.566354 0.346133858 -0.071678594 -0.130669996 -0.030642681 0.172662199 -0.150119454 0.972991765
1341840847.603337 0.346122652 -0.071685329 -0.130596623 -0.028595103 0.175983950 -0.150911227 0.972336233
1341840847.634465 0.346132994 -0.071658216 -0.130584776 -0.027191997 0.175589383 -0.150562137 0.972501934
1341840847.670420 0.346134573 -0.071707897 -0.130680263 -0.027421275 0.175470114 -0.150804907 0.972479403
1341840847.702420 0.346142530 -0.071691401 -0.130804032 -0.027951421 0.178820252 -0.149309188 0.972084761
1341840847.734342 0.346149802 -0.071709618 -0.130624130 -0.029657621 0.182771951 -0.149484619 0.971271932
1341840847.770464 0.346135080 -0.071691483 -0.130553812 -0.026324889 0.183388814 -0.152044550 0.970854282
1341840847.802407 0.346154213 -0.071698904 -0.130724117 -0.023266900 0.182069942 -0.152125046 0.971167982
1341840847.834306 0.346137762 -0.071672805 -0.130811810 -0.024116682 0.184567079 -0.153734371 0.970422149
1341840847.870532 0.346156448 -0.071711138 -0.130683735 -0.023321100 0.186775982 -0.152769357 0.970171332
1341840847.902485 0.346146405 -0.071692452 -0.130735263 -0.022798069 0.186184034 -0.150914073 0.970587790
1341840847.938405 0.346202999 -0.071662664 -0.130706504 -0.024087559 0.185873672 -0.152310312 0.970398009
1341840847.970339 0.346193820 -0.071646146 -0.130673781 -0.021641824 0.186424375 -0.155615643 0.969825447
1341840848.002312 0.346160978 -0.071700945 -0.130847186 -0.019930677 0.185809314 -0.155764416 0.969956219
1341840848.038354 0.346164852 -0.071677417 -0.130843803 -0.018106354 0.185064733 -0.157097384 0.969919384
1341840848.070743 0.346201241 -0.071692638 -0.131073862 -0.017072519 0.184886202 -0.156308413 0.970099628
1341840848.102909 0.346210063 -0.071622603 -0.131219238 -0.016627768 0.187632754 -0.157433465 0.969397843
1341840848.138432 0.346203595 -0.071686886 -0.131166905 -0.018234687 0.190654695 -0.157605559 0.968751132
1341840848.170385 0.346202463 -0.071661964 -0.131096125 -0.018246857 0.191538364 -0.157849357 0.968536913
1341840848.206548 0.346228600 -0.071666077 -0.131280318 -0.015989730 0.192398340 -0.158361331 0.968322694
1341840848.238651 0.346223831 -0.071622327 -0.131341904 -0.013762305 0.193443701 -0.157714799 0.968254149
1341840848.277372 0.346226484 -0.071607754 -0.131335676 -0.014354832 0.194218904 -0.157839566 0.968070090
1341840848.313384 0.346239656 -0.071632646 -0.131378144 -0.013310676 0.195440918 -0.161360532 0.967258215
1341840848.345285 0.346263766 -0.071579568 -0.131515473 -0.010745506 0.195825040 -0.161224931 0.967235029
1341840848.377729 0.346260726 -0.071582153 -0.131516501 -0.010713804 0.197870627 -0.160420090 0.966952860
1341840848.413434 0.346265525 -0.071574010 -0.131514147 -0.011477443 0.199665442 -0.162070885 0.966299653
1341840848.446614 0.346280903 -0.071574971 -0.131503299 -0.010589267 0.201817930 -0.161958948 0.965881288
1341840848.477376 0.346257478 -0.071575448 -0.131527275 -0.008880596 0.204019561 -0.160112232 0.965743840
1341840848.514358 0.346261442 -0.071567491 -0.131519988 -0.010239846 0.205174699 -0.159045830 0.965661883
1341840848.545352 0.346311510 -0.071560189 -0.131461233 -0.010428262 0.207235143 -0.163204730 0.964525282
1341840848.581630 0.346323937 -0.071560837 -0.131452173 -0.004599551 0.211128518 -0.167641789 0.962964058
1341840848.613497 0.346280634 -0.071570098 -0.131494001 -0.002401477 0.213847727 -0.162910089 0.963184118
1341840848.645345 0.346300274 -0.071566589 -0.131476775 -0.002839544 0.212666973 -0.159149528 0.964072645
1341840848.681427 0.346347541 -0.071572036 -0.131405741 -0.000976841 0.212899402 -0.163936004 0.963222682
1341840848.713310 0.346329808 -0.071569130 -0.131437063 0.002549453 0.217295781 -0.167778522 0.961574972
1341840848.745404 0.346318215 -0.071562901 -0.131445140 0.006585194 0.222788051 -0.165129170 0.960757256
1341840848.774529 0.346299738 -0.071569443 -0.131473213 0.005955123 0.224782050 -0.162331268 0.960773706
1341840848.806548 0.346306205 -0.071565039 -0.131460637 0.004245797 0.226225078 -0.158474743 0.961087942
1341840848.842443 0.346360803 -0.071567997 -0.131392092 0.006666660 0.225956574 -0.159357607 0.960991323
1341840848.874427 0.346337348 -0.071567230 -0.131420314 0.010407347 0.226593763 -0.163197577 0.960163236
1341840848.910589 0.346308082 -0.071567804 -0.131464943 0.008528017 0.228169903 -0.165170953 0.959470868
1341840848.942390 0.346359700 -0.071572781 -0.131389350 0.010564451 0.230126619 -0.165257037 0.958968341
1341840848.974342 0.346351892 -0.071605556 -0.131375000 0.014927316 0.230939209 -0.166067377 0.958574951
1341840849.010480 0.346314341 -0.071572021 -0.131457120 0.019746309 0.226576298 -0.165012240 0.959710479
1341840849.042373 0.346321434 -0.071564935 -0.131438524 0.014206850 0.227446258 -0.167824894 0.959114790
1341840849.074269 0.346350014 -0.071566887 -0.131402165 0.016487721 0.230075702 -0.169601336 0.958138168
1341840849.110433 0.346338302 -0.071567900 -0.131419927 0.019388050 0.231349513 -0.168788165 0.957920730
1341840849.142356 0.346340179 -0.071569540 -0.131416544 0.021287510 0.229996204 -0.169056267 0.958158970
1341840849.178427 0.346336544 -0.071568407 -0.131422088 0.020867852 0.229135424 -0.171335578 0.957969546
1341840849.210439 0.346350789 -0.071564496 -0.131401822 0.023000915 0.229681268 -0.170721874 0.957899511
1341840849.242309 0.346338987 -0.071568102 -0.131418332 0.025864651 0.229016408 -0.170350775 0.958051741
1341840849.278391 0.346304119 -0.071565695 -0.131464809 0.021366572 0.230915204 -0.175348535 0.956804335
1341840849.310332 0.346342593 -0.071572475 -0.131412536 0.018568970 0.237326935 -0.178405046 0.954726517
1341840849.378339 0.346352965 -0.071565062 -0.131399602 0.031608619 0.250173748 -0.174273863 0.951862693
1341840849.410390 0.346342206 -0.071594611 -0.131428659 0.026916873 0.249023870 -0.172586486 0.952615619
1341840849.446437 0.346349210 -0.071581624 -0.131405592 0.024909666 0.251354098 -0.172844380 0.952011228
1341840849.478425 0.346371919 -0.071571186 -0.131374553 0.030245256 0.258354068 -0.179055497 0.948829532
1341840849.512199 0.346319258 -0.071570151 -0.131446764 0.030217009 0.265465140 -0.179978341 0.946690559
1341840849.546449 0.346307009 -0.071565911 -0.131454766 0.025903828 0.271099418 -0.180381507 0.945143700
1341840849.578498 0.346335977 -0.071568206 -0.131414533 0.023520434 0.276438177 -0.179648072 0.943798304
1341840849.610692 0.346373498 -0.071565278 -0.131376535 0.026330946 0.280380636 -0.178914353 0.942699850
1341840849.646317 0.346445054 -0.071664490 -0.131275415 0.023142930 0.282026410 -0.178050429 0.942456126
1341840849.685647 0.346380770 -0.071595319 -0.131350800 0.018366095 0.285926491 -0.177044213 0.941575289
1341840849.714708 0.346547335 -0.071685389 -0.131159216 0.015263109 0.290327787 -0.180638835 0.939599037
1341840849.746347 0.346534580 -0.071686998 -0.131137103 0.018070243 0.294868261 -0.176124856 0.938992143
1341840849.778359 0.346544594 -0.071741544 -0.131121665 0.013213145 0.295544744 -0.177109569 0.938675046
1341840849.814323 0.346564263 -0.071720459 -0.131093979 0.011886600 0.297687262 -0.176215962 0.938183844
1341840849.846557 0.346544057 -0.071666181 -0.131106451 0.015119401 0.298589438 -0.176351801 0.937825024
1341840849.882256 0.346531779 -0.071612224 -0.131147206 0.015916647 0.297912866 -0.181417435 0.937060475
1341840849.921575 0.346457064 -0.071572490 -0.131257728 0.011231117 0.300481439 -0.181502253 0.936291456
1341840849.946362 0.346445739 -0.071557976 -0.131303638 0.011926002 0.301798761 -0.181914926 0.935778916
1341840849.982476 0.346434414 -0.071528465 -0.131299838 0.017565204 0.304965526 -0.183831811 0.934287667
1341840850.014371 0.346369296 -0.071570829 -0.131356835 0.016108697 0.307941943 -0.179456383 0.934188247
1341840850.046326 0.346380949 -0.071596526 -0.131353378 0.009406778 0.305979460 -0.178481534 0.935110927
1341840850.082415 0.346407056 -0.071586460 -0.131300479 0.010754143 0.306169182 -0.181600541 0.934433520
1341840850.121449 0.346424460 -0.071581438 -0.131279886 0.013393823 0.308777034 -0.185125664 0.932848215
1341840850.157539 0.346414059 -0.071573310 -0.131293029 0.012145396 0.311113775 -0.183034912 0.932501435
1341840850.189410 0.346394598 -0.071569182 -0.131311953 0.010098623 0.309827477 -0.180999368 0.933351040
1341840850.221491 0.346412539 -0.071565270 -0.131296068 0.010121069 0.309547484 -0.187454149 0.932168901
1341840850.257570 0.346423060 -0.071562499 -0.131288469 0.012768804 0.312385857 -0.192820117 0.930092692
1341840850.289374 0.346370816 -0.071553774 -0.131348819 0.010959909 0.315936744 -0.191229105 0.929244518
1341840850.314521 0.346371531 -0.071555071 -0.131374091 0.008693165 0.315195471 -0.190948918 0.929577708
1341840850.350348 0.346365809 -0.071553424 -0.131378770 0.006091690 0.316712022 -0.195633426 0.928107738
1341840850.382480 0.346372008 -0.071554624 -0.131380469 0.005800502 0.319963932 -0.197865561 0.926519632
1341840850.418448 0.346353352 -0.071561240 -0.131406665 0.006607553 0.320647120 -0.193515360 0.927196622
1341840850.450229 0.346311569 -0.071555749 -0.131455451 0.005664908 0.319839537 -0.197129622 0.926720262
1341840850.482352 0.346296459 -0.071555994 -0.131473184 0.005604171 0.325304151 -0.205626190 0.922964633
1341840850.518351 0.346309662 -0.071559131 -0.131454453 0.006089336 0.325153708 -0.205201909 0.923108935
1341840850.582563 0.346307456 -0.071557626 -0.131456971 0.007767560 0.326531857 -0.200496420 0.923643768
1341840850.618439 0.346318275 -0.071567468 -0.131457686 0.012043530 0.323329300 -0.204864994 0.923765898
1341840850.650443 0.346293539 -0.071585461 -0.131478161 0.007776859 0.325107664 -0.208997801 0.922260523
1341840850.686406 0.346305281 -0.071583882 -0.131461054 0.004455877 0.327601731 -0.204559848 0.922394991
1341840850.718516 0.346321195 -0.071584493 -0.131436706 0.007368263 0.327104956 -0.203361377 0.922817528
1341840850.750308 0.346293688 -0.071565993 -0.131486967 0.008989933 0.326666027 -0.205436558 0.922498941
1341840850.786319 0.346254379 -0.071554326 -0.131551102 0.006450641 0.328423142 -0.204326764 0.922142744
1341840850.818316 0.346278369 -0.071564786 -0.131520316 0.004259025 0.330559462 -0.206490695 0.920909286
1341840850.854290 0.346280217 -0.071558267 -0.131510511 0.006030082 0.334366441 -0.208971128 0.918963432
1341840850.886322 0.346277773 -0.071557865 -0.131514534 0.004723375 0.338909060 -0.208528548 0.917406201
1341840850.918358 0.346284807 -0.071561575 -0.131502539 0.004531611 0.341569722 -0.202503115 0.917770147
1341840850.954395 0.346294552 -0.071563549 -0.131486952 0.007284156 0.340706825 -0.202968597 0.917970300
1341840850.986448 0.346304357 -0.071568236 -0.131470084 0.007433297 0.341205031 -0.205874592 0.917136610
1341840851.018447 0.346325308 -0.071570083 -0.131437078 0.007767107 0.341863096 -0.208557904 0.916282117
1341840851.054395 0.346303195 -0.071565382 -0.131472886 0.008773727 0.344122231 -0.202176586 0.916857481
1341840851.086362 0.346291184 -0.071563385 -0.131492823 0.008970300 0.344424516 -0.205261230 0.916056275
1341840851.122353 0.346290767 -0.071565486 -0.131491363 0.010067027 0.347302109 -0.204863250 0.915046990
1341840851.154293 0.346293658 -0.071566150 -0.131486684 0.012622223 0.348676264 -0.204098806 0.914663434
1341840851.186482 0.346284896 -0.071566001 -0.131500348 0.012154026 0.349333823 -0.205177784 0.914177358
1341840851.222499 0.346294254 -0.071566343 -0.131485999 0.012711565 0.350792676 -0.206442222 0.913326085
1341840851.254587 0.346293747 -0.071566135 -0.131486386 0.015174028 0.352550149 -0.208787382 0.912077785
1341840851.286786 0.346293718 -0.071566209 -0.131486356 0.016053446 0.353877753 -0.209030226 0.911492825
1341840851.322525 0.346293211 -0.071566030 -0.131487191 0.014656459 0.354548931 -0.210606396 0.910892546
1341840851.354461 0.346294254 -0.071565904 -0.131485760 0.014314264 0.356624752 -0.215394303 0.908966005
1341840851.390383 0.346293330 -0.071565874 -0.131486684 0.015762273 0.359809369 -0.218280807 0.906996310
1341840851.422373 0.346294910 -0.071565963 -0.131485075 0.018184779 0.361297429 -0.215458885 0.907034159
1341840851.454333 0.346294224 -0.071566008 -0.131485939 0.021425359 0.357115835 -0.213417053 0.909099758
1341840851.490328 0.346289784 -0.071565248 -0.131492227 0.020364786 0.354714185 -0.218094423 0.908954322
1341840851.522431 0.346293837 -0.071566358 -0.131486699 0.019819578 0.357699275 -0.222804949 0.906651199
1341840851.555777 0.346294820 -0.071566463 -0.131484985 0.025490630 0.360702604 -0.223267928 0.905204535
1341840851.590800 0.346292734 -0.071566164 -0.131487682 0.025680952 0.360297352 -0.223374054 0.905334353
1341840851.622401 0.346293718 -0.071566276 -0.131486505 0.022893123 0.361005008 -0.224025235 0.904966295
1341840851.658371 0.346294552 -0.071565829 -0.131485462 0.025126152 0.363857508 -0.226178899 0.903227270
1341840851.690446 0.346294791 -0.071564786 -0.131484985 0.027468156 0.366995901 -0.226799920 0.901732385
1341840851.722387 0.346295238 -0.071565829 -0.131484419 0.028431393 0.368040293 -0.224762797 0.901786923
1341840851.758379 0.346293628 -0.071565777 -0.131487027 0.029755685 0.367758662 -0.227210969 0.901245475
1341840851.790498 0.346294105 -0.071566343 -0.131486177 0.033839118 0.368994683 -0.226052687 0.900887370
1341840851.822502 0.346293479 -0.071566254 -0.131487072 0.035290837 0.369202256 -0.226984203 0.900512278
1341840851.858469 0.346293122 -0.071565911 -0.131487846 0.032595113 0.370435417 -0.228558555 0.899708927
1341840851.890382 0.346291602 -0.071565174 -0.131490484 0.033426687 0.373856843 -0.229822621 0.897939444
1341840851.926297 0.346291363 -0.071565166 -0.131490350 0.040461339 0.376150280 -0.227810904 0.897204578
1341840851.958364 0.346291631 -0.071565360 -0.131490022 0.039772823 0.376323640 -0.224544942 0.897985637
1341840851.990589 0.346291393 -0.071564853 -0.131490678 0.037153695 0.376681298 -0.225619927 0.897678375
1341840852.026374 0.346288979 -0.071562022 -0.131495580 0.041267194 0.379137456 -0.229223773 0.895549119
1341840852.058336 0.346293271 -0.071562387 -0.131490320 0.045378484 0.382047147 -0.223980442 0.895440400
1341840852.094404 0.346299618 -0.071564302 -0.131479591 0.044074237 0.381499559 -0.221686110 0.896309555
1341840852.126392 0.346289217 -0.071560517 -0.131495938 0.040726870 0.381792873 -0.225127831 0.895484746
1341840852.158516 0.346295416 -0.071562916 -0.131486431 0.042471230 0.385512650 -0.227699652 0.893156767
1341840852.194279 0.346295744 -0.071563058 -0.131485671 0.049021877 0.393444449 -0.229335651 0.888933897
1341840852.226380 0.346295327 -0.071562946 -0.131486848 0.048062686 0.394130707 -0.220123008 0.891008854
1341840852.258313 0.346296489 -0.071563885 -0.131484777 0.044928659 0.390890568 -0.221430153 0.892274976
1341840852.294500 0.346299738 -0.071565852 -0.131479949 0.044906609 0.391866088 -0.228971601 0.889941752
1341840852.326311 0.346297175 -0.071566895 -0.131482735 0.048004955 0.397459298 -0.232765347 0.886308014
1341840852.362368 0.346291035 -0.071567059 -0.131489784 0.046243567 0.401653051 -0.231126204 0.884939015
1341840852.394489 0.346296668 -0.071568072 -0.131481364 0.045102555 0.404074222 -0.231488585 0.883800209
1341840852.426307 0.346296072 -0.071568035 -0.131482095 0.049292829 0.406139791 -0.232872307 0.882264793
1341840852.462394 0.346295714 -0.071568072 -0.131482512 0.051491510 0.407886922 -0.231259599 0.881757259
1341840852.494557 0.346295536 -0.071568578 -0.131482273 0.051793043 0.409690231 -0.228822067 0.881539464
1341840852.526348 0.346294880 -0.071568489 -0.131482393 0.051244866 0.413251221 -0.228546575 0.879979432
1341840852.562305 0.346294850 -0.071569242 -0.131481960 0.050668120 0.416543573 -0.228103131 0.878574491
1341840852.594400 0.346291900 -0.071567789 -0.131483078 0.050853454 0.420107782 -0.225353673 0.877575755
1341840852.630345 0.346296400 -0.071570560 -0.131481260 0.052480634 0.419143230 -0.224676028 0.878114700
1341840852.663508 0.346293837 -0.071569152 -0.131482139 0.056260269 0.418148249 -0.227224320 0.877699256
1341840852.694654 0.346290708 -0.071567379 -0.131483316 0.057004228 0.418001205 -0.224242091 0.878487885
1341840852.732477 0.346293032 -0.071568787 -0.131482333 0.054172099 0.416722119 -0.223878592 0.879367054
1341840852.762455 0.346293300 -0.071568921 -0.131482124 0.051497880 0.417907238 -0.225174442 0.878634155
1341840852.794631 0.346293271 -0.071568742 -0.131482244 0.049139746 0.419981748 -0.226409495 0.877461851
1341840852.830583 0.346293420 -0.071568586 -0.131482258 0.051138829 0.422312051 -0.232802764 0.874551415
1341840852.862990 0.346293449 -0.071568832 -0.131482199 0.054748479 0.423092842 -0.234840140 0.873410046
1341840852.898597 0.346293122 -0.071568608 -0.131482378 0.052273814 0.424153864 -0.233484432 0.873410523
1341840852.930367 0.346293479 -0.071568899 -0.131482154 0.046757787 0.425849259 -0.229162991 0.874042571
1341840852.962482 0.346293688 -0.071568817 -0.131482109 0.049387846 0.425468892 -0.232220739 0.873275816
1341840852.998535 0.346293420 -0.071568772 -0.131482199 0.050233174 0.425925106 -0.234928966 0.872280240
1341840853.037588 0.346293271 -0.071568601 -0.131482229 0.048227895 0.428170681 -0.236940935 0.870748460
1341840853.066770 0.346293688 -0.071568809 -0.131482154 0.048842214 0.427940428 -0.236467808 0.870956004
1341840853.098354 0.346293509 -0.071568787 -0.131482124 0.049558781 0.428096294 -0.238653749 0.870242417
1341840853.131999 0.346293211 -0.071568608 -0.131482258 0.048559234 0.430561692 -0.239572316 0.868828952
1341840853.166530 0.346293688 -0.071568549 -0.131482303 0.049059775 0.431241065 -0.243801445 0.867286086
1341840853.198406 0.346293926 -0.071568683 -0.131482095 0.051876802 0.429934919 -0.244233266 0.867649019
1341840853.231726 0.346293747 -0.071568474 -0.131482452 0.047565892 0.431098580 -0.246194541 0.866763949
1341840853.266442 0.346293926 -0.071568824 -0.131482184 0.042694066 0.436245084 -0.247239590 0.864141226
1341840853.298516 0.346293151 -0.071568809 -0.131482705 0.046721954 0.437653184 -0.247209325 0.863228977
1341840853.334385 0.346293360 -0.071568564 -0.131482646 0.051111687 0.435247958 -0.250446498 0.863263190
1341840853.366351 0.346294016 -0.071568467 -0.131482333 0.048886403 0.434363842 -0.252255291 0.863310695
1341840853.398402 0.346293986 -0.071568474 -0.131482422 0.047660064 0.437312484 -0.253202647 0.861611724
1341840853.434335 0.346294463 -0.071568504 -0.131481677 0.048939567 0.438302010 -0.254542947 0.860641718
1341840853.466387 0.346294105 -0.071568787 -0.131482005 0.046117283 0.439580858 -0.254632175 0.860118747
1341840853.498430 0.346294224 -0.071568549 -0.131482169 0.046642046 0.440316916 -0.256535739 0.859147787
1341840853.534407 0.346294701 -0.071568832 -0.131481946 0.047087215 0.442441136 -0.260744214 0.856761992
1341840853.566451 0.346294075 -0.071568482 -0.131482333 0.045028016 0.444758624 -0.259177148 0.856148064
1341840853.602691 0.346293777 -0.071568526 -0.131482512 0.040304497 0.447141320 -0.255234718 0.856326699
1341840853.634832 0.346294165 -0.071568571 -0.131482035 0.040025059 0.449255973 -0.254877269 0.855338871
1341840853.666488 0.346294254 -0.071568564 -0.131482095 0.042635918 0.449021548 -0.258114845 0.854364395
1341840853.702424 0.346293986 -0.071568727 -0.131482273 0.041126456 0.448199064 -0.261233300 0.853922367
1341840853.734353 0.346293807 -0.071568504 -0.131482452 0.036081918 0.449067771 -0.261048079 0.853750646
1341840853.766467 0.346294403 -0.071568422 -0.131482124 0.038159430 0.449624985 -0.262714386 0.852855444
1341840853.802607 0.346293867 -0.071568549 -0.131482512 0.040102541 0.450071394 -0.265882015 0.851548135
1341840853.834576 0.346293151 -0.071568504 -0.131483540 0.035393793 0.450741470 -0.270564646 0.849925935
1341840853.870615 0.346293926 -0.071568504 -0.131482482 0.032550946 0.453627259 -0.268778533 0.849070549
1341840853.902573 0.346295655 -0.071568444 -0.131480247 0.032353856 0.455646247 -0.268686593 0.848025501
1341840853.940152 0.346294165 -0.071568482 -0.131482393 0.031363126 0.456156254 -0.270509422 0.847208619
1341840853.970342 0.346292645 -0.071568355 -0.131483823 0.028494930 0.457692593 -0.269870669 0.846684933
1341840854.002413 0.346291900 -0.071568109 -0.131484598 0.026692295 0.460427821 -0.275190711 0.843542397
1341840854.034566 0.346293628 -0.071568199 -0.131483287 0.029512584 0.463575900 -0.275009364 0.841781557
1341840854.070475 0.346291840 -0.071568407 -0.131484926 0.028885497 0.465109229 -0.272891790 0.841646671
1341840854.102373 0.346292436 -0.071568370 -0.131483942 0.027561797 0.465232730 -0.271131724 0.842191458
1341840854.138343 0.346291900 -0.071568459 -0.131484807 0.025968110 0.465293854 -0.274346322 0.841166675
1341840854.170475 0.346291780 -0.071568489 -0.131485090 0.029131860 0.467507333 -0.277439296 0.838818014
1341840854.202459 0.346291542 -0.071568310 -0.131485820 0.031939004 0.467974603 -0.275180489 0.839199245
1341840854.238384 0.346291542 -0.071568176 -0.131485224 0.029376546 0.467843086 -0.274338961 0.839641571
1341840854.270355 0.346291810 -0.071567826 -0.131484270 0.030411452 0.465771317 -0.277336955 0.839771628
1341840854.306367 0.346292078 -0.071568012 -0.131484151 0.032933161 0.466571599 -0.279364794 0.838559270
1341840854.338540 0.346291482 -0.071568601 -0.131485447 0.031955209 0.468759924 -0.280358493 0.837043643
1341840854.370427 0.346290380 -0.071568884 -0.131486773 0.029848149 0.468558282 -0.275308043 0.838908613
1341840854.406491 0.346289933 -0.071568623 -0.131487221 0.029397706 0.468088537 -0.276465684 0.838806093
1341840854.438402 0.346289456 -0.071568295 -0.131487459 0.030394552 0.469556808 -0.277421474 0.837633491
1341840854.470341 0.346288800 -0.071568146 -0.131487697 0.030114692 0.470649540 -0.273048222 0.838466942
1341840854.506442 0.346288890 -0.071568191 -0.131487653 0.026583727 0.469491780 -0.276308596 0.838167250
1341840854.538722 0.346288979 -0.071568131 -0.131487668 0.026581153 0.471930772 -0.279694200 0.835670948
1341840854.574331 0.346288890 -0.071568049 -0.131487966 0.024603311 0.475607365 -0.281157017 0.833152473
1341840854.606460 0.346289039 -0.071568191 -0.131487519 0.024842463 0.477421701 -0.279507905 0.832662404
1341840854.638476 0.346288919 -0.071568176 -0.131487623 0.025354395 0.477594078 -0.277178466 0.833326578
1341840854.674312 0.346288979 -0.071568221 -0.131487578 0.023780620 0.478299916 -0.274455756 0.833869159
1341840854.706362 0.346289098 -0.071568310 -0.131487578 0.023191407 0.478540748 -0.273799747 0.833963215
1341840854.738328 0.346288800 -0.071568280 -0.131487861 0.023454204 0.479810297 -0.273456573 0.833338737
1341840854.774384 0.346289039 -0.071568236 -0.131487668 0.024061393 0.481472105 -0.274489522 0.832022369
1341840854.806396 0.346289098 -0.071568251 -0.131487668 0.022402696 0.481407672 -0.276300728 0.831506252
1341840854.842383 0.346289128 -0.071568288 -0.131487608 0.021677833 0.482454360 -0.278876901 0.830057561
1341840854.874351 0.346289217 -0.071568385 -0.131487399 0.023049556 0.482361704 -0.281934381 0.829040945
1341840854.906375 0.346288830 -0.071568288 -0.131487578 0.025008965 0.481057674 -0.285431772 0.828544974
1341840854.942414 0.346288860 -0.071568042 -0.131487638 0.025358442 0.478621691 -0.287980109 0.829063177
1341840854.974632 0.346289098 -0.071568154 -0.131487668 0.024008764 0.476549000 -0.290443212 0.829437971
1341840855.006485 0.346289188 -0.071568258 -0.131487623 0.027378647 0.478320748 -0.292648017 0.827536583
1341840855.042409 0.346288860 -0.071568027 -0.131487861 0.028298557 0.478977591 -0.295009524 0.826286256
1341840855.074380 0.346289963 -0.071568377 -0.131487161 0.026251765 0.478164852 -0.296472132 0.826301098
