1305031102.975203 -0.019155905 0.042695422 0.250612378 -0.045334768 -0.008763099 -0.006371688 0.998913109
1305031103.011215 -0.018307477 0.045408137 0.260968715 -0.046490535 -0.015671449 -0.003132744 0.998790860
1305031103.043227 -0.021042328 0.050229050 0.273676872 -0.046562824 -0.020250665 -0.001537565 0.998708904
1305031103.075319 -0.014808372 0.048358519 0.280656815 -0.048099037 -0.026352488 0.001842126 0.998493135
1305031103.111240 -0.015720189 0.053755797 0.287529081 -0.046395794 -0.025123684 0.003039123 0.998602509
1305031103.143318 -0.015170336 0.055097841 0.297038257 -0.048524603 -0.025585465 0.004611399 0.998483598
1305031103.175452 -0.016101971 0.060568824 0.302354932 -0.047792587 -0.023649380 0.004653774 0.998566449
1305031103.211220 -0.016572969 0.067243494 0.308787644 -0.050398681 -0.024185387 0.006082323 0.998417735
1305031103.243216 -0.016143024 0.069956295 0.315198034 -0.057190817 -0.024445614 0.009839979 0.998015404
1305031103.275370 -0.023128474 0.070882514 0.319698066 -0.066105522 -0.024010310 0.012026298 0.997451186
1305031103.311210 -0.021523966 0.066114649 0.325535357 -0.074494399 -0.034477346 0.012581927 0.996545792
1305031103.343223 -0.014443033 0.067584708 0.327987194 -0.075182468 -0.041751150 0.013634068 0.996202111
1305031103.375327 -0.012783054 0.066553801 0.328185886 -0.078992963 -0.040890452 0.015321631 0.995918334
1305031103.411260 -0.016344037 0.063977793 0.329125464 -0.080573514 -0.038403198 0.015393678 0.995889604
1305031103.443280 -0.017802810 0.062584952 0.325415075 -0.080273882 -0.040160794 0.014580640 0.995856702
1305031103.475274 -0.017500721 0.058755554 0.321784645 -0.080755048 -0.042852689 0.012865614 0.995729208
1305031103.511333 -0.017186046 0.054552592 0.316262841 -0.078780338 -0.044397030 0.010414547 0.995848417
1305031103.543444 -0.016919702 0.049957450 0.309521943 -0.075250559 -0.045636632 0.008578023 0.996082842
1305031103.575474 -0.018133745 0.048381414 0.300210804 -0.070393637 -0.046529468 0.008754191 0.996395051
1305031103.611223 -0.019679811 0.044318266 0.291148305 -0.068269178 -0.048875358 0.009929177 0.996419549
1305031103.643445 -0.018793669 0.040466134 0.281877935 -0.065734975 -0.053131141 0.010464789 0.996366620
1305031103.675523 -0.015972408 0.036892176 0.272084296 -0.063325778 -0.056540005 0.010993222 0.996329367
1305031103.711610 -0.014289858 0.033852741 0.261429161 -0.060800057 -0.057698775 0.010626880 0.996424258
1305031103.743326 -0.012752952 0.027645743 0.251184106 -0.059354130 -0.057681985 0.009695695 0.996521890
1305031103.775342 -0.012706438 0.026823351 0.238210887 -0.055293776 -0.056859646 0.006205141 0.996830523
1305031103.811242 -0.011623900 0.026245192 0.225728199 -0.054834489 -0.055955030 0.003151174 0.996921360
1305031103.843251 -0.012968952 0.024779424 0.213221148 -0.058285277 -0.055108406 0.001187542 0.996777058
1305031103.875361 -0.014627091 0.015496732 0.203043044 -0.066210292 -0.057432596 -0.002382469 0.996148586
1305031103.911221 -0.012844949 0.008514607 0.191197544 -0.066284597 -0.061777595 -0.003776520 0.995879292
1305031103.943211 -0.011309414 0.005860202 0.178009182 -0.064204581 -0.064576544 -0.004439344 0.995835304
1305031103.975373 -0.008851196 0.000706308 0.166307747 -0.062870428 -0.066922598 -0.005607382 0.995759606
1305031104.011232 -0.003294284 -0.006725689 0.155277327 -0.060336251 -0.068599097 -0.006447304 0.995797217
1305031104.043249 0.000089671 -0.007917466 0.142575219 -0.052517127 -0.066254131 -0.008220443 0.996385872
1305031104.075425 0.002555680 -0.008599677 0.129361510 -0.048726618 -0.062333331 -0.010351455 0.996811450
1305031104.111235 0.004159826 -0.012516973 0.119950786 -0.045707144 -0.056640964 -0.011968573 0.997276008
1305031104.143230 0.002968965 -0.017424744 0.106062949 -0.041557979 -0.050093781 -0.013223112 0.997791886
1305031104.175424 0.002892959 -0.019622173 0.093251854 -0.037366390 -0.046732880 -0.014156257 0.998107910
1305031104.211283 0.004904982 -0.027177684 0.081537426 -0.035566926 -0.044546317 -0.013679346 0.998280287
1305031104.243196 0.004208395 -0.029326741 0.070340768 -0.030923912 -0.041756108 -0.014250673 0.998547494
1305031104.275546 0.005589494 -0.030134700 0.059308883 -0.026060190 -0.039425135 -0.014950085 0.998770773
1305031104.311219 0.007233177 -0.031538267 0.049371254 -0.022405745 -0.036655623 -0.014837948 0.998966575
1305031104.343342 0.009091051 -0.030568857 0.039441872 -0.018529568 -0.032919243 -0.015076549 0.999172509
1305031104.375837 0.008982668 -0.030697420 0.030067291 -0.016358225 -0.027944501 -0.014682608 0.999367774
1305031104.411509 0.005362380 -0.031595454 0.020307329 -0.014930686 -0.022795301 -0.014365543 0.999525428
1305031104.443288 0.000674493 -0.031142944 0.010649512 -0.014080531 -0.020008933 -0.014186854 0.999599993
1305031104.475456 -0.002385103 -0.031837508 0.002345791 -0.014266629 -0.020668454 -0.013451973 0.999594092
1305031104.511329 -0.003004374 -0.036463711 -0.004648787 -0.014563354 -0.023235908 -0.012067352 0.999551117
1305031104.543368 -0.000097293 -0.037935801 -0.012917856 -0.011302980 -0.026102275 -0.011325176 0.999531209
1305031104.575343 0.004759500 -0.042637911 -0.020681504 -0.007834301 -0.026965868 -0.010878232 0.999546468
1305031104.611336 0.011602785 -0.050275356 -0.027673086 0.000313627 -0.023979235 -0.008774735 0.999673903
1305031104.643243 0.014181610 -0.051947091 -0.040066369 0.011608978 -0.017025545 -0.009569231 0.999741852
1305031104.675525 0.018189486 -0.059424914 -0.049551684 0.020711454 -0.009910019 -0.007813400 0.999705851
1305031104.711277 0.013882591 -0.053405687 -0.058250979 0.037498303 -0.000723636 -0.005844780 0.999279380
1305031104.743280 0.016619349 -0.053076956 -0.067025959 0.050132882 0.005756266 -0.003515133 0.998719811
1305031104.775327 0.016888952 -0.049452912 -0.073662698 0.062822185 0.012620454 -0.001364506 0.997943997
1305031104.811465 0.020690914 -0.046193458 -0.078445382 0.074052416 0.018073736 0.001306416 0.997089684
1305031104.843258 0.018895512 -0.042307045 -0.083486050 0.082762681 0.025249990 0.004035248 0.996241152
1305031104.875350 0.016249357 -0.038586549 -0.088646270 0.088685431 0.029026760 0.006016932 0.995618463
1305031104.911534 0.019103687 -0.036200147 -0.089643091 0.090949342 0.029053727 0.008239550 0.995397508
1305031104.943262 0.018040873 -0.034138400 -0.089814395 0.092046037 0.030355763 0.008899462 0.995252132
1305031104.975202 0.017258538 -0.028405160 -0.085586220 0.091937937 0.029603904 0.009738747 0.995276928
1305031105.011290 0.018694416 -0.024252150 -0.079343013 0.087814167 0.028626928 0.010856660 0.995666265
1305031105.043373 0.017864123 -0.022195753 -0.073058486 0.082231484 0.028206211 0.009231847 0.996171236
1305031105.075320 0.016977768 -0.021263663 -0.064276882 0.075255506 0.027520232 0.007375481 0.996757150
1305031105.111299 0.013650650 -0.023565229 -0.054179005 0.068799950 0.027264010 0.005503987 0.997242689
1305031105.143106 0.010607477 -0.011710257 -0.045377024 0.065487832 0.025061961 0.003831409 0.997531235
1305031105.175159 0.007645122 -0.006562162 -0.033164892 0.053428762 0.022224130 0.000177455 0.998324275
1305031105.211268 0.001941326 -0.015257879 -0.021008173 0.038815740 0.019401258 -0.002634287 0.999054551
1305031105.243270 -0.002398340 -0.011458766 -0.009865201 0.031498879 0.014701057 -0.004391648 0.999386013
1305031105.275288 -0.005546530 -0.009680488 0.002851318 0.021343885 0.008645110 -0.005858285 0.999717653
1305031105.311290 -0.008619836 -0.012642982 0.014703313 0.009916249 0.001638519 -0.006680761 0.999927163
1305031105.343302 -0.009461712 -0.016068669 0.028145755 0.000678146 -0.005149963 -0.007345188 0.999959528
1305031105.375338 -0.010905019 -0.013722140 0.041023135 -0.001820422 -0.010034748 -0.006725785 0.999925375
1305031105.411286 -0.011868296 -0.007911758 0.051358528 -0.006045419 -0.014662200 -0.007391510 0.999846876
1305031105.443316 -0.011770302 -0.011403570 0.065173082 -0.014001608 -0.019279188 -0.007956754 0.999684453
1305031105.475280 -0.013497145 -0.009667952 0.076777078 -0.017050134 -0.022195924 -0.008059146 0.999575734
1305031105.511332 -0.011237176 -0.007983738 0.088371538 -0.021681115 -0.025881208 -0.007386365 0.999402583
1305031105.543282 -0.011446087 -0.009301570 0.102115676 -0.026430277 -0.026866881 -0.006473531 0.999268591
1305031105.575449 -0.013405887 -0.007445316 0.112321481 -0.028927090 -0.027574645 -0.006775914 0.999178112
1305031105.611378 -0.011419288 -0.009098483 0.125669181 -0.032406077 -0.029395778 -0.005703177 0.999026120
1305031105.643273 -0.014415532 -0.007403368 0.137601614 -0.032780889 -0.028806584 -0.003175328 0.999042273
1305031105.675166 -0.010561354 -0.005333118 0.150223464 -0.034486860 -0.031317886 -0.001833216 0.998912632
1305031105.711309 -0.006876196 -0.008338843 0.163599595 -0.035301462 -0.030343940 -0.001719374 0.998914480
1305031105.743312 -0.007011566 -0.002214616 0.174371928 -0.032038033 -0.026303371 -0.001479531 0.999139369
1305031105.775339 -0.003920519 -0.003142353 0.187937900 -0.033508487 -0.022858169 -0.001561723 0.999175787
1305031105.811283 -0.005147911 0.000050479 0.201088607 -0.031265873 -0.017303566 -0.000697409 0.999361038
1305031105.843271 -0.002345703 0.000970637 0.212917253 -0.030360745 -0.014731794 0.000611305 0.999430239
1305031105.875337 -0.000692108 0.008492243 0.224314049 -0.027977411 -0.009973333 0.003737020 0.999551833
1305031105.911262 -0.000911906 0.011538894 0.236937866 -0.030670077 -0.005695761 0.008002816 0.999481261
1305031105.943272 -0.000311938 0.017450964 0.247519717 -0.031781159 -0.002791836 0.010476008 0.999436021
1305031105.975329 -0.001022268 0.021285515 0.258618623 -0.035856478 -0.000297986 0.011998251 0.999284863
1305031106.011285 -0.000179364 0.025035210 0.269176424 -0.039773669 0.001597433 0.013570258 0.999115288
1305031106.043355 -0.001581284 0.028274808 0.279781491 -0.044119880 0.004144135 0.014569242 0.998911440
1305031106.075330 -0.002280755 0.032001417 0.289947897 -0.047816478 0.004860380 0.016540140 0.998707354
1305031106.111327 -0.005070968 0.038980037 0.300986022 -0.050905380 0.005865849 0.016629452 0.998547792
1305031106.143355 -0.007267232 0.040395796 0.311055720 -0.058119152 0.004894454 0.018359546 0.998128831
1305031106.175534 -0.008286975 0.042247985 0.319824159 -0.062048879 0.003409102 0.019322300 0.997880220
1305031106.211275 -0.008341090 0.042126022 0.328817517 -0.066050909 0.001369499 0.019978693 0.997615278
1305031106.243267 -0.009479810 0.044890814 0.335178673 -0.065781951 0.000081598 0.023566006 0.997555733
1305031106.276385 -0.010263218 0.049683180 0.340160429 -0.066152357 -0.001572047 0.024650164 0.997503757
1305031106.311238 -0.010191791 0.052964926 0.344721913 -0.069405198 -0.003068313 0.028190391 0.997185409
1305031106.343258 -0.012128284 0.059291620 0.347083896 -0.072624579 -0.003476583 0.028090633 0.996957600
1305031106.375388 -0.008920910 0.059997015 0.348802537 -0.081817925 -0.004745410 0.021257412 0.996409297
1305031106.411320 -0.007654969 0.054023966 0.350977957 -0.090346865 -0.000206137 0.015096993 0.995795906
1305031106.443278 -0.011729279 0.051421236 0.350763381 -0.091590486 0.005234058 0.010506715 0.995727599
1305031106.475345 -0.014400751 0.049669374 0.347449303 -0.091298714 0.005441500 0.008895080 0.995768964
1305031106.511129 -0.016125273 0.044898633 0.342716098 -0.090851642 0.002643038 0.008618991 0.995823681
1305031106.543302 -0.014170003 0.042594768 0.334062755 -0.087577216 -0.002516505 0.007794033 0.996124089
1305031106.575282 -0.014394767 0.040248595 0.325060397 -0.084637739 -0.004199996 0.006550043 0.996381402
1305031106.611151 -0.016334793 0.039578397 0.314893067 -0.083691493 -0.006464232 0.003493916 0.996464610
1305031106.643207 -0.014906084 0.033130310 0.305335045 -0.085126176 -0.010098497 0.001438551 0.996317983
1305031106.675279 -0.018098593 0.033516441 0.293624103 -0.081411347 -0.011748923 0.001269327 0.996610522
1305031106.711508 -0.019874904 0.028786393 0.282160640 -0.083996378 -0.016862484 0.000363663 0.996323287
1305031106.743341 -0.019585283 0.025429666 0.269087583 -0.082661442 -0.023752805 0.000912343 0.996294141
1305031106.775390 -0.017169666 0.021395361 0.255258888 -0.082458384 -0.030665746 0.001197670 0.996121883
1305031106.811289 -0.017123405 0.022057682 0.241389543 -0.081247009 -0.034296799 0.000504409 0.996103644
1305031106.843416 -0.016406117 0.012219952 0.229233116 -0.084545121 -0.038631082 -0.000792204 0.995670199
1305031106.875905 -0.012141016 0.006716536 0.212574586 -0.079857334 -0.042598650 -0.004054889 0.995887399
1305031106.911243 -0.013201620 0.007861372 0.196450666 -0.074754618 -0.041108884 -0.008435860 0.996318519
1305031106.943439 -0.012464840 0.000149142 0.182862759 -0.074757196 -0.040252104 -0.013071567 0.996303320
1305031106.975547 -0.012005702 -0.006794468 0.167831004 -0.069787927 -0.038079113 -0.016759448 0.996693909
1305031107.011576 -0.011932544 -0.001627190 0.150121719 -0.060597274 -0.035351720 -0.019622821 0.997343063
1305031107.043281 -0.012315236 -0.007901732 0.136768624 -0.062075250 -0.032604922 -0.022142552 0.997292995
1305031107.075432 -0.015536446 -0.013711661 0.123579688 -0.058055419 -0.030648692 -0.023304334 0.997570634
1305031107.111229 -0.014539194 -0.013066863 0.108541466 -0.052349973 -0.031546630 -0.023679173 0.997849464
1305031107.143260 -0.011468541 -0.013517794 0.094742700 -0.050369807 -0.031410992 -0.023597019 0.997957647
1305031107.175399 -0.010441139 -0.021274896 0.084448189 -0.049958438 -0.029987380 -0.024680771 0.997995853
1305031107.211358 -0.008039430 -0.026373127 0.073198602 -0.044409353 -0.028353442 -0.026210062 0.998266935
1305031107.243378 -0.007576604 -0.025081513 0.060276739 -0.037097149 -0.024878167 -0.026627719 0.998646975
1305031107.275398 -0.003481267 -0.029240130 0.049632423 -0.032491539 -0.022639981 -0.025918169 0.998879373
1305031107.311226 -0.003028203 -0.034308460 0.040099051 -0.026011376 -0.018988881 -0.027685093 0.999097764
1305031107.343509 0.000416779 -0.038527414 0.029245425 -0.015392116 -0.015922215 -0.027405443 0.999379039
1305031107.375413 0.002728783 -0.034127552 0.019723611 -0.005076778 -0.011288582 -0.026653361 0.999568105
1305031107.411271 0.005182539 -0.035176966 0.013564824 0.001203423 -0.006962325 -0.027415471 0.999599159
1305031107.443419 0.007837470 -0.033984262 0.008633004 0.006805838 -0.002787715 -0.026731506 0.999615610
1305031107.475377 0.010445860 -0.034301128 0.005987748 0.009771953 0.001392227 -0.025459561 0.999627113
1305031107.511352 0.011636357 -0.028891327 0.002602653 0.012751692 0.005161564 -0.024836885 0.999596894
1305031107.543605 0.014895653 -0.030255670 0.003474315 0.009597434 0.007201684 -0.022485707 0.999675155
1305031107.575454 0.016505599 -0.034484163 0.004764858 0.008413805 0.009216197 -0.020132460 0.999719441
1305031107.611271 0.018453386 -0.026497975 0.003981299 0.011023025 0.010462929 -0.018202171 0.999718785
1305031107.643323 0.019536180 -0.026606662 0.006114243 0.007396476 0.011694115 -0.017135587 0.999757409
1305031107.675568 0.018172022 -0.026400348 0.007889022 0.006123521 0.012716167 -0.016772561 0.999759734
1305031107.711307 0.017196437 -0.022116132 0.008965737 0.005837254 0.012856969 -0.015733743 0.999776542
1305031107.743538 0.014490670 -0.018622277 0.010216119 0.003128791 0.012192577 -0.015319915 0.999803424
1305031107.775802 0.014576457 -0.019142473 0.012290894 0.000109940 0.009398626 -0.016723754 0.999815941
1305031107.811596 0.016505711 -0.017090889 0.014328739 -0.001796660 0.006996647 -0.016389655 0.999839604
1305031107.843332 0.018859603 -0.016414346 0.016196329 -0.004263405 0.005937298 -0.017189447 0.999825537
1305031107.875358 0.023122841 -0.019131955 0.019273767 -0.005685560 0.006124640 -0.020733511 0.999750078
1305031107.911541 0.026054798 -0.019139268 0.021309206 -0.004729465 0.008971210 -0.022905020 0.999686182
1305031107.943122 0.031076858 -0.020984966 0.023006758 -0.003512601 0.011891823 -0.022977414 0.999659121
1305031107.975807 0.038269550 -0.022135768 0.025765646 -0.001260208 0.015331367 -0.022960858 0.999617994
1305031108.011320 0.046173345 -0.021830913 0.026348794 0.002629536 0.019665034 -0.024664709 0.999498904
1305031108.043418 0.060228892 -0.021886379 0.025248846 0.004631003 0.024448242 -0.022252040 0.999442697
1305031108.075352 0.068187766 -0.023198964 0.030489849 0.005776346 0.033793401 -0.017707115 0.999255240
1305031108.111378 0.072220199 -0.022235634 0.035926700 0.008908644 0.040748682 -0.017382061 0.998978496
1305031108.143334 0.086887300 -0.021673987 0.033887949 0.010776975 0.042300407 -0.016311353 0.998913646
1305031108.176058 0.094935060 -0.015060684 0.036322422 0.010744188 0.046255067 -0.013160890 0.998785198
1305031108.211475 0.105457149 -0.018579770 0.039822891 0.004865712 0.047242958 -0.014222915 0.998770356
1305031108.243347 0.121823765 -0.024366915 0.045459580 0.002493287 0.048618197 -0.015619166 0.998692214
1305031108.275358 0.130250469 -0.015593080 0.048359230 0.005360547 0.053087622 -0.014574497 0.998469114
1305031108.311332 0.135587543 -0.012160000 0.051142782 0.002232037 0.055339862 -0.013555749 0.998373091
1305031108.343278 0.137169316 -0.006728820 0.057618413 -0.001923698 0.056324460 -0.011078000 0.998349190
1305031108.375410 0.148355156 -0.007819039 0.058930606 -0.007761922 0.052894354 -0.006635457 0.998547912
1305031108.411361 0.160346419 -0.008188597 0.061511829 -0.012860412 0.048238717 -0.000489193 0.998752952
1305031108.443610 0.171777323 -0.006767419 0.063661233 -0.017021105 0.046605460 0.006438768 0.998747587
1305031108.475471 0.182229176 -0.009534345 0.066502117 -0.020779500 0.045876533 0.013512202 0.998639584
1305031108.511378 0.198789448 -0.016808160 0.067404747 -0.022763539 0.047660720 0.017918114 0.998443365
1305031108.543737 0.211845055 -0.018439826 0.069827557 -0.018908842 0.053710379 0.017325468 0.998227179
1305031108.575414 0.218241110 -0.009529095 0.069584034 -0.012881552 0.059636496 0.015830468 0.998011470
1305031108.611407 0.232547313 -0.008906617 0.072205447 -0.012999762 0.064298049 0.016792320 0.997704744
1305031108.643303 0.238893375 -0.006101595 0.071872070 -0.012478403 0.071159475 0.018365795 0.997217774
1305031108.675375 0.253985614 0.001112607 0.074386887 -0.012934502 0.074039079 0.023210522 0.996901274
1305031108.711411 0.258247882 -0.004039817 0.076544970 -0.019133866 0.083389483 0.026249669 0.995987475
1305031108.743502 0.270576268 -0.006058191 0.075420812 -0.020922622 0.086846836 0.026314072 0.995654285
1305031108.775493 0.279398143 -0.003762356 0.074178070 -0.021160807 0.089583889 0.029531067 0.995316446
1305031108.811244 0.279819548 -0.006697707 0.075474098 -0.023840696 0.094536223 0.033817250 0.994661212
1305031108.843264 0.281261474 -0.009371428 0.074049905 -0.023660440 0.094775252 0.039630800 0.994428098
1305031108.876515 0.288409859 -0.005291316 0.075532675 -0.020020155 0.089516163 0.046225909 0.994710624
1305031108.911364 0.289197594 -0.009504681 0.074466422 -0.018314354 0.086140119 0.051505648 0.994782209
1305031108.943243 0.285081416 -0.011807436 0.069871441 -0.014042399 0.083719000 0.052307148 0.995016515
1305031108.975268 0.273409128 -0.012375314 0.062450964 -0.011223741 0.081225045 0.048314553 0.995460808
1305031109.011269 0.282191008 -0.005767938 0.065687567 -0.009060906 0.073092088 0.048767973 0.996090949
1305031109.043277 0.274206907 -0.007613651 0.063521758 -0.008920738 0.073142566 0.045454472 0.996245205
1305031109.075410 0.258748055 -0.006329917 0.058359146 -0.010598936 0.074318081 0.039010782 0.996414900
1305031109.111282 0.253147572 -0.007043586 0.058771189 -0.014327541 0.072198682 0.036992319 0.996601045
1305031109.143334 0.238368288 -0.013584798 0.053583778 -0.017041434 0.071289018 0.033537928 0.996746063
1305031109.175464 0.230915129 -0.004401548 0.055346295 -0.013990314 0.064098090 0.031330176 0.997353554
1305031109.211379 0.225994319 0.004688315 0.051925171 -0.016364092 0.057331800 0.034333490 0.997630477
1305031109.243290 0.214021221 0.003141825 0.054737642 -0.025305318 0.055356476 0.039475780 0.997364998
1305031109.275308 0.199174941 -0.008402745 0.055433735 -0.030928832 0.053060740 0.042772356 0.997195303
1305031109.311329 0.180690870 -0.004116626 0.055062708 -0.027326979 0.046326559 0.043272972 0.997614443
1305031109.343248 0.167989373 0.000703578 0.054043990 -0.028750198 0.036855694 0.041812398 0.998031437
1305031109.375397 0.157463878 -0.002766772 0.055436198 -0.032322120 0.028387301 0.041107289 0.998228252
1305031109.411329 0.147543669 -0.002342425 0.052394219 -0.032631043 0.021340912 0.038165897 0.998510480
1305031109.443302 0.138750553 0.002153115 0.051345378 -0.034761313 0.014934441 0.032141045 0.998767018
1305031109.475363 0.126966164 0.002110341 0.052648932 -0.037361350 0.012929674 0.029238984 0.998790264
1305031109.511273 0.115294963 -0.000177825 0.051476788 -0.037420828 0.010753859 0.024524484 0.998940706
1305031109.543294 0.105089188 0.000857242 0.049085628 -0.034572676 0.008783410 0.022518624 0.999109864
1305031109.575362 0.092462547 0.003000023 0.048020121 -0.033776995 0.008975510 0.022395881 0.999138117
1305031109.611310 0.079741724 0.003280267 0.045835871 -0.033942904 0.007850971 0.019841431 0.999195993
1305031109.643229 0.070553675 0.005173389 0.042996012 -0.034017876 0.006265372 0.019469742 0.999211907
1305031109.675263 0.056032203 0.007357324 0.041959919 -0.035725210 0.006872565 0.021365190 0.999109626
1305031109.711312 0.043879580 0.010116814 0.040858191 -0.037748329 0.003925455 0.020495517 0.999069333
1305031109.743274 0.033497773 0.010899684 0.041573878 -0.042162716 0.000621794 0.019976655 0.998910844
1305031109.775277 0.024027733 0.010044916 0.043907259 -0.045518443 -0.001353103 0.020237023 0.998757601
1305031109.811371 0.011163677 0.012446909 0.044546328 -0.046975356 -0.001911811 0.019250356 0.998708725
1305031109.843296 -0.000308346 0.013927910 0.046125628 -0.050029960 -0.004461530 0.018749360 0.998561740
1305031109.875306 -0.014886228 0.014579525 0.049119271 -0.053568047 -0.006950940 0.016545136 0.998402953
1305031109.911265 -0.028581828 0.012908017 0.050990101 -0.055037141 -0.011709547 0.010830962 0.998356879
1305031109.943299 -0.038593080 0.020513874 0.051461164 -0.054552548 -0.015239992 0.007183797 0.998368740
1305031109.975258 -0.051990610 0.019469462 0.055740926 -0.059222627 -0.016673634 0.001608961 0.998104274
1305031110.011256 -0.061473854 0.019975107 0.058810152 -0.061596513 -0.019779658 -0.005005148 0.997892559
1305031110.043299 -0.071974427 0.020061169 0.061178222 -0.064282559 -0.020817373 -0.011849495 0.997644246
1305031110.075319 -0.083259843 0.023218513 0.063600667 -0.065509796 -0.021116383 -0.016593540 0.997490466
1305031110.111325 -0.096450239 0.023997694 0.066439778 -0.069882713 -0.021999374 -0.021842901 0.997073412
1305031110.143432 -0.109299861 0.020550687 0.069430761 -0.072116062 -0.024658646 -0.025390612 0.996768057
1305031110.175641 -0.119282775 0.026280060 0.067087054 -0.072080828 -0.027874278 -0.026404697 0.996659517
1305031110.211637 -0.131014571 0.023753367 0.069400959 -0.076666474 -0.030043166 -0.028505845 0.996196330
1305031110.243323 -0.140880778 0.021263734 0.070295289 -0.077873074 -0.034101475 -0.028126359 0.995982826
1305031110.279321 -0.142810076 0.020649634 0.074311599 -0.076521210 -0.040744174 -0.028617796 0.995823979
1305031110.311404 -0.158255503 0.021921799 0.071430072 -0.073505729 -0.041493706 -0.030831607 0.995954096
1305031110.343355 -0.169288725 0.024960611 0.071002290 -0.071679577 -0.045438897 -0.032010779 0.995877802
1305031110.379281 -0.179281712 0.024867820 0.071435221 -0.070985489 -0.051016003 -0.035594434 0.995535791
1305031110.411469 -0.188771501 0.031921376 0.069700465 -0.068490192 -0.057345103 -0.038246125 0.995267749
1305031110.443260 -0.199686840 0.034236696 0.069816753 -0.072421037 -0.062366217 -0.041717384 0.994547844
1305031110.479331 -0.212456107 0.032346897 0.071099855 -0.075655654 -0.068097964 -0.048343163 0.993630648
1305031110.511429 -0.221688852 0.033400726 0.070582449 -0.075895786 -0.075560577 -0.052119590 0.992881656
1305031110.543408 -0.230133727 0.038149923 0.070063144 -0.076309748 -0.082178608 -0.054984577 0.992169440
1305031110.579426 -0.238149881 0.039594881 0.067437261 -0.080978185 -0.088376224 -0.059201229 0.991023421
1305031110.611307 -0.245085970 0.033272222 0.069517955 -0.087445863 -0.092507906 -0.063366078 0.989838481
1305031110.643418 -0.253821462 0.030244991 0.068383016 -0.087090403 -0.094163373 -0.066759691 0.989490628
1305031110.679606 -0.257820725 0.039263714 0.068118379 -0.084011510 -0.097407266 -0.068199463 0.989344597
1305031110.711412 -0.263770193 0.036889859 0.069598511 -0.088418268 -0.098831780 -0.069841281 0.988704562
1305031110.743249 -0.269511580 0.035925046 0.070208371 -0.089192584 -0.100012422 -0.071659483 0.988386154
1305031110.779193 -0.270035177 0.036790624 0.069343820 -0.088981554 -0.102836855 -0.071728759 0.988110244
1305031110.811386 -0.275221467 0.037745956 0.070911907 -0.089440092 -0.102336198 -0.073361620 0.988000929
1305031110.843218 -0.278556526 0.037828378 0.071306914 -0.090994187 -0.103798799 -0.075438865 0.987549901
1305031110.879313 -0.275912642 0.036342368 0.071386673 -0.091583803 -0.107125990 -0.075142376 0.987162650
1305031110.911333 -0.276004165 0.039066359 0.071664430 -0.091203034 -0.107890248 -0.075913914 0.987055600
1305031110.943862 -0.272510529 0.037588246 0.071852490 -0.091794156 -0.110616542 -0.076751374 0.986634195
1305031110.979345 -0.260774881 0.040081099 0.072380796 -0.090939365 -0.112974398 -0.076650716 0.986454010
1305031111.011431 -0.250143647 0.038909689 0.076021828 -0.092796855 -0.110532165 -0.075664341 0.986633837
1305031111.043327 -0.245832160 0.039848287 0.076643042 -0.091400772 -0.104360484 -0.073346838 0.987610757
1305031111.079283 -0.242073208 0.043202408 0.075715646 -0.092092603 -0.100530677 -0.071468994 0.988081336
1305031111.111508 -0.233911902 0.040048562 0.079253443 -0.094531566 -0.098949909 -0.068229400 0.988239586
1305031111.143257 -0.225238353 0.036499910 0.076504275 -0.093991198 -0.096857682 -0.067162819 0.988571405
1305031111.179326 -0.211533502 0.037576959 0.079641476 -0.090824097 -0.095472775 -0.066460066 0.989049554
1305031111.211433 -0.202148780 0.037208475 0.076890066 -0.089290299 -0.087214753 -0.062401567 0.990215600
1305031111.243236 -0.201996654 0.031069420 0.074009910 -0.091074727 -0.080853730 -0.062905408 0.990560949
1305031111.279308 -0.182524338 0.030569112 0.081010155 -0.086437300 -0.084026180 -0.060556386 0.990858793
1305031111.311547 -0.180339038 0.032906186 0.070897684 -0.082549587 -0.075303398 -0.056380615 0.992137194
1305031111.343397 -0.175398678 0.035809532 0.071584791 -0.084779136 -0.076580755 -0.056827683 0.991825879
1305031111.379134 -0.155887187 0.025174400 0.078059092 -0.087746978 -0.082768135 -0.052515168 0.991308272
1305031111.411296 -0.153823242 0.030900000 0.076207623 -0.080673642 -0.080496520 -0.052552417 0.992093921
1305031111.443386 -0.136130184 0.032296538 0.082912028 -0.080067642 -0.088899985 -0.057285167 0.991163135
1305031111.479259 -0.108840264 0.030438848 0.094361596 -0.076941736 -0.090226829 -0.055915117 0.991369069
1305031111.511264 -0.102705568 0.027339546 0.087000683 -0.073863275 -0.076363288 -0.055944309 0.992765367
1305031111.543250 -0.089183271 0.022487499 0.088751972 -0.071481191 -0.070822962 -0.054946829 0.993405998
1305031111.579237 -0.075863704 0.026117850 0.084899001 -0.066209875 -0.061831266 -0.048619457 0.994700611
1305031111.611271 -0.074219801 0.021135487 0.075240605 -0.069541380 -0.053348396 -0.041059278 0.995305002
1305031111.643395 -0.054569740 0.010641268 0.075959451 -0.069946624 -0.057454128 -0.034429692 0.995299518
1305031111.679320 -0.035574626 0.022162460 0.085539803 -0.060215596 -0.053668197 -0.025525855 0.996414721
1305031111.711760 -0.022891607 0.023432152 0.089994989 -0.059316844 -0.046147920 -0.023512214 0.996894717
1305031111.743386 0.002817468 0.019207051 0.096635744 -0.056759547 -0.041116212 -0.018126464 0.997376144
1305031111.779423 0.014876190 0.024437286 0.096414953 -0.051550802 -0.022782272 -0.014162393 0.998310030
1305031111.811406 0.016498720 0.019299533 0.092284217 -0.050486278 -0.004786836 -0.014577591 0.998606861
1305031111.843299 0.025311081 0.019470572 0.087001815 -0.046595383 0.006149043 -0.013341655 0.998805821
1305031111.879442 0.035739690 0.016912084 0.081853218 -0.048775427 0.013327663 -0.008165766 0.998687446
1305031111.911354 0.038946755 0.013574917 0.083231904 -0.048478756 0.015409399 -0.003521816 0.998699129
1305031111.943300 0.055572115 0.013644358 0.083398871 -0.046919279 0.009473606 0.006245078 0.998834252
1305031111.979449 0.072569855 0.013433838 0.081239782 -0.046030726 0.009456187 0.013069704 0.998809755
1305031112.011433 0.087273590 0.009670654 0.081840485 -0.045291491 0.015986953 0.012603704 0.998766363
1305031112.043270 0.098921321 0.011867104 0.082614914 -0.040788177 0.023618413 0.011296332 0.998824775
1305031112.079339 0.115193263 0.007976511 0.078734323 -0.040248208 0.033452533 0.010415228 0.998575270
1305031112.111423 0.120351262 0.007141412 0.079012468 -0.037884034 0.043106046 0.005206274 0.998338401
1305031112.144342 0.135730475 0.011787040 0.078710176 -0.035758570 0.045965564 0.000214150 0.998302817
1305031112.179390 0.148347110 0.011758435 0.080235206 -0.037982266 0.058187030 -0.002519216 0.997579694
1305031112.211254 0.161241010 0.001875419 0.081413619 -0.041312024 0.067231387 -0.008496446 0.996845543
1305031112.243369 0.176717430 -0.005261627 0.081651405 -0.037397113 0.075294204 -0.012878211 0.996376634
1305031112.279353 0.180222943 -0.004712642 0.082353465 -0.031756908 0.083007067 -0.017083749 0.995896339
1305031112.311312 0.186894715 -0.007727575 0.085212342 -0.026574604 0.086111233 -0.018690187 0.995755672
1305031112.343323 0.198071361 -0.005563876 0.083247505 -0.018895965 0.085678771 -0.016286572 0.996010482
1305031112.379360 0.213134721 -0.000117769 0.085993767 -0.012372638 0.081741683 -0.011545982 0.996509850
1305031112.411442 0.225653648 0.001142901 0.085704029 -0.009523685 0.078281090 -0.007058267 0.996860802
1305031112.443391 0.235758334 -0.003570287 0.083626971 -0.008593445 0.077296875 -0.000587173 0.996970892
1305031112.479418 0.242056906 -0.002074309 0.082672551 -0.004790514 0.076611549 0.008896582 0.997009814
1305031112.511504 0.249516770 -0.003203939 0.081977054 -0.003021106 0.073305055 0.016481234 0.997168779
1305031112.543212 0.258756310 -0.004490013 0.081158131 -0.000994950 0.069770023 0.020378992 0.997354448
1305031112.579252 0.267458767 -0.002781598 0.080351338 0.001715782 0.066240378 0.026549650 0.997448921
1305031112.611261 0.283409297 0.002437709 0.079838112 0.003331692 0.063311428 0.033068754 0.997440219
1305031112.643246 0.293639332 0.003774213 0.080617666 0.000889546 0.068471201 0.041225705 0.996800542
1305031112.679952 0.294830948 0.003147576 0.083170965 -0.001527721 0.075550266 0.043421362 0.996194959
1305031112.711251 0.295552611 0.004528539 0.082013875 -0.003128210 0.080233879 0.044766188 0.995765388
1305031112.743245 0.298693061 0.013861736 0.081613347 -0.004965960 0.082819544 0.048847456 0.995354295
1305031112.779310 0.297038466 0.010308925 0.085424080 -0.013480715 0.087341145 0.050988641 0.994781375
1305031112.811310 0.286476225 0.006427186 0.085795276 -0.016533123 0.090153933 0.048923671 0.994588077
1305031112.843286 0.282603741 0.009960469 0.084885329 -0.018027589 0.085653104 0.046673466 0.995067954
1305031112.879421 0.283285290 0.009861341 0.084813178 -0.021598522 0.081415795 0.049678359 0.995207012
1305031112.911411 0.273801178 0.010038698 0.087197691 -0.024355868 0.080071554 0.050805353 0.995195508
1305031112.943321 0.265637666 0.007628408 0.089169554 -0.027136045 0.076040372 0.049053159 0.995527685
1305031112.979278 0.263884872 0.010128174 0.088910580 -0.026534649 0.068801112 0.047490638 0.996146083
1305031113.011353 0.259750843 0.012449473 0.084286362 -0.027445154 0.064921930 0.047369339 0.996387482
1305031113.043231 0.255469978 0.013224600 0.083663598 -0.031028392 0.061900616 0.046618916 0.996510029
1305031113.079251 0.235814542 0.001453901 0.086999737 -0.035958730 0.064556830 0.039085183 0.996499717
1305031113.111316 0.226336375 0.005976374 0.083619460 -0.031886082 0.059131112 0.033791818 0.997168481
1305031113.143306 0.220696449 0.012554183 0.081516057 -0.031939603 0.054934643 0.033082347 0.997430503
1305031113.179343 0.206518367 0.004618013 0.080953024 -0.036985099 0.054654535 0.034145743 0.997235715
1305031113.211259 0.191027969 0.003057694 0.077567399 -0.035558634 0.051081438 0.035311893 0.997436404
1305031113.243227 0.178289831 0.009839709 0.075945467 -0.034945771 0.044743005 0.036357507 0.997724891
1305031113.279312 0.168873757 0.002590175 0.077887967 -0.039263196 0.038642116 0.037966449 0.997759342
1305031113.311452 0.151089087 -0.006291436 0.076441318 -0.036940258 0.033126783 0.041086111 0.997922838
1305031113.343252 0.131862953 -0.001311742 0.069617771 -0.030802501 0.025889706 0.039796628 0.998397291
1305031113.379312 0.116217047 0.000248146 0.070353724 -0.033544797 0.018075369 0.036707208 0.998599350
1305031113.411625 0.103157856 -0.008554511 0.070972435 -0.035617422 0.010976385 0.037427209 0.998604119
1305031113.443266 0.088018633 0.001713255 0.074339002 -0.029485691 0.005270509 0.031171124 0.999065161
1305031113.479311 0.070816830 0.000447091 0.069954850 -0.033929508 -0.000439046 0.025802957 0.999090970
1305031113.511523 0.055894259 -0.001207671 0.072070308 -0.038025998 -0.005991657 0.023810679 0.998975098
1305031113.543242 0.041498661 -0.005535406 0.073515527 -0.041150704 -0.011760015 0.020410636 0.998875260
1305031113.579301 0.030515753 0.000712109 0.074362002 -0.038458508 -0.016950980 0.015918976 0.998989582
1305031113.611268 0.019184139 -0.000478492 0.073690586 -0.041743103 -0.020352704 0.011096689 0.998859406
1305031113.643222 0.008525951 -0.001091075 0.074526533 -0.044691283 -0.021138268 0.007775350 0.998746932
1305031113.679288 -0.004542438 -0.001576879 0.075866416 -0.045758944 -0.020220855 0.004260466 0.998738766
1305031113.711931 -0.014709866 -0.002993921 0.076782316 -0.046484932 -0.020466493 -0.000457534 0.998709202
1305031113.743590 -0.025383497 -0.001449263 0.076173805 -0.045145337 -0.018157274 -0.005745463 0.998798847
1305031113.779320 -0.039980203 -0.002510103 0.077254698 -0.044334911 -0.014657537 -0.010222849 0.998856902
1305031113.811237 -0.051909976 -0.000134012 0.077152684 -0.042514518 -0.013473208 -0.011936843 0.998933673
1305031113.843295 -0.063979551 0.001934378 0.077841885 -0.042647045 -0.011091812 -0.015517558 0.998908103
1305031113.879281 -0.078902990 -0.003637156 0.080956392 -0.042984538 -0.009634498 -0.020433446 0.998820305
1305031113.911290 -0.088778816 0.001773066 0.080122635 -0.038054664 -0.011334393 -0.020693382 0.998997092
1305031113.943291 -0.098970495 -0.000283853 0.081592463 -0.036504842 -0.009822207 -0.022912735 0.999022484
1305031113.979293 -0.113750726 0.000744622 0.081978150 -0.032787144 -0.006897745 -0.028531695 0.999031186
1305031114.011257 -0.128561094 0.005051286 0.083009027 -0.027978618 -0.004977908 -0.033961244 0.999019027
1305031114.043301 -0.142770827 0.003157953 0.081886806 -0.027661910 -0.007086896 -0.035866976 0.998948514
1305031114.079285 -0.157278478 0.003990164 0.083538473 -0.024821676 -0.011668069 -0.037247948 0.998929620
1305031114.111263 -0.168811813 0.007450326 0.083262809 -0.021646684 -0.017092375 -0.040439438 0.998801231
1305031114.143284 -0.178983033 0.008129305 0.085425496 -0.021526169 -0.022473732 -0.043468792 0.998569965
1305031114.179337 -0.186394989 0.004005417 0.086583659 -0.020438433 -0.026056036 -0.045246966 0.998426795
1305031114.211303 -0.199114129 0.013689767 0.086722583 -0.015620501 -0.025754254 -0.047426581 0.998420477
1305031114.243337 -0.215871483 0.013264633 0.088680424 -0.018193400 -0.026537007 -0.051956970 0.998130858
1305031114.279390 -0.230745703 0.013025481 0.088337645 -0.018221000 -0.031389240 -0.053751152 0.997894585
1305031114.311429 -0.238729358 0.015618382 0.090392902 -0.018791310 -0.040569909 -0.053460285 0.997568548
1305031114.343331 -0.244985208 0.014400278 0.092362955 -0.020378219 -0.047140010 -0.056283839 0.997093081
1305031114.379320 -0.252476692 0.012299499 0.092858292 -0.021008119 -0.049728516 -0.060649320 0.996698260
1305031114.411397 -0.264928311 0.014084578 0.093893610 -0.019344676 -0.050201207 -0.065262266 0.996416807
1305031114.443345 -0.285551816 0.016265742 0.094480105 -0.018998967 -0.050164584 -0.066989392 0.996310711
1305031114.479332 -0.297027558 0.014512723 0.094890788 -0.019981129 -0.056543861 -0.068087615 0.995875299
1305031114.511266 -0.300054342 0.017840549 0.095363915 -0.019419057 -0.065992132 -0.069897510 0.995179534
1305031114.543236 -0.300568670 0.015493680 0.097816937 -0.023150666 -0.072081655 -0.068455935 0.994777381
1305031114.579237 -0.305638015 0.013279197 0.098145768 -0.025100743 -0.072669782 -0.065131664 0.994910538
1305031114.611391 -0.311089158 0.016496517 0.098575577 -0.026428515 -0.072962351 -0.062800191 0.995004594
1305031114.644136 -0.320114315 0.015706673 0.100286528 -0.031514477 -0.073563650 -0.062396355 0.994837642
1305031114.679251 -0.325140744 0.012537456 0.101054192 -0.035291877 -0.079415053 -0.063383318 0.994198322
1305031114.711306 -0.318834901 0.009191767 0.101597220 -0.036901135 -0.087506764 -0.062658697 0.993506312
1305031114.743200 -0.318409562 0.007235483 0.101871110 -0.036562983 -0.091530226 -0.066095591 0.992933393
1305031114.779289 -0.317158282 0.008473854 0.100261576 -0.033845384 -0.093553141 -0.069289528 0.992623389
1305031114.811303 -0.315133870 0.011287868 0.099813640 -0.032988649 -0.093893774 -0.069961764 0.992572963
1305031114.843208 -0.314171582 0.010761240 0.099183865 -0.033313591 -0.094634682 -0.072741248 0.992291868
1305031114.879281 -0.310066879 0.013054749 0.098119050 -0.033165690 -0.095459118 -0.072085820 0.992265701
1305031114.912879 -0.306690753 0.015928110 0.098504320 -0.033314236 -0.095892318 -0.072271101 0.992205501
1305031114.943234 -0.296687275 0.018907590 0.099184237 -0.034885928 -0.097985983 -0.073593043 0.991849720
1305031114.979280 -0.291309029 0.021279326 0.100255236 -0.036427625 -0.095638178 -0.074294806 0.991971076
1305031115.011300 -0.282434642 0.026070032 0.100761488 -0.039069545 -0.095752090 -0.074960239 0.991809487
1305031115.043508 -0.271138698 0.021175511 0.104483262 -0.044615187 -0.095350809 -0.074957326 0.991614401
1305031115.079238 -0.261899978 0.026931250 0.105997525 -0.043852583 -0.092577904 -0.075533971 0.991867363
1305031115.111230 -0.249493644 0.025294395 0.108752497 -0.047955040 -0.089478634 -0.073043548 0.992148459
1305031115.143275 -0.240304351 0.021095211 0.109595418 -0.051033311 -0.080666445 -0.070740066 0.992917120
1305031115.179440 -0.236295015 0.025447998 0.112293348 -0.050740782 -0.074905798 -0.070034280 0.993433297
1305031115.211374 -0.217841357 0.017366638 0.118066296 -0.054047063 -0.076358348 -0.066482760 0.993392348
1305031115.243297 -0.200589478 0.016261103 0.123395234 -0.049412962 -0.073296875 -0.063987173 0.994027913
1305031115.279966 -0.187919661 0.024632547 0.126696870 -0.045160890 -0.071319170 -0.059396610 0.994658768
1305031115.311704 -0.170460626 0.013781448 0.132619113 -0.049387101 -0.068566583 -0.052138995 0.995058298
1305031115.343235 -0.156929702 0.019497130 0.132096305 -0.042954624 -0.059500299 -0.049159311 0.996091366
1305031115.379166 -0.155836731 0.025679566 0.125592738 -0.045842532 -0.051519170 -0.043008354 0.996691823
1305031115.411237 -0.135201678 0.022302508 0.133673280 -0.053171139 -0.061684795 -0.040723555 0.995846093
1305031115.443159 -0.116857983 0.022714408 0.139771089 -0.056091301 -0.065644346 -0.035408199 0.995635867
1305031115.479241 -0.101593778 0.021852732 0.137965098 -0.061079890 -0.065648742 -0.028314041 0.995569110
1305031115.511253 -0.077526547 0.020939779 0.152023375 -0.063371524 -0.069006965 -0.025861444 0.995265424
1305031115.543604 -0.057145424 0.025724052 0.163213000 -0.060295060 -0.059169494 -0.019253394 0.996239305
1305031115.579315 -0.046310879 0.023597416 0.156067014 -0.060811650 -0.045017425 -0.012103959 0.997060120
1305031115.611424 -0.031436950 0.022029376 0.155723616 -0.060222398 -0.039141294 -0.007612338 0.997388244
1305031115.643254 -0.014885873 0.018941950 0.154328302 -0.059584118 -0.033169709 -0.000346767 0.997671962
1305031115.679241 -0.004171391 0.013221052 0.142255515 -0.060990844 -0.027714480 0.011812398 0.997683585
1305031115.711320 0.012562341 0.018775394 0.150141671 -0.057768084 -0.029993925 0.019236347 0.997693956
1305031115.743250 0.031276189 0.022373620 0.157492131 -0.056365378 -0.025665745 0.027451323 0.997702658
1305031115.779425 0.046532098 0.019075619 0.154638141 -0.055649884 -0.016596181 0.034329738 0.997721970
1305031115.811277 0.058147721 0.021385644 0.151751176 -0.054352380 -0.006487045 0.041161519 0.997651994
1305031115.843224 0.073112145 0.021084955 0.153772429 -0.056796193 0.002549025 0.048766725 0.997190833
1305031115.879198 0.088541403 0.012394952 0.142463446 -0.060271736 0.008883116 0.058729324 0.996413231
1305031115.911118 0.104193412 0.010794025 0.137294799 -0.059376750 0.010829613 0.063817710 0.996134758
1305031115.943311 0.118823737 0.012639055 0.138351530 -0.059812810 0.016590292 0.070972696 0.995545089
1305031115.980740 0.128741205 0.014229897 0.138566166 -0.061047364 0.022970995 0.076148845 0.994960725
1305031116.011379 0.137994468 0.017367477 0.139204130 -0.062181268 0.033237707 0.078266613 0.994436085
1305031116.043164 0.161717907 0.016745627 0.142425150 -0.067095682 0.039730329 0.081198663 0.993643045
1305031116.080030 0.165272474 0.029181702 0.144745305 -0.065708548 0.052729357 0.083618924 0.992929935
1305031116.111300 0.177601665 0.029550921 0.147948846 -0.072375521 0.061095636 0.087557316 0.991646528
1305031116.143441 0.184251085 0.032360524 0.155453131 -0.074747369 0.071396947 0.089859679 0.990575850
1305031116.179572 0.191468462 0.036472857 0.157085299 -0.075048007 0.077201255 0.091951981 0.989925563
1305031116.211299 0.202636793 0.035540782 0.160542846 -0.080558695 0.081647120 0.095087737 0.988838851
1305031116.243320 0.211516410 0.029424105 0.162563920 -0.085897528 0.088627905 0.098059319 0.987497389
1305031116.279385 0.220587552 0.037672833 0.160853952 -0.081394181 0.097181574 0.101692259 0.986706316
1305031116.311336 0.228413910 0.036397006 0.161227420 -0.085652314 0.105006918 0.105408825 0.985152900
1305031116.343292 0.236316413 0.025967047 0.161803439 -0.091424853 0.110361248 0.109092169 0.983646691
1305031116.379384 0.239209116 0.025113467 0.159633696 -0.085843772 0.114287168 0.109249741 0.983683765
1305031116.411333 0.240104556 0.026732363 0.155947313 -0.082094088 0.116845958 0.112540722 0.983332157
1305031116.443369 0.241629034 0.033010717 0.152399555 -0.081131659 0.118200928 0.122923791 0.982006073
1305031116.479850 0.239806414 0.027272265 0.152580246 -0.083496436 0.120684676 0.126198366 0.981089950
1305031116.511205 0.235036790 0.027623732 0.149689063 -0.080899648 0.120998338 0.122214399 0.981773019
1305031116.543262 0.229002506 0.026542291 0.147206575 -0.079150416 0.121696405 0.117150195 0.982446432
1305031116.579313 0.217155099 0.028452314 0.143795967 -0.078121170 0.121684283 0.114257075 0.982870936
1305031116.611261 0.207193047 0.022516388 0.142748356 -0.080175906 0.116447762 0.107466400 0.984105051
1305031116.643355 0.188035324 0.024680765 0.144689053 -0.077227779 0.113438517 0.097361751 0.985742509
1305031116.679281 0.183635756 0.025437323 0.142606169 -0.076852329 0.102368593 0.088482320 0.987818420
1305031116.711634 0.168920755 0.023396207 0.140969425 -0.077505641 0.099652328 0.078323446 0.988902271
1305031116.743291 0.157335728 0.026350729 0.139257178 -0.077431791 0.093976520 0.068330638 0.990203857
1305031116.779298 0.144269943 0.030472018 0.136545360 -0.077030726 0.089262165 0.058448587 0.991303325
1305031116.811318 0.124928288 0.024163902 0.136472404 -0.079801209 0.088441908 0.050191104 0.991610110
1305031116.846089 0.107001320 0.029452924 0.137470096 -0.075385690 0.080849022 0.042012703 0.992983043
1305031116.880165 0.086511217 0.030441940 0.132305875 -0.075797699 0.072835401 0.036315020 0.993796229
1305031116.912044 0.063509904 0.028850934 0.130692124 -0.075805053 0.065860093 0.030938258 0.994464099
1305031116.943296 0.047396794 0.034961805 0.131619677 -0.073999710 0.052571572 0.024560720 0.995568693
1305031116.979351 0.031453528 0.035349678 0.130675599 -0.073333405 0.040927943 0.012709287 0.996386230
1305031117.011382 0.022481523 0.036406144 0.127673030 -0.072125271 0.026403988 0.004522070 0.997035742
1305031117.043261 0.012698571 0.039571688 0.127150461 -0.072130352 0.014506187 0.000190068 0.997289717
1305031117.079520 -0.000574479 0.039058752 0.123973504 -0.074699335 0.005687525 -0.005994162 0.997171879
1305031117.111238 -0.012950264 0.039039422 0.118238680 -0.077157840 -0.004595344 -0.007782000 0.996977925
1305031117.143218 -0.019665226 0.044572894 0.121355951 -0.078226298 -0.016782783 -0.007333721 0.996767342
1305031117.179264 -0.026902674 0.048200130 0.125176340 -0.079776056 -0.026386967 -0.012984511 0.996378899
1305031117.211361 -0.029791448 0.049119607 0.125559300 -0.081654139 -0.034194287 -0.015323176 0.995956123
1305031117.243277 -0.030123550 0.053253733 0.125139907 -0.083881341 -0.037999600 -0.016761543 0.995609879
1305031117.279299 -0.031057995 0.051102728 0.127381444 -0.089419365 -0.038117271 -0.021362184 0.995035172
1305031117.311200 -0.034292966 0.048328698 0.128700271 -0.093700930 -0.036143366 -0.022917973 0.994680166
1305031117.343243 -0.037146285 0.044011362 0.129016459 -0.096367784 -0.035826180 -0.024048576 0.994410098
1305031117.379454 -0.038380060 0.040451743 0.129393071 -0.096240669 -0.035787232 -0.024355754 0.994416296
1305031117.411221 -0.039767366 0.035562482 0.129559323 -0.095618591 -0.037174135 -0.023365837 0.994449198
1305031117.443274 -0.039450869 0.033374604 0.128486291 -0.092362538 -0.038990479 -0.022362521 0.994710386
1305031117.479403 -0.040218126 0.027298965 0.128375158 -0.091576234 -0.039763771 -0.020732420 0.994787812
1305031117.511325 -0.040284917 0.019690152 0.128864914 -0.089419939 -0.041434977 -0.019203374 0.994946480
1305031117.544285 -0.040850792 0.015817298 0.129100457 -0.084300026 -0.042301212 -0.018614594 0.995368123
1305031117.579155 -0.042277019 0.011187746 0.129166886 -0.081260443 -0.043537136 -0.020146850 0.995537758
1305031117.611159 -0.043585196 0.005644729 0.130970836 -0.080249406 -0.044883553 -0.019624220 0.995570421
1305031117.643252 -0.044547915 -0.002576001 0.133222654 -0.079429187 -0.046829902 -0.018483186 0.995568335
1305031117.679262 -0.044878911 -0.007310258 0.135598302 -0.078894071 -0.049667086 -0.017738199 0.995486975
1305031117.711184 -0.043996602 -0.016435914 0.139283344 -0.080426618 -0.052761383 -0.015320615 0.995245218
1305031117.743184 -0.043948643 -0.025683731 0.142949864 -0.081061393 -0.055093229 -0.012129677 0.995111406
1305031117.779467 -0.044841960 -0.031212153 0.145193413 -0.080290541 -0.057128500 -0.010151208 0.995081246
1305031117.811320 -0.043967776 -0.042798106 0.150878668 -0.082714789 -0.059641335 -0.008722463 0.994748771
1305031117.843291 -0.038986646 -0.052443728 0.154419929 -0.081306182 -0.061330106 -0.007157041 0.994774699
1305031117.879451 -0.040093601 -0.058921341 0.157314315 -0.079620346 -0.057860997 -0.007589505 0.995115638
1305031117.911407 -0.042127989 -0.069771349 0.162498638 -0.080118671 -0.055620354 -0.007990066 0.995200276
1305031117.943253 -0.041507911 -0.075601831 0.165426776 -0.078356549 -0.054002438 -0.007762840 0.995431423
1305031117.979228 -0.045829311 -0.081741609 0.169217229 -0.079444610 -0.050919879 -0.009038576 0.995496869
1305031118.011228 -0.045333318 -0.095263213 0.175819740 -0.083138950 -0.051216863 -0.009370257 0.995176852
1305031118.043521 -0.045301259 -0.103249460 0.180240959 -0.082125716 -0.050020430 -0.008998148 0.995325267
1305031118.079334 -0.043855689 -0.111620992 0.184150308 -0.082396261 -0.049433157 -0.010757839 0.995314777
1305031118.111217 -0.040775530 -0.122043058 0.188367218 -0.082767829 -0.046444628 -0.011436833 0.995420337
1305031118.143256 -0.043956235 -0.129424065 0.191967979 -0.081189789 -0.041008648 -0.013390138 0.995764673
1305031118.179323 -0.043984137 -0.140774250 0.197422847 -0.081889041 -0.038497820 -0.015221781 0.995781302
1305031118.211202 -0.048234038 -0.149984419 0.200792447 -0.079089202 -0.034744658 -0.014015503 0.996163309
1305031118.243173 -0.051045470 -0.157184124 0.203868151 -0.075544044 -0.034807887 -0.015032404 0.996421397
1305031118.279194 -0.049295682 -0.171651095 0.209247887 -0.074185431 -0.035854347 -0.014692605 0.996491373
1305031118.311299 -0.049551465 -0.178825185 0.210867792 -0.067895480 -0.036056951 -0.014247734 0.996938884
1305031118.343324 -0.046086814 -0.182136178 0.214973107 -0.062591180 -0.036537427 -0.014990352 0.997257531
1305031118.379208 -0.051269054 -0.189339817 0.215833843 -0.058658402 -0.033041544 -0.017274396 0.997581601
1305031118.411296 -0.051561736 -0.189783037 0.217460483 -0.054986622 -0.034978133 -0.016194711 0.997742832
1305031118.445692 -0.049285464 -0.191447735 0.222245038 -0.054506652 -0.036150608 -0.013350904 0.997769475
1305031118.479285 -0.050046775 -0.194277719 0.223332793 -0.054138582 -0.036118668 -0.011135389 0.997817874
1305031118.511255 -0.047775049 -0.191027582 0.223916829 -0.050995842 -0.036974914 -0.009732948 0.997966707
1305031118.544414 -0.047518633 -0.186125964 0.223752126 -0.051239029 -0.036199119 -0.010628044 0.997973561
1305031118.579285 -0.044211403 -0.183990940 0.225813091 -0.053245608 -0.036512528 -0.010317238 0.997860372
1305031118.616142 -0.042763628 -0.178955674 0.224781707 -0.052971579 -0.034788936 -0.012520566 0.997911274
1305031118.645325 -0.043788228 -0.169762239 0.221944615 -0.052335039 -0.032099184 -0.015101152 0.997999310
1305031118.679295 -0.045056440 -0.165532351 0.218825474 -0.056112893 -0.030258456 -0.016729508 0.997825563
1305031118.711421 -0.046493344 -0.163061619 0.217959136 -0.057780106 -0.030340277 -0.019951968 0.997668684
1305031118.746770 -0.049691640 -0.151355192 0.214290813 -0.053998463 -0.031727329 -0.018902918 0.997857809
1305031118.779277 -0.047067922 -0.133471683 0.205865651 -0.053155906 -0.035967086 -0.018767804 0.997761786
1305031118.811221 -0.044626273 -0.136358365 0.206685901 -0.061048064 -0.039188363 -0.020729199 0.997149765
1305031118.846753 -0.041125767 -0.124725036 0.200882375 -0.055620935 -0.039942682 -0.019908816 0.997454047
1305031118.879208 -0.039527163 -0.106664933 0.191447482 -0.051865496 -0.037950329 -0.021092607 0.997709811
1305031118.911177 -0.040295146 -0.103416339 0.190037340 -0.056467138 -0.036744665 -0.023490708 0.997451484
1305031118.946974 -0.039790656 -0.089690045 0.182280108 -0.053853128 -0.035470970 -0.025826979 0.997584403
1305031118.979374 -0.043493532 -0.073816992 0.174248338 -0.052400876 -0.032991074 -0.030284446 0.997621477
1305031119.011363 -0.044293407 -0.065180346 0.170079216 -0.056405369 -0.033266176 -0.032044224 0.997338951
1305031119.047172 -0.046232082 -0.057194941 0.165492654 -0.058467660 -0.033285689 -0.032739762 0.997196913
1305031119.079223 -0.048950601 -0.048086576 0.159886912 -0.058777150 -0.034700539 -0.032630980 0.997134089
1305031119.111328 -0.048910540 -0.039527446 0.154519051 -0.059050456 -0.038384270 -0.031507265 0.997019053
1305031119.147616 -0.051389135 -0.028106133 0.148186773 -0.058300309 -0.040876560 -0.030459132 0.996996701
1305031119.179226 -0.049713548 -0.024439562 0.144309893 -0.060131758 -0.045901883 -0.030457767 0.996669173
1305031119.211364 -0.047475614 -0.013026489 0.138223797 -0.056503467 -0.048408978 -0.028398296 0.996823668
1305031119.247399 -0.048311803 -0.004000211 0.132926852 -0.055696230 -0.049330678 -0.027707055 0.996843398
1305031119.279212 -0.046934154 0.004881231 0.128202558 -0.055412106 -0.050814815 -0.027474109 0.996791124
1305031119.311212 -0.047801718 0.013615110 0.124636881 -0.055082299 -0.050918996 -0.024863750 0.996872604
1305031119.347741 -0.049794108 0.021077869 0.121137530 -0.054165576 -0.051960964 -0.023274990 0.996907413
1305031119.379239 -0.048648957 0.033556186 0.116274312 -0.052096434 -0.054459032 -0.022464648 0.996902943
1305031119.411484 -0.044286415 0.040844426 0.113424331 -0.053365737 -0.055880174 -0.021742722 0.996773183
1305031119.447706 -0.044052873 0.047905188 0.110739976 -0.054364186 -0.053491801 -0.021366460 0.996858358
1305031119.479267 -0.045552332 0.058830410 0.106401950 -0.052010886 -0.050864667 -0.021847861 0.997111022
1305031119.511240 -0.048522554 0.070303887 0.103273258 -0.052305207 -0.048589543 -0.021659177 0.997213185
1305031119.547382 -0.048218593 0.080548406 0.100352563 -0.052973807 -0.048743170 -0.020131905 0.997202396
1305031119.579559 -0.046117812 0.093559548 0.096816920 -0.053663991 -0.048414279 -0.019748485 0.997189164
1305031119.615017 -0.048992969 0.100035787 0.095564611 -0.058015659 -0.045392938 -0.019641891 0.997089744
1305031119.647903 -0.049958821 0.113421723 0.092437841 -0.058996689 -0.044596188 -0.018109679 0.997097075
1305031119.679208 -0.046507739 0.127014756 0.091575146 -0.061202191 -0.043885071 -0.020485502 0.996949732
1305031119.715232 -0.048626408 0.132848576 0.091207743 -0.067952268 -0.038514614 -0.018645210 0.996770501
1305031119.747193 -0.053396702 0.138363183 0.088869520 -0.072392203 -0.035219736 -0.013364942 0.996664584
1305031119.779169 -0.054253452 0.147081912 0.088345610 -0.074809022 -0.036633532 -0.011240542 0.996461332
1305031119.814537 -0.052216750 0.156147063 0.087155685 -0.076305881 -0.038444065 -0.007516275 0.996314704
1305031119.847429 -0.053838227 0.167337939 0.085504442 -0.077215903 -0.036422908 -0.003375279 0.996343136
1305031119.879214 -0.053843681 0.170505598 0.084121183 -0.079157464 -0.034587737 -0.003209527 0.996256709
1305031119.911401 -0.055113792 0.185074657 0.081399381 -0.075582974 -0.032316212 -0.002570423 0.996612370
1305031119.947392 -0.054625727 0.191412106 0.080574594 -0.079838917 -0.031024918 -0.002430843 0.996321917
1305031119.979537 -0.053637914 0.195652798 0.078663349 -0.082562074 -0.028263511 -0.003316468 0.996179521
1305031120.015264 -0.055918004 0.209580183 0.076854736 -0.082811594 -0.024194241 -0.001893057 0.996269703
1305031120.047290 -0.060060844 0.204558522 0.076628417 -0.093824774 -0.021676505 -0.001090672 0.995352089
1305031120.079418 -0.061978761 0.204633027 0.075947359 -0.095657878 -0.023057573 0.001182294 0.995146513
1305031120.115232 -0.062194601 0.208740115 0.075190902 -0.095742233 -0.025320940 0.003016059 0.995079458
1305031120.148157 -0.058911175 0.203241900 0.075681776 -0.100124188 -0.027499104 0.003854432 0.994587362
1305031120.179246 -0.057271615 0.198813424 0.075913943 -0.100018494 -0.027601585 0.006625816 0.994580567
1305031120.215249 -0.056987841 0.193328708 0.076354995 -0.096607514 -0.027796432 0.006438129 0.994913459
1305031120.248003 -0.056050535 0.190878287 0.076974392 -0.092193894 -0.028240427 0.004300616 0.995331228
1305031120.279430 -0.055412743 0.184409380 0.078093641 -0.089734666 -0.027673578 0.002378795 0.995578289
1305031120.315196 -0.056528278 0.175962761 0.079506189 -0.088316821 -0.026642203 0.000619836 0.995735884
1305031120.347787 -0.056057543 0.169172585 0.082291156 -0.084610879 -0.026381426 -0.001591270 0.996063530
1305031120.379437 -0.055073496 0.159375444 0.085955277 -0.084121250 -0.027117293 -0.002034869 0.996084392
1305031120.415445 -0.050880700 0.142499775 0.090470627 -0.081594542 -0.029774435 -0.001654547 0.996219397
1305031120.447417 -0.053596567 0.140997246 0.093501985 -0.071820907 -0.029169261 -0.002264986 0.996988356
1305031120.479432 -0.051545583 0.128191873 0.098282069 -0.071027339 -0.030801546 -0.001649379 0.996997297
1305031120.514819 -0.051835675 0.116126612 0.102715299 -0.065861061 -0.032741789 0.000664232 0.997291267
1305031120.547736 -0.052759465 0.108858451 0.107011996 -0.059298571 -0.035485633 0.002179032 0.997606993
1305031120.579551 -0.054262802 0.103816815 0.110198840 -0.054950707 -0.038581386 0.005411094 0.997728705
1305031120.615236 -0.051766302 0.092017002 0.115406416 -0.053387545 -0.043933880 0.008001623 0.997574866
1305031120.647354 -0.050405707 0.084789239 0.119502805 -0.048151799 -0.047063090 0.008733510 0.997692466
1305031120.679318 -0.048608400 0.078069285 0.123510443 -0.045753479 -0.049120706 0.009834365 0.997695863
1305031120.714522 -0.048867092 0.069769993 0.127675608 -0.043942120 -0.049516484 0.010483045 0.997751117
1305031120.747369 -0.049891450 0.060112432 0.131203964 -0.043605980 -0.051318817 0.010623603 0.997673333
1305031120.779894 -0.046233170 0.049268957 0.135325298 -0.042558692 -0.054810733 0.010905057 0.997529745
1305031120.814944 -0.046435177 0.044366263 0.137652591 -0.038932603 -0.054898605 0.010149435 0.997681022
1305031120.847921 -0.046046395 0.034417160 0.141319022 -0.040682357 -0.055993199 0.008301927 0.997567415
1305031120.883435 -0.042523373 0.023329884 0.144865394 -0.039640166 -0.056955006 0.006850157 0.997565985
1305031120.915444 -0.045056291 0.019331880 0.146155953 -0.036936723 -0.054483835 0.004477970 0.997821152
1305031120.947488 -0.045139425 0.009311292 0.149263203 -0.037878849 -0.054270584 0.002480410 0.997804463
1305031120.983366 -0.046791106 0.000437840 0.152044520 -0.037682235 -0.053707354 -0.000125964 0.997845471
1305031121.015019 -0.046160616 -0.008931622 0.154412612 -0.036757890 -0.054658208 -0.000875159 0.997827947
1305031121.047498 -0.047386512 -0.014386697 0.155971244 -0.035455503 -0.054076128 -0.002165516 0.997904778
1305031121.083099 -0.049079694 -0.026670506 0.158766687 -0.035894796 -0.054862730 -0.003658679 0.997841775
1305031121.114696 -0.048284400 -0.034445658 0.159852028 -0.033779304 -0.056395069 -0.002806411 0.997833014
1305031121.147331 -0.049703419 -0.042052738 0.161741629 -0.031844299 -0.056641482 -0.003958155 0.997878790
1305031121.183271 -0.049749725 -0.051542535 0.163415819 -0.030848982 -0.058043059 -0.004339143 0.997827888
1305031121.211420 -0.047267191 -0.061385330 0.166160464 -0.029125271 -0.058742229 -0.004491730 0.997838080
1305031121.247194 -0.050714657 -0.067131691 0.167314574 -0.026692854 -0.056213774 -0.005132399 0.998048663
1305031121.282876 -0.050453693 -0.078187540 0.170766309 -0.027980909 -0.057935789 -0.004013554 0.997920036
1305031121.313568 -0.049642935 -0.087998450 0.174069867 -0.025809053 -0.058344625 -0.003295079 0.997957408
1305031121.347517 -0.053102531 -0.094194368 0.176242411 -0.023671098 -0.058431406 -0.002259535 0.998008192
1305031121.383226 -0.049277671 -0.106485762 0.181460485 -0.023551820 -0.061343919 -0.001662483 0.997837365
1305031121.414318 -0.049348548 -0.112338915 0.184492946 -0.018498637 -0.060567513 -0.002465412 0.997989595
1305031121.447319 -0.049915832 -0.118799672 0.186551303 -0.017196147 -0.060020529 -0.001669872 0.998047590
1305031121.482964 -0.047309518 -0.130477548 0.192983836 -0.016757037 -0.059174158 -0.000241952 0.998106956
1305031121.514107 -0.052590221 -0.135762468 0.189814687 -0.013085334 -0.055255398 0.000029727 0.998386502
1305031121.547270 -0.051399775 -0.139970571 0.193174809 -0.013808628 -0.055827454 0.000979193 0.998344481
1305031121.583204 -0.051021401 -0.151535407 0.197374523 -0.016568508 -0.054690681 0.000024132 0.998365879
1305031121.614700 -0.050880931 -0.158589840 0.199770257 -0.015404121 -0.053047117 -0.001442847 0.998472154
1305031121.647183 -0.048625562 -0.162458315 0.202173591 -0.014186266 -0.049733788 -0.003701700 0.998654902
1305031121.683200 -0.052654047 -0.172042385 0.202715531 -0.017725023 -0.044608183 -0.005558929 0.998831868
1305031121.714520 -0.055952951 -0.178365991 0.203301519 -0.018248996 -0.042765383 -0.004608342 0.998907864
1305031121.747145 -0.055249184 -0.181166440 0.206365585 -0.019472525 -0.042942595 -0.003860004 0.998880327
1305031121.782835 -0.054207802 -0.191305727 0.209808245 -0.022952456 -0.042990968 -0.001734585 0.998810291
1305031121.811540 -0.052476399 -0.194276750 0.212012827 -0.023806950 -0.042320795 0.000021198 0.998820364
1305031121.847335 -0.052713376 -0.196975142 0.213242948 -0.025779080 -0.040528387 0.003364934 0.998840094
1305031121.882060 -0.054311257 -0.200188741 0.212877363 -0.028456477 -0.039527785 0.009197665 0.998770833
1305031121.914931 -0.055228923 -0.200828344 0.213383868 -0.030231956 -0.041119862 0.011137785 0.998634636
1305031121.947288 -0.051867276 -0.199838147 0.215677351 -0.029823486 -0.044518601 0.011009538 0.998502612
1305031121.982926 -0.051523000 -0.195491642 0.214334935 -0.029138848 -0.044021059 0.010652949 0.998548746
1305031122.014256 -0.053499900 -0.192924365 0.213035077 -0.029597126 -0.043431118 0.008121556 0.998584867
1305031122.047306 -0.053561009 -0.188046709 0.210419253 -0.028260084 -0.044665199 0.004482031 0.998592138
1305031122.082959 -0.052892327 -0.180668041 0.209348276 -0.026727047 -0.045430686 0.001064672 0.998609304
1305031122.114672 -0.053744081 -0.171051413 0.205390215 -0.024630398 -0.045199238 -0.002450799 0.998671293
1305031122.150725 -0.051613089 -0.163394615 0.203382865 -0.025120217 -0.046323143 -0.007517870 0.998582304
1305031122.183042 -0.051548526 -0.153212517 0.199186385 -0.022502236 -0.045109659 -0.012582000 0.998649359
1305031122.214959 -0.050208502 -0.128438026 0.192178637 -0.019873733 -0.044030771 -0.016984336 0.998688042
1305031122.251319 -0.053010471 -0.126363054 0.190711394 -0.027722524 -0.042419799 -0.020782508 0.998498917
1305031122.283560 -0.055187084 -0.116012976 0.185621381 -0.028063692 -0.042480044 -0.022768516 0.998443544
1305031122.314289 -0.057488844 -0.096249059 0.178384051 -0.030421810 -0.043960728 -0.027672587 0.998186469
1305031122.351327 -0.057136904 -0.089533091 0.175857291 -0.037610166 -0.046387818 -0.029153926 0.997789383
1305031122.382630 -0.059301767 -0.078358538 0.170897990 -0.041804254 -0.047762979 -0.029571118 0.997545302
1305031122.414997 -0.061771423 -0.071589604 0.167435154 -0.045886446 -0.051309630 -0.030397216 0.997164845
1305031122.451257 -0.062026247 -0.059796773 0.161600530 -0.046819668 -0.055851996 -0.028716266 0.996927202
1305031122.483360 -0.062831342 -0.052786928 0.158172086 -0.050357286 -0.060583360 -0.029612243 0.996452153
1305031122.515097 -0.060928680 -0.044135001 0.151609555 -0.051764295 -0.064801641 -0.030628989 0.996083856
1305031122.551490 -0.057169531 -0.034141786 0.146532610 -0.052857876 -0.066937365 -0.031773895 0.995849311
1305031122.583208 -0.058097366 -0.025694225 0.142248303 -0.054201946 -0.065209299 -0.033358678 0.995839894
1305031122.614980 -0.061976731 -0.018263387 0.138899595 -0.055002857 -0.064179994 -0.032949869 0.995876491
1305031122.648788 -0.061878666 -0.007932615 0.133715615 -0.053159855 -0.066078879 -0.031754900 0.995891213
1305031122.683402 -0.061715871 0.002621775 0.129870042 -0.052087210 -0.067437649 -0.030121105 0.995907545
1305031122.715208 -0.063619889 0.010749703 0.126566961 -0.052248683 -0.069551378 -0.027560130 0.995827854
1305031122.751298 -0.060860246 0.023856292 0.121915765 -0.050636537 -0.073041044 -0.026924631 0.995678663
1305031122.783423 -0.059572466 0.038342338 0.117945403 -0.051919226 -0.073583394 -0.026984235 0.995571077
1305031122.812555 -0.057675470 0.044093173 0.116828553 -0.057735365 -0.073578112 -0.028057007 0.995221436
1305031122.851418 -0.051884223 0.053000644 0.114997327 -0.059070155 -0.072043508 -0.029553350 0.995212078
1305031122.883754 -0.056748942 0.063824497 0.112390570 -0.060926557 -0.063687243 -0.029604236 0.995668352
1305031122.914571 -0.061973467 0.067895837 0.110889949 -0.065278143 -0.059181076 -0.029284952 0.995680034
1305031122.951341 -0.060530912 0.075119101 0.109011680 -0.066063404 -0.059245013 -0.027804328 0.995666862
1305031122.982815 -0.062892333 0.085153148 0.105979398 -0.066562839 -0.058409508 -0.024109591 0.995779335
1305031123.015450 -0.062418990 0.089187317 0.104078799 -0.069798499 -0.059674054 -0.021521727 0.995542049
1305031123.051827 -0.061260317 0.093922630 0.102295503 -0.069812976 -0.059676111 -0.020375250 0.995565057
1305031123.082975 -0.061937328 0.106590517 0.098846711 -0.067123510 -0.058482796 -0.017776081 0.995870590
1305031123.113873 -0.062276028 0.116562530 0.096307218 -0.069163263 -0.057132185 -0.015437690 0.995848417
1305031123.150822 -0.063357472 0.123233519 0.095224351 -0.072106503 -0.056009434 -0.015358896 0.995704651
1305031123.182155 -0.059371274 0.135179877 0.093738824 -0.072720930 -0.055906232 -0.014589661 0.995677352
1305031123.214704 -0.058508951 0.144941419 0.092628464 -0.076154269 -0.051602297 -0.014860231 0.995648980
1305031123.250618 -0.060162272 0.159958094 0.091858655 -0.078521669 -0.047147129 -0.016188184 0.995665312
1305031123.282347 -0.058352072 0.169695213 0.091526300 -0.085883208 -0.044729855 -0.013588009 0.995207846
1305031123.311327 -0.057546388 0.176341981 0.091573067 -0.091549575 -0.041022714 -0.012983990 0.994870484
1305031123.350481 -0.057032339 0.184205189 0.091267303 -0.095879890 -0.036981616 -0.012100406 0.994632125
1305031123.382255 -0.054424405 0.193252191 0.090810791 -0.099613048 -0.033393349 -0.008331576 0.994430840
1305031123.411363 -0.056110177 0.195349753 0.090819485 -0.104715914 -0.027709669 -0.006836746 0.994092524
1305031123.451255 -0.059608411 0.211246282 0.088488713 -0.102071337 -0.023301965 -0.006061572 0.994485676
1305031123.483594 -0.057881143 0.220964506 0.087567806 -0.104591213 -0.022167323 -0.001190759 0.994267523
1305031123.511360 -0.058377936 0.224458680 0.086668447 -0.108887546 -0.019958898 0.001312268 0.993852794
1305031123.551513 -0.058188491 0.233057633 0.085675016 -0.108992673 -0.019937778 0.003341082 0.993836999
1305031123.579583 -0.055083819 0.239178464 0.084831692 -0.111378498 -0.020866897 0.006949975 0.993534684
1305031123.611335 -0.054372564 0.248758793 0.083677560 -0.110567987 -0.019536145 0.008447580 0.993640602
1305031123.652411 -0.050982762 0.255905747 0.083201140 -0.113999709 -0.018979611 0.008605435 0.993262172
1305031123.683753 -0.049872868 0.263611794 0.082336888 -0.116582394 -0.015678644 0.009746623 0.993009448
1305031123.711323 -0.049013354 0.268844038 0.081981726 -0.120712593 -0.012250652 0.010808196 0.992553055
1305031123.751723 -0.051052108 0.267976820 0.081034735 -0.126433372 -0.008864684 0.012610544 0.991855383
1305031123.783858 -0.050749827 0.269470990 0.079312474 -0.128462434 -0.009335187 0.014066733 0.991570652
1305031123.811608 -0.049000554 0.274129450 0.078584127 -0.127623335 -0.010471489 0.015460359 0.991646945
1305031123.851444 -0.049406722 0.274858713 0.077626087 -0.128438994 -0.010242652 0.017690059 0.991506755
1305031123.883786 -0.050140999 0.267783701 0.076663047 -0.132016003 -0.011066489 0.018818019 0.991007149
1305031123.911243 -0.048652679 0.267538995 0.076234221 -0.128031045 -0.013284092 0.017730195 0.991522670
1305031123.951442 -0.047777396 0.269808441 0.076525688 -0.125731945 -0.014319541 0.019024542 0.991778433
1305031123.983415 -0.051480237 0.256891698 0.077564612 -0.132856950 -0.014364675 0.021129197 0.990805864
1305031124.011302 -0.051068306 0.246794388 0.079299808 -0.130634844 -0.018523123 0.020594280 0.991043508
1305031124.051505 -0.050955493 0.247487277 0.080412596 -0.123647571 -0.021674022 0.020470355 0.991878271
1305031124.083837 -0.051455718 0.237832829 0.083265603 -0.124981396 -0.024232980 0.021467596 0.991630793
1305031124.111331 -0.050747927 0.225425497 0.085961178 -0.121676132 -0.027533138 0.020725561 0.991971433
1305031124.147446 -0.049849618 0.227552444 0.088646352 -0.112189405 -0.029453875 0.018501511 0.993077874
1305031124.182694 -0.049421910 0.216280431 0.092006236 -0.113589935 -0.030871212 0.016593736 0.992909312
1305031124.211396 -0.048196834 0.205936909 0.094449632 -0.108465284 -0.032609493 0.014581166 0.993458271
1305031124.249327 -0.049658224 0.202048630 0.096117608 -0.101724654 -0.033328101 0.014067661 0.994154632
1305031124.282545 -0.051605448 0.194244295 0.098647282 -0.101704076 -0.036732487 0.013894206 0.994039178
1305031124.311361 -0.047889903 0.179184020 0.101269752 -0.101284906 -0.042569425 0.014414066 0.993841767
1305031124.350354 -0.048801705 0.174637362 0.103403017 -0.094489776 -0.045422919 0.013188759 0.994401574
1305031124.382420 -0.045711510 0.163263410 0.105630338 -0.092714719 -0.049092222 0.012034214 0.994408906
1305031124.411439 -0.045343034 0.151375622 0.107542135 -0.089065537 -0.050570555 0.011629634 0.994673133
1305031124.450245 -0.045828789 0.141615719 0.108786270 -0.082273066 -0.051428586 0.009177354 0.995239735
1305031124.480099 -0.045852814 0.130138680 0.110438570 -0.077167079 -0.052563436 0.006977675 0.995607197
1305031124.511324 -0.046615049 0.122422382 0.111965135 -0.069960319 -0.054052703 0.004981358 0.996071815
1305031124.550437 -0.046834830 0.110683240 0.114187524 -0.066914871 -0.055655494 0.002786178 0.996201336
1305031124.579404 -0.046906728 0.098148078 0.117401071 -0.064361289 -0.058331370 0.000228964 0.996220350
1305031124.611358 -0.047632001 0.089992508 0.119786002 -0.058566548 -0.060441155 -0.001922285 0.996450245
1305031124.651271 -0.047438744 0.077728659 0.122966640 -0.056020547 -0.062881269 -0.003464392 0.996441483
1305031124.679362 -0.045120388 0.065036781 0.127072170 -0.053150184 -0.065750547 -0.005389679 0.996404946
1305031124.711251 -0.044350948 0.056472052 0.130095720 -0.048518825 -0.066156678 -0.006940712 0.996604741
1305031124.749890 -0.045705471 0.044194691 0.133871421 -0.047193948 -0.065790199 -0.008854737 0.996677458
1305031124.779365 -0.046007834 0.033130124 0.138185933 -0.044134803 -0.067124307 -0.009460624 0.996723056
1305031124.811360 -0.045499075 0.024160624 0.142471120 -0.041835267 -0.068391129 -0.009567962 0.996735156
1305031124.850535 -0.046321474 0.011014559 0.147441223 -0.042770412 -0.069450065 -0.010515500 0.996612668
1305031124.879355 -0.041523121 -0.001769449 0.152769968 -0.041736886 -0.071374893 -0.010367877 0.996522009
1305031124.911448 -0.042421091 -0.007637667 0.157226741 -0.039103832 -0.068526216 -0.010656607 0.996825695
1305031124.950730 -0.042931028 -0.018343583 0.163164079 -0.042317677 -0.067199647 -0.011084164 0.996780097
1305031124.979438 -0.044657923 -0.035144750 0.170052230 -0.043122925 -0.065950744 -0.009196589 0.996848226
1305031125.011454 -0.047877003 -0.042843025 0.173545450 -0.037694376 -0.067414336 -0.008656420 0.996975183
1305031125.050763 -0.044020843 -0.047825098 0.176223546 -0.035139248 -0.070716441 -0.007209798 0.996851265
1305031125.079364 -0.044479415 -0.058658399 0.181739211 -0.036770999 -0.069722205 -0.004246281 0.996879458
1305031125.111364 -0.046722077 -0.069816738 0.186142057 -0.036351450 -0.070156962 -0.003732761 0.996866405
1305031125.151013 -0.043258265 -0.077337585 0.189028934 -0.032501526 -0.071771890 -0.005039783 0.996878684
1305031125.179353 -0.044979051 -0.078935817 0.191073671 -0.031264409 -0.068753265 -0.004331852 0.997134268
1305031125.211320 -0.047990229 -0.091001965 0.196671754 -0.035574000 -0.066715755 -0.004778697 0.997126222
1305031125.250632 -0.049417909 -0.102219187 0.199736238 -0.034255106 -0.066318616 -0.007263727 0.997183859
1305031125.279467 -0.050282065 -0.105647840 0.201606289 -0.030803993 -0.066167414 -0.007844158 0.997302055
1305031125.311493 -0.049865320 -0.115924418 0.206739783 -0.031686444 -0.064941525 -0.007335257 0.997358918
1305031125.348880 -0.052410588 -0.120601632 0.206475303 -0.027441280 -0.062920995 -0.010807114 0.997582674
1305031125.379401 -0.047595832 -0.124676190 0.212395787 -0.027466618 -0.062982962 -0.013866507 0.997540176
1305031125.411335 -0.047774144 -0.129794151 0.214387015 -0.027700158 -0.056527968 -0.015018312 0.997903705
1305031125.451195 -0.050136209 -0.135372549 0.216404051 -0.030797765 -0.050559551 -0.016816651 0.998104453
1305031125.479424 -0.049930576 -0.143935204 0.220302790 -0.031306580 -0.047048803 -0.018526804 0.998229980
1305031125.511316 -0.051433340 -0.143374667 0.219733521 -0.029824914 -0.042712536 -0.019168701 0.998458147
1305031125.551020 -0.051100634 -0.146553367 0.220342129 -0.031081377 -0.039656974 -0.020917684 0.998510778
1305031125.579308 -0.049692035 -0.148209825 0.222152978 -0.032600250 -0.036862869 -0.022755878 0.998529196
1305031125.611533 -0.052086372 -0.155601159 0.221289024 -0.033626635 -0.032580409 -0.023653876 0.998623192
1305031125.650575 -0.057697408 -0.157960802 0.216397941 -0.029490966 -0.030352054 -0.021145070 0.998880327
1305031125.679328 -0.060955409 -0.150071338 0.210804999 -0.023934091 -0.033364203 -0.019873694 0.998958945
1305031125.711443 -0.056884624 -0.150693759 0.211226955 -0.023138661 -0.040511191 -0.017566822 0.998756647
1305031125.751260 -0.055000540 -0.138462618 0.206954435 -0.016228611 -0.043216307 -0.016145803 0.998803437
1305031125.779348 -0.053591438 -0.132659435 0.204357371 -0.016540376 -0.044622619 -0.019094780 0.998684466
1305031125.811573 -0.051967479 -0.122652777 0.200501487 -0.015081356 -0.044272911 -0.019946065 0.998706460
1305031125.847412 -0.053056579 -0.116563171 0.196919352 -0.017378710 -0.042360090 -0.022378616 0.998700559
1305031125.879318 -0.056265015 -0.110130884 0.192159981 -0.017542318 -0.041741058 -0.023156026 0.998706043
1305031125.911305 -0.059643894 -0.096130393 0.187382236 -0.019234426 -0.043764547 -0.021799894 0.998618782
1305031125.947343 -0.061818440 -0.092809707 0.183956370 -0.023627853 -0.049804680 -0.019453464 0.998289883
1305031125.979324 -0.059336171 -0.081528462 0.179887325 -0.023387646 -0.058017101 -0.015532628 0.997920752
1305031126.011333 -0.054835089 -0.069823980 0.176559374 -0.024975108 -0.064753495 -0.015066754 0.997474909
1305031126.047324 -0.048722070 -0.056888036 0.177409947 -0.026906807 -0.068360396 -0.014568160 0.997191370
1305031126.079356 -0.047121644 -0.043467492 0.173287719 -0.029962689 -0.067072503 -0.013343198 0.997208834
1305031126.111370 -0.046303600 -0.034932561 0.173076987 -0.034020972 -0.066597737 -0.014067313 0.997100472
1305031126.147432 -0.046533402 -0.018421199 0.169225290 -0.034413386 -0.065001592 -0.011794302 0.997221828
1305031126.179384 -0.046733655 -0.005487485 0.168306798 -0.040064301 -0.065237261 -0.011522114 0.996998608
1305031126.211319 -0.044862498 0.000949790 0.167467922 -0.045699287 -0.066263705 -0.011392375 0.996689975
1305031126.247298 -0.042842906 0.016519202 0.163874924 -0.046805985 -0.065554030 -0.010747354 0.996692717
1305031126.279363 -0.041560333 0.026224565 0.162548080 -0.051233038 -0.064275451 -0.011805267 0.996546268
1305031126.311332 -0.039463386 0.040571608 0.159705684 -0.053804088 -0.061851088 -0.013266121 0.996545792
1305031126.347363 -0.040709089 0.048616007 0.158262610 -0.058855012 -0.057478882 -0.014773749 0.996500909
1305031126.379423 -0.042673811 0.058787122 0.155861214 -0.062050100 -0.053795919 -0.016129158 0.996491671
1305031126.411465 -0.044030577 0.070260562 0.153121039 -0.065472491 -0.051494557 -0.018222643 0.996358156
1305031126.447361 -0.044550359 0.076517679 0.151478052 -0.070657767 -0.049892586 -0.017658692 0.996095538
1305031126.479533 -0.046841376 0.085292265 0.148622259 -0.072624557 -0.049191143 -0.015007043 0.996032476
1305031126.511410 -0.047147281 0.100112028 0.145001024 -0.073302485 -0.050629284 -0.013141754 0.995937109
1305031126.547374 -0.044000313 0.108837865 0.143536642 -0.078851826 -0.052092377 -0.012740926 0.995442808
1305031126.579454 -0.041608833 0.116122782 0.141861051 -0.083178364 -0.050926700 -0.010652429 0.995175540
1305031126.611528 -0.042312920 0.124498591 0.139838651 -0.087779380 -0.048563998 -0.009305387 0.994911909
1305031126.647376 -0.040166955 0.126893669 0.139424443 -0.093205713 -0.047457024 -0.007586539 0.994486272
1305031126.679479 -0.040723890 0.133025274 0.137388811 -0.094478145 -0.044723932 -0.003424627 0.994515955
1305031126.711583 -0.039832465 0.139760688 0.135112494 -0.096512429 -0.043331590 -0.000165321 0.994388103
1305031126.747316 -0.037501886 0.139372468 0.133998662 -0.099501483 -0.042477537 0.002779045 0.994126439
1305031126.779379 -0.037606671 0.146405846 0.131271243 -0.097710721 -0.041139979 0.005979321 0.994346201
1305031126.811602 -0.034579881 0.149740145 0.129805639 -0.098082915 -0.040013049 0.006654789 0.994351268
1305031126.847343 -0.034046289 0.153288975 0.127271280 -0.098027341 -0.036141250 0.007052348 0.994502246
1305031126.879357 -0.033872519 0.155714795 0.125884995 -0.098496936 -0.034164872 0.007485387 0.994522572
1305031126.911364 -0.032843284 0.156305239 0.124605753 -0.099077523 -0.032229625 0.006871405 0.994533896
1305031126.947437 -0.033631958 0.157853574 0.122994930 -0.099503078 -0.030675968 0.008452571 0.994528353
1305031126.979337 -0.033046681 0.156220704 0.122451738 -0.100818329 -0.031771623 0.009702037 0.994350076
1305031127.011371 -0.032196905 0.155683681 0.122011110 -0.099600546 -0.032999657 0.009910210 0.994430780
1305031127.047297 -0.031916112 0.156953424 0.121513754 -0.098143063 -0.033449754 0.011108798 0.994547963
1305031127.079299 -0.033226617 0.156237453 0.121408738 -0.098601669 -0.033197109 0.011071568 0.994511485
1305031127.111435 -0.034937654 0.153528750 0.121719792 -0.099122658 -0.034616515 0.011916699 0.994401515
1305031127.147307 -0.034646083 0.150368273 0.122490555 -0.098711021 -0.038308516 0.012703426 0.994297326
1305031127.179349 -0.035245497 0.150521040 0.122499876 -0.095980518 -0.040804673 0.012181663 0.994471908
1305031127.211700 -0.032939445 0.148186877 0.124047041 -0.095827036 -0.043389149 0.012039477 0.994379044
1305031127.247374 -0.032198131 0.143765852 0.125734791 -0.094977967 -0.043968353 0.011137999 0.994445503
1305031127.279465 -0.033606157 0.144130573 0.125784472 -0.091687769 -0.043576732 0.010083331 0.994782746
1305031127.311362 -0.034366213 0.141592130 0.127494827 -0.092181362 -0.044305798 0.009455939 0.994711101
1305031127.347356 -0.034283727 0.135040194 0.129644200 -0.092177145 -0.046032462 0.008871404 0.994638443
1305031127.379262 -0.034832500 0.135768607 0.130193442 -0.088475101 -0.046962116 0.008726898 0.994932413
1305031127.411371 -0.035666987 0.134253830 0.131613791 -0.088233180 -0.047844604 0.007992012 0.994918048
1305031127.447333 -0.035802618 0.128576189 0.134087995 -0.088980213 -0.049203139 0.007657849 0.994787872
1305031127.479362 -0.036784358 0.130098224 0.134567767 -0.085842766 -0.049924046 0.006775457 0.995034039
1305031127.511356 -0.037665389 0.129335478 0.135962427 -0.086741544 -0.050762672 0.005668825 0.994920552
1305031127.547348 -0.036771521 0.124338627 0.138307407 -0.088051863 -0.052303717 0.005620906 0.994725883
1305031127.579345 -0.037496805 0.125175551 0.138749629 -0.085493840 -0.052512188 0.005337660 0.994939625
1305031127.611271 -0.037788257 0.126128793 0.139224827 -0.085271299 -0.053004570 0.005137421 0.994933665
1305031127.647358 -0.036749516 0.122493900 0.141072482 -0.087320670 -0.053838678 0.006529806 0.994702935
1305031127.679298 -0.037411332 0.121014133 0.141557932 -0.085997537 -0.054062963 0.007241892 0.994801104
1305031127.711375 -0.038346723 0.123056583 0.141051710 -0.084474154 -0.054383930 0.006859083 0.994916797
1305031127.747304 -0.037309170 0.120667040 0.142215326 -0.086373486 -0.055415474 0.006924572 0.994696319
1305031127.779346 -0.037976123 0.117779694 0.142660275 -0.086157382 -0.055266529 0.007010803 0.994722784
1305031127.811829 -0.038432881 0.119108260 0.142163336 -0.083973974 -0.055523809 0.005967658 0.994901955
1305031127.847366 -0.038799655 0.118480161 0.142114639 -0.084285155 -0.055469681 0.005157900 0.994883180
1305031127.879380 -0.039664879 0.117158756 0.142380103 -0.084654897 -0.055485465 0.004635803 0.994853497
1305031127.911476 -0.040760808 0.117757007 0.142523512 -0.083838321 -0.056000836 0.004157694 0.994895816
1305031127.947366 -0.041067243 0.118888587 0.143006161 -0.083993703 -0.056746531 0.004245318 0.994840145
1305031127.979371 -0.041047752 0.117663436 0.144468307 -0.086028710 -0.057659578 0.004206686 0.994613886
1305031128.011427 -0.039453089 0.118083023 0.146170095 -0.086767554 -0.058540538 0.004044698 0.994498909
1305031128.047369 -0.038560867 0.115927950 0.148518875 -0.089842498 -0.057996221 0.005057615 0.994253099
1305031128.079334 -0.038958792 0.112866692 0.150277019 -0.090671003 -0.057477653 0.006010785 0.994202673
1305031128.111391 -0.038459305 0.112292625 0.151379347 -0.090131924 -0.057987168 0.006802042 0.994216979
1305031128.147418 -0.037661053 0.111998342 0.152442560 -0.090847619 -0.058400165 0.008526435 0.994114399
1305031128.179350 -0.036765017 0.107421786 0.154197916 -0.091726854 -0.058700517 0.009695461 0.994005263
1305031128.211447 -0.037543062 0.109083109 0.154110804 -0.088861383 -0.058376230 0.009985588 0.994281709
1305031128.247480 -0.038298327 0.110238150 0.153926000 -0.088629000 -0.058451738 0.010340134 0.994294405
1305031128.279336 -0.036979936 0.106681660 0.155061901 -0.090128824 -0.059453387 0.010366090 0.994099915
1305031128.311483 -0.037933096 0.107876062 0.154565960 -0.088178463 -0.059036020 0.009729696 0.994306087
1305031128.347423 -0.038781419 0.108003899 0.154441819 -0.088089988 -0.058794767 0.008794386 0.994336963
1305031128.379404 -0.038816329 0.106616065 0.154683322 -0.088722616 -0.059345059 0.007119218 0.994261444
1305031128.411337 -0.038952492 0.105654351 0.154613227 -0.088346787 -0.059337240 0.006030133 0.994302571
1305031128.447296 -0.040092997 0.105689414 0.153829873 -0.087736756 -0.058890354 0.004796088 0.994389832
1305031128.479296 -0.040114231 0.104767457 0.154065877 -0.088179596 -0.059263270 0.003637124 0.994333446
1305031128.511433 -0.039779346 0.103895895 0.154102042 -0.088030584 -0.059257366 0.002978541 0.994349182
1305031128.547399 -0.039525680 0.103805736 0.154287606 -0.087949008 -0.058861993 0.002483841 0.994381249
1305031128.579455 -0.039143257 0.101210430 0.154695004 -0.088342018 -0.058470502 0.002264625 0.994370043
1305031128.611395 -0.040829301 0.101022333 0.153941631 -0.086895317 -0.057810407 0.002453222 0.994535685
1305031128.647352 -0.042298850 0.101152711 0.153087795 -0.086284943 -0.058369245 0.002713386 0.994555473
1305031128.679282 -0.041176304 0.099877506 0.153217226 -0.086347379 -0.060302041 0.002394840 0.994435549
1305031128.711457 -0.039943952 0.099560760 0.152997881 -0.085310951 -0.060810436 0.001510606 0.994495749
1305031128.747363 -0.039680324 0.099971019 0.152566418 -0.084305190 -0.059931077 0.000522442 0.994635940
