#frame chA chB nCorr nA nB MNR GNR DICE
16 0 1 0 117 437 0 0 0
17 0 1 0 135 433 0 0 0
18 0 1 0 124 434 0 0 0
19 0 1 0 116 421 0 0 0
20 0 1 6 109 392 0.0550459 0.0290265 0.0239521
21 0 1 16 160 475 0.1 0.0580381 0.0503937
22 0 1 28 163 447 0.171779 0.103731 0.0918033
23 0 1 35 156 418 0.224359 0.137062 0.121951
24 0 1 30 155 405 0.193548 0.119737 0.107143
25 0 1 45 159 408 0.283019 0.176679 0.15873
26 0 1 59 144 408 0.409722 0.243411 0.213768
27 0 1 58 145 409 0.4 0.238167 0.209386
28 0 1 57 138 385 0.413043 0.247289 0.217973
29 0 1 69 133 365 0.518797 0.313168 0.277108
30 0 1 63 186 545 0.33871 0.197873 0.172367
31 0 1 65 176 478 0.369318 0.224101 0.198777
32 0 1 54 163 451 0.331288 0.199164 0.175896
33 0 1 56 158 363 0.35443 0.233833 0.214971
34 0 1 50 201 455 0.248756 0.165336 0.152439
35 0 1 48 190 487 0.252632 0.157797 0.141802
36 0 1 65 182 475 0.357143 0.221071 0.197869
37 0 1 72 191 477 0.376963 0.238537 0.215569
38 0 1 70 190 497 0.368421 0.227794 0.203785
39 0 1 82 194 502 0.42268 0.262761 0.235632
40 0 1 76 195 491 0.389744 0.245615 0.221574
41 0 1 86 180 510 0.477778 0.283842 0.249275
42 0 1 91 193 542 0.471503 0.28136 0.247619
43 0 1 96 199 522 0.482412 0.297858 0.266297
44 0 1 100 199 548 0.502513 0.302819 0.267738
45 0 1 111 207 558 0.536232 0.326603 0.290196
46 0 1 122 212 582 0.575472 0.34732 0.307305
47 0 1 120 213 575 0.56338 0.342892 0.304569
48 0 1 110 218 594 0.504587 0.305683 0.270936
49 0 1 113 223 577 0.506726 0.31502 0.2825
50 0 1 83 207 528 0.400966 0.251059 0.22585
51 0 1 112 205 557 0.546341 0.331447 0.293963
52 0 1 111 193 552 0.57513 0.340075 0.297987
53 0 1 119 202 552 0.589109 0.35637 0.31565
54 0 1 114 207 540 0.550725 0.340975 0.305221
55 0 1 101 194 510 0.520619 0.321096 0.286932
56 0 1 110 243 590 0.452675 0.290512 0.264106
57 0 1 119 239 596 0.497908 0.315301 0.28503
58 0 1 85 212 575 0.400943 0.243454 0.21601
59 0 1 111 224 597 0.495536 0.303537 0.270402
60 0 1 114 243 584 0.469136 0.302618 0.275695
61 0 1 124 236 561 0.525424 0.340788 0.311167
62 0 1 113 238 559 0.47479 0.309802 0.283563
63 0 1 104 224 551 0.464286 0.296028 0.268387
64 0 1 115 210 529 0.547619 0.345033 0.311231
65 0 1 144 232 503 0.62069 0.421536 0.391837
66 0 1 133 234 498 0.568376 0.389609 0.363388
67 0 1 106 226 486 0.469027 0.319841 0.297753
68 0 1 122 210 484 0.580952 0.382673 0.351585
69 0 1 132 267 577 0.494382 0.336303 0.312796
70 0 1 114 250 523 0.456 0.315271 0.294955
71 0 1 97 226 522 0.429204 0.282411 0.259358
72 0 1 86 204 456 0.421569 0.281969 0.260606
73 0 1 44 189 399 0.232804 0.160227 0.14966
74 0 1 61 223 492 0.273543 0.18416 0.170629
75 0 1 39 194 411 0.201031 0.138116 0.128926
76 0 1 38 176 407 0.215909 0.141981 0.13036
77 0 1 38 181 371 0.209945 0.146642 0.137681
78 0 1 43 174 377 0.247126 0.167889 0.15608
79 0 1 48 166 350 0.289157 0.199138 0.186047
80 0 1 67 178 344 0.376404 0.270761 0.256705
81 0 1 55 170 319 0.323529 0.23618 0.224949
82 0 1 54 162 324 0.333333 0.235702 0.222222
83 0 1 65 159 321 0.408805 0.287715 0.270833
84 0 1 67 181 373 0.370166 0.257858 0.241877
85 0 1 65 182 367 0.357143 0.251504 0.236794
86 0 1 77 183 363 0.420765 0.298753 0.282051
87 0 1 77 186 367 0.413978 0.294714 0.278481
88 0 1 67 193 386 0.34715 0.245472 0.231434
89 0 1 65 177 361 0.367232 0.257142 0.241636
90 0 1 55 176 348 0.3125 0.222237 0.209924
91 0 1 89 252 563 0.353175 0.236285 0.218405
92 0 1 96 257 566 0.373541 0.251708 0.233293
93 0 1 85 244 559 0.348361 0.230154 0.211706
94 0 1 107 258 607 0.414729 0.270383 0.247399
95 0 1 147 298 697 0.493289 0.322547 0.295477
96 0 1 131 294 664 0.445578 0.296492 0.273486
97 0 1 147 302 690 0.486755 0.322025 0.296371
98 0 1 140 317 659 0.44164 0.306306 0.286885
99 0 1 144 312 662 0.461538 0.316852 0.295688
100 0 1 163 313 682 0.520767 0.352796 0.327638
101 0 1 160 301 647 0.531561 0.362564 0.337553
102 0 1 173 321 750 0.538941 0.352584 0.323063
103 0 1 174 319 700 0.545455 0.368218 0.341511
104 0 1 165 316 726 0.522152 0.344486 0.316699
105 0 1 164 296 691 0.554054 0.362626 0.33232
106 0 1 147 287 676 0.512195 0.333736 0.305296
107 0 1 154 290 671 0.531034 0.349109 0.320499
108 0 1 130 265 626 0.490566 0.319178 0.291807
109 0 1 157 293 686 0.535836 0.35019 0.320735
110 0 1 136 287 655 0.473868 0.313673 0.288747
111 0 1 145 264 606 0.549242 0.362518 0.333333
112 0 1 138 257 595 0.536965 0.352902 0.323944
113 0 1 124 275 646 0.450909 0.294198 0.269273
114 0 1 126 259 612 0.486486 0.316479 0.289323
115 0 1 126 253 601 0.498024 0.323127 0.295082
116 0 1 124 257 556 0.48249 0.328033 0.305043
117 0 1 133 278 652 0.478417 0.312396 0.286022
118 0 1 106 250 549 0.424 0.286121 0.265332
119 0 1 88 281 642 0.313167 0.207187 0.190683
120 0 1 100 279 598 0.358423 0.24482 0.22805
121 0 1 94 247 565 0.380567 0.251626 0.231527
122 0 1 97 240 528 0.404167 0.272489 0.252604
123 0 1 103 265 642 0.388679 0.249716 0.227122
124 0 1 102 258 632 0.395349 0.252599 0.229213
125 0 1 87 227 520 0.38326 0.253224 0.232932
126 0 1 77 256 601 0.300781 0.196306 0.179697
127 0 1 83 261 587 0.318008 0.21205 0.195755
128 0 1 87 250 582 0.348 0.22808 0.209135
129 0 1 103 264 598 0.390152 0.25923 0.238979
130 0 1 95 259 609 0.366795 0.239202 0.218894
131 0 1 137 278 632 0.492806 0.326843 0.301099
132 0 1 134 268 668 0.5 0.316701 0.286325
133 0 1 129 269 676 0.479554 0.30251 0.273016
134 0 1 155 282 701 0.549645 0.348617 0.315361
135 0 1 160 264 656 0.606061 0.384473 0.347826
136 0 1 151 279 659 0.541219 0.352154 0.321962
137 0 1 162 276 668 0.586957 0.377287 0.34322
138 0 1 174 287 728 0.606272 0.380665 0.342857
139 0 1 167 294 698 0.568027 0.368651 0.336694
140 0 1 154 316 732 0.487342 0.3202 0.293893
141 0 1 154 309 697 0.498382 0.331837 0.306163
142 0 1 140 327 688 0.428135 0.295162 0.275862
143 0 1 170 342 696 0.497076 0.348443 0.327553
144 0 1 157 312 663 0.503205 0.345196 0.322051
145 0 1 183 366 759 0.5 0.347208 0.325333
146 0 1 171 351 714 0.487179 0.341581 0.321127
147 0 1 160 327 718 0.489297 0.330205 0.30622
148 0 1 187 325 717 0.575385 0.387383 0.358925
149 0 1 162 341 693 0.475073 0.333251 0.313346
150 0 1 170 321 692 0.529595 0.360698 0.335637
151 0 1 162 318 694 0.509434 0.344843 0.320158
152 0 1 181 336 685 0.53869 0.37728 0.354554
153 0 1 167 315 684 0.530159 0.359777 0.334334
154 0 1 143 297 621 0.481481 0.332975 0.311547
155 0 1 139 311 673 0.446945 0.303827 0.28252
156 0 1 170 333 681 0.510511 0.356988 0.335306
157 0 1 138 325 654 0.424615 0.299329 0.28192
158 0 1 146 317 656 0.460568 0.320163 0.300103
159 0 1 154 312 621 0.49359 0.349863 0.330118
160 0 1 157 341 639 0.460411 0.336335 0.320408
161 0 1 165 333 644 0.495495 0.356303 0.337769
162 0 1 169 326 640 0.518405 0.369988 0.349896
163 0 1 156 323 633 0.482972 0.345002 0.32636
164 0 1 137 320 603 0.428125 0.31188 0.296858
165 0 1 148 306 605 0.48366 0.343972 0.324918
166 0 1 149 320 632 0.465625 0.331324 0.313025
167 0 1 154 326 644 0.472393 0.3361 0.317526
168 0 1 147 305 665 0.481967 0.326405 0.303093
169 0 1 165 326 654 0.506135 0.357344 0.336735
170 0 1 189 331 648 0.570997 0.408094 0.386108
171 0 1 187 330 638 0.566667 0.407544 0.386364
172 0 1 181 351 680 0.51567 0.370485 0.351115
173 0 1 150 328 632 0.457317 0.329455 0.3125
174 0 1 139 308 603 0.451299 0.322538 0.305159
175 0 1 127 290 599 0.437931 0.304713 0.285714
176 0 1 74 222 449 0.333333 0.234386 0.220566
177 0 1 78 238 490 0.327731 0.228406 0.214286
178 0 1 92 228 464 0.403509 0.282853 0.265896
179 0 1 80 208 400 0.384615 0.27735 0.263158
180 0 1 72 229 401 0.31441 0.237598 0.228571
181 0 1 65 212 388 0.306604 0.226636 0.216667
182 0 1 51 222 415 0.22973 0.168023 0.160126
183 0 1 68 211 415 0.322275 0.229797 0.217252
184 0 1 63 201 373 0.313433 0.230085 0.219512
185 0 1 48 205 419 0.234146 0.163779 0.153846
186 0 1 43 205 385 0.209756 0.15306 0.145763
187 0 1 58 189 379 0.306878 0.216709 0.204225
188 0 1 53 212 403 0.25 0.181324 0.172358
189 0 1 47 187 380 0.251337 0.176313 0.165785
190 0 1 25 162 301 0.154321 0.113214 0.107991
191 0 1 41 157 356 0.261146 0.173424 0.159844
192 0 1 39 190 388 0.205263 0.143639 0.134948
193 0 1 33 178 335 0.185393 0.135139 0.128655
194 0 1 36 202 375 0.178218 0.130801 0.124783
195 0 1 34 170 291 0.2 0.152865 0.147505
196 0 1 40 178 368 0.224719 0.156288 0.14652
197 0 1 44 171 350 0.25731 0.179854 0.168906
198 0 1 48 168 305 0.285714 0.212049 0.20296
199 0 1 46 170 392 0.270588 0.178193 0.163701
200 0 1 56 163 383 0.343558 0.224127 0.205128
201 0 1 59 162 361 0.364198 0.243973 0.225621
202 0 1 51 149 335 0.342282 0.228273 0.210744
203 0 1 46 163 391 0.282209 0.182211 0.166065
204 0 1 53 175 386 0.302857 0.203922 0.188948
205 0 1 66 185 441 0.356757 0.231067 0.210863
206 0 1 66 183 389 0.360656 0.247368 0.230769
207 0 1 63 195 418 0.323077 0.220666 0.205546
208 0 1 73 194 416 0.376289 0.256966 0.239344
209 0 1 56 196 353 0.285714 0.212899 0.204007
210 0 1 60 192 380 0.3125 0.222131 0.20979
211 0 1 72 196 407 0.367347 0.254922 0.238806
212 0 1 95 215 447 0.44186 0.306444 0.287009
213 0 1 54 201 370 0.268657 0.198014 0.189142
214 0 1 62 235 409 0.26383 0.199984 0.192547
215 0 1 59 193 369 0.305699 0.221085 0.209964
216 0 1 65 246 466 0.264228 0.191979 0.182584
217 0 1 98 244 459 0.401639 0.292836 0.278805
218 0 1 82 246 482 0.333333 0.238135 0.225275
219 0 1 109 248 515 0.439516 0.304998 0.285714
220 0 1 106 265 530 0.4 0.282843 0.266667
221 0 1 128 294 580 0.435374 0.309972 0.292906
222 0 1 119 308 581 0.386364 0.281309 0.267717
223 0 1 133 305 583 0.436066 0.315404 0.29955
224 0 1 123 304 570 0.404605 0.295482 0.281465
225 0 1 154 286 540 0.538462 0.391869 0.372881
226 0 1 138 269 548 0.513011 0.359429 0.337821
227 0 1 160 303 615 0.528053 0.370648 0.348584
228 0 1 173 302 644 0.572848 0.392283 0.365751
229 0 1 166 304 631 0.546053 0.379015 0.35508
230 0 1 163 311 640 0.524116 0.365357 0.342797
231 0 1 158 312 654 0.50641 0.349777 0.327122
232 0 1 141 299 627 0.471572 0.325649 0.304536
233 0 1 164 316 641 0.518987 0.364394 0.342738
234 0 1 147 301 652 0.488372 0.331826 0.308499
235 0 1 113 308 649 0.366883 0.252744 0.236155
236 0 1 133 291 626 0.457045 0.311615 0.290076
237 0 1 124 313 663 0.396166 0.272203 0.254098
238 0 1 117 309 603 0.378641 0.271049 0.256579
239 0 1 124 286 549 0.433566 0.312934 0.297006
240 0 1 132 301 613 0.438538 0.307299 0.28884
241 0 1 131 288 598 0.454861 0.315664 0.295711
242 0 1 131 278 609 0.471223 0.318376 0.295378
243 0 1 138 277 592 0.498195 0.340783 0.317606
244 0 1 141 250 569 0.564 0.373846 0.344322
245 0 1 134 273 587 0.490842 0.334738 0.311628
246 0 1 115 259 603 0.444015 0.290998 0.266821
247 0 1 109 226 561 0.482301 0.306119 0.277001
248 0 1 107 249 589 0.429719 0.2794 0.25537
249 0 1 115 240 558 0.479167 0.31425 0.288221
250 0 1 104 256 639 0.40625 0.257136 0.232402
251 0 1 105 230 606 0.456522 0.281248 0.251196
252 0 1 93 229 585 0.406114 0.25409 0.228501
253 0 1 112 232 579 0.482759 0.305587 0.276202
254 0 1 98 242 602 0.404959 0.256756 0.232227
255 0 1 102 230 615 0.443478 0.271206 0.24142
256 0 1 107 233 571 0.459227 0.293351 0.266169
257 0 1 113 251 610 0.450199 0.288786 0.262485
258 0 1 106 248 603 0.427419 0.274108 0.249119
259 0 1 116 250 611 0.464 0.296802 0.269454
260 0 1 123 231 623 0.532468 0.324231 0.288056
261 0 1 119 229 593 0.519651 0.322925 0.289538
262 0 1 116 231 598 0.502164 0.312105 0.279855
263 0 1 118 222 602 0.531532 0.32278 0.286408
264 0 1 128 229 618 0.558952 0.34025 0.302243
265 0 1 130 232 621 0.560345 0.342494 0.304807
266 0 1 138 247 671 0.558704 0.338976 0.300654
267 0 1 128 231 651 0.554113 0.330076 0.290249
268 0 1 135 246 632 0.548781 0.342379 0.307517
269 0 1 131 268 723 0.488806 0.297601 0.264379
270 0 1 103 234 647 0.440171 0.264714 0.233825
271 0 1 124 248 664 0.5 0.305571 0.27193
272 0 1 161 265 678 0.607547 0.379829 0.341463
273 0 1 112 232 618 0.482759 0.295787 0.263529
274 0 1 150 258 628 0.581395 0.37265 0.3386
275 0 1 158 274 631 0.576642 0.379986 0.349171
276 0 1 176 267 598 0.659176 0.44046 0.406936
277 0 1 162 258 613 0.627907 0.407357 0.371986
278 0 1 162 259 576 0.625483 0.419425 0.388024
279 0 1 53 170 412 0.311765 0.200264 0.182131
280 0 1 132 259 593 0.509652 0.336819 0.309859
281 0 1 101 264 570 0.382576 0.260365 0.242206
282 0 1 102 273 568 0.373626 0.259027 0.242568
283 0 1 172 307 644 0.560261 0.386827 0.361724
284 0 1 116 279 561 0.415771 0.293207 0.27619
285 0 1 116 253 564 0.458498 0.307085 0.283966
286 0 1 112 267 586 0.419476 0.283148 0.262603
287 0 1 31 167 310 0.185629 0.136246 0.129979
288 0 1 20 157 315 0.127389 0.0899342 0.0847458
289 0 1 79 211 517 0.374408 0.239189 0.217033
290 0 1 73 256 542 0.285156 0.195976 0.182957
291 0 1 149 285 598 0.522807 0.360922 0.337486
292 0 1 135 291 555 0.463918 0.335924 0.319149
293 0 1 136 299 597 0.45485 0.321896 0.303571
294 0 1 100 259 504 0.3861 0.27678 0.262123
295 0 1 75 225 423 0.333333 0.243108 0.231481
296 0 1 60 229 390 0.262009 0.200771 0.193861
297 0 1 61 213 340 0.286385 0.226673 0.220615
298 0 1 89 235 499 0.378723 0.2599 0.242507
299 0 1 57 188 334 0.303191 0.227469 0.218391
300 0 1 73 214 347 0.341121 0.267887 0.26025
301 0 1 76 204 392 0.372549 0.268754 0.255034
302 0 1 69 207 343 0.333333 0.258951 0.250909
303 0 1 72 205 443 0.35122 0.238921 0.222222
304 0 1 63 204 392 0.308824 0.222783 0.211409
305 0 1 70 198 433 0.353535 0.239068 0.22187
306 0 1 63 196 422 0.321429 0.219057 0.203883
307 0 1 72 201 411 0.358209 0.250503 0.235294
308 0 1 75 189 425 0.396825 0.264628 0.2443
309 0 1 75 175 397 0.428571 0.284542 0.262238
310 0 1 64 187 395 0.342246 0.235484 0.219931
311 0 1 75 215 501 0.348837 0.228519 0.209497
312 0 1 61 208 460 0.293269 0.197206 0.182635
313 0 1 83 213 450 0.389671 0.268091 0.250377
314 0 1 81 185 423 0.437838 0.289554 0.266447
315 0 1 67 172 439 0.389535 0.243825 0.219313
316 0 1 63 161 413 0.391304 0.244316 0.219512
317 0 1 59 189 421 0.312169 0.209161 0.193443
318 0 1 57 186 446 0.306452 0.197902 0.18038
319 0 1 82 188 418 0.43617 0.292514 0.270627
320 0 1 86 178 434 0.483146 0.309417 0.281046
321 0 1 69 177 426 0.38983 0.25128 0.228856
322 0 1 82 172 377 0.476744 0.322017 0.298725
323 0 1 74 212 446 0.349057 0.240656 0.224924
324 0 1 74 195 495 0.379487 0.238184 0.214493
325 0 1 74 201 471 0.368159 0.240505 0.220238
326 0 1 74 212 470 0.349057 0.234431 0.217009
327 0 1 70 194 432 0.360825 0.241799 0.223642
328 0 1 83 210 468 0.395238 0.264756 0.244838
329 0 1 82 220 453 0.372727 0.259749 0.243685
330 0 1 81 222 432 0.364865 0.261557 0.247706
331 0 1 85 205 417 0.414634 0.290719 0.273312
332 0 1 72 220 383 0.327273 0.24804 0.238806
333 0 1 66 211 398 0.312796 0.227751 0.216749
334 0 1 45 179 292 0.251397 0.196831 0.191083
335 0 1 77 198 348 0.388889 0.293338 0.282051
336 0 1 105 222 397 0.472973 0.353686 0.339257
337 0 1 95 237 395 0.400844 0.310492 0.300633
338 0 1 61 220 383 0.277273 0.210145 0.202322
339 0 1 74 238 434 0.310924 0.230249 0.220238
340 0 1 91 260 494 0.35 0.253917 0.241379
341 0 1 117 279 496 0.419355 0.314516 0.301935
342 0 1 137 300 626 0.456667 0.316135 0.295896
343 0 1 158 310 640 0.509677 0.35472 0.332632
344 0 1 161 328 670 0.490854 0.343441 0.322645
345 0 1 161 340 715 0.473529 0.326538 0.305213
346 0 1 144 323 676 0.44582 0.308168 0.288288
347 0 1 152 311 690 0.488746 0.328125 0.303696
348 0 1 163 324 624 0.503086 0.362512 0.343882
349 0 1 149 337 680 0.442136 0.311255 0.293019
350 0 1 143 333 666 0.429429 0.303652 0.286286
351 0 1 144 300 612 0.48 0.336067 0.315789
352 0 1 152 314 633 0.484076 0.340939 0.321014
353 0 1 178 303 605 0.587459 0.415739 0.39207
354 0 1 143 318 656 0.449686 0.313091 0.293635
355 0 1 149 317 642 0.470032 0.330285 0.31074
356 0 1 148 287 587 0.515679 0.36058 0.338673
357 0 1 123 290 653 0.424138 0.28265 0.26087
358 0 1 149 317 655 0.470032 0.326991 0.306584
359 0 1 160 298 641 0.536913 0.366086 0.340788
360 0 1 151 279 599 0.541219 0.36937 0.343964
361 0 1 134 272 593 0.492647 0.333651 0.309827
362 0 1 126 264 583 0.477273 0.32117 0.297521
363 0 1 124 259 632 0.478764 0.306488 0.278339
364 0 1 134 272 633 0.492647 0.322938 0.296133
365 0 1 126 262 606 0.480916 0.316216 0.290323
366 0 1 119 245 589 0.485714 0.313261 0.285372
367 0 1 108 256 586 0.421875 0.27884 0.256532
368 0 1 129 248 613 0.520161 0.330852 0.299652
369 0 1 104 233 562 0.446352 0.2874 0.261635
370 0 1 103 270 625 0.381481 0.250735 0.230168
371 0 1 102 239 592 0.426778 0.271169 0.245487
372 0 1 107 234 568 0.457265 0.293496 0.266833
373 0 1 97 255 588 0.380392 0.250503 0.23013
374 0 1 130 259 629 0.50193 0.322083 0.292793
375 0 1 120 255 616 0.470588 0.302776 0.275545
376 0 1 117 248 578 0.471774 0.309027 0.283293
377 0 1 115 229 571 0.502183 0.318026 0.2875
378 0 1 102 228 571 0.447368 0.282693 0.255319
379 0 1 143 249 558 0.574297 0.383636 0.354399
380 0 1 112 239 563 0.468619 0.305327 0.279302
381 0 1 128 228 569 0.561404 0.355375 0.321205
382 0 1 115 230 577 0.5 0.315679 0.285006
383 0 1 148 233 574 0.635193 0.404695 0.366791
384 0 1 129 248 608 0.520161 0.33221 0.301402
385 0 1 118 206 591 0.572816 0.338185 0.29611
386 0 1 152 247 616 0.615385 0.389677 0.35226
387 0 1 117 247 597 0.473684 0.304684 0.277251
388 0 1 102 256 620 0.398438 0.256026 0.232877
389 0 1 111 266 666 0.417293 0.263721 0.238197
390 0 1 161 277 665 0.581227 0.375124 0.341826
391 0 1 113 261 629 0.43295 0.27889 0.253933
392 0 1 125 276 636 0.452899 0.298351 0.274123
393 0 1 158 271 628 0.583026 0.382995 0.351502
394 0 1 86 236 538 0.364407 0.241352 0.222222
395 0 1 107 262 578 0.408397 0.27496 0.254762
396 0 1 129 268 540 0.481343 0.339098 0.319307
397 0 1 147 288 593 0.510417 0.355708 0.333712
398 0 1 150 280 585 0.535714 0.370625 0.346821
399 0 1 126 276 592 0.456522 0.311713 0.290323
400 0 1 58 203 424 0.285714 0.197696 0.185008
401 0 1 37 174 348 0.212644 0.150362 0.141762
402 0 1 110 240 555 0.458333 0.301398 0.27673
403 0 1 120 268 537 0.447761 0.31632 0.298137
404 0 1 117 264 526 0.443182 0.313972 0.296203
405 0 1 116 299 606 0.38796 0.272512 0.256354
406 0 1 115 266 562 0.432331 0.297433 0.277778
407 0 1 55 230 441 0.23913 0.172695 0.163934
408 0 1 88 259 482 0.339768 0.249063 0.237517
409 0 1 57 227 386 0.251101 0.192561 0.185971
410 0 1 65 230 424 0.282609 0.208145 0.198777
411 0 1 103 235 454 0.438298 0.315337 0.298984
412 0 1 70 233 405 0.300429 0.227873 0.219436
413 0 1 74 229 418 0.323144 0.239181 0.228748
414 0 1 75 226 405 0.331858 0.247902 0.237718
415 0 1 48 201 285 0.238806 0.200549 0.197531
416 0 1 58 204 310 0.284314 0.230639 0.225681
417 0 1 48 181 287 0.265193 0.210601 0.205128
418 0 1 41 192 341 0.213542 0.160235 0.153846
419 0 1 50 204 351 0.245098 0.186854 0.18018
420 0 1 46 168 313 0.27381 0.2006 0.191268
421 0 1 39 206 387 0.18932 0.138126 0.131535
422 0 1 43 175 279 0.245714 0.194602 0.189427
423 0 1 49 200 318 0.245 0.194298 0.189189
424 0 1 34 194 384 0.175258 0.12457 0.117647
425 0 1 50 166 333 0.301205 0.212664 0.200401
426 0 1 49 165 335 0.29697 0.208416 0.196
427 0 1 54 168 335 0.321429 0.227623 0.214712
428 0 1 44 201 429 0.218905 0.149839 0.139683
429 0 1 59 195 449 0.302564 0.199394 0.18323
430 0 1 60 208 467 0.288462 0.192513 0.177778
431 0 1 59 201 457 0.293532 0.194669 0.179331
432 0 1 68 196 401 0.346939 0.242554 0.227806
433 0 1 62 189 343 0.328042 0.243508 0.233083
434 0 1 43 159 332 0.27044 0.187155 0.175153
435 0 1 66 211 449 0.312796 0.214427 0.2
436 0 1 47 210 401 0.22381 0.161963 0.153846
437 0 1 50 209 395 0.239234 0.17402 0.165563
438 0 1 47 209 433 0.22488 0.156236 0.146417
439 0 1 45 237 412 0.189873 0.144009 0.138675
440 0 1 33 185 246 0.178378 0.154689 0.153132
441 0 1 51 218 274 0.233945 0.208673 0.207317
442 0 1 32 194 223 0.164948 0.15385 0.153477
443 0 1 27 184 213 0.146739 0.136385 0.13602
444 0 1 38 216 261 0.175926 0.160043 0.159329
445 0 1 67 212 356 0.316038 0.243883 0.235915
446 0 1 76 230 371 0.330435 0.260173 0.252912
447 0 1 71 195 373 0.364103 0.263261 0.25
448 0 1 71 196 401 0.362245 0.253255 0.237856
449 0 1 66 232 494 0.284483 0.194956 0.181818
450 0 1 128 256 509 0.5 0.354594 0.334641
451 0 1 112 255 532 0.439216 0.304083 0.284625
452 0 1 109 290 592 0.375862 0.263067 0.247166
453 0 1 95 279 583 0.340502 0.235552 0.220418
454 0 1 119 286 602 0.416084 0.286791 0.268018
455 0 1 108 267 601 0.404494 0.269607 0.248848
456 0 1 112 279 599 0.401434 0.27397 0.255125
457 0 1 129 274 596 0.470803 0.319221 0.296552
458 0 1 127 268 590 0.473881 0.319382 0.296037
459 0 1 131 273 601 0.479853 0.323409 0.299771
460 0 1 131 259 596 0.505791 0.333425 0.306433
461 0 1 129 269 596 0.479554 0.322174 0.298266
462 0 1 137 281 599 0.487544 0.333929 0.311364
463 0 1 148 275 604 0.538182 0.363142 0.336746
464 0 1 146 276 603 0.528986 0.357882 0.332196
465 0 1 165 304 585 0.542763 0.391263 0.371204
466 0 1 159 282 596 0.56383 0.387837 0.362187
467 0 1 155 267 570 0.580524 0.397318 0.37037
468 0 1 148 277 564 0.534296 0.37444 0.351962
469 0 1 117 250 535 0.468 0.319918 0.298089
470 0 1 124 286 566 0.433566 0.308198 0.29108
471 0 1 109 259 575 0.420849 0.282451 0.261391
472 0 1 126 255 570 0.494118 0.330494 0.305455
473 0 1 101 243 556 0.415638 0.274777 0.252816
474 0 1 123 290 599 0.424138 0.295116 0.276715
475 0 1 123 266 585 0.462406 0.311807 0.289072
476 0 1 117 261 606 0.448276 0.294191 0.269896
477 0 1 110 255 552 0.431373 0.293193 0.272615
478 0 1 83 252 560 0.329365 0.220945 0.204434
479 0 1 101 262 570 0.385496 0.261357 0.242788
480 0 1 82 241 525 0.340249 0.230529 0.214099
481 0 1 103 247 567 0.417004 0.275231 0.253071
482 0 1 97 260 522 0.373077 0.263299 0.248082
483 0 1 85 231 508 0.367965 0.248131 0.230041
484 0 1 87 265 564 0.328302 0.225038 0.209891
485 0 1 89 243 530 0.366255 0.247998 0.230272
486 0 1 81 248 537 0.326613 0.221959 0.206369
487 0 1 71 217 494 0.327189 0.216853 0.199719
488 0 1 75 245 538 0.306122 0.206579 0.191571
489 0 1 109 257 551 0.424125 0.289657 0.269802
490 0 1 91 241 521 0.377593 0.256811 0.238845
491 0 1 83 239 538 0.34728 0.231466 0.213642
492 0 1 99 254 539 0.389764 0.267562 0.249685
493 0 1 99 250 544 0.396 0.268451 0.24937
494 0 1 103 244 538 0.422131 0.284283 0.263427
495 0 1 122 260 557 0.469231 0.320587 0.298654
496 0 1 107 268 550 0.399254 0.278699 0.261614
497 0 1 134 257 581 0.521401 0.346777 0.319809
498 0 1 100 278 588 0.359712 0.247337 0.230947
499 0 1 129 299 647 0.431438 0.293293 0.272727
500 0 1 142 302 661 0.470199 0.317822 0.294912
501 0 1 133 276 592 0.481884 0.329031 0.306452
502 0 1 134 288 666 0.465278 0.305965 0.280922
503 0 1 145 302 638 0.480132 0.330335 0.308511
504 0 1 133 303 614 0.438944 0.308352 0.290076
505 0 1 157 301 644 0.521595 0.356594 0.332275
506 0 1 144 305 672 0.472131 0.318074 0.29478
507 0 1 132 299 647 0.441472 0.300114 0.27907
508 0 1 151 316 658 0.477848 0.331147 0.310062
509 0 1 150 316 657 0.474684 0.329204 0.308325
510 0 1 164 322 654 0.509317 0.357377 0.336066
511 0 1 149 312 619 0.477564 0.33905 0.320086
512 0 1 172 323 657 0.532508 0.373374 0.35102
513 0 1 168 318 640 0.528302 0.372397 0.350731
514 0 1 150 299 633 0.501672 0.344789 0.321888
515 0 1 157 312 636 0.503205 0.352447 0.331224
516 0 1 138 281 614 0.491103 0.332232 0.30838
517 0 1 157 311 617 0.504823 0.358407 0.338362
518 0 1 149 312 607 0.477564 0.342385 0.324266
519 0 1 156 290 612 0.537931 0.370297 0.345898
520 0 1 146 284 602 0.514085 0.353098 0.329571
521 0 1 145 285 573 0.508772 0.358813 0.337995
522 0 1 124 264 573 0.469697 0.318818 0.296296
523 0 1 139 284 596 0.489437 0.337857 0.315909
524 0 1 130 270 565 0.481481 0.332841 0.311377
525 0 1 106 242 510 0.438017 0.301726 0.281915
526 0 1 119 240 582 0.495833 0.318405 0.289538
527 0 1 116 242 555 0.479339 0.316522 0.291092
528 0 1 122 270 560 0.451852 0.31375 0.293976
529 0 1 128 282 598 0.453901 0.311699 0.290909
530 0 1 115 277 584 0.415162 0.285925 0.267131
531 0 1 103 270 558 0.381481 0.265362 0.248792
532 0 1 102 306 581 0.333333 0.241909 0.229989
533 0 1 93 274 522 0.339416 0.245908 0.233668
534 0 1 115 259 533 0.444015 0.309517 0.290404
535 0 1 91 259 517 0.351351 0.248683 0.234536
536 0 1 101 264 528 0.382576 0.270522 0.255051
537 0 1 83 254 519 0.326772 0.228601 0.214748
538 0 1 112 285 566 0.392982 0.278861 0.26322
539 0 1 96 272 557 0.352941 0.246638 0.231604
540 0 1 114 289 586 0.394464 0.277017 0.260571
541 0 1 135 307 583 0.439739 0.319103 0.303371
542 0 1 153 306 612 0.5 0.353553 0.333333
543 0 1 139 299 622 0.464883 0.322318 0.301846
544 0 1 155 304 613 0.509868 0.359058 0.338059
545 0 1 172 322 664 0.534162 0.371977 0.348884
546 0 1 155 307 644 0.504886 0.348594 0.325973
547 0 1 120 258 543 0.465116 0.320606 0.299625
548 0 1 147 329 695 0.446809 0.307416 0.287109
549 0 1 140 303 630 0.462046 0.320432 0.300107
550 0 1 119 295 632 0.40339 0.275599 0.256742
551 0 1 142 312 649 0.455128 0.315565 0.295525
552 0 1 179 331 671 0.540785 0.37982 0.357285
553 0 1 153 293 627 0.522184 0.356964 0.332609
554 0 1 166 346 680 0.479769 0.342228 0.323587
555 0 1 172 331 674 0.519637 0.364154 0.342289
556 0 1 164 333 667 0.492492 0.347984 0.328
557 0 1 161 316 651 0.509494 0.35497 0.332989
558 0 1 146 329 666 0.443769 0.311902 0.293467
559 0 1 172 334 639 0.51497 0.37231 0.353546
560 0 1 160 330 625 0.484848 0.352308 0.335079
561 0 1 166 315 650 0.526984 0.366856 0.344041
562 0 1 139 311 631 0.446945 0.313776 0.295117
563 0 1 141 330 678 0.427273 0.29809 0.279762
564 0 1 152 324 679 0.469136 0.324068 0.303091
565 0 1 181 324 668 0.558642 0.389061 0.364919
566 0 1 150 333 679 0.45045 0.315453 0.296443
567 0 1 158 299 661 0.528428 0.355403 0.329167
568 0 1 147 306 636 0.480392 0.333218 0.312102
569 0 1 176 291 627 0.604811 0.412033 0.383442
570 0 1 168 311 669 0.540193 0.368312 0.342857
571 0 1 147 298 644 0.493289 0.335557 0.312102
572 0 1 145 305 649 0.47541 0.325909 0.303983
573 0 1 146 294 605 0.496599 0.34618 0.324805
574 0 1 172 325 650 0.529231 0.374223 0.352821
575 0 1 131 312 619 0.419872 0.298091 0.281418
576 0 1 139 298 613 0.466443 0.325219 0.305159
577 0 1 138 293 607 0.47099 0.327228 0.306667
578 0 1 143 282 599 0.507092 0.347935 0.324631
579 0 1 131 280 584 0.467857 0.323956 0.303241
580 0 1 136 271 565 0.501845 0.34756 0.325359
581 0 1 128 299 628 0.428094 0.295389 0.27616
582 0 1 120 292 619 0.410959 0.282257 0.263447
583 0 1 105 269 609 0.390335 0.259421 0.23918
584 0 1 120 272 586 0.441176 0.300572 0.27972
585 0 1 118 265 582 0.445283 0.300468 0.27863
586 0 1 116 250 572 0.464 0.306754 0.282238
587 0 1 132 246 556 0.536585 0.356918 0.329177
588 0 1 104 276 588 0.376812 0.258161 0.240741
589 0 1 105 257 585 0.40856 0.270798 0.249406
590 0 1 119 248 551 0.479839 0.321918 0.297872
591 0 1 111 249 544 0.445783 0.301595 0.27995
592 0 1 110 248 553 0.443548 0.297033 0.274657
593 0 1 126 252 546 0.5 0.339683 0.315789
594 0 1 125 250 551 0.5 0.336794 0.31211
595 0 1 129 261 562 0.494253 0.336823 0.313487
596 0 1 126 247 559 0.510121 0.339091 0.312655
597 0 1 118 250 581 0.472 0.309616 0.283995
598 0 1 121 257 581 0.470817 0.313134 0.288783
599 0 1 133 269 603 0.494424 0.33023 0.305046
600 0 1 128 259 589 0.494208 0.32772 0.301887
601 0 1 124 229 560 0.541485 0.346266 0.314322
602 0 1 130 283 625 0.459364 0.309108 0.286344
603 0 1 108 267 582 0.404494 0.273972 0.254417
604 0 1 104 247 519 0.421053 0.29047 0.27154
605 0 1 121 301 627 0.401993 0.278528 0.260776
606 0 1 158 309 629 0.511327 0.358387 0.336887
607 0 1 142 302 630 0.470199 0.325548 0.304721
608 0 1 125 283 621 0.441696 0.298175 0.276549
609 0 1 158 301 645 0.524917 0.358587 0.334038
610 0 1 171 291 646 0.587629 0.394397 0.364995
611 0 1 163 315 647 0.51746 0.361061 0.338877
612 0 1 149 323 636 0.4613 0.328743 0.31074
613 0 1 156 333 683 0.468468 0.327109 0.307087
614 0 1 171 338 680 0.505917 0.356684 0.335953
615 0 1 181 336 670 0.53869 0.38148 0.359841
616 0 1 163 324 663 0.503086 0.351689 0.330294
617 0 1 163 317 667 0.514196 0.354483 0.331301
618 0 1 162 289 633 0.560554 0.37876 0.35141
619 0 1 173 314 680 0.550955 0.374392 0.348089
620 0 1 185 309 647 0.598706 0.413752 0.387029
621 0 1 177 311 648 0.569132 0.394281 0.369135
622 0 1 201 315 673 0.638095 0.436549 0.406883
623 0 1 173 317 656 0.545741 0.379371 0.355601
624 0 1 171 316 663 0.541139 0.37359 0.349336
625 0 1 188 323 669 0.582043 0.40443 0.379032
626 0 1 162 315 658 0.514286 0.355833 0.332991
627 0 1 169 322 664 0.524845 0.365489 0.342799
628 0 1 154 312 647 0.49359 0.342761 0.321168
629 0 1 205 319 679 0.642633 0.440477 0.410822
630 0 1 183 314 639 0.582803 0.408541 0.38405
631 0 1 158 301 638 0.524917 0.360548 0.336528
632 0 1 122 258 561 0.472868 0.320678 0.297924
633 0 1 129 297 611 0.434343 0.302824 0.284141
634 0 1 175 304 623 0.575658 0.402121 0.377562
635 0 1 140 290 590 0.482759 0.338457 0.318182
636 0 1 150 277 555 0.541516 0.382565 0.360577
637 0 1 164 290 612 0.565517 0.389286 0.363636
638 0 1 152 295 576 0.515254 0.368741 0.349024
639 0 1 138 277 539 0.498195 0.357145 0.338235
640 0 1 151 276 594 0.547101 0.372932 0.347126
641 0 1 156 276 573 0.565217 0.392277 0.367491
642 0 1 136 248 516 0.548387 0.380179 0.356021
643 0 1 125 273 564 0.457875 0.318558 0.298686
644 0 1 133 252 520 0.527778 0.367409 0.34456
645 0 1 113 226 507 0.5 0.333826 0.308322
646 0 1 102 234 545 0.435897 0.285624 0.261874
647 0 1 95 212 519 0.448113 0.286399 0.259918
648 0 1 70 209 493 0.334928 0.218073 0.19943
649 0 1 98 229 541 0.427948 0.278426 0.254545
650 0 1 105 233 527 0.450644 0.299644 0.276316
651 0 1 119 220 568 0.540909 0.336637 0.30203
652 0 1 125 237 560 0.527426 0.343117 0.313676
653 0 1 125 242 562 0.516529 0.338949 0.310945
654 0 1 149 237 580 0.628692 0.401882 0.364749
655 0 1 155 257 495 0.603113 0.434573 0.412234
656 0 1 159 280 656 0.567857 0.370993 0.339744
657 0 1 179 287 601 0.623693 0.430998 0.403153
658 0 1 142 259 485 0.548263 0.400652 0.38172
659 0 1 183 313 641 0.584665 0.408554 0.383648
660 0 1 168 312 610 0.538462 0.385094 0.364425
661 0 1 144 310 520 0.464516 0.358658 0.346988
662 0 1 182 293 624 0.62116 0.425643 0.396947
663 0 1 192 324 596 0.592593 0.436924 0.417391
664 0 1 175 304 546 0.575658 0.429541 0.411765
665 0 1 195 364 629 0.535714 0.407529 0.392749
666 0 1 166 333 593 0.498498 0.373558 0.358531
667 0 1 160 336 625 0.47619 0.349149 0.332986
668 0 1 157 354 611 0.443503 0.337581 0.325389
669 0 1 156 315 600 0.495238 0.358834 0.340984
670 0 1 148 315 615 0.469841 0.336255 0.31828
671 0 1 165 318 614 0.518868 0.37341 0.354077
672 0 1 207 318 612 0.650943 0.469225 0.445161
673 0 1 155 308 591 0.503247 0.363298 0.344828
674 0 1 186 328 597 0.567073 0.420329 0.402162
675 0 1 166 301 586 0.551495 0.395254 0.374295
676 0 1 156 297 610 0.525253 0.366506 0.343991
677 0 1 157 299 631 0.525084 0.361451 0.337634
678 0 1 178 305 628 0.583607 0.406715 0.381565
679 0 1 143 290 623 0.493103 0.336429 0.313253
680 0 1 185 318 667 0.581761 0.401694 0.375635
681 0 1 164 313 663 0.523962 0.36001 0.336066
682 0 1 148 307 650 0.482085 0.331311 0.3093
683 0 1 160 300 647 0.533333 0.363168 0.337909
684 0 1 146 278 597 0.52518 0.35838 0.333714
685 0 1 142 293 639 0.484642 0.328174 0.304721
686 0 1 137 307 604 0.446254 0.318151 0.300768
687 0 1 156 299 636 0.521739 0.357734 0.33369
688 0 1 154 296 623 0.52027 0.358617 0.335147
689 0 1 141 296 620 0.476351 0.329138 0.30786
690 0 1 125 283 561 0.441696 0.313715 0.296209
691 0 1 141 306 654 0.460784 0.315188 0.29375
692 0 1 142 297 629 0.478114 0.328537 0.306695
693 0 1 126 272 607 0.463235 0.310093 0.286689
694 0 1 118 266 596 0.443609 0.296359 0.273782
695 0 1 123 268 603 0.458955 0.30597 0.282434
696 0 1 97 249 548 0.389558 0.262592 0.243413
697 0 1 107 273 603 0.391941 0.26372 0.244292
698 0 1 104 254 598 0.409449 0.266849 0.244131
699 0 1 106 262 577 0.40458 0.272626 0.252682
700 0 1 97 252 568 0.384921 0.256388 0.236585
701 0 1 97 244 551 0.397541 0.264546 0.244025
702 0 1 103 240 553 0.429167 0.282728 0.259773
703 0 1 122 251 565 0.486056 0.323965 0.29902
704 0 1 118 253 544 0.466403 0.31807 0.29611
705 0 1 121 254 565 0.476378 0.319407 0.295482
706 0 1 125 251 572 0.498008 0.329895 0.303767
707 0 1 122 273 593 0.446886 0.303215 0.281755
708 0 1 137 252 609 0.543651 0.349713 0.318235
709 0 1 149 251 619 0.593625 0.378011 0.342529
710 0 1 149 266 640 0.56015 0.361123 0.328918
711 0 1 123 282 635 0.43617 0.290666 0.268266
712 0 1 122 264 631 0.462121 0.298912 0.272626
713 0 1 129 247 622 0.522267 0.329114 0.296893
714 0 1 138 266 642 0.518797 0.333942 0.303965
715 0 1 148 277 638 0.534296 0.352056 0.323497
716 0 1 159 279 606 0.569892 0.386686 0.359322
717 0 1 141 267 628 0.52809 0.344337 0.315084
718 0 1 166 297 651 0.558923 0.377519 0.350211
719 0 1 135 268 559 0.503731 0.348787 0.326481
720 0 1 147 301 637 0.488372 0.33571 0.313433
721 0 1 179 325 641 0.550769 0.392177 0.3706
722 0 1 158 306 630 0.51634 0.359854 0.337607
723 0 1 138 284 610 0.485915 0.331555 0.308725
724 0 1 142 278 589 0.510791 0.35092 0.327566
725 0 1 150 303 596 0.49505 0.352977 0.333704
726 0 1 144 302 578 0.476821 0.344663 0.327273
727 0 1 156 297 571 0.525253 0.378816 0.359447
728 0 1 178 309 585 0.576052 0.418661 0.39821
729 0 1 155 303 583 0.511551 0.368787 0.349887
730 0 1 149 286 578 0.520979 0.366471 0.344907
731 0 1 161 294 595 0.547619 0.384941 0.362205
732 0 1 152 307 566 0.495114 0.364642 0.348225
733 0 1 153 295 554 0.518644 0.378465 0.360424
734 0 1 176 299 561 0.588629 0.42973 0.409302
735 0 1 163 307 529 0.530945 0.404474 0.389952
736 0 1 159 276 515 0.576087 0.421734 0.402023
737 0 1 131 280 582 0.467857 0.324512 0.303944
738 0 1 158 317 611 0.498423 0.35901 0.340517
739 0 1 149 311 573 0.4791 0.352963 0.337104
740 0 1 148 295 602 0.501695 0.351198 0.329989
741 0 1 137 291 571 0.47079 0.33609 0.317865
742 0 1 133 278 595 0.478417 0.327017 0.304696
743 0 1 155 288 589 0.538194 0.376338 0.353478
744 0 1 159 285 564 0.557895 0.396584 0.374558
745 0 1 149 273 582 0.545788 0.373804 0.348538
746 0 1 143 280 565 0.510714 0.359528 0.338462
747 0 1 160 284 590 0.56338 0.390872 0.366133
748 0 1 156 299 580 0.521739 0.374606 0.354949
749 0 1 147 286 589 0.513986 0.35816 0.336
750 0 1 163 316 613 0.515823 0.370351 0.350915
751 0 1 197 310 581 0.635484 0.464192 0.4422
752 0 1 177 296 629 0.597973 0.410206 0.382703
753 0 1 175 303 610 0.577558 0.407054 0.383352
754 0 1 174 300 603 0.58 0.4091 0.385382
755 0 1 173 293 627 0.590444 0.403625 0.376087
756 0 1 152 293 627 0.518771 0.35463 0.330435
757 0 1 160 293 599 0.546075 0.38192 0.358744
758 0 1 186 299 641 0.622074 0.424862 0.395745
759 0 1 148 308 629 0.480519 0.336249 0.315902
760 0 1 159 295 622 0.538983 0.371185 0.346783
761 0 1 151 294 616 0.513605 0.354824 0.331868
762 0 1 176 310 614 0.567742 0.403411 0.380952
763 0 1 180 315 615 0.571429 0.408959 0.387097
764 0 1 195 323 630 0.603715 0.432278 0.409234
765 0 1 150 310 613 0.483871 0.344096 0.325027
766 0 1 155 305 613 0.508197 0.358469 0.337691
767 0 1 146 312 608 0.467949 0.335215 0.317391
768 0 1 157 304 607 0.516447 0.365484 0.344676
769 0 1 148 291 606 0.508591 0.352435 0.329989
770 0 1 162 300 613 0.54 0.377767 0.354874
771 0 1 164 311 601 0.527331 0.379338 0.359649
772 0 1 147 303 607 0.485149 0.342769 0.323077
773 0 1 151 293 629 0.515358 0.351737 0.327549
774 0 1 149 298 616 0.5 0.347767 0.326039
775 0 1 144 310 611 0.464516 0.330873 0.312704
776 0 1 150 312 612 0.480769 0.343272 0.324675
777 0 1 155 314 591 0.493631 0.35981 0.342541
778 0 1 155 300 611 0.516667 0.362035 0.340285
779 0 1 146 304 614 0.480263 0.337934 0.318083
780 0 1 148 295 574 0.501695 0.359662 0.340621
781 0 1 158 299 588 0.528428 0.376819 0.356257
782 0 1 175 304 597 0.575658 0.410785 0.388457
783 0 1 166 301 577 0.551495 0.398324 0.378132
784 0 1 176 298 593 0.590604 0.418675 0.395062
785 0 1 183 288 605 0.635417 0.438407 0.409854
786 0 1 165 303 600 0.544554 0.386979 0.365449
787 0 1 137 293 579 0.467577 0.332619 0.31422
788 0 1 153 300 608 0.51 0.358244 0.337004
789 0 1 140 295 580 0.474576 0.338457 0.32
790 0 1 139 300 594 0.463333 0.329277 0.310962
791 0 1 146 301 601 0.48505 0.343267 0.323725
792 0 1 161 302 611 0.533113 0.374802 0.352683
793 0 1 144 305 592 0.472131 0.338885 0.32107
794 0 1 172 308 599 0.558442 0.400442 0.379272
795 0 1 160 300 604 0.533333 0.375873 0.353982
796 0 1 170 300 574 0.566667 0.409668 0.389016
797 0 1 172 308 604 0.558442 0.398781 0.377193

# ---------- Global Summary ----------
# CorrFrames: 782
avg_CorrEdges: 118.91
avg_match_A: 260.366
avg_match_B: 556.56
global_RI_MNR: 0.456706
global_RI_GNR: 0.312372
global_RI_DICE: 0.291117

# ---------- Per-Channel Summary ----------
chA: 0 chB: 1 | avgC: 118.91 avgA: 260.366 avgB: 556.56 MNR: 0.443835 GNR: 0.303449 DICE: 0.282606
