#frame chA chB nCorr nA nB MNR GNR DICE
25 0 1 0 270 142 0 0 0
26 0 1 0 273 152 0 0 0
27 0 1 0 245 134 0 0 0
28 0 1 0 288 168 0 0 0
29 0 1 2 278 159 0.0125786 0.00951281 0.00915332
30 0 1 6 276 147 0.0408163 0.0297878 0.0283688
31 0 1 6 261 127 0.0472441 0.0329556 0.0309278
32 0 1 10 236 134 0.0746269 0.056233 0.0540541
33 0 1 9 340 185 0.0486486 0.0358853 0.0342857
34 0 1 9 351 219 0.0410959 0.0324614 0.0315789
35 0 1 10 370 219 0.0456621 0.0351299 0.0339559
36 0 1 15 361 213 0.0704225 0.0540938 0.0522648
37 0 1 24 371 217 0.110599 0.0845852 0.0816327
38 0 1 34 363 222 0.153153 0.11977 0.116239
39 0 1 45 363 227 0.198238 0.156764 0.152542
40 0 1 55 375 233 0.236051 0.186067 0.180921
41 0 1 45 374 225 0.2 0.155126 0.15025
42 0 1 59 388 225 0.262222 0.199685 0.192496
43 0 1 56 378 196 0.285714 0.205738 0.195122
44 0 1 60 388 201 0.298507 0.214851 0.203735
45 0 1 62 396 241 0.257261 0.200695 0.194662
46 0 1 63 401 249 0.253012 0.199374 0.193846
47 0 1 61 382 243 0.251029 0.200214 0.1952
48 0 1 59 390 234 0.252137 0.195304 0.189103
49 0 1 65 369 225 0.288889 0.225584 0.218855
50 0 1 56 352 192 0.291667 0.21541 0.205882
51 0 1 55 420 259 0.212355 0.166759 0.162003
52 0 1 43 406 251 0.171315 0.1347 0.130898
53 0 1 44 404 271 0.162362 0.132977 0.13037
54 0 1 54 384 281 0.192171 0.16439 0.162406
55 0 1 51 372 251 0.203187 0.166902 0.163724
56 0 1 62 356 261 0.237548 0.203398 0.200972
57 0 1 59 354 252 0.234127 0.197538 0.194719
58 0 1 58 341 237 0.244726 0.204022 0.200692
59 0 1 62 319 248 0.25 0.22043 0.218695
60 0 1 63 388 343 0.183673 0.172694 0.172367
61 0 1 71 369 336 0.21131 0.201639 0.201418
62 0 1 62 356 332 0.186747 0.180342 0.180233
63 0 1 51 339 339 0.150442 0.150442 0.150442
64 0 1 59 328 316 0.186709 0.183262 0.18323
65 0 1 70 323 303 0.231023 0.223756 0.223642
66 0 1 56 308 288 0.194444 0.188025 0.187919
67 0 1 75 292 287 0.261324 0.259077 0.259067
68 0 1 63 396 328 0.192073 0.174806 0.174033
69 0 1 54 377 332 0.162651 0.152635 0.152327
70 0 1 53 367 291 0.182131 0.16218 0.161094
71 0 1 56 354 314 0.178344 0.167966 0.167665
72 0 1 47 313 282 0.166667 0.158198 0.157983
73 0 1 15 228 192 0.078125 0.0716924 0.0714286
74 0 1 20 245 201 0.0995025 0.0901258 0.0896861
75 0 1 14 219 199 0.0703518 0.0670625 0.0669856
76 0 1 14 203 183 0.0765027 0.0726364 0.0725389
77 0 1 16 206 197 0.0812183 0.0794243 0.0794045
78 0 1 20 190 205 0.105263 0.101339 0.101266
79 0 1 21 169 192 0.12426 0.11658 0.116343
80 0 1 28 171 211 0.163743 0.147407 0.146597
81 0 1 32 164 200 0.195122 0.17669 0.175824
82 0 1 23 156 191 0.147436 0.133244 0.132565
83 0 1 20 184 229 0.108696 0.0974324 0.0968523
84 0 1 27 190 239 0.142105 0.126703 0.125874
85 0 1 26 183 236 0.142077 0.12511 0.124105
86 0 1 30 194 226 0.154639 0.143274 0.142857
87 0 1 33 196 241 0.168367 0.151837 0.15103
88 0 1 38 214 269 0.17757 0.15838 0.15735
89 0 1 29 188 196 0.154255 0.151074 0.151042
90 0 1 28 246 217 0.129032 0.121188 0.12095
91 0 1 35 314 327 0.111465 0.109227 0.109204
92 0 1 44 313 314 0.140575 0.140351 0.140351
93 0 1 48 288 317 0.166667 0.15886 0.158678
94 0 1 64 353 354 0.181303 0.181047 0.181047
95 0 1 85 424 438 0.200472 0.197242 0.197216
96 0 1 79 433 426 0.185446 0.183941 0.183935
97 0 1 107 410 447 0.260976 0.249941 0.249708
98 0 1 99 446 449 0.221973 0.22123 0.221229
99 0 1 129 456 454 0.284141 0.283517 0.283516
100 0 1 113 441 415 0.272289 0.264141 0.264019
101 0 1 120 469 441 0.272109 0.263861 0.263736
102 0 1 144 493 438 0.328767 0.309886 0.309345
103 0 1 133 498 414 0.321256 0.292912 0.291667
104 0 1 148 526 443 0.334086 0.306596 0.30547
105 0 1 143 519 411 0.347932 0.309622 0.307527
106 0 1 142 503 387 0.366925 0.321847 0.319101
107 0 1 113 468 350 0.322857 0.279204 0.276284
108 0 1 109 490 360 0.302778 0.259524 0.256471
109 0 1 114 491 369 0.308943 0.267825 0.265116
110 0 1 101 471 362 0.279006 0.2446 0.242497
111 0 1 89 434 316 0.281646 0.240326 0.237333
112 0 1 94 467 367 0.256131 0.227058 0.22542
113 0 1 99 433 339 0.292035 0.258399 0.256477
114 0 1 88 410 348 0.252874 0.232971 0.23219
115 0 1 83 379 314 0.264331 0.240599 0.239538
116 0 1 75 400 367 0.20436 0.195748 0.195567
117 0 1 83 414 369 0.224932 0.212356 0.212005
118 0 1 76 366 316 0.240506 0.223475 0.222874
119 0 1 74 413 356 0.207865 0.192989 0.192458
120 0 1 76 397 372 0.204301 0.197764 0.197659
121 0 1 68 385 344 0.197674 0.186853 0.186557
122 0 1 59 339 323 0.182663 0.1783 0.178248
123 0 1 75 389 387 0.193798 0.1933 0.193299
124 0 1 77 379 361 0.213296 0.20817 0.208108
125 0 1 71 325 273 0.260073 0.238361 0.237458
126 0 1 49 333 307 0.159609 0.153252 0.153125
127 0 1 71 358 328 0.216463 0.207195 0.206997
128 0 1 50 343 324 0.154321 0.149986 0.149925
129 0 1 54 389 357 0.151261 0.144905 0.144772
130 0 1 73 392 340 0.214706 0.199959 0.199454
131 0 1 82 423 399 0.205514 0.199598 0.199513
132 0 1 99 447 420 0.235714 0.228485 0.228374
133 0 1 120 441 432 0.277778 0.274929 0.274914
134 0 1 106 455 432 0.24537 0.239088 0.239008
135 0 1 125 461 423 0.295508 0.283067 0.282805
136 0 1 112 439 387 0.289406 0.271725 0.271186
137 0 1 117 454 404 0.289604 0.273192 0.272727
138 0 1 132 497 437 0.30206 0.28324 0.282655
139 0 1 153 502 461 0.331887 0.318045 0.317757
140 0 1 162 499 446 0.363229 0.343398 0.342857
141 0 1 165 515 447 0.369128 0.343896 0.343035
142 0 1 176 532 492 0.357724 0.344013 0.34375
143 0 1 182 543 480 0.379167 0.356493 0.355816
144 0 1 179 518 441 0.405896 0.374515 0.373306
145 0 1 194 573 516 0.375969 0.356779 0.35629
146 0 1 183 560 485 0.37732 0.351145 0.350239
147 0 1 190 527 441 0.430839 0.39412 0.392562
148 0 1 195 534 482 0.404564 0.384362 0.383858
149 0 1 171 529 469 0.364606 0.343306 0.342685
150 0 1 190 516 477 0.398323 0.382974 0.382679
151 0 1 184 513 438 0.420091 0.38817 0.386961
152 0 1 171 514 458 0.373362 0.352437 0.351852
153 0 1 180 511 442 0.40724 0.378748 0.377754
154 0 1 154 425 396 0.388889 0.375387 0.375152
155 0 1 123 396 370 0.332432 0.321334 0.321149
156 0 1 161 508 458 0.351528 0.333781 0.333333
157 0 1 157 500 456 0.344298 0.3288 0.328452
158 0 1 137 492 430 0.318605 0.297854 0.29718
159 0 1 135 469 408 0.330882 0.308615 0.307868
160 0 1 125 452 399 0.313283 0.294343 0.293772
161 0 1 118 437 398 0.296482 0.282944 0.282635
162 0 1 118 412 386 0.305699 0.295896 0.295739
163 0 1 116 439 407 0.285012 0.274428 0.274232
164 0 1 107 387 417 0.276486 0.266355 0.266169
165 0 1 101 393 420 0.256997 0.2486 0.248462
166 0 1 106 407 429 0.260442 0.253676 0.253589
167 0 1 129 421 435 0.306413 0.301442 0.301402
168 0 1 126 427 443 0.295082 0.289704 0.289655
169 0 1 118 427 432 0.276347 0.274743 0.274738
170 0 1 129 409 442 0.315403 0.303401 0.303173
171 0 1 118 422 443 0.279621 0.272913 0.272832
172 0 1 112 399 427 0.280702 0.271342 0.271186
173 0 1 124 401 412 0.309227 0.305071 0.305043
174 0 1 104 348 384 0.298851 0.284497 0.284153
175 0 1 66 325 338 0.203077 0.199133 0.199095
176 0 1 54 216 244 0.25 0.235219 0.234783
177 0 1 45 200 238 0.225 0.206257 0.205479
178 0 1 48 243 276 0.197531 0.185346 0.184971
179 0 1 37 208 246 0.177885 0.16357 0.162996
180 0 1 44 162 201 0.271605 0.243836 0.242424
181 0 1 33 197 203 0.167513 0.165019 0.165
182 0 1 24 183 186 0.131148 0.130086 0.130081
183 0 1 20 192 201 0.104167 0.101808 0.101781
184 0 1 35 234 235 0.149573 0.149254 0.149254
185 0 1 22 218 216 0.101852 0.101384 0.101382
186 0 1 28 199 222 0.140704 0.133216 0.133017
187 0 1 18 214 235 0.0841122 0.080266 0.0801782
188 0 1 19 197 196 0.0969388 0.0966924 0.0966921
189 0 1 20 192 207 0.104167 0.100322 0.100251
190 0 1 11 151 123 0.0894309 0.0807145 0.080292
191 0 1 11 135 152 0.0814815 0.0767899 0.0766551
192 0 1 14 158 143 0.0979021 0.093139 0.0930233
193 0 1 7 109 123 0.0642202 0.060455 0.0603448
194 0 1 7 156 136 0.0514706 0.0480581 0.0479452
195 0 1 9 111 121 0.0810811 0.0776584 0.0775862
196 0 1 10 136 122 0.0819672 0.0776338 0.0775194
197 0 1 6 129 121 0.0495868 0.0480246 0.048
198 0 1 14 164 151 0.0927152 0.0889647 0.0888889
199 0 1 15 163 123 0.121951 0.105936 0.104895
200 0 1 14 149 133 0.105263 0.099451 0.0992908
201 0 1 11 155 132 0.0833333 0.0769024 0.0766551
202 0 1 16 133 114 0.140351 0.12994 0.129555
203 0 1 23 156 137 0.167883 0.157328 0.156997
204 0 1 23 156 152 0.151316 0.149363 0.149351
205 0 1 23 185 161 0.142857 0.133269 0.132948
206 0 1 23 185 164 0.140244 0.132044 0.131805
207 0 1 22 180 163 0.134969 0.128438 0.12828
208 0 1 25 190 173 0.144509 0.137892 0.137741
209 0 1 14 153 145 0.0965517 0.0939936 0.0939597
210 0 1 14 176 190 0.0795455 0.0765588 0.0765027
211 0 1 22 139 158 0.158273 0.148452 0.148148
212 0 1 18 170 206 0.105882 0.0961866 0.0957447
213 0 1 11 138 128 0.0859375 0.0827653 0.0827068
214 0 1 10 160 152 0.0657895 0.0641236 0.0641026
215 0 1 11 147 155 0.0748299 0.0728733 0.0728477
216 0 1 21 158 187 0.132911 0.122172 0.121739
217 0 1 17 171 214 0.0994152 0.0888677 0.0883117
218 0 1 34 229 287 0.148472 0.132623 0.131783
219 0 1 48 239 318 0.200837 0.174112 0.172352
220 0 1 41 235 309 0.174468 0.15215 0.150735
221 0 1 68 291 356 0.233677 0.21127 0.210201
222 0 1 67 298 376 0.224832 0.200158 0.198813
223 0 1 58 318 394 0.18239 0.163858 0.162921
224 0 1 84 337 404 0.249258 0.227653 0.226721
225 0 1 84 320 387 0.2625 0.238698 0.237624
226 0 1 77 346 418 0.222543 0.202472 0.201571
227 0 1 93 371 450 0.250674 0.227609 0.226553
228 0 1 116 437 499 0.265446 0.248409 0.247863
229 0 1 121 397 479 0.304786 0.277474 0.276256
230 0 1 111 383 454 0.289817 0.266192 0.265233
231 0 1 95 320 391 0.296875 0.268572 0.267229
232 0 1 101 352 407 0.286932 0.266841 0.26614
233 0 1 116 353 435 0.328612 0.296023 0.294416
234 0 1 109 342 420 0.318713 0.2876 0.286089
235 0 1 119 344 423 0.34593 0.311959 0.3103
236 0 1 127 355 413 0.357746 0.331676 0.330729
237 0 1 116 338 378 0.343195 0.324529 0.324022
238 0 1 108 324 357 0.333333 0.317554 0.317181
239 0 1 99 308 305 0.32459 0.323005 0.323002
240 0 1 117 343 355 0.341108 0.335293 0.335244
241 0 1 119 406 355 0.335211 0.313451 0.312746
242 0 1 108 367 324 0.333333 0.313197 0.31259
243 0 1 103 385 336 0.306548 0.286376 0.285714
244 0 1 95 346 320 0.296875 0.285503 0.285285
245 0 1 95 381 319 0.297806 0.2725 0.271429
246 0 1 77 354 296 0.260135 0.237872 0.236923
247 0 1 88 346 303 0.290429 0.271784 0.271186
248 0 1 86 334 315 0.273016 0.265137 0.265023
249 0 1 63 346 291 0.216495 0.198544 0.197802
250 0 1 84 371 295 0.284746 0.253911 0.252252
251 0 1 81 346 315 0.257143 0.245353 0.245083
252 0 1 79 391 326 0.242331 0.221274 0.220363
253 0 1 98 396 319 0.30721 0.275729 0.274126
254 0 1 95 404 304 0.3125 0.271079 0.268362
255 0 1 90 434 343 0.262391 0.233266 0.23166
256 0 1 90 416 329 0.273556 0.243275 0.241611
257 0 1 95 430 334 0.284431 0.250678 0.248691
258 0 1 91 462 361 0.252078 0.222826 0.221142
259 0 1 94 461 341 0.27566 0.237083 0.234414
260 0 1 107 470 374 0.286096 0.255211 0.253554
261 0 1 96 461 353 0.271955 0.237976 0.235872
262 0 1 107 468 375 0.285333 0.255414 0.253855
263 0 1 118 461 364 0.324176 0.288059 0.286061
264 0 1 134 451 373 0.359249 0.32671 0.325243
265 0 1 119 448 364 0.326923 0.294684 0.293103
266 0 1 138 469 360 0.383333 0.335847 0.332931
267 0 1 148 470 377 0.392573 0.351595 0.349469
268 0 1 144 484 379 0.379947 0.336217 0.33372
269 0 1 154 497 400 0.385 0.345392 0.343367
270 0 1 123 394 354 0.347458 0.329348 0.328877
271 0 1 126 481 399 0.315789 0.287615 0.286364
272 0 1 141 543 396 0.356061 0.304069 0.300319
273 0 1 144 486 385 0.374026 0.3329 0.330654
274 0 1 153 518 424 0.360849 0.32647 0.324841
275 0 1 144 495 419 0.343675 0.316193 0.315098
276 0 1 171 536 424 0.403302 0.3587 0.35625
277 0 1 149 490 404 0.368812 0.334886 0.333333
278 0 1 152 521 396 0.383838 0.334639 0.331516
279 0 1 51 293 286 0.178322 0.176179 0.176166
280 0 1 111 435 365 0.30411 0.278568 0.2775
281 0 1 96 398 349 0.275072 0.257583 0.257028
282 0 1 111 400 340 0.326471 0.300991 0.3
283 0 1 138 496 400 0.345 0.309819 0.308036
284 0 1 135 379 352 0.383523 0.369609 0.369357
285 0 1 91 359 323 0.281734 0.267235 0.266862
286 0 1 113 356 343 0.329446 0.323375 0.323319
287 0 1 17 147 231 0.115646 0.0922538 0.0899471
288 0 1 12 172 168 0.0714286 0.0705931 0.0705882
289 0 1 68 278 315 0.244604 0.22979 0.229342
290 0 1 75 283 322 0.265018 0.248451 0.247934
291 0 1 139 393 415 0.35369 0.344187 0.344059
292 0 1 106 426 399 0.265664 0.257107 0.25697
293 0 1 128 421 412 0.31068 0.307341 0.307323
294 0 1 64 242 283 0.264463 0.244556 0.24381
295 0 1 38 198 238 0.191919 0.17505 0.174312
296 0 1 34 176 227 0.193182 0.170102 0.168734
297 0 1 30 158 189 0.189873 0.173605 0.172911
298 0 1 46 238 281 0.193277 0.177876 0.177264
299 0 1 23 152 166 0.151316 0.144794 0.144654
300 0 1 10 126 145 0.0793651 0.0739828 0.0738007
301 0 1 19 161 150 0.126667 0.122263 0.122186
302 0 1 22 160 134 0.164179 0.150249 0.14966
303 0 1 38 202 213 0.188119 0.183197 0.183133
304 0 1 32 196 192 0.166667 0.164957 0.164948
305 0 1 34 244 216 0.157407 0.148101 0.147826
306 0 1 27 229 192 0.140625 0.128764 0.128266
307 0 1 32 230 195 0.164103 0.151101 0.150588
308 0 1 39 224 209 0.186603 0.180247 0.180139
309 0 1 33 212 162 0.203704 0.178069 0.176471
310 0 1 33 282 219 0.150685 0.132791 0.131737
311 0 1 37 261 209 0.177033 0.158419 0.157447
312 0 1 36 251 214 0.168224 0.155331 0.154839
313 0 1 30 230 192 0.15625 0.14276 0.14218
314 0 1 25 201 178 0.140449 0.13217 0.131926
315 0 1 33 264 208 0.158654 0.140825 0.139831
316 0 1 31 247 204 0.151961 0.138101 0.137472
317 0 1 32 205 170 0.188235 0.171415 0.170667
318 0 1 30 262 227 0.132159 0.123015 0.122699
319 0 1 38 233 221 0.171946 0.167459 0.167401
320 0 1 27 232 224 0.120536 0.118439 0.118421
321 0 1 45 246 217 0.207373 0.194767 0.194384
322 0 1 36 217 250 0.165899 0.154562 0.154176
323 0 1 45 216 249 0.208333 0.194038 0.193548
324 0 1 46 242 265 0.190083 0.181647 0.18146
325 0 1 44 241 272 0.182573 0.171854 0.17154
326 0 1 49 269 288 0.182156 0.176045 0.175943
327 0 1 30 193 237 0.15544 0.140271 0.139535
328 0 1 52 265 299 0.196226 0.184733 0.184397
329 0 1 53 271 311 0.195572 0.182562 0.182131
330 0 1 37 238 276 0.155462 0.144364 0.143969
331 0 1 22 206 185 0.118919 0.112695 0.112532
332 0 1 38 196 238 0.193878 0.175941 0.175115
333 0 1 32 203 236 0.157635 0.1462 0.145786
334 0 1 16 171 153 0.104575 0.0989182 0.0987654
335 0 1 25 186 191 0.134409 0.132638 0.132626
336 0 1 45 194 220 0.231959 0.217821 0.217391
337 0 1 51 212 225 0.240566 0.233513 0.23341
338 0 1 50 226 242 0.221239 0.2138 0.213675
339 0 1 72 264 263 0.273764 0.273245 0.273245
340 0 1 93 303 348 0.306931 0.286399 0.285714
341 0 1 76 327 315 0.24127 0.236802 0.23676
342 0 1 133 382 386 0.348168 0.346359 0.346354
343 0 1 160 493 440 0.363636 0.343534 0.34298
344 0 1 159 521 464 0.342672 0.323385 0.322843
345 0 1 167 522 476 0.35084 0.335025 0.334669
346 0 1 182 526 444 0.40991 0.376606 0.375258
347 0 1 158 500 434 0.364055 0.339178 0.33833
348 0 1 156 482 425 0.367059 0.344672 0.343991
349 0 1 153 515 438 0.349315 0.322145 0.321091
350 0 1 154 473 464 0.331897 0.328724 0.328709
351 0 1 154 453 408 0.377451 0.358213 0.357724
352 0 1 129 479 414 0.311594 0.289682 0.288914
353 0 1 156 521 439 0.355353 0.326192 0.325
354 0 1 139 504 431 0.322506 0.298237 0.297326
355 0 1 165 502 417 0.395683 0.360632 0.359086
356 0 1 137 419 348 0.393678 0.358776 0.357236
357 0 1 133 428 351 0.378917 0.343144 0.341463
358 0 1 137 451 374 0.36631 0.333577 0.332121
359 0 1 157 474 399 0.393484 0.361014 0.359679
360 0 1 144 453 384 0.375 0.345261 0.344086
361 0 1 148 465 396 0.373737 0.344896 0.343786
362 0 1 139 449 363 0.38292 0.344301 0.342365
363 0 1 104 383 311 0.334405 0.301338 0.299712
364 0 1 106 391 328 0.323171 0.295992 0.294854
365 0 1 125 476 395 0.316456 0.288276 0.287026
366 0 1 147 473 381 0.385827 0.346278 0.344262
367 0 1 138 468 370 0.372973 0.331631 0.329356
368 0 1 105 518 367 0.286104 0.240819 0.237288
369 0 1 96 439 355 0.270423 0.243178 0.241814
370 0 1 131 488 384 0.341146 0.302619 0.300459
371 0 1 115 475 378 0.304233 0.271397 0.269637
372 0 1 124 504 395 0.313924 0.277912 0.275862
373 0 1 121 506 397 0.304786 0.26997 0.267996
374 0 1 139 512 402 0.345771 0.306385 0.304158
375 0 1 142 492 422 0.336493 0.311637 0.310722
376 0 1 120 484 397 0.302267 0.273756 0.272418
377 0 1 108 470 381 0.283465 0.255219 0.253819
378 0 1 117 509 430 0.272093 0.250088 0.249201
379 0 1 135 515 424 0.318396 0.2889 0.28754
380 0 1 136 517 443 0.306998 0.284179 0.283333
381 0 1 135 534 446 0.302691 0.276628 0.27551
382 0 1 137 536 436 0.31422 0.283397 0.281893
383 0 1 142 535 431 0.329466 0.295715 0.293996
384 0 1 159 538 427 0.372365 0.331736 0.329534
385 0 1 155 518 388 0.399485 0.345741 0.342163
386 0 1 161 567 447 0.360179 0.319802 0.317554
387 0 1 162 556 434 0.373272 0.329786 0.327273
388 0 1 111 456 322 0.34472 0.289676 0.285347
389 0 1 130 477 382 0.340314 0.304546 0.302678
390 0 1 170 568 437 0.389016 0.34122 0.338308
391 0 1 141 492 390 0.361538 0.321888 0.319728
392 0 1 121 481 391 0.309463 0.279013 0.277523
393 0 1 161 490 415 0.387952 0.357029 0.355801
394 0 1 78 343 318 0.245283 0.236175 0.236006
395 0 1 101 387 335 0.301493 0.280507 0.279778
396 0 1 127 424 351 0.361823 0.329206 0.327742
397 0 1 125 429 396 0.315657 0.303273 0.30303
398 0 1 141 421 389 0.362468 0.34842 0.348148
399 0 1 142 424 400 0.355 0.344806 0.34466
400 0 1 60 266 275 0.225564 0.221842 0.221811
401 0 1 26 186 216 0.139785 0.129715 0.129353
402 0 1 88 310 351 0.283871 0.266777 0.266263
403 0 1 87 324 329 0.268519 0.26647 0.266462
404 0 1 89 305 331 0.291803 0.280108 0.279874
405 0 1 117 428 427 0.274005 0.273684 0.273684
406 0 1 86 337 361 0.255193 0.246564 0.246418
407 0 1 51 204 260 0.25 0.221446 0.219828
408 0 1 48 210 267 0.228571 0.20271 0.201258
409 0 1 27 164 187 0.164634 0.154178 0.153846
410 0 1 32 151 208 0.211921 0.180563 0.178273
411 0 1 58 241 313 0.240664 0.211177 0.209386
412 0 1 40 176 239 0.227273 0.195031 0.192771
413 0 1 30 162 238 0.185185 0.152783 0.15
414 0 1 34 157 212 0.216561 0.186364 0.184282
415 0 1 12 121 153 0.0991736 0.0881948 0.0875912
416 0 1 12 118 187 0.101695 0.0807829 0.0786885
417 0 1 18 115 190 0.156522 0.121772 0.118033
418 0 1 6 103 202 0.0582524 0.0415965 0.0393443
419 0 1 13 139 202 0.0935252 0.0775819 0.0762463
420 0 1 15 131 193 0.114504 0.0943359 0.0925926
421 0 1 19 132 238 0.143939 0.107196 0.102703
422 0 1 10 110 213 0.0909091 0.0653302 0.0619195
423 0 1 15 91 193 0.164835 0.113186 0.105634
424 0 1 20 128 201 0.15625 0.124689 0.121581
425 0 1 21 144 230 0.145833 0.115392 0.112299
426 0 1 30 150 220 0.2 0.165145 0.162162
427 0 1 24 180 181 0.133333 0.132964 0.132964
428 0 1 29 187 253 0.15508 0.133327 0.131818
429 0 1 30 190 253 0.157895 0.136831 0.13544
430 0 1 34 202 244 0.168317 0.153147 0.152466
431 0 1 36 207 263 0.173913 0.154291 0.153191
432 0 1 38 160 267 0.2375 0.183852 0.177986
433 0 1 21 119 230 0.176471 0.126935 0.120344
434 0 1 20 117 250 0.17094 0.116941 0.108992
435 0 1 25 138 284 0.181159 0.126282 0.118483
436 0 1 20 148 244 0.135135 0.105246 0.102041
437 0 1 24 128 255 0.1875 0.132842 0.125326
438 0 1 42 194 319 0.216495 0.168831 0.163743
439 0 1 22 151 258 0.145695 0.111461 0.107579
440 0 1 15 100 142 0.15 0.125877 0.123967
441 0 1 20 120 182 0.166667 0.135333 0.13245
442 0 1 20 88 142 0.227273 0.178914 0.173913
443 0 1 21 106 146 0.198113 0.168807 0.166667
444 0 1 22 125 168 0.176 0.151814 0.150171
445 0 1 30 149 184 0.201342 0.181184 0.18018
446 0 1 41 186 214 0.22043 0.205504 0.205
447 0 1 39 206 252 0.18932 0.171171 0.170306
448 0 1 46 218 264 0.211009 0.191747 0.190871
449 0 1 76 262 304 0.290076 0.269294 0.268551
450 0 1 92 320 327 0.2875 0.284406 0.284389
451 0 1 135 428 386 0.349741 0.332138 0.331695
452 0 1 144 429 408 0.352941 0.344194 0.344086
453 0 1 133 444 390 0.341026 0.319616 0.318945
454 0 1 125 442 403 0.310174 0.296174 0.295858
455 0 1 121 470 418 0.289474 0.272991 0.272523
456 0 1 119 461 420 0.283333 0.270441 0.270148
457 0 1 152 484 441 0.344671 0.329004 0.328649
458 0 1 141 477 424 0.332547 0.313528 0.312986
459 0 1 160 485 420 0.380952 0.354507 0.353591
460 0 1 147 446 385 0.381818 0.354748 0.353791
461 0 1 178 529 468 0.380342 0.357741 0.357071
462 0 1 165 542 496 0.332661 0.318232 0.317919
463 0 1 150 548 469 0.319829 0.295879 0.294985
464 0 1 164 525 485 0.338144 0.325007 0.324752
465 0 1 163 532 473 0.344609 0.324939 0.324378
466 0 1 170 518 468 0.363248 0.345272 0.344828
467 0 1 172 517 447 0.384787 0.357791 0.356846
468 0 1 132 491 430 0.306977 0.287276 0.286645
469 0 1 139 478 385 0.361039 0.324019 0.322132
470 0 1 148 470 437 0.338673 0.326567 0.326351
471 0 1 125 440 418 0.299043 0.291471 0.291375
472 0 1 139 456 429 0.324009 0.314271 0.314124
473 0 1 129 402 407 0.320896 0.318918 0.318912
474 0 1 132 427 424 0.311321 0.310225 0.310223
475 0 1 129 432 377 0.342175 0.319652 0.318912
476 0 1 126 413 402 0.313433 0.309231 0.309202
477 0 1 114 423 395 0.288608 0.278892 0.278729
478 0 1 89 388 365 0.243836 0.236498 0.236388
479 0 1 113 382 397 0.295812 0.290169 0.290116
480 0 1 106 382 357 0.296919 0.287038 0.286874
481 0 1 102 381 386 0.267717 0.265977 0.265971
482 0 1 108 370 356 0.303371 0.297576 0.297521
483 0 1 87 310 312 0.280645 0.279744 0.279743
484 0 1 92 331 325 0.283077 0.2805 0.280488
485 0 1 90 370 348 0.258621 0.250814 0.250696
486 0 1 93 361 357 0.260504 0.259057 0.259053
487 0 1 79 339 311 0.254019 0.243303 0.243077
488 0 1 72 338 297 0.242424 0.227246 0.226772
489 0 1 81 371 349 0.232092 0.225105 0.225
490 0 1 81 358 322 0.251553 0.23857 0.238235
491 0 1 91 395 349 0.260745 0.245093 0.244624
492 0 1 87 384 351 0.247863 0.236974 0.236735
493 0 1 93 393 350 0.265714 0.250757 0.250336
494 0 1 104 389 372 0.27957 0.273393 0.273325
495 0 1 111 398 377 0.29443 0.286557 0.286452
496 0 1 97 470 421 0.230404 0.218063 0.217733
497 0 1 118 477 403 0.292804 0.269135 0.268182
498 0 1 98 376 362 0.270718 0.26563 0.265583
499 0 1 110 478 436 0.252294 0.240955 0.2407
500 0 1 115 486 434 0.264977 0.2504 0.25
501 0 1 134 409 366 0.36612 0.34634 0.345806
502 0 1 141 543 479 0.294363 0.276472 0.27593
503 0 1 138 543 463 0.298056 0.275226 0.274354
504 0 1 146 491 432 0.337963 0.317008 0.31636
505 0 1 168 510 456 0.368421 0.348371 0.347826
506 0 1 157 520 480 0.327083 0.314251 0.314
507 0 1 165 514 461 0.357918 0.338963 0.338462
508 0 1 172 532 482 0.356846 0.339664 0.339251
509 0 1 180 527 452 0.39823 0.368806 0.367722
510 0 1 188 538 458 0.41048 0.378734 0.37751
511 0 1 187 533 461 0.40564 0.377249 0.376258
512 0 1 197 533 473 0.41649 0.392349 0.39165
513 0 1 175 507 467 0.374732 0.359646 0.359343
514 0 1 188 524 460 0.408696 0.382925 0.382114
515 0 1 171 505 451 0.379157 0.358313 0.357741
516 0 1 171 490 437 0.391304 0.369537 0.368932
517 0 1 177 503 471 0.375796 0.363646 0.36345
518 0 1 156 487 473 0.32981 0.325035 0.325
519 0 1 154 478 448 0.34375 0.332788 0.332613
520 0 1 165 476 449 0.367483 0.356909 0.356757
521 0 1 171 519 460 0.371739 0.349972 0.349336
522 0 1 99 391 366 0.270492 0.261702 0.261559
523 0 1 151 464 428 0.352804 0.338841 0.338565
524 0 1 100 375 370 0.27027 0.268462 0.268456
525 0 1 90 323 309 0.291262 0.28488 0.28481
526 0 1 99 356 333 0.297297 0.287533 0.287373
527 0 1 127 389 383 0.331593 0.329025 0.329016
528 0 1 122 364 375 0.335165 0.330212 0.330176
529 0 1 120 355 368 0.338028 0.332004 0.33195
530 0 1 110 365 386 0.30137 0.293057 0.292943
531 0 1 110 382 371 0.296496 0.292196 0.292165
532 0 1 85 310 343 0.274194 0.26067 0.260337
533 0 1 94 312 345 0.301282 0.286511 0.286149
534 0 1 82 332 378 0.246988 0.231472 0.230986
535 0 1 55 244 292 0.22541 0.206052 0.205224
536 0 1 93 318 365 0.292453 0.272975 0.272328
537 0 1 81 322 323 0.251553 0.251163 0.251163
538 0 1 90 327 343 0.275229 0.268733 0.268657
539 0 1 83 364 376 0.228022 0.224354 0.224324
540 0 1 92 352 383 0.261364 0.250563 0.25034
541 0 1 87 348 377 0.25 0.240192 0.24
542 0 1 98 383 390 0.255875 0.253568 0.253558
543 0 1 109 383 415 0.284595 0.273403 0.273183
544 0 1 125 383 418 0.326371 0.312408 0.31211
545 0 1 146 440 459 0.331818 0.324878 0.324805
546 0 1 131 394 426 0.332487 0.319756 0.319512
547 0 1 85 296 353 0.287162 0.262958 0.261941
548 0 1 150 489 472 0.317797 0.312224 0.312175
549 0 1 139 386 429 0.360104 0.34158 0.341104
550 0 1 116 388 400 0.298969 0.29445 0.294416
551 0 1 134 459 437 0.306636 0.299197 0.299107
552 0 1 155 487 482 0.321577 0.319922 0.319917
553 0 1 134 438 438 0.305936 0.305936 0.305936
554 0 1 154 499 460 0.334783 0.321434 0.321168
555 0 1 181 513 457 0.396061 0.373819 0.373196
556 0 1 188 524 468 0.401709 0.379638 0.379032
557 0 1 188 509 471 0.399151 0.383962 0.383673
558 0 1 179 504 483 0.3706 0.362797 0.362715
559 0 1 178 520 486 0.366255 0.354079 0.353877
560 0 1 182 524 436 0.417431 0.38077 0.379167
561 0 1 205 526 479 0.427975 0.408407 0.40796
562 0 1 174 511 471 0.369427 0.354673 0.354379
563 0 1 179 514 485 0.369072 0.358509 0.358358
564 0 1 189 502 478 0.395397 0.38583 0.385714
565 0 1 178 473 471 0.377919 0.37712 0.377119
566 0 1 161 482 425 0.378824 0.35572 0.355017
567 0 1 133 482 415 0.320482 0.297375 0.296544
568 0 1 159 482 465 0.341935 0.335851 0.335797
569 0 1 138 460 444 0.310811 0.305358 0.30531
570 0 1 153 451 419 0.365155 0.351962 0.351724
571 0 1 134 458 422 0.317536 0.304801 0.304545
572 0 1 121 474 420 0.288095 0.271189 0.270694
573 0 1 148 428 406 0.364532 0.35504 0.354916
574 0 1 137 420 412 0.332524 0.329342 0.329327
575 0 1 128 472 403 0.317618 0.293485 0.292571
576 0 1 120 440 377 0.318302 0.294635 0.293758
577 0 1 109 421 386 0.282383 0.270391 0.270136
578 0 1 109 410 348 0.313218 0.288566 0.287599
579 0 1 111 409 370 0.3 0.285339 0.284981
580 0 1 100 408 381 0.262467 0.253634 0.253485
581 0 1 82 397 344 0.238372 0.221891 0.221323
582 0 1 110 411 352 0.3125 0.289201 0.288336
583 0 1 101 403 363 0.278237 0.264068 0.263708
584 0 1 112 400 349 0.320917 0.299761 0.299065
585 0 1 85 382 344 0.247093 0.234481 0.23416
586 0 1 100 394 330 0.30303 0.277329 0.276243
587 0 1 94 424 356 0.264045 0.241947 0.241026
588 0 1 107 435 361 0.296399 0.270014 0.268844
589 0 1 88 417 342 0.25731 0.233024 0.231884
590 0 1 91 419 352 0.258523 0.236953 0.236057
591 0 1 93 416 338 0.275148 0.248015 0.246684
592 0 1 91 408 328 0.277439 0.248756 0.247283
593 0 1 98 449 383 0.255875 0.236322 0.235577
594 0 1 107 472 394 0.271574 0.248122 0.247113
595 0 1 110 472 384 0.286458 0.258378 0.257009
596 0 1 124 476 392 0.316327 0.287062 0.285714
597 0 1 114 495 403 0.282878 0.255241 0.253898
598 0 1 127 505 405 0.31358 0.280822 0.279121
599 0 1 132 521 409 0.322738 0.285952 0.283871
600 0 1 137 500 391 0.350384 0.309847 0.30752
601 0 1 83 342 289 0.287197 0.264007 0.263074
602 0 1 154 531 441 0.349206 0.31824 0.316872
603 0 1 132 462 397 0.332494 0.308218 0.307334
604 0 1 84 329 311 0.270096 0.262604 0.2625
605 0 1 126 436 358 0.351955 0.318923 0.31738
606 0 1 117 424 424 0.275943 0.275943 0.275943
607 0 1 144 480 445 0.323595 0.311574 0.311351
608 0 1 147 461 422 0.348341 0.333281 0.332956
609 0 1 163 477 444 0.367117 0.35419 0.353963
610 0 1 191 510 483 0.395445 0.384835 0.384693
611 0 1 195 507 482 0.404564 0.394464 0.394338
612 0 1 184 500 459 0.400871 0.384084 0.383733
613 0 1 201 523 471 0.426752 0.404981 0.404427
614 0 1 201 511 465 0.432258 0.412343 0.411885
615 0 1 205 505 459 0.446623 0.425796 0.425311
616 0 1 195 510 463 0.421166 0.401291 0.400822
617 0 1 183 492 469 0.390192 0.380962 0.380853
618 0 1 164 443 408 0.401961 0.385755 0.385429
619 0 1 180 466 420 0.428571 0.406869 0.406321
620 0 1 180 425 411 0.437956 0.430682 0.430622
621 0 1 184 443 398 0.462312 0.438202 0.437574
622 0 1 223 489 453 0.492274 0.473807 0.473461
623 0 1 199 492 444 0.448198 0.425774 0.425214
624 0 1 198 474 461 0.429501 0.42357 0.423529
625 0 1 194 477 456 0.425439 0.415968 0.415863
626 0 1 172 459 446 0.38565 0.38015 0.380111
627 0 1 192 472 453 0.423841 0.415223 0.415135
628 0 1 191 461 428 0.446262 0.429993 0.429696
629 0 1 173 445 449 0.388764 0.387028 0.387025
630 0 1 151 383 413 0.394256 0.379667 0.379397
631 0 1 111 352 368 0.315341 0.308409 0.308333
632 0 1 80 286 339 0.27972 0.256925 0.256
633 0 1 105 294 343 0.357143 0.33065 0.32967
634 0 1 100 296 363 0.337838 0.305071 0.30349
635 0 1 102 298 363 0.342282 0.310126 0.308623
636 0 1 90 275 331 0.327273 0.298306 0.29703
637 0 1 134 320 397 0.41875 0.375954 0.37378
638 0 1 103 319 383 0.322884 0.294674 0.293447
639 0 1 110 311 363 0.353698 0.327385 0.326409
640 0 1 115 321 411 0.358255 0.31661 0.314208
641 0 1 112 285 352 0.392982 0.35361 0.351648
642 0 1 122 296 387 0.412162 0.360461 0.357247
643 0 1 108 273 373 0.395604 0.338445 0.334365
644 0 1 89 237 351 0.375527 0.308576 0.302721
645 0 1 85 223 332 0.381166 0.31239 0.306306
646 0 1 63 204 312 0.308824 0.249717 0.244186
647 0 1 83 231 340 0.359307 0.296164 0.290718
648 0 1 79 218 325 0.362385 0.296795 0.290976
649 0 1 85 237 362 0.35865 0.290195 0.283806
650 0 1 82 243 358 0.337449 0.278016 0.272879
651 0 1 89 237 374 0.375527 0.298937 0.291326
652 0 1 84 263 375 0.319392 0.267477 0.263323
653 0 1 80 252 385 0.31746 0.256838 0.251177
654 0 1 85 235 372 0.361702 0.287484 0.280066
655 0 1 88 236 351 0.372881 0.305755 0.29983
656 0 1 118 313 441 0.376997 0.317607 0.312997
657 0 1 114 286 420 0.398601 0.328925 0.322946
658 0 1 87 224 329 0.388393 0.320477 0.314647
659 0 1 149 360 476 0.413889 0.359941 0.356459
660 0 1 120 286 419 0.41958 0.34665 0.340426
661 0 1 89 231 373 0.385281 0.3032 0.294702
662 0 1 117 362 482 0.323204 0.280097 0.277251
663 0 1 127 336 478 0.377976 0.316898 0.312039
664 0 1 101 271 381 0.372694 0.314322 0.309816
665 0 1 135 351 432 0.384615 0.346688 0.344828
666 0 1 108 337 390 0.320475 0.297904 0.297111
667 0 1 119 332 413 0.358434 0.321368 0.319463
668 0 1 124 346 412 0.358382 0.328424 0.327177
669 0 1 138 346 412 0.398844 0.365504 0.364116
670 0 1 164 410 458 0.4 0.378459 0.37788
671 0 1 183 420 453 0.435714 0.419544 0.419244
672 0 1 169 411 429 0.411192 0.402473 0.402381
673 0 1 156 388 406 0.402062 0.393048 0.392947
674 0 1 193 435 451 0.443678 0.435737 0.435666
675 0 1 182 388 438 0.469072 0.441488 0.440678
676 0 1 188 453 454 0.415011 0.414554 0.414553
677 0 1 192 441 456 0.435374 0.428154 0.428094
678 0 1 197 434 447 0.453917 0.447268 0.447219
679 0 1 202 497 472 0.427966 0.417064 0.416925
680 0 1 188 433 460 0.43418 0.421245 0.421053
681 0 1 195 456 488 0.427632 0.413373 0.413136
682 0 1 191 502 479 0.398747 0.389506 0.389399
683 0 1 183 503 452 0.404867 0.383794 0.383246
684 0 1 162 460 401 0.40399 0.377193 0.376307
685 0 1 166 457 423 0.392435 0.377555 0.377273
686 0 1 167 478 457 0.365427 0.357309 0.357219
687 0 1 181 472 436 0.415138 0.398992 0.398678
688 0 1 168 460 423 0.397163 0.380855 0.380521
689 0 1 143 444 410 0.34878 0.33516 0.334895
690 0 1 131 470 398 0.329146 0.302887 0.301843
691 0 1 139 464 424 0.32783 0.313381 0.313063
692 0 1 145 470 413 0.35109 0.329112 0.328426
693 0 1 134 466 406 0.330049 0.30807 0.307339
694 0 1 128 445 389 0.329049 0.307649 0.306954
695 0 1 128 472 410 0.312195 0.290969 0.290249
696 0 1 118 453 355 0.332394 0.294252 0.292079
697 0 1 106 429 333 0.318318 0.28045 0.278215
698 0 1 111 432 359 0.309192 0.28186 0.280657
699 0 1 110 468 401 0.274314 0.25392 0.253165
700 0 1 99 484 381 0.259843 0.230542 0.228902
701 0 1 102 472 395 0.258228 0.236228 0.235294
702 0 1 107 477 384 0.278646 0.250011 0.248548
703 0 1 118 449 379 0.311346 0.286048 0.285024
704 0 1 128 444 375 0.341333 0.313692 0.312576
705 0 1 110 478 353 0.311615 0.267788 0.264741
706 0 1 134 471 368 0.36413 0.321863 0.319428
707 0 1 132 512 376 0.351064 0.300847 0.297297
708 0 1 147 519 394 0.373096 0.325076 0.322015
709 0 1 145 496 388 0.373711 0.33053 0.328054
710 0 1 168 520 425 0.395294 0.357366 0.355556
711 0 1 151 505 407 0.371007 0.333069 0.33114
712 0 1 139 428 382 0.363874 0.343765 0.34321
713 0 1 147 522 398 0.369347 0.322508 0.319565
714 0 1 134 504 403 0.332506 0.297329 0.29548
715 0 1 167 531 431 0.387471 0.349084 0.347193
716 0 1 165 455 405 0.407407 0.384371 0.383721
717 0 1 162 460 414 0.391304 0.371224 0.370709
718 0 1 191 517 456 0.41886 0.393374 0.3926
719 0 1 155 446 399 0.388471 0.367433 0.366864
720 0 1 135 435 409 0.330073 0.320057 0.319905
721 0 1 180 517 468 0.384615 0.365935 0.365482
722 0 1 145 450 386 0.375648 0.347911 0.34689
723 0 1 143 459 384 0.372396 0.340615 0.339265
724 0 1 127 410 403 0.315136 0.312435 0.312423
725 0 1 161 444 437 0.368421 0.365505 0.365494
726 0 1 153 444 460 0.344595 0.338549 0.338496
727 0 1 132 406 413 0.325123 0.322356 0.322344
728 0 1 168 469 448 0.375 0.366508 0.366412
729 0 1 188 462 445 0.422472 0.414626 0.414553
730 0 1 150 374 386 0.40107 0.394786 0.394737
731 0 1 141 422 421 0.334917 0.33452 0.33452
732 0 1 127 374 402 0.339572 0.327533 0.32732
733 0 1 133 371 396 0.358491 0.34699 0.346806
734 0 1 140 378 438 0.37037 0.344069 0.343137
735 0 1 130 386 430 0.336788 0.319092 0.318627
736 0 1 130 360 437 0.361111 0.327757 0.326223
737 0 1 110 359 379 0.306407 0.298212 0.298103
738 0 1 119 362 411 0.328729 0.308512 0.307891
739 0 1 119 351 404 0.339031 0.316011 0.315232
740 0 1 128 359 406 0.356546 0.335274 0.334641
741 0 1 126 369 411 0.341463 0.323546 0.323077
742 0 1 128 347 413 0.368876 0.33812 0.336842
743 0 1 110 368 396 0.298913 0.288152 0.287958
744 0 1 132 378 408 0.349206 0.336123 0.335878
745 0 1 127 373 401 0.340483 0.32838 0.328165
746 0 1 132 376 397 0.351064 0.341653 0.341527
747 0 1 119 371 396 0.320755 0.310465 0.3103
748 0 1 130 372 420 0.349462 0.328887 0.328283
749 0 1 142 365 438 0.389041 0.355144 0.353674
750 0 1 140 385 424 0.363636 0.346509 0.346106
751 0 1 141 388 409 0.363402 0.35395 0.353827
752 0 1 147 391 430 0.375959 0.358505 0.3581
753 0 1 136 415 409 0.332518 0.330106 0.330097
754 0 1 135 397 401 0.34005 0.33835 0.338346
755 0 1 166 413 455 0.401937 0.382937 0.382488
756 0 1 141 416 423 0.338942 0.336126 0.336114
757 0 1 147 431 425 0.345882 0.343466 0.343458
758 0 1 163 440 437 0.372998 0.371724 0.371722
759 0 1 146 451 432 0.337963 0.330767 0.330691
760 0 1 151 439 416 0.362981 0.353344 0.353216
761 0 1 137 448 420 0.32619 0.315833 0.315668
762 0 1 143 446 411 0.347932 0.334001 0.333722
763 0 1 159 444 429 0.370629 0.364315 0.364261
764 0 1 153 430 415 0.368675 0.362187 0.36213
765 0 1 150 437 420 0.357143 0.350127 0.350058
766 0 1 130 448 405 0.320988 0.305195 0.304807
767 0 1 149 432 431 0.345708 0.345307 0.345307
768 0 1 155 438 420 0.369048 0.361385 0.361305
769 0 1 142 443 428 0.331776 0.32611 0.326062
770 0 1 146 438 422 0.345972 0.339594 0.339535
771 0 1 140 430 414 0.338164 0.331813 0.331754
772 0 1 144 438 424 0.339623 0.334151 0.334107
773 0 1 139 438 417 0.333333 0.325244 0.325146
774 0 1 135 430 426 0.316901 0.315424 0.315421
775 0 1 140 436 440 0.321101 0.319638 0.319635
776 0 1 139 418 413 0.336562 0.334543 0.334537
777 0 1 140 437 429 0.32634 0.323339 0.323326
778 0 1 132 426 412 0.320388 0.31508 0.315036
779 0 1 133 428 404 0.329208 0.319845 0.319712
780 0 1 164 420 442 0.390476 0.380634 0.38051
781 0 1 145 435 415 0.349398 0.341271 0.341176
782 0 1 142 413 421 0.343826 0.340543 0.340528
783 0 1 142 430 428 0.331776 0.331003 0.331002
784 0 1 124 428 400 0.31 0.299688 0.299517
785 0 1 138 428 418 0.330144 0.326264 0.326241
786 0 1 124 421 382 0.324607 0.309207 0.308842
787 0 1 138 414 425 0.333333 0.328991 0.328963
788 0 1 139 424 427 0.32783 0.326677 0.326674
789 0 1 143 432 432 0.331019 0.331019 0.331019
790 0 1 140 424 431 0.330189 0.327496 0.327485
791 0 1 147 426 412 0.356796 0.350884 0.350835
792 0 1 137 430 419 0.326969 0.32276 0.322733
793 0 1 147 434 414 0.355072 0.346795 0.346698
794 0 1 141 446 419 0.336516 0.326171 0.326012
795 0 1 134 412 421 0.325243 0.321747 0.321729
796 0 1 122 445 406 0.300493 0.287023 0.286721
797 0 1 136 443 413 0.329298 0.317952 0.317757

# ---------- Global Summary ----------
# CorrFrames: 773
avg_CorrEdges: 103.003
avg_match_A: 372.946
avg_match_B: 352.366
global_RI_MNR: 0.292317
global_RI_GNR: 0.284137
global_RI_DICE: 0.284023

# ---------- Per-Channel Summary ----------
chA: 0 chB: 1 | avgC: 103.003 avgA: 372.946 avgB: 352.366 MNR: 0.283134 GNR: 0.263468 DICE: 0.262414
