#frame chA chB nCorr nA nB MNR GNR DICE
16 0 1 0 118 233 0 0 0
17 0 1 0 135 218 0 0 0
18 0 1 0 123 195 0 0 0
19 0 1 0 140 237 0 0 0
20 0 1 9 164 258 0.054878 0.0437533 0.042654
21 0 1 13 146 265 0.0890411 0.0660913 0.0632603
22 0 1 17 198 305 0.0858586 0.0691777 0.0675944
23 0 1 17 192 303 0.0885417 0.0704818 0.0686869
24 0 1 21 189 283 0.111111 0.0908019 0.0889831
25 0 1 34 186 308 0.182796 0.142052 0.137652
26 0 1 44 182 297 0.241758 0.189251 0.183716
27 0 1 51 181 295 0.281768 0.220709 0.214286
28 0 1 49 169 277 0.289941 0.226471 0.219731
29 0 1 52 167 259 0.311377 0.250032 0.244131
30 0 1 56 157 241 0.356688 0.287892 0.281407
31 0 1 54 226 315 0.238938 0.202388 0.19963
32 0 1 56 205 317 0.273171 0.219675 0.214559
33 0 1 53 193 230 0.274611 0.251555 0.250591
34 0 1 54 208 319 0.259615 0.209636 0.204934
35 0 1 59 220 355 0.268182 0.211119 0.205217
36 0 1 65 208 328 0.3125 0.248854 0.242537
37 0 1 76 223 344 0.340807 0.274399 0.268078
38 0 1 105 210 344 0.5 0.390661 0.379061
39 0 1 99 211 366 0.469194 0.356249 0.343154
40 0 1 100 220 364 0.454545 0.353377 0.342466
41 0 1 94 214 341 0.439252 0.347972 0.338739
42 0 1 108 235 364 0.459574 0.369266 0.360601
43 0 1 94 223 346 0.421525 0.338405 0.330404
44 0 1 122 218 358 0.559633 0.436707 0.423611
45 0 1 136 236 403 0.576271 0.440992 0.425665
46 0 1 159 247 417 0.643725 0.495428 0.478916
47 0 1 125 252 403 0.496032 0.392245 0.381679
48 0 1 148 248 415 0.596774 0.46133 0.446456
49 0 1 147 245 400 0.6 0.469574 0.455814
50 0 1 126 238 352 0.529412 0.435322 0.427119
51 0 1 142 236 364 0.601695 0.484486 0.473333
52 0 1 147 232 370 0.633621 0.501733 0.488372
53 0 1 154 239 409 0.644351 0.492561 0.475309
54 0 1 173 240 379 0.720833 0.573615 0.558966
55 0 1 150 225 347 0.666667 0.536828 0.524476
56 0 1 130 269 422 0.483271 0.385843 0.376266
57 0 1 138 250 412 0.552 0.429992 0.416918
58 0 1 107 234 402 0.457265 0.348869 0.336478
59 0 1 129 251 427 0.513944 0.394039 0.380531
60 0 1 149 263 435 0.56654 0.440518 0.426934
61 0 1 160 256 406 0.625 0.496292 0.483384
62 0 1 149 250 418 0.596 0.460923 0.446108
63 0 1 149 251 403 0.593625 0.468486 0.455657
64 0 1 128 241 382 0.53112 0.421861 0.410915
65 0 1 132 245 366 0.538776 0.440809 0.432079
66 0 1 149 243 389 0.613169 0.484628 0.471519
67 0 1 148 242 366 0.61157 0.497294 0.486842
68 0 1 136 227 342 0.599119 0.488105 0.478032
69 0 1 149 277 411 0.537906 0.441596 0.43314
70 0 1 132 251 364 0.525896 0.436703 0.429268
71 0 1 132 245 368 0.538776 0.439609 0.430669
72 0 1 95 212 322 0.448113 0.363603 0.355805
73 0 1 49 191 257 0.256545 0.221163 0.21875
74 0 1 55 184 275 0.298913 0.244505 0.239651
75 0 1 52 191 250 0.272251 0.237967 0.235828
76 0 1 38 175 235 0.217143 0.187383 0.185366
77 0 1 48 192 250 0.25 0.219089 0.217195
78 0 1 50 167 234 0.299401 0.252932 0.249377
79 0 1 65 167 237 0.389222 0.326724 0.321782
80 0 1 64 170 266 0.376471 0.300964 0.293578
81 0 1 57 161 254 0.354037 0.281868 0.274699
82 0 1 76 167 243 0.45509 0.37727 0.370732
83 0 1 84 178 275 0.47191 0.379667 0.370861
84 0 1 77 182 300 0.423077 0.32953 0.319502
85 0 1 94 188 282 0.5 0.408248 0.4
86 0 1 84 181 263 0.464088 0.385001 0.378378
87 0 1 104 180 282 0.577778 0.461607 0.450216
88 0 1 108 221 314 0.488688 0.40998 0.403738
89 0 1 85 176 249 0.482955 0.406034 0.4
90 0 1 72 214 295 0.336449 0.286559 0.282908
91 0 1 100 247 405 0.404858 0.316172 0.306748
92 0 1 99 246 386 0.402439 0.321273 0.313291
93 0 1 109 255 381 0.427451 0.349699 0.342767
94 0 1 118 274 421 0.430657 0.347429 0.339568
95 0 1 148 307 514 0.482085 0.372573 0.360536
96 0 1 144 325 497 0.443077 0.358297 0.350365
97 0 1 173 325 536 0.532308 0.414498 0.401858
98 0 1 172 335 535 0.513433 0.406283 0.395402
99 0 1 195 323 527 0.603715 0.472637 0.458824
100 0 1 216 320 524 0.675 0.527489 0.511848
101 0 1 228 316 514 0.721519 0.565731 0.549398
102 0 1 225 313 511 0.71885 0.5626 0.546117
103 0 1 210 316 481 0.664557 0.538646 0.526976
104 0 1 198 323 495 0.613003 0.495178 0.484108
105 0 1 203 303 492 0.669967 0.525766 0.510692
106 0 1 177 293 455 0.604096 0.484768 0.473262
107 0 1 179 295 421 0.60678 0.507927 0.5
108 0 1 157 269 389 0.583643 0.485343 0.477204
109 0 1 172 299 466 0.575251 0.460787 0.449673
110 0 1 152 289 418 0.525952 0.437327 0.429986
111 0 1 154 284 370 0.542253 0.475073 0.470948
112 0 1 149 296 465 0.503378 0.401619 0.39159
113 0 1 152 291 429 0.522337 0.430198 0.422222
114 0 1 154 265 419 0.581132 0.462158 0.450292
115 0 1 144 255 394 0.564706 0.454302 0.44376
116 0 1 134 265 383 0.50566 0.420613 0.41358
117 0 1 141 246 360 0.573171 0.473806 0.465347
118 0 1 124 248 385 0.5 0.401297 0.391785
119 0 1 123 256 381 0.480469 0.393843 0.386185
120 0 1 118 258 388 0.457364 0.372955 0.365325
121 0 1 127 243 367 0.522634 0.425273 0.416393
122 0 1 108 253 386 0.426877 0.345597 0.338028
123 0 1 126 260 415 0.484615 0.383583 0.373333
124 0 1 116 255 396 0.454902 0.36504 0.356375
125 0 1 92 216 314 0.425926 0.353261 0.34717
126 0 1 88 254 315 0.346457 0.311108 0.309315
127 0 1 97 242 323 0.400826 0.346947 0.343363
128 0 1 91 242 336 0.376033 0.319127 0.314879
129 0 1 113 274 393 0.412409 0.344355 0.338831
130 0 1 117 273 396 0.428571 0.355842 0.349776
131 0 1 145 278 423 0.521583 0.422839 0.413695
132 0 1 151 289 452 0.522491 0.417791 0.407557
133 0 1 158 279 447 0.566308 0.447405 0.435262
134 0 1 203 291 475 0.697595 0.546013 0.530026
135 0 1 195 285 468 0.684211 0.533936 0.517928
136 0 1 200 291 462 0.687285 0.54546 0.531209
137 0 1 167 282 438 0.592199 0.475176 0.463889
138 0 1 193 296 497 0.652027 0.503191 0.486759
139 0 1 192 295 502 0.650847 0.498929 0.481807
140 0 1 196 299 476 0.655518 0.519538 0.505806
141 0 1 189 313 454 0.603834 0.501374 0.492829
142 0 1 222 331 548 0.670695 0.521253 0.505119
143 0 1 224 330 542 0.678788 0.529653 0.513761
144 0 1 178 323 517 0.551084 0.435586 0.42381
145 0 1 228 348 532 0.655172 0.529895 0.518182
146 0 1 237 338 534 0.701183 0.557852 0.543578
147 0 1 227 322 516 0.704969 0.556895 0.541766
148 0 1 274 321 546 0.853583 0.654488 0.632065
149 0 1 204 312 500 0.653846 0.516497 0.502463
150 0 1 226 335 533 0.674627 0.534838 0.520737
151 0 1 174 324 513 0.537037 0.426794 0.415771
152 0 1 229 322 526 0.71118 0.556435 0.540094
153 0 1 206 307 526 0.67101 0.512631 0.494598
154 0 1 159 291 463 0.546392 0.433172 0.421751
155 0 1 168 311 469 0.540193 0.439889 0.430769
156 0 1 175 322 532 0.543478 0.422819 0.409836
157 0 1 194 336 506 0.577381 0.470497 0.460808
158 0 1 217 339 485 0.640118 0.535167 0.526699
159 0 1 180 323 479 0.557276 0.457618 0.448878
160 0 1 190 326 459 0.582822 0.491177 0.484076
161 0 1 200 337 498 0.593472 0.488203 0.479042
162 0 1 183 333 474 0.54955 0.460617 0.453532
163 0 1 208 325 474 0.64 0.529947 0.520651
164 0 1 206 311 458 0.662379 0.545826 0.535761
165 0 1 222 318 471 0.698113 0.573626 0.562738
166 0 1 201 325 499 0.618462 0.499119 0.487864
167 0 1 229 336 509 0.681548 0.553741 0.542012
168 0 1 198 316 514 0.626582 0.491292 0.477108
169 0 1 257 341 503 0.753666 0.620543 0.609005
170 0 1 236 328 515 0.719512 0.574211 0.559905
171 0 1 239 326 495 0.733129 0.594958 0.582217
172 0 1 227 305 482 0.744262 0.592042 0.576874
173 0 1 188 293 458 0.641638 0.513206 0.500666
174 0 1 155 303 454 0.511551 0.41791 0.409511
175 0 1 140 270 368 0.518519 0.444142 0.438871
176 0 1 76 233 315 0.32618 0.280531 0.277372
177 0 1 92 239 323 0.384937 0.331122 0.327402
178 0 1 101 258 346 0.391473 0.338044 0.334437
179 0 1 102 238 286 0.428571 0.390957 0.389313
180 0 1 100 259 276 0.3861 0.374021 0.373832
181 0 1 80 231 261 0.34632 0.32581 0.325203
182 0 1 73 228 286 0.320175 0.285873 0.284047
183 0 1 84 230 291 0.365217 0.32469 0.322457
184 0 1 85 237 270 0.35865 0.336018 0.335306
185 0 1 75 210 290 0.357143 0.303915 0.3
186 0 1 66 214 306 0.308411 0.257915 0.253846
187 0 1 76 214 280 0.35514 0.310476 0.307692
188 0 1 71 195 255 0.364103 0.318398 0.315556
189 0 1 71 229 285 0.310044 0.277919 0.276265
190 0 1 43 171 171 0.251462 0.251462 0.251462
191 0 1 35 152 227 0.230263 0.188423 0.184697
192 0 1 41 168 220 0.244048 0.213264 0.21134
193 0 1 35 155 176 0.225806 0.211907 0.21148
194 0 1 37 165 181 0.224242 0.214102 0.213873
195 0 1 34 145 186 0.234483 0.207032 0.205438
196 0 1 36 146 179 0.246575 0.222689 0.221538
197 0 1 45 146 198 0.308219 0.264669 0.261628
198 0 1 46 150 215 0.306667 0.256149 0.252055
199 0 1 40 145 182 0.275862 0.24623 0.244648
200 0 1 52 145 185 0.358621 0.317493 0.315152
201 0 1 37 157 209 0.235669 0.204258 0.202186
202 0 1 48 157 204 0.305732 0.268211 0.265928
203 0 1 52 165 200 0.315152 0.286251 0.284932
204 0 1 45 161 209 0.279503 0.245316 0.243243
205 0 1 64 174 223 0.367816 0.324902 0.322418
206 0 1 64 173 224 0.369942 0.325112 0.322418
207 0 1 65 182 230 0.357143 0.317697 0.315534
208 0 1 86 198 244 0.434343 0.391265 0.38914
209 0 1 60 179 206 0.335196 0.312458 0.311688
210 0 1 88 191 257 0.460733 0.397191 0.392857
211 0 1 55 188 213 0.292553 0.274849 0.274314
212 0 1 65 182 266 0.357143 0.295418 0.290179
213 0 1 57 183 181 0.314917 0.313192 0.313187
214 0 1 48 212 220 0.226415 0.22226 0.222222
215 0 1 43 170 214 0.252941 0.225443 0.223958
216 0 1 60 230 244 0.26087 0.253275 0.253165
217 0 1 65 210 276 0.309524 0.269991 0.26749
218 0 1 98 231 328 0.424242 0.356027 0.350626
219 0 1 120 292 379 0.410959 0.36072 0.357675
220 0 1 142 274 393 0.518248 0.43273 0.425787
221 0 1 164 300 427 0.546667 0.458215 0.451169
222 0 1 167 301 433 0.554817 0.462583 0.455041
223 0 1 140 281 429 0.498221 0.403224 0.394366
224 0 1 168 322 487 0.521739 0.424245 0.415328
225 0 1 150 300 446 0.5 0.410075 0.402145
226 0 1 137 282 462 0.485816 0.379555 0.36828
227 0 1 158 299 459 0.528428 0.426496 0.416887
228 0 1 197 307 536 0.641694 0.48564 0.467378
229 0 1 166 342 562 0.48538 0.37864 0.367257
230 0 1 162 328 525 0.493902 0.39039 0.379836
231 0 1 132 299 458 0.441472 0.356702 0.348745
232 0 1 148 320 466 0.4625 0.38326 0.37659
233 0 1 180 319 500 0.564263 0.450705 0.43956
234 0 1 142 308 482 0.461039 0.368544 0.359494
235 0 1 165 295 487 0.559322 0.43532 0.421995
236 0 1 149 281 470 0.530249 0.41 0.396804
237 0 1 163 281 467 0.580071 0.449962 0.435829
238 0 1 152 263 420 0.577947 0.457342 0.445095
239 0 1 112 248 387 0.451613 0.361524 0.352756
240 0 1 146 289 464 0.50519 0.398699 0.387782
241 0 1 106 267 396 0.397004 0.325989 0.319759
242 0 1 126 259 416 0.486486 0.383861 0.373333
243 0 1 148 284 446 0.521127 0.415848 0.405479
244 0 1 129 271 422 0.476015 0.38146 0.372294
245 0 1 127 281 391 0.451957 0.383144 0.377976
246 0 1 103 281 408 0.366548 0.304196 0.298984
247 0 1 97 275 395 0.352727 0.294311 0.289552
248 0 1 108 272 389 0.397059 0.33202 0.326778
249 0 1 82 267 377 0.307116 0.258457 0.254658
250 0 1 98 256 382 0.382812 0.313382 0.30721
251 0 1 102 250 390 0.408 0.326661 0.31875
252 0 1 97 229 427 0.423581 0.310199 0.295732
253 0 1 141 233 416 0.60515 0.452892 0.434515
254 0 1 123 239 399 0.514644 0.398309 0.38558
255 0 1 114 222 417 0.513514 0.37468 0.356808
256 0 1 121 231 400 0.52381 0.398061 0.383518
257 0 1 107 232 376 0.461207 0.362281 0.351974
258 0 1 118 241 390 0.489627 0.384894 0.37401
259 0 1 120 251 385 0.478088 0.386024 0.377358
260 0 1 118 235 408 0.502128 0.381082 0.36703
261 0 1 143 232 381 0.616379 0.480983 0.466558
262 0 1 141 259 411 0.544402 0.432164 0.420896
263 0 1 157 257 413 0.610895 0.481901 0.468657
264 0 1 148 259 416 0.571429 0.450884 0.438519
265 0 1 147 252 428 0.583333 0.447605 0.432353
266 0 1 158 255 449 0.619608 0.466943 0.448864
267 0 1 143 234 446 0.611111 0.44265 0.420588
268 0 1 151 247 442 0.611336 0.457001 0.438316
269 0 1 149 250 466 0.596 0.436539 0.416201
270 0 1 123 227 419 0.54185 0.398828 0.380805
271 0 1 138 267 454 0.516854 0.396365 0.382802
272 0 1 175 278 491 0.629496 0.473669 0.455137
273 0 1 137 262 449 0.522901 0.399436 0.385373
274 0 1 200 284 488 0.704225 0.537231 0.518135
275 0 1 204 293 477 0.696246 0.545679 0.52987
276 0 1 155 290 491 0.534483 0.410764 0.396927
277 0 1 178 284 468 0.626761 0.488245 0.473404
278 0 1 187 293 464 0.638225 0.507164 0.494055
279 0 1 64 204 337 0.313726 0.24409 0.236599
280 0 1 121 272 431 0.444853 0.353397 0.344239
281 0 1 109 248 407 0.439516 0.343086 0.332824
282 0 1 119 263 400 0.452471 0.366893 0.358974
283 0 1 224 315 505 0.711111 0.561626 0.546341
284 0 1 111 251 431 0.442231 0.33748 0.325513
285 0 1 112 252 407 0.444444 0.34972 0.339909
286 0 1 121 267 470 0.453184 0.341571 0.328358
287 0 1 53 203 294 0.261084 0.216947 0.21328
288 0 1 32 166 267 0.192771 0.151999 0.147806
289 0 1 75 229 376 0.327511 0.255593 0.247934
290 0 1 88 270 421 0.325926 0.261012 0.254703
291 0 1 178 302 515 0.589404 0.451349 0.435741
292 0 1 190 302 442 0.629139 0.520043 0.510753
293 0 1 184 313 491 0.587859 0.469359 0.457711
294 0 1 101 270 330 0.374074 0.338363 0.336667
295 0 1 73 222 302 0.328829 0.281931 0.278626
296 0 1 75 218 261 0.344037 0.314422 0.313152
297 0 1 63 201 260 0.313433 0.275585 0.273319
298 0 1 119 248 352 0.479839 0.402763 0.396667
299 0 1 56 175 219 0.32 0.286053 0.284264
300 0 1 54 192 195 0.28125 0.279078 0.27907
301 0 1 39 162 187 0.240741 0.224071 0.223496
302 0 1 44 185 208 0.237838 0.224303 0.223919
303 0 1 65 194 262 0.335052 0.288311 0.285088
304 0 1 79 181 251 0.436464 0.370639 0.365741
305 0 1 90 181 249 0.497238 0.423939 0.418605
306 0 1 78 186 221 0.419355 0.384718 0.383292
307 0 1 75 187 206 0.40107 0.382126 0.381679
308 0 1 85 231 292 0.367965 0.327282 0.325048
309 0 1 85 216 258 0.393519 0.360066 0.35865
310 0 1 82 219 262 0.374429 0.342327 0.340956
311 0 1 78 216 250 0.361111 0.335659 0.334764
312 0 1 65 210 257 0.309524 0.279793 0.278373
313 0 1 84 205 252 0.409756 0.369575 0.367615
314 0 1 64 189 226 0.338624 0.309667 0.308434
315 0 1 77 211 278 0.364929 0.317927 0.314928
316 0 1 87 207 239 0.42029 0.391143 0.390135
317 0 1 64 180 215 0.355556 0.32533 0.324051
318 0 1 73 210 257 0.347619 0.314229 0.312634
319 0 1 76 193 289 0.393782 0.3218 0.315353
320 0 1 79 197 253 0.401015 0.353862 0.351111
321 0 1 75 196 261 0.382653 0.331599 0.328228
322 0 1 77 197 258 0.390863 0.341545 0.338462
323 0 1 71 191 256 0.371728 0.321086 0.317673
324 0 1 77 236 304 0.326271 0.287474 0.285185
325 0 1 91 212 329 0.429245 0.344568 0.336414
326 0 1 97 226 291 0.429204 0.378243 0.375242
327 0 1 84 210 281 0.4 0.345793 0.342159
328 0 1 81 225 284 0.36 0.320431 0.318271
329 0 1 101 226 318 0.446903 0.37675 0.371324
330 0 1 102 232 286 0.439655 0.39598 0.393822
331 0 1 50 206 196 0.255102 0.248833 0.248756
332 0 1 82 223 272 0.367713 0.332948 0.331313
333 0 1 72 241 270 0.298755 0.282255 0.2818
334 0 1 36 187 174 0.206897 0.199575 0.199446
335 0 1 39 203 208 0.192118 0.189795 0.189781
336 0 1 69 250 271 0.276 0.265091 0.264875
337 0 1 72 233 258 0.309013 0.29366 0.293279
338 0 1 81 254 291 0.318898 0.297935 0.297248
339 0 1 98 236 297 0.415254 0.370162 0.36773
340 0 1 99 292 376 0.339041 0.298779 0.296407
341 0 1 113 289 396 0.391003 0.334027 0.329927
342 0 1 137 294 478 0.465986 0.365454 0.354922
343 0 1 183 317 507 0.577287 0.456476 0.444175
344 0 1 220 323 547 0.681115 0.523393 0.505747
345 0 1 204 342 576 0.596491 0.459627 0.444444
346 0 1 204 323 533 0.631579 0.49166 0.476636
347 0 1 222 323 535 0.687307 0.534041 0.517483
348 0 1 209 323 528 0.647059 0.50609 0.491187
349 0 1 221 346 518 0.638728 0.522023 0.511574
350 0 1 209 337 535 0.620178 0.492215 0.479358
351 0 1 184 302 484 0.609272 0.481273 0.468193
352 0 1 209 336 527 0.622024 0.496674 0.484357
353 0 1 203 313 495 0.648562 0.515729 0.502475
354 0 1 218 330 485 0.660606 0.544915 0.534969
355 0 1 169 338 502 0.5 0.410276 0.402381
356 0 1 149 294 419 0.506803 0.424527 0.417952
357 0 1 152 292 411 0.520548 0.438764 0.432432
358 0 1 154 285 422 0.540351 0.44406 0.435644
359 0 1 164 297 482 0.552189 0.433453 0.421053
360 0 1 152 273 460 0.556777 0.428927 0.414734
361 0 1 151 268 449 0.563433 0.435298 0.421199
362 0 1 118 285 441 0.414035 0.332844 0.325069
363 0 1 95 274 398 0.346715 0.287678 0.282738
364 0 1 112 264 402 0.424242 0.343798 0.336336
365 0 1 143 299 465 0.478261 0.383508 0.374346
366 0 1 142 281 443 0.505338 0.40247 0.392265
367 0 1 147 269 423 0.546468 0.435784 0.424856
368 0 1 134 283 423 0.473498 0.387295 0.379603
369 0 1 113 262 403 0.431298 0.347757 0.33985
370 0 1 110 267 430 0.411985 0.324641 0.315638
371 0 1 125 260 435 0.480769 0.371688 0.359712
372 0 1 135 268 436 0.503731 0.394933 0.383523
373 0 1 137 276 442 0.496377 0.392243 0.381616
374 0 1 141 261 461 0.54023 0.406489 0.390582
375 0 1 140 268 464 0.522388 0.39701 0.382514
376 0 1 149 241 427 0.618257 0.464477 0.446108
377 0 1 140 262 440 0.534351 0.412336 0.39886
378 0 1 134 259 425 0.517375 0.403888 0.391813
379 0 1 154 271 417 0.568266 0.458108 0.447674
380 0 1 150 256 418 0.585938 0.458546 0.445104
381 0 1 170 276 456 0.615942 0.479195 0.464481
382 0 1 138 280 434 0.492857 0.395872 0.386555
383 0 1 172 265 470 0.649057 0.487368 0.468027
384 0 1 168 257 449 0.653696 0.494561 0.475921
385 0 1 137 241 416 0.568465 0.432679 0.417047
386 0 1 160 300 508 0.533333 0.409852 0.39604
387 0 1 170 290 495 0.586207 0.448691 0.433121
388 0 1 101 257 394 0.392996 0.3174 0.310292
389 0 1 142 299 506 0.474916 0.365071 0.352795
390 0 1 181 299 526 0.605351 0.456405 0.438788
391 0 1 131 266 472 0.492481 0.369709 0.355014
392 0 1 151 299 498 0.505017 0.391315 0.378921
393 0 1 169 299 472 0.565217 0.449863 0.438392
394 0 1 99 246 427 0.402439 0.30546 0.294205
395 0 1 110 277 417 0.397112 0.323657 0.317003
396 0 1 150 286 406 0.524476 0.440195 0.433526
397 0 1 201 304 475 0.661184 0.528947 0.516046
398 0 1 175 303 476 0.577558 0.460801 0.449294
399 0 1 212 292 472 0.726027 0.571049 0.554974
400 0 1 105 238 366 0.441176 0.355763 0.347682
401 0 1 54 208 325 0.259615 0.207692 0.202627
402 0 1 145 283 434 0.512367 0.413742 0.404463
403 0 1 133 290 452 0.458621 0.367353 0.358491
404 0 1 145 291 441 0.498282 0.404764 0.396175
405 0 1 208 319 515 0.652038 0.513174 0.498801
406 0 1 147 283 454 0.519435 0.410106 0.398915
407 0 1 82 242 344 0.338843 0.284202 0.279863
408 0 1 81 247 336 0.327935 0.281169 0.277873
409 0 1 53 220 254 0.240909 0.224206 0.223629
410 0 1 63 214 304 0.294393 0.247 0.243243
411 0 1 121 216 373 0.560185 0.426289 0.410866
412 0 1 86 214 321 0.401869 0.328125 0.321495
413 0 1 57 207 290 0.275362 0.232643 0.229376
414 0 1 70 225 292 0.311111 0.273096 0.270793
415 0 1 40 170 194 0.235294 0.22026 0.21978
416 0 1 45 167 207 0.269461 0.24203 0.240642
417 0 1 44 165 189 0.266667 0.249161 0.248588
418 0 1 46 163 215 0.282209 0.245722 0.243386
419 0 1 53 195 242 0.271795 0.243978 0.242563
420 0 1 73 192 242 0.380208 0.338661 0.336406
421 0 1 63 181 228 0.348066 0.310123 0.308068
422 0 1 42 170 217 0.247059 0.218673 0.217054
423 0 1 46 163 203 0.282209 0.252881 0.251366
424 0 1 51 185 258 0.275676 0.23344 0.230248
425 0 1 68 162 252 0.419753 0.336551 0.328502
426 0 1 66 163 243 0.404908 0.331625 0.325123
427 0 1 54 159 206 0.339623 0.298374 0.29589
428 0 1 58 187 248 0.31016 0.269328 0.266667
429 0 1 65 181 247 0.359116 0.307415 0.303738
430 0 1 79 186 250 0.424731 0.366354 0.362385
431 0 1 78 195 255 0.4 0.34979 0.346667
432 0 1 87 196 282 0.443878 0.370055 0.364017
433 0 1 72 163 266 0.441718 0.345778 0.335664
434 0 1 55 179 258 0.307263 0.255933 0.251716
435 0 1 75 183 271 0.409836 0.336784 0.330396
436 0 1 72 175 252 0.411429 0.342857 0.337237
437 0 1 62 180 271 0.344444 0.280718 0.274945
438 0 1 74 196 248 0.377551 0.335643 0.333333
439 0 1 69 198 303 0.348485 0.281705 0.275449
440 0 1 28 174 188 0.16092 0.154812 0.154696
441 0 1 61 179 223 0.340782 0.305317 0.303483
442 0 1 39 149 194 0.261745 0.229388 0.227405
443 0 1 33 158 172 0.208861 0.20018 0.2
444 0 1 58 185 206 0.313514 0.297104 0.296675
445 0 1 61 193 233 0.316062 0.287656 0.286385
446 0 1 45 196 269 0.229592 0.195978 0.193548
447 0 1 72 182 303 0.395604 0.306602 0.296907
448 0 1 75 206 336 0.364078 0.285074 0.276753
449 0 1 94 238 384 0.394958 0.310938 0.302251
450 0 1 166 274 413 0.605839 0.493467 0.483261
451 0 1 183 282 466 0.648936 0.504817 0.489305
452 0 1 222 308 473 0.720779 0.58163 0.568502
453 0 1 185 291 454 0.635739 0.508976 0.496644
454 0 1 192 282 471 0.680851 0.526825 0.50996
455 0 1 188 294 497 0.639456 0.49182 0.475348
456 0 1 175 295 486 0.59322 0.462178 0.448143
457 0 1 222 300 506 0.74 0.569793 0.550869
458 0 1 210 304 530 0.690789 0.523172 0.503597
459 0 1 212 302 509 0.701987 0.540721 0.522811
460 0 1 221 299 486 0.73913 0.579747 0.563057
461 0 1 227 301 515 0.754153 0.576553 0.556373
462 0 1 249 306 538 0.813725 0.613688 0.590047
463 0 1 252 310 534 0.812903 0.619368 0.597156
464 0 1 228 320 517 0.7125 0.56055 0.544803
465 0 1 232 320 521 0.725 0.568191 0.551724
466 0 1 223 306 525 0.728758 0.556371 0.536703
467 0 1 218 296 490 0.736486 0.572417 0.554707
468 0 1 204 297 497 0.686869 0.530975 0.513854
469 0 1 195 282 443 0.691489 0.551707 0.537931
470 0 1 201 300 486 0.67 0.526402 0.51145
471 0 1 185 285 466 0.649123 0.507641 0.492676
472 0 1 183 269 476 0.680297 0.511413 0.491275
473 0 1 172 266 467 0.646617 0.488011 0.469304
474 0 1 169 272 428 0.621324 0.495314 0.482857
475 0 1 145 275 426 0.527273 0.42364 0.413695
476 0 1 177 270 438 0.655556 0.5147 0.5
477 0 1 166 259 422 0.640927 0.502114 0.487518
478 0 1 147 256 424 0.574219 0.446184 0.432353
479 0 1 146 260 410 0.561538 0.447172 0.435821
480 0 1 141 249 405 0.566265 0.444009 0.431193
481 0 1 147 263 434 0.558935 0.435106 0.421808
482 0 1 149 278 388 0.535971 0.453678 0.447447
483 0 1 115 234 362 0.491453 0.395126 0.385906
484 0 1 118 255 409 0.462745 0.365385 0.355422
485 0 1 122 253 424 0.482213 0.372492 0.360414
486 0 1 101 241 384 0.419087 0.332007 0.3232
487 0 1 100 257 369 0.389105 0.324728 0.319489
488 0 1 97 242 351 0.400826 0.332821 0.32715
489 0 1 122 244 359 0.5 0.412209 0.404643
490 0 1 113 247 377 0.45749 0.370305 0.362179
491 0 1 107 249 407 0.429719 0.336114 0.326219
492 0 1 108 269 405 0.401487 0.327205 0.320475
493 0 1 122 270 424 0.451852 0.360575 0.351585
494 0 1 149 269 437 0.553903 0.43458 0.422096
495 0 1 134 265 449 0.50566 0.388471 0.37535
496 0 1 146 272 459 0.536765 0.413202 0.399453
497 0 1 139 262 459 0.530534 0.400828 0.385576
498 0 1 145 277 413 0.523466 0.4287 0.42029
499 0 1 171 325 486 0.526154 0.430265 0.421702
500 0 1 190 333 500 0.570571 0.465636 0.456182
501 0 1 181 321 449 0.563863 0.476763 0.47013
502 0 1 212 330 513 0.642424 0.515253 0.502966
503 0 1 194 336 513 0.577381 0.467276 0.457008
504 0 1 165 320 461 0.515625 0.429594 0.422535
505 0 1 222 317 519 0.700315 0.547318 0.5311
506 0 1 237 331 526 0.716012 0.567991 0.553092
507 0 1 206 306 533 0.673203 0.510085 0.491061
508 0 1 210 309 543 0.679612 0.512673 0.492958
509 0 1 209 303 507 0.689769 0.533238 0.516049
510 0 1 242 329 521 0.735562 0.584519 0.569412
511 0 1 241 308 545 0.782468 0.588225 0.565064
512 0 1 241 313 536 0.769968 0.588386 0.567727
513 0 1 252 312 524 0.807692 0.623243 0.602871
514 0 1 209 284 512 0.735915 0.54809 0.525126
515 0 1 221 297 491 0.744108 0.578726 0.560914
516 0 1 224 279 483 0.802867 0.6102 0.587927
517 0 1 245 288 477 0.850694 0.661014 0.640523
518 0 1 230 293 453 0.784983 0.631313 0.616622
519 0 1 228 305 476 0.747541 0.598386 0.583867
520 0 1 190 281 460 0.676157 0.528471 0.512821
521 0 1 203 283 474 0.717314 0.55426 0.536328
522 0 1 141 265 429 0.532075 0.418184 0.40634
523 0 1 175 290 475 0.603448 0.471511 0.457516
524 0 1 168 283 409 0.59364 0.493804 0.485549
525 0 1 143 251 355 0.569721 0.479055 0.471947
526 0 1 114 244 384 0.467213 0.37243 0.363057
527 0 1 155 244 414 0.635246 0.487682 0.471125
528 0 1 151 254 396 0.594488 0.476116 0.464615
529 0 1 147 253 375 0.581028 0.477245 0.468153
530 0 1 130 273 412 0.47619 0.387626 0.379562
531 0 1 139 272 359 0.511029 0.444819 0.440571
532 0 1 104 268 364 0.38806 0.332978 0.329114
533 0 1 109 288 406 0.378472 0.318763 0.314121
534 0 1 130 250 404 0.52 0.409056 0.397554
535 0 1 71 252 323 0.281746 0.248861 0.246957
536 0 1 89 235 354 0.378723 0.308571 0.302207
537 0 1 104 271 364 0.383764 0.33113 0.327559
538 0 1 109 256 363 0.425781 0.357564 0.352181
539 0 1 102 260 397 0.392308 0.317481 0.310502
540 0 1 126 270 412 0.466667 0.377781 0.369501
541 0 1 119 288 403 0.413194 0.3493 0.344428
542 0 1 124 281 437 0.441281 0.353857 0.345404
543 0 1 136 283 441 0.480565 0.38497 0.375691
544 0 1 151 288 449 0.524306 0.419911 0.409769
545 0 1 175 329 506 0.531915 0.428909 0.419162
546 0 1 154 319 481 0.482759 0.393145 0.385
547 0 1 105 303 389 0.346535 0.305839 0.303468
548 0 1 182 330 523 0.551515 0.43809 0.426729
549 0 1 174 310 466 0.56129 0.4578 0.448454
550 0 1 170 324 464 0.524691 0.438447 0.431472
551 0 1 166 334 494 0.497006 0.408669 0.400966
552 0 1 191 347 528 0.550432 0.446223 0.436571
553 0 1 173 316 472 0.547468 0.447952 0.439086
554 0 1 206 342 521 0.602339 0.488017 0.477404
555 0 1 212 335 517 0.632836 0.509411 0.497653
556 0 1 233 331 531 0.703928 0.555769 0.540603
557 0 1 198 309 524 0.640777 0.492063 0.47539
558 0 1 196 314 521 0.624204 0.484588 0.469461
559 0 1 201 306 509 0.656863 0.509303 0.493252
560 0 1 222 325 489 0.683077 0.556874 0.545455
561 0 1 223 324 521 0.688272 0.542767 0.527811
562 0 1 234 339 526 0.690265 0.554145 0.54104
563 0 1 235 337 536 0.697329 0.55293 0.538373
564 0 1 264 331 543 0.797583 0.622716 0.604119
565 0 1 229 322 526 0.71118 0.556435 0.540094
566 0 1 221 328 504 0.673781 0.543551 0.53125
567 0 1 204 313 502 0.651757 0.514643 0.500614
568 0 1 219 323 524 0.678019 0.532325 0.517119
569 0 1 197 306 498 0.643791 0.504651 0.49005
570 0 1 209 322 532 0.649068 0.504966 0.489461
571 0 1 189 313 506 0.603834 0.474913 0.461538
572 0 1 209 303 497 0.689769 0.538576 0.5225
573 0 1 182 297 462 0.612795 0.491329 0.479578
574 0 1 190 311 472 0.610932 0.495909 0.485313
575 0 1 188 309 470 0.608414 0.493321 0.48267
576 0 1 165 308 456 0.535714 0.440277 0.431937
577 0 1 166 285 451 0.582456 0.463017 0.451087
578 0 1 162 304 472 0.532895 0.427668 0.417526
579 0 1 166 294 453 0.564626 0.454868 0.444444
580 0 1 154 277 430 0.555957 0.446218 0.435644
581 0 1 143 265 399 0.539623 0.439771 0.430723
582 0 1 153 292 468 0.523973 0.413882 0.402632
583 0 1 147 278 464 0.528777 0.409295 0.396226
584 0 1 123 266 454 0.462406 0.353945 0.341667
585 0 1 154 265 441 0.581132 0.450483 0.436261
586 0 1 141 254 420 0.555118 0.431696 0.418398
587 0 1 138 255 403 0.541176 0.430483 0.419453
588 0 1 157 284 461 0.552817 0.4339 0.421477
589 0 1 161 263 455 0.612167 0.465417 0.448468
590 0 1 151 251 418 0.601594 0.466178 0.45142
591 0 1 164 249 440 0.658635 0.495471 0.476052
592 0 1 151 243 412 0.621399 0.477227 0.461069
593 0 1 160 248 414 0.645161 0.499337 0.483384
594 0 1 164 257 419 0.638132 0.49977 0.485207
595 0 1 160 264 427 0.606061 0.476545 0.463097
596 0 1 163 268 418 0.608209 0.487004 0.475219
597 0 1 192 272 425 0.705882 0.564706 0.550933
598 0 1 192 260 450 0.738462 0.561317 0.540845
599 0 1 188 270 457 0.696296 0.535202 0.517194
600 0 1 187 263 444 0.711027 0.547233 0.528996
601 0 1 144 248 356 0.580645 0.484632 0.476821
602 0 1 208 308 504 0.675325 0.527926 0.512315
603 0 1 154 279 447 0.551971 0.436079 0.424242
604 0 1 124 250 386 0.496 0.39917 0.389937
605 0 1 165 290 446 0.568965 0.458794 0.44837
606 0 1 162 293 466 0.552901 0.438418 0.426877
607 0 1 198 305 484 0.64918 0.515339 0.501901
608 0 1 159 296 449 0.537162 0.436142 0.426846
609 0 1 176 280 485 0.628571 0.477598 0.460131
610 0 1 218 289 512 0.754325 0.566725 0.54432
611 0 1 239 311 502 0.768489 0.604875 0.587946
612 0 1 216 314 503 0.687898 0.543507 0.528764
613 0 1 240 300 518 0.8 0.608816 0.586797
614 0 1 228 304 509 0.75 0.579614 0.560886
615 0 1 219 307 513 0.713355 0.551844 0.534146
616 0 1 206 313 528 0.658147 0.506732 0.489893
617 0 1 214 307 511 0.697068 0.540299 0.523227
618 0 1 196 283 465 0.69258 0.540302 0.524064
619 0 1 209 303 496 0.689769 0.539118 0.523154
620 0 1 209 312 513 0.669872 0.522409 0.506667
621 0 1 184 304 478 0.605263 0.482689 0.470588
622 0 1 216 310 536 0.696774 0.529896 0.510638
623 0 1 212 314 522 0.675159 0.523644 0.507177
624 0 1 241 346 577 0.696532 0.539375 0.52221
625 0 1 232 341 535 0.680352 0.543168 0.52968
626 0 1 226 338 516 0.668639 0.541159 0.529274
627 0 1 217 320 541 0.678125 0.521538 0.504065
628 0 1 198 328 514 0.603659 0.482222 0.470309
629 0 1 242 342 526 0.707602 0.570571 0.557604
630 0 1 182 331 498 0.549849 0.448273 0.439083
631 0 1 178 306 455 0.581699 0.477039 0.467806
632 0 1 127 261 366 0.48659 0.410906 0.405104
633 0 1 151 321 409 0.470405 0.416738 0.413699
634 0 1 146 314 436 0.464968 0.394589 0.389333
635 0 1 124 301 425 0.41196 0.346692 0.341598
636 0 1 124 274 388 0.452555 0.380304 0.374622
637 0 1 156 264 413 0.590909 0.472441 0.460857
638 0 1 144 290 404 0.496552 0.4207 0.414986
639 0 1 140 278 372 0.503597 0.435346 0.430769
640 0 1 125 247 395 0.506073 0.400187 0.389408
641 0 1 138 239 345 0.577406 0.480585 0.472603
642 0 1 144 255 386 0.564706 0.458985 0.449298
643 0 1 128 245 377 0.522449 0.421169 0.411576
644 0 1 94 238 323 0.394958 0.33903 0.335116
645 0 1 101 201 320 0.502488 0.398243 0.387716
646 0 1 82 231 354 0.354978 0.286752 0.280342
647 0 1 73 186 318 0.392473 0.30016 0.289683
648 0 1 71 173 332 0.410405 0.296255 0.281188
649 0 1 75 180 327 0.416667 0.309137 0.295858
650 0 1 75 196 351 0.382653 0.285943 0.274223
651 0 1 96 196 362 0.489796 0.360403 0.344086
652 0 1 103 215 356 0.47907 0.3723 0.360771
653 0 1 91 223 365 0.408072 0.318965 0.309524
654 0 1 105 225 385 0.466667 0.356753 0.344262
655 0 1 101 235 345 0.429787 0.354714 0.348276
656 0 1 136 259 441 0.525097 0.402411 0.388571
657 0 1 158 262 461 0.603053 0.454628 0.437068
658 0 1 125 253 357 0.494071 0.415926 0.409836
659 0 1 170 279 445 0.609319 0.482466 0.469613
660 0 1 160 263 441 0.608365 0.469811 0.454545
661 0 1 116 295 420 0.39322 0.329551 0.324476
662 0 1 161 315 494 0.511111 0.408138 0.398022
663 0 1 195 325 488 0.6 0.489647 0.479705
664 0 1 150 314 438 0.477707 0.404473 0.398936
665 0 1 170 315 474 0.539683 0.439951 0.430925
666 0 1 179 300 437 0.596667 0.49437 0.485753
667 0 1 155 305 449 0.508197 0.41885 0.411141
668 0 1 164 298 447 0.550336 0.449347 0.440268
669 0 1 157 294 426 0.534014 0.44363 0.436111
670 0 1 174 293 470 0.593857 0.468885 0.456094
671 0 1 197 304 479 0.648026 0.516252 0.503193
672 0 1 195 308 461 0.633117 0.517498 0.507152
673 0 1 169 279 428 0.605735 0.489061 0.478076
674 0 1 222 303 482 0.732673 0.580909 0.565605
675 0 1 195 294 450 0.663265 0.536111 0.524194
676 0 1 188 288 459 0.652778 0.517077 0.503347
677 0 1 185 289 468 0.640138 0.503037 0.488771
678 0 1 226 319 476 0.708464 0.579975 0.568553
679 0 1 215 303 483 0.709571 0.562009 0.547074
680 0 1 221 305 511 0.72459 0.559799 0.541667
681 0 1 213 303 495 0.70297 0.549991 0.533835
682 0 1 242 309 500 0.783172 0.615674 0.598269
683 0 1 202 277 448 0.729242 0.57342 0.557241
684 0 1 166 297 458 0.558923 0.450088 0.439735
685 0 1 201 294 453 0.683673 0.550774 0.538153
686 0 1 200 295 474 0.677966 0.534847 0.520156
687 0 1 190 293 469 0.648464 0.512547 0.498688
688 0 1 183 284 470 0.644366 0.500891 0.485411
689 0 1 208 298 456 0.697987 0.564252 0.551724
690 0 1 192 284 436 0.676056 0.545631 0.533333
691 0 1 165 304 463 0.542763 0.439801 0.430248
692 0 1 168 287 453 0.585366 0.465928 0.454054
693 0 1 184 276 458 0.666667 0.517524 0.501362
694 0 1 169 281 456 0.601424 0.472119 0.458616
695 0 1 170 284 442 0.598592 0.47982 0.46832
696 0 1 159 269 417 0.591078 0.474737 0.463557
697 0 1 158 290 429 0.544828 0.44795 0.439499
698 0 1 160 269 455 0.594796 0.457339 0.441989
699 0 1 170 258 410 0.658915 0.522694 0.508982
700 0 1 147 273 394 0.538462 0.448217 0.44078
701 0 1 144 262 405 0.549618 0.442063 0.431784
702 0 1 167 269 402 0.620818 0.507841 0.497765
703 0 1 147 262 397 0.561069 0.455797 0.446131
704 0 1 122 257 373 0.474708 0.394039 0.387302
705 0 1 131 275 416 0.476364 0.38731 0.379161
706 0 1 150 269 443 0.557621 0.434523 0.421348
707 0 1 148 254 427 0.582677 0.449398 0.434655
708 0 1 162 258 443 0.627907 0.479185 0.462197
709 0 1 170 269 438 0.63197 0.495263 0.480905
710 0 1 200 281 451 0.711744 0.561809 0.546448
711 0 1 182 289 434 0.629758 0.513899 0.503458
712 0 1 157 268 410 0.585821 0.473631 0.463127
713 0 1 163 261 442 0.624521 0.479906 0.463727
714 0 1 175 271 428 0.645756 0.513844 0.500715
715 0 1 192 291 454 0.659794 0.528235 0.515436
716 0 1 204 289 424 0.705882 0.582772 0.57223
717 0 1 156 263 411 0.593156 0.474489 0.462908
718 0 1 194 316 494 0.613924 0.491015 0.479012
719 0 1 156 291 443 0.536082 0.434486 0.425068
720 0 1 156 289 441 0.539792 0.436975 0.427397
721 0 1 189 311 484 0.607717 0.487146 0.475472
722 0 1 170 296 443 0.574324 0.469463 0.460081
723 0 1 172 291 426 0.591065 0.488514 0.479777
724 0 1 157 268 407 0.585821 0.475374 0.465185
725 0 1 179 316 459 0.566456 0.470006 0.461935
726 0 1 196 319 483 0.61442 0.499329 0.488778
727 0 1 163 296 446 0.550676 0.448616 0.439353
728 0 1 223 299 487 0.745819 0.584393 0.56743
729 0 1 203 319 460 0.636364 0.529934 0.521181
730 0 1 164 302 418 0.543046 0.461586 0.455556
731 0 1 173 305 434 0.567213 0.475501 0.4682
732 0 1 160 310 441 0.516129 0.432733 0.426099
733 0 1 146 305 427 0.478689 0.404566 0.398907
734 0 1 172 281 437 0.6121 0.490834 0.479109
735 0 1 153 305 456 0.501639 0.41026 0.402103
736 0 1 178 295 482 0.60339 0.472047 0.458172
737 0 1 141 275 407 0.512727 0.421459 0.41349
738 0 1 150 290 436 0.517241 0.421841 0.413223
739 0 1 160 284 436 0.56338 0.454692 0.444444
740 0 1 167 276 423 0.605072 0.488756 0.477825
741 0 1 164 308 467 0.532468 0.432424 0.423226
742 0 1 155 295 444 0.525424 0.428281 0.419486
743 0 1 177 296 465 0.597973 0.477091 0.465177
744 0 1 152 294 439 0.517007 0.423095 0.414734
745 0 1 174 296 444 0.587838 0.479968 0.47027
746 0 1 187 296 443 0.631757 0.516409 0.506089
747 0 1 164 294 442 0.557823 0.454945 0.445652
748 0 1 197 307 478 0.641694 0.51426 0.501911
749 0 1 184 307 474 0.599349 0.482347 0.471191
750 0 1 181 297 474 0.609428 0.482404 0.46952
751 0 1 206 294 452 0.70068 0.565099 0.552279
752 0 1 182 289 469 0.629758 0.494352 0.480211
753 0 1 174 299 438 0.58194 0.480813 0.472185
754 0 1 204 300 437 0.68 0.563416 0.553596
755 0 1 222 293 490 0.757679 0.585897 0.56705
756 0 1 192 296 457 0.648649 0.522032 0.50996
757 0 1 211 311 446 0.678457 0.566546 0.557464
758 0 1 208 309 458 0.673139 0.552906 0.542373
759 0 1 203 308 453 0.659091 0.543465 0.533509
760 0 1 206 312 458 0.660256 0.544951 0.535065
761 0 1 210 301 441 0.697674 0.57639 0.566038
762 0 1 207 305 461 0.678689 0.552039 0.54047
763 0 1 205 313 444 0.654952 0.549908 0.541612
764 0 1 235 313 460 0.750799 0.619322 0.608021
765 0 1 237 327 448 0.724771 0.619206 0.611613
766 0 1 204 315 450 0.647619 0.541837 0.533333
767 0 1 225 300 476 0.75 0.595413 0.579897
768 0 1 230 305 467 0.754098 0.609424 0.595855
769 0 1 197 298 458 0.661074 0.533243 0.521164
770 0 1 220 299 463 0.735786 0.591285 0.577428
771 0 1 216 303 458 0.712871 0.579829 0.567674
772 0 1 197 301 440 0.654485 0.541323 0.531714
773 0 1 211 292 458 0.722603 0.576977 0.562667
774 0 1 188 298 452 0.630872 0.512248 0.501333
775 0 1 212 301 467 0.704319 0.56545 0.552083
776 0 1 204 288 440 0.708333 0.57307 0.56044
777 0 1 213 303 446 0.70297 0.579417 0.568758
778 0 1 192 298 449 0.644295 0.524892 0.514056
779 0 1 202 309 453 0.653722 0.539912 0.530184
780 0 1 215 293 462 0.733788 0.584364 0.569536
781 0 1 212 304 447 0.697368 0.575103 0.564581
782 0 1 203 296 451 0.685811 0.5556 0.543507
783 0 1 220 302 444 0.728477 0.600797 0.589812
784 0 1 218 295 430 0.738983 0.612084 0.601379
785 0 1 262 331 480 0.791541 0.657305 0.646116
786 0 1 187 328 477 0.570122 0.472765 0.464596
787 0 1 211 320 489 0.659375 0.5334 0.521632
788 0 1 206 320 479 0.64375 0.526168 0.515645
789 0 1 231 324 484 0.712963 0.583333 0.571782
790 0 1 219 318 488 0.688679 0.555931 0.543424
791 0 1 215 331 467 0.649547 0.546847 0.538847
792 0 1 227 329 472 0.68997 0.576046 0.566792
793 0 1 214 328 473 0.652439 0.543308 0.534332
794 0 1 233 334 475 0.697605 0.584973 0.57602
795 0 1 202 323 471 0.625387 0.517893 0.508816
796 0 1 218 327 465 0.666667 0.559057 0.550505
797 0 1 238 344 484 0.69186 0.583277 0.574879

# ---------- Global Summary ----------
# CorrFrames: 782
avg_CorrEdges: 143.967
avg_match_A: 264.752
avg_match_B: 405.448
global_RI_MNR: 0.54378
global_RI_GNR: 0.439415
global_RI_DICE: 0.429624

# ---------- Per-Channel Summary ----------
chA: 0 chB: 1 | avgC: 143.967 avgA: 264.752 avgB: 405.448 MNR: 0.522661 GNR: 0.421894 DICE: 0.412044
