#frame chA chB nCorr nA nB MNR GNR DICE
16 0 1 0 117 233 0 0 0
17 0 1 0 134 218 0 0 0
18 0 1 0 124 195 0 0 0
19 0 1 0 142 238 0 0 0
20 0 1 9 163 258 0.0552147 0.0438873 0.0427553
21 0 1 14 147 265 0.0952381 0.0709327 0.0679612
22 0 1 18 199 305 0.0904523 0.0730628 0.0714286
23 0 1 17 194 302 0.0876289 0.0702335 0.0685484
24 0 1 22 193 284 0.11399 0.0939691 0.0922432
25 0 1 31 189 310 0.164021 0.128071 0.124248
26 0 1 45 187 298 0.240642 0.190627 0.185567
27 0 1 52 184 294 0.282609 0.223574 0.217573
28 0 1 54 176 277 0.306818 0.244567 0.238411
29 0 1 56 172 262 0.325581 0.263799 0.258065
30 0 1 58 162 244 0.358025 0.291726 0.285714
31 0 1 58 226 319 0.256637 0.216012 0.212844
32 0 1 63 203 317 0.310345 0.248349 0.242308
33 0 1 60 191 232 0.314136 0.28503 0.283688
34 0 1 53 207 321 0.256039 0.205607 0.200758
35 0 1 63 218 350 0.288991 0.228075 0.221831
36 0 1 68 218 332 0.311927 0.252762 0.247273
37 0 1 74 226 345 0.327434 0.265013 0.259194
38 0 1 106 217 345 0.488479 0.387406 0.377224
39 0 1 102 211 370 0.483412 0.365055 0.351119
40 0 1 105 221 368 0.475113 0.368188 0.356537
41 0 1 94 213 344 0.441315 0.347263 0.337522
42 0 1 107 232 366 0.461207 0.367197 0.35786
43 0 1 103 223 350 0.461883 0.368681 0.359511
44 0 1 126 221 359 0.570136 0.447329 0.434483
45 0 1 135 237 403 0.56962 0.436825 0.421875
46 0 1 170 255 423 0.666667 0.517617 0.501475
47 0 1 130 252 407 0.515873 0.405925 0.394537
48 0 1 144 248 417 0.580645 0.447784 0.433083
49 0 1 138 243 399 0.567901 0.44319 0.429907
50 0 1 124 238 354 0.521008 0.4272 0.418919
51 0 1 152 237 367 0.64135 0.51539 0.503311
52 0 1 150 233 378 0.643777 0.505437 0.490998
53 0 1 157 247 411 0.635628 0.492754 0.477204
54 0 1 174 238 381 0.731092 0.577828 0.562197
55 0 1 145 228 348 0.635965 0.514767 0.503472
56 0 1 138 236 338 0.584746 0.488613 0.480836
57 0 1 151 227 346 0.665198 0.538798 0.527051
58 0 1 105 201 324 0.522388 0.411452 0.4
59 0 1 143 276 411 0.518116 0.424581 0.416303
60 0 1 143 271 440 0.527675 0.414119 0.40225
61 0 1 145 262 396 0.553435 0.450163 0.440729
62 0 1 129 241 414 0.53527 0.408396 0.393893
63 0 1 132 249 407 0.53012 0.414646 0.402439
64 0 1 122 237 394 0.514768 0.399243 0.386688
65 0 1 126 243 386 0.518519 0.411409 0.400636
66 0 1 131 246 390 0.53252 0.422933 0.41195
67 0 1 140 239 372 0.585774 0.469524 0.458265
68 0 1 129 222 357 0.581081 0.458225 0.445596
69 0 1 137 218 342 0.62844 0.501741 0.489286
70 0 1 119 209 302 0.569378 0.473664 0.465753
71 0 1 106 244 400 0.434426 0.339298 0.329193
72 0 1 98 221 350 0.443439 0.352368 0.343257
73 0 1 48 174 218 0.275862 0.246455 0.244898
74 0 1 51 194 276 0.262887 0.220402 0.217021
75 0 1 58 186 222 0.311828 0.285427 0.284314
76 0 1 49 179 239 0.273743 0.236903 0.23445
77 0 1 51 179 241 0.284916 0.245547 0.242857
78 0 1 54 168 232 0.321429 0.273524 0.27
79 0 1 62 160 214 0.3875 0.335062 0.331551
80 0 1 63 160 239 0.39375 0.322167 0.315789
81 0 1 64 150 238 0.426667 0.338724 0.329897
82 0 1 67 155 230 0.432258 0.35485 0.348052
83 0 1 59 169 262 0.349112 0.280387 0.273782
84 0 1 73 171 275 0.426901 0.336634 0.327354
85 0 1 87 182 257 0.478022 0.402269 0.396355
86 0 1 63 188 250 0.335106 0.290597 0.287671
87 0 1 80 175 277 0.457143 0.363355 0.353982
88 0 1 106 200 300 0.53 0.432743 0.424
89 0 1 81 174 243 0.465517 0.393919 0.388489
90 0 1 72 169 223 0.426035 0.370883 0.367347
91 0 1 104 257 370 0.404669 0.337261 0.331738
92 0 1 108 249 377 0.433735 0.352495 0.345048
93 0 1 90 254 348 0.354331 0.302716 0.299003
94 0 1 116 266 404 0.43609 0.353856 0.346269
95 0 1 132 277 446 0.476534 0.375549 0.365145
96 0 1 151 312 476 0.483974 0.391829 0.383249
97 0 1 151 308 501 0.49026 0.384399 0.3733
98 0 1 166 326 521 0.509202 0.402792 0.391972
99 0 1 166 321 536 0.517134 0.400196 0.387398
100 0 1 183 309 505 0.592233 0.463261 0.449631
101 0 1 191 324 499 0.589506 0.475019 0.464156
102 0 1 190 313 502 0.607029 0.479324 0.466258
103 0 1 183 312 482 0.586538 0.4719 0.460957
104 0 1 193 328 482 0.588415 0.485397 0.476543
105 0 1 178 306 473 0.581699 0.467874 0.456996
106 0 1 157 289 445 0.543253 0.437795 0.427793
107 0 1 177 292 427 0.606164 0.501266 0.49235
108 0 1 137 294 434 0.465986 0.383532 0.376374
109 0 1 163 288 463 0.565972 0.446376 0.434088
110 0 1 157 273 423 0.575092 0.462007 0.451149
111 0 1 141 290 431 0.486207 0.398824 0.391123
112 0 1 141 275 456 0.512727 0.398172 0.385773
113 0 1 142 285 448 0.498246 0.397399 0.387449
114 0 1 132 270 416 0.488889 0.393863 0.38484
115 0 1 133 250 402 0.532 0.419535 0.407975
116 0 1 144 282 461 0.510638 0.399381 0.387618
117 0 1 142 275 437 0.516364 0.40962 0.398876
118 0 1 135 263 392 0.513308 0.420449 0.412214
119 0 1 143 254 399 0.562992 0.449193 0.437979
120 0 1 142 266 406 0.533835 0.4321 0.422619
121 0 1 133 236 374 0.563559 0.447672 0.436066
122 0 1 117 263 407 0.444867 0.357611 0.349254
123 0 1 136 265 435 0.513208 0.400563 0.388571
124 0 1 122 261 392 0.467433 0.381414 0.37366
125 0 1 94 226 316 0.415929 0.351747 0.346863
126 0 1 107 251 338 0.426295 0.367357 0.363328
127 0 1 108 249 360 0.433735 0.360722 0.35468
128 0 1 104 254 360 0.409449 0.343926 0.338762
129 0 1 131 272 409 0.481618 0.392758 0.384728
130 0 1 139 282 410 0.492908 0.408788 0.401734
131 0 1 155 288 436 0.538194 0.437414 0.428177
132 0 1 167 289 467 0.577855 0.454579 0.441799
133 0 1 164 285 466 0.575439 0.450017 0.436751
134 0 1 194 288 489 0.673611 0.516953 0.499357
135 0 1 186 279 476 0.666667 0.510396 0.492715
136 0 1 211 286 471 0.737762 0.574896 0.557464
137 0 1 176 278 464 0.633094 0.49004 0.474394
138 0 1 207 311 511 0.665595 0.519254 0.50365
139 0 1 227 308 534 0.737013 0.559732 0.539192
140 0 1 199 298 515 0.667785 0.507974 0.489545
141 0 1 204 311 486 0.655949 0.524725 0.51192
142 0 1 238 345 547 0.689855 0.547865 0.533632
143 0 1 239 341 541 0.70088 0.556445 0.54195
144 0 1 173 313 492 0.552716 0.440851 0.429814
145 0 1 233 353 538 0.660057 0.53466 0.523008
146 0 1 213 350 537 0.608571 0.491313 0.480271
147 0 1 213 320 521 0.665625 0.521658 0.50654
148 0 1 251 321 546 0.781931 0.599549 0.579008
149 0 1 197 312 516 0.63141 0.49098 0.475845
150 0 1 215 333 551 0.645646 0.501927 0.486425
151 0 1 187 306 497 0.611111 0.479516 0.465753
152 0 1 221 330 535 0.669697 0.525967 0.510983
153 0 1 186 314 514 0.592357 0.462985 0.449275
154 0 1 154 274 446 0.562044 0.440533 0.427778
155 0 1 159 278 394 0.571942 0.480426 0.473214
156 0 1 170 318 504 0.534591 0.424639 0.413625
157 0 1 199 313 489 0.635783 0.508659 0.496259
158 0 1 188 307 483 0.612378 0.488219 0.475949
159 0 1 186 321 477 0.579439 0.475337 0.466165
160 0 1 164 299 462 0.548495 0.441253 0.431012
161 0 1 204 299 473 0.682274 0.542455 0.528497
162 0 1 173 313 472 0.552716 0.450094 0.440764
163 0 1 180 323 457 0.557276 0.468504 0.461538
164 0 1 186 307 451 0.605863 0.499868 0.490765
165 0 1 179 293 474 0.610922 0.480319 0.466754
166 0 1 199 308 479 0.646104 0.518096 0.505718
167 0 1 233 326 505 0.714724 0.574251 0.56077
168 0 1 203 311 495 0.652733 0.517384 0.503722
169 0 1 232 325 497 0.713846 0.577256 0.564477
170 0 1 229 324 509 0.70679 0.563903 0.54982
171 0 1 242 329 488 0.735562 0.603959 0.592411
172 0 1 220 314 472 0.700637 0.571461 0.559796
173 0 1 180 293 461 0.614334 0.489766 0.477454
174 0 1 123 273 407 0.450549 0.369 0.361765
175 0 1 131 271 390 0.483395 0.402953 0.396369
176 0 1 80 229 320 0.349345 0.295527 0.291439
177 0 1 90 247 319 0.364372 0.320626 0.318021
178 0 1 103 246 333 0.418699 0.359872 0.355786
179 0 1 91 254 326 0.358268 0.316239 0.313793
180 0 1 109 251 282 0.434263 0.409699 0.409006
181 0 1 89 233 292 0.381974 0.341209 0.339048
182 0 1 66 206 273 0.320388 0.27831 0.275574
183 0 1 69 195 266 0.353846 0.302964 0.299349
184 0 1 91 229 283 0.39738 0.357462 0.355469
185 0 1 67 200 281 0.335 0.282622 0.278586
186 0 1 70 215 312 0.325581 0.270272 0.265655
187 0 1 72 210 287 0.342857 0.29328 0.289738
188 0 1 85 206 303 0.412621 0.340223 0.333988
189 0 1 73 208 283 0.350962 0.300883 0.297352
190 0 1 40 139 159 0.28777 0.269063 0.268456
191 0 1 38 159 210 0.238994 0.207958 0.205962
192 0 1 43 162 196 0.265432 0.241314 0.240223
193 0 1 31 151 160 0.205298 0.19944 0.199357
194 0 1 41 167 184 0.245509 0.233893 0.233618
195 0 1 36 146 158 0.246575 0.237027 0.236842
196 0 1 33 154 154 0.214286 0.214286 0.214286
197 0 1 43 175 202 0.245714 0.228704 0.228117
198 0 1 34 153 200 0.222222 0.194365 0.192635
199 0 1 30 160 170 0.1875 0.181902 0.181818
200 0 1 31 158 202 0.196203 0.173523 0.172222
201 0 1 33 145 211 0.227586 0.188664 0.185393
202 0 1 49 149 201 0.328859 0.283142 0.28
203 0 1 29 137 201 0.211679 0.174759 0.171598
204 0 1 40 151 211 0.264901 0.224094 0.220994
205 0 1 63 180 232 0.35 0.308291 0.305825
206 0 1 55 186 244 0.295699 0.258173 0.255814
207 0 1 62 196 243 0.316327 0.284093 0.28246
208 0 1 70 202 237 0.346535 0.319925 0.318907
209 0 1 54 169 215 0.319527 0.28329 0.28125
210 0 1 82 189 218 0.433862 0.403975 0.402948
211 0 1 54 202 221 0.267327 0.255577 0.255319
212 0 1 71 201 289 0.353234 0.294586 0.289796
213 0 1 49 184 183 0.26776 0.267031 0.26703
214 0 1 39 200 217 0.195 0.187206 0.18705
215 0 1 48 199 200 0.241206 0.240602 0.240602
216 0 1 63 222 260 0.283784 0.262227 0.261411
217 0 1 64 207 256 0.309179 0.278019 0.276458
218 0 1 94 217 327 0.43318 0.352878 0.345588
219 0 1 116 231 354 0.502164 0.405649 0.396581
220 0 1 121 268 377 0.451493 0.380669 0.375194
221 0 1 135 281 435 0.480427 0.386132 0.377095
222 0 1 146 304 451 0.480263 0.394301 0.386755
223 0 1 154 313 441 0.492013 0.414504 0.408488
224 0 1 187 313 456 0.597444 0.494979 0.486346
225 0 1 156 283 438 0.551237 0.443092 0.432732
226 0 1 147 308 473 0.477273 0.385134 0.37644
227 0 1 151 302 482 0.5 0.395776 0.385204
228 0 1 179 319 536 0.561128 0.432888 0.418713
229 0 1 163 311 516 0.524116 0.406895 0.394196
230 0 1 172 310 479 0.554839 0.446354 0.435995
231 0 1 131 300 446 0.436667 0.358132 0.351206
232 0 1 152 303 450 0.50165 0.411639 0.403718
233 0 1 179 297 479 0.602694 0.474577 0.46134
234 0 1 140 309 514 0.453074 0.351291 0.340219
235 0 1 160 288 499 0.555556 0.422059 0.406607
236 0 1 143 291 476 0.491409 0.384225 0.372881
237 0 1 151 297 505 0.508417 0.3899 0.376559
238 0 1 117 280 444 0.417857 0.33183 0.323204
239 0 1 121 267 392 0.453184 0.374013 0.367223
240 0 1 133 300 468 0.443333 0.354951 0.346354
241 0 1 109 290 400 0.375862 0.320035 0.315942
242 0 1 124 281 420 0.441281 0.360947 0.35378
243 0 1 151 299 445 0.505017 0.413963 0.405914
244 0 1 126 285 418 0.442105 0.365056 0.358464
245 0 1 140 285 423 0.491228 0.403214 0.39548
246 0 1 113 283 409 0.399293 0.332142 0.32659
247 0 1 99 250 406 0.396 0.310744 0.301829
248 0 1 95 258 372 0.368217 0.30665 0.301587
249 0 1 84 257 376 0.326848 0.270221 0.265403
250 0 1 91 238 382 0.382353 0.301801 0.293548
251 0 1 104 252 399 0.412698 0.327979 0.319508
252 0 1 96 226 374 0.424779 0.330203 0.32
253 0 1 155 253 377 0.612648 0.501881 0.492063
254 0 1 126 258 382 0.488372 0.401355 0.39375
255 0 1 117 236 398 0.495763 0.381758 0.369085
256 0 1 128 244 416 0.52459 0.401762 0.387879
257 0 1 123 258 373 0.476744 0.396498 0.389857
258 0 1 121 258 369 0.468992 0.392159 0.385965
259 0 1 117 265 377 0.441509 0.370162 0.364486
260 0 1 128 257 392 0.498054 0.403274 0.394453
261 0 1 139 253 382 0.549407 0.447119 0.437795
262 0 1 140 255 402 0.54902 0.437265 0.42618
263 0 1 154 246 393 0.626016 0.495287 0.482003
264 0 1 144 250 389 0.576 0.461761 0.450704
265 0 1 128 242 409 0.528926 0.406856 0.393241
266 0 1 140 246 417 0.569106 0.437112 0.422323
267 0 1 128 254 445 0.503937 0.380727 0.366237
268 0 1 141 255 455 0.552941 0.413946 0.397183
269 0 1 140 263 492 0.532319 0.389195 0.370861
270 0 1 104 227 440 0.45815 0.329074 0.311844
271 0 1 129 257 426 0.501945 0.389869 0.377745
272 0 1 164 272 465 0.602941 0.46114 0.445047
273 0 1 130 254 431 0.511811 0.392905 0.379562
274 0 1 166 289 497 0.574394 0.438007 0.422392
275 0 1 175 306 477 0.571895 0.458056 0.446999
276 0 1 160 290 505 0.551724 0.418095 0.402516
277 0 1 181 297 460 0.609428 0.48969 0.478203
278 0 1 165 291 453 0.56701 0.454452 0.443548
279 0 1 68 205 355 0.331707 0.252068 0.242857
280 0 1 104 268 447 0.38806 0.300478 0.290909
281 0 1 121 252 452 0.480159 0.358522 0.34375
282 0 1 87 253 409 0.343874 0.270456 0.26284
283 0 1 231 298 489 0.775168 0.605131 0.587039
284 0 1 129 251 424 0.513944 0.39543 0.382222
285 0 1 99 241 416 0.410788 0.312666 0.30137
286 0 1 140 258 437 0.542636 0.416944 0.402878
287 0 1 55 170 317 0.323529 0.236924 0.225873
288 0 1 34 151 256 0.225166 0.17293 0.167076
289 0 1 84 222 357 0.378378 0.298379 0.290155
290 0 1 95 265 375 0.358491 0.30136 0.296875
291 0 1 180 292 502 0.616438 0.470142 0.4534
292 0 1 203 318 482 0.638365 0.518512 0.5075
293 0 1 195 300 494 0.65 0.506536 0.491184
294 0 1 98 272 365 0.360294 0.311025 0.307692
295 0 1 67 237 316 0.2827 0.244826 0.242315
296 0 1 70 220 280 0.318182 0.282038 0.28
297 0 1 57 201 236 0.283582 0.26171 0.26087
298 0 1 107 236 344 0.45339 0.375533 0.368966
299 0 1 58 183 221 0.31694 0.288407 0.287129
300 0 1 53 189 213 0.280423 0.264153 0.263682
301 0 1 41 182 205 0.225275 0.212262 0.211886
302 0 1 60 183 199 0.327869 0.314412 0.314136
303 0 1 81 201 260 0.402985 0.354324 0.35141
304 0 1 66 203 287 0.325123 0.273436 0.269388
305 0 1 77 206 282 0.373786 0.319472 0.315574
306 0 1 67 194 255 0.345361 0.301234 0.298441
307 0 1 69 242 297 0.285124 0.257373 0.25603
308 0 1 78 229 293 0.340611 0.301122 0.298851
309 0 1 77 219 265 0.351598 0.319629 0.318182
310 0 1 78 212 272 0.367925 0.32482 0.322314
311 0 1 86 221 256 0.38914 0.361562 0.360587
312 0 1 87 213 252 0.408451 0.375517 0.374194
313 0 1 82 221 261 0.371041 0.341427 0.340249
314 0 1 62 207 231 0.299517 0.283531 0.283105
315 0 1 86 206 276 0.417476 0.36067 0.356846
316 0 1 79 192 265 0.411458 0.35023 0.345733
317 0 1 62 172 228 0.360465 0.313083 0.31
318 0 1 73 208 285 0.350962 0.299826 0.296146
319 0 1 90 184 279 0.48913 0.39722 0.388769
320 0 1 86 192 301 0.447917 0.357738 0.348884
321 0 1 90 209 297 0.430622 0.361236 0.355731
322 0 1 96 194 276 0.494845 0.414874 0.408511
323 0 1 83 186 263 0.446237 0.37527 0.36971
324 0 1 79 222 315 0.355856 0.298741 0.294227
325 0 1 93 213 305 0.43662 0.364874 0.359073
326 0 1 107 216 306 0.49537 0.416194 0.409962
327 0 1 78 204 276 0.382353 0.328719 0.325
328 0 1 85 233 289 0.364807 0.327561 0.325671
329 0 1 109 216 324 0.50463 0.412028 0.403704
330 0 1 103 223 282 0.461883 0.410734 0.407921
331 0 1 73 210 204 0.357843 0.352694 0.352657
332 0 1 90 217 260 0.414747 0.378901 0.377358
333 0 1 69 221 267 0.312217 0.284052 0.282787
334 0 1 32 162 181 0.197531 0.186876 0.186589
335 0 1 53 176 208 0.301136 0.277005 0.276042
336 0 1 70 223 252 0.313901 0.295288 0.294737
337 0 1 78 216 255 0.361111 0.332352 0.33121
338 0 1 85 214 292 0.397196 0.340033 0.335968
339 0 1 100 217 315 0.460829 0.382485 0.37594
340 0 1 104 259 366 0.401544 0.337787 0.3328
341 0 1 108 284 371 0.380282 0.332719 0.329771
342 0 1 153 303 462 0.504951 0.40893 0.4
343 0 1 188 342 567 0.549708 0.426927 0.413641
344 0 1 227 341 583 0.665689 0.509113 0.491342
345 0 1 226 337 591 0.670623 0.506407 0.487069
346 0 1 226 328 555 0.689024 0.529694 0.511891
347 0 1 241 342 553 0.704678 0.554168 0.538547
348 0 1 219 340 535 0.644118 0.513485 0.500571
349 0 1 195 335 497 0.58209 0.477897 0.46875
350 0 1 213 342 569 0.622807 0.482848 0.467618
351 0 1 175 298 493 0.587248 0.456569 0.442478
352 0 1 190 340 509 0.558824 0.456725 0.447585
353 0 1 212 321 503 0.660436 0.527593 0.514563
354 0 1 196 300 466 0.653333 0.524207 0.511749
355 0 1 182 318 467 0.572327 0.47228 0.463694
356 0 1 155 290 393 0.534483 0.459131 0.45388
357 0 1 133 268 385 0.496269 0.414051 0.407351
358 0 1 148 335 456 0.441791 0.378666 0.37421
359 0 1 172 328 488 0.52439 0.429914 0.421569
360 0 1 169 295 451 0.572881 0.463327 0.453083
361 0 1 179 304 458 0.588816 0.479715 0.469816
362 0 1 139 272 429 0.511029 0.406913 0.396576
363 0 1 100 250 369 0.4 0.329243 0.323102
364 0 1 128 258 451 0.496124 0.375242 0.361072
365 0 1 130 262 449 0.496183 0.379026 0.365682
366 0 1 152 268 419 0.567164 0.453596 0.442504
367 0 1 145 259 423 0.559846 0.438074 0.42522
368 0 1 113 224 394 0.504464 0.38037 0.365696
369 0 1 91 238 404 0.382353 0.293469 0.283489
370 0 1 114 243 448 0.469136 0.345512 0.329957
371 0 1 114 231 392 0.493506 0.37884 0.365971
372 0 1 137 254 412 0.53937 0.423502 0.411411
373 0 1 141 252 413 0.559524 0.437063 0.42406
374 0 1 144 261 422 0.551724 0.433896 0.421669
375 0 1 133 253 427 0.525692 0.404648 0.391176
376 0 1 128 228 402 0.561404 0.422795 0.406349
377 0 1 136 263 410 0.51711 0.414161 0.40416
378 0 1 141 267 435 0.52809 0.413732 0.401709
379 0 1 136 267 423 0.509363 0.404681 0.394203
380 0 1 145 260 413 0.557692 0.442493 0.430906
381 0 1 138 256 448 0.539062 0.407493 0.392045
382 0 1 138 258 446 0.534884 0.40682 0.392045
383 0 1 167 259 449 0.644788 0.489715 0.471751
384 0 1 163 248 449 0.657258 0.488471 0.467719
385 0 1 131 238 401 0.55042 0.424044 0.410016
386 0 1 164 274 500 0.59854 0.443081 0.423773
387 0 1 160 266 456 0.601504 0.459406 0.443213
388 0 1 101 238 395 0.42437 0.329408 0.319115
389 0 1 144 253 458 0.56917 0.423028 0.405063
390 0 1 172 269 480 0.639405 0.478665 0.459279
391 0 1 126 266 478 0.473684 0.353359 0.33871
392 0 1 166 279 480 0.594982 0.453613 0.437418
393 0 1 157 270 437 0.581481 0.457064 0.44413
394 0 1 118 216 403 0.546296 0.399947 0.38126
395 0 1 120 253 422 0.474308 0.367252 0.355556
396 0 1 168 280 449 0.6 0.473813 0.460905
397 0 1 203 294 482 0.690476 0.539261 0.523196
398 0 1 195 276 466 0.706522 0.543735 0.525606
399 0 1 183 261 462 0.701149 0.526999 0.506224
400 0 1 90 198 331 0.454545 0.351557 0.340265
401 0 1 56 181 274 0.309392 0.251463 0.246154
402 0 1 122 248 381 0.491935 0.396891 0.387917
403 0 1 129 281 404 0.459075 0.382865 0.376642
404 0 1 125 264 387 0.473485 0.391068 0.384025
405 0 1 215 319 508 0.673981 0.534086 0.519952
406 0 1 147 291 446 0.505155 0.408041 0.398915
407 0 1 82 218 328 0.376147 0.306654 0.300366
408 0 1 88 242 331 0.363636 0.310929 0.307155
409 0 1 56 211 281 0.265403 0.229982 0.227642
410 0 1 57 227 279 0.251101 0.226496 0.225296
411 0 1 132 238 373 0.554622 0.443028 0.432079
412 0 1 85 220 309 0.386364 0.326008 0.321361
413 0 1 69 225 317 0.306667 0.258362 0.254613
414 0 1 69 207 283 0.333333 0.285083 0.281633
415 0 1 52 166 184 0.313253 0.297537 0.297143
416 0 1 39 171 202 0.22807 0.209841 0.209115
417 0 1 61 175 220 0.348571 0.310885 0.308861
418 0 1 46 166 195 0.277108 0.255674 0.254848
419 0 1 66 185 213 0.356757 0.332482 0.331658
420 0 1 61 171 206 0.356725 0.325011 0.323607
421 0 1 57 161 197 0.354037 0.320058 0.318436
422 0 1 46 202 223 0.227723 0.216735 0.216471
423 0 1 45 164 224 0.27439 0.234783 0.231959
424 0 1 44 180 237 0.244444 0.213031 0.211031
425 0 1 51 166 245 0.307229 0.252891 0.248175
426 0 1 68 173 231 0.393064 0.340157 0.336634
427 0 1 56 164 229 0.341463 0.288967 0.284987
428 0 1 67 199 286 0.336683 0.280844 0.276289
429 0 1 83 189 284 0.439153 0.358252 0.350951
430 0 1 71 190 292 0.373684 0.301433 0.294606
431 0 1 84 212 291 0.396226 0.338193 0.333996
432 0 1 82 215 302 0.381395 0.321804 0.317215
433 0 1 53 188 257 0.281915 0.241118 0.238202
434 0 1 48 178 237 0.269663 0.233699 0.231325
435 0 1 59 209 311 0.282297 0.231419 0.226923
436 0 1 53 202 281 0.262376 0.222457 0.219462
437 0 1 46 202 275 0.227723 0.195171 0.192872
438 0 1 87 226 306 0.384956 0.33083 0.327068
439 0 1 62 218 263 0.284404 0.258932 0.257796
440 0 1 27 158 188 0.170886 0.156659 0.156069
441 0 1 49 208 283 0.235577 0.201963 0.199593
442 0 1 44 171 220 0.25731 0.226852 0.225064
443 0 1 40 176 216 0.227273 0.205152 0.204082
444 0 1 59 204 218 0.289216 0.279775 0.279621
445 0 1 64 214 256 0.299065 0.273434 0.27234
446 0 1 55 217 304 0.253456 0.214139 0.211132
447 0 1 65 203 315 0.320197 0.257046 0.250965
448 0 1 73 191 304 0.382199 0.302949 0.29495
449 0 1 99 243 390 0.407407 0.321588 0.312796
450 0 1 148 279 430 0.530466 0.427293 0.417489
451 0 1 181 290 467 0.624138 0.491837 0.478203
452 0 1 218 286 474 0.762238 0.592085 0.573684
453 0 1 174 289 471 0.602076 0.471617 0.457895
454 0 1 176 280 473 0.628571 0.483619 0.467463
455 0 1 166 280 465 0.592857 0.460047 0.445638
456 0 1 177 314 493 0.563694 0.449868 0.438662
457 0 1 216 317 500 0.681388 0.542549 0.528764
458 0 1 212 301 515 0.704319 0.538454 0.519608
459 0 1 215 319 539 0.673981 0.5185 0.501166
460 0 1 207 310 490 0.667742 0.531119 0.5175
461 0 1 215 331 557 0.649547 0.500722 0.484234
462 0 1 222 333 556 0.666667 0.515933 0.499438
463 0 1 239 340 561 0.702941 0.547239 0.530522
464 0 1 226 348 565 0.649425 0.509676 0.495071
465 0 1 231 348 556 0.663793 0.525152 0.511062
466 0 1 221 334 567 0.661677 0.507841 0.490566
467 0 1 218 315 515 0.692064 0.54125 0.525301
468 0 1 220 313 525 0.702875 0.542714 0.52506
469 0 1 217 318 452 0.68239 0.57237 0.563636
470 0 1 195 305 507 0.639344 0.495885 0.480296
471 0 1 188 298 484 0.630872 0.495025 0.480818
472 0 1 204 293 498 0.696246 0.53405 0.515803
473 0 1 171 291 497 0.587629 0.449647 0.43401
474 0 1 187 297 461 0.62963 0.505374 0.493404
475 0 1 178 296 476 0.601351 0.47421 0.46114
476 0 1 199 296 494 0.672297 0.520408 0.503797
477 0 1 185 283 473 0.65371 0.505648 0.489418
478 0 1 151 253 443 0.596838 0.45104 0.433908
479 0 1 160 277 455 0.577617 0.450686 0.437158
480 0 1 152 265 449 0.573585 0.440654 0.42577
481 0 1 154 251 435 0.613546 0.466057 0.44898
482 0 1 157 255 388 0.615686 0.49913 0.488336
483 0 1 124 249 401 0.497992 0.392419 0.381538
484 0 1 115 244 389 0.471311 0.373274 0.363349
485 0 1 129 228 399 0.565789 0.427697 0.411483
486 0 1 117 246 410 0.47561 0.368406 0.356707
487 0 1 107 221 360 0.484163 0.379347 0.36833
488 0 1 107 219 355 0.488584 0.383749 0.372822
489 0 1 126 248 407 0.508065 0.396595 0.384733
490 0 1 108 243 383 0.444444 0.354015 0.345048
491 0 1 131 250 401 0.524 0.413742 0.402458
492 0 1 114 244 382 0.467213 0.373403 0.364217
493 0 1 138 247 388 0.558704 0.445774 0.434646
494 0 1 145 248 407 0.584677 0.456399 0.442748
495 0 1 153 251 436 0.609562 0.4625 0.445415
496 0 1 157 278 435 0.564748 0.451474 0.440393
497 0 1 175 284 431 0.616197 0.500196 0.48951
498 0 1 150 274 403 0.547445 0.451402 0.443131
499 0 1 184 304 466 0.605263 0.488864 0.477922
500 0 1 169 298 465 0.567114 0.453996 0.442988
501 0 1 194 305 431 0.636066 0.535073 0.527174
502 0 1 211 314 495 0.671975 0.535199 0.521632
503 0 1 202 314 497 0.643312 0.511338 0.49815
504 0 1 195 319 486 0.611285 0.495246 0.484472
505 0 1 233 335 549 0.695522 0.54331 0.527149
506 0 1 256 342 562 0.748538 0.583927 0.566372
507 0 1 228 339 543 0.672566 0.531417 0.517007
508 0 1 233 352 562 0.661932 0.523861 0.509847
509 0 1 232 341 556 0.680352 0.532811 0.51728
510 0 1 282 349 588 0.808023 0.622512 0.601921
511 0 1 250 326 573 0.766871 0.578434 0.556174
512 0 1 282 347 577 0.81268 0.630226 0.61039
513 0 1 280 338 562 0.828402 0.642438 0.622222
514 0 1 283 343 586 0.825073 0.631234 0.609257
515 0 1 267 327 568 0.816514 0.619531 0.596648
516 0 1 261 324 572 0.805556 0.606275 0.582589
517 0 1 254 322 551 0.78882 0.603018 0.581901
518 0 1 255 315 552 0.809524 0.611527 0.588235
519 0 1 263 310 529 0.848387 0.649452 0.626937
520 0 1 242 319 507 0.758621 0.60175 0.585956
521 0 1 257 303 532 0.848185 0.640112 0.615569
522 0 1 182 260 426 0.7 0.546865 0.530612
523 0 1 192 290 482 0.662069 0.513545 0.497409
524 0 1 169 292 442 0.578767 0.470418 0.46049
525 0 1 135 245 388 0.55102 0.43786 0.42654
526 0 1 129 241 383 0.53527 0.424602 0.413462
527 0 1 157 269 430 0.583643 0.461625 0.449213
528 0 1 147 278 443 0.528777 0.418883 0.407767
529 0 1 149 263 427 0.56654 0.444626 0.431884
530 0 1 142 268 425 0.529851 0.420752 0.409812
531 0 1 143 256 365 0.558594 0.46781 0.460548
532 0 1 124 266 404 0.466165 0.37826 0.370149
533 0 1 136 250 384 0.544 0.438938 0.429022
534 0 1 139 231 394 0.601732 0.460745 0.4448
535 0 1 87 219 289 0.39726 0.345819 0.34252
536 0 1 109 234 374 0.465812 0.368454 0.358553
537 0 1 133 220 350 0.604545 0.479299 0.466667
538 0 1 112 215 357 0.52093 0.404264 0.391608
539 0 1 120 262 407 0.458015 0.36748 0.358744
540 0 1 136 271 391 0.501845 0.417798 0.410876
541 0 1 129 292 435 0.441781 0.361954 0.354883
542 0 1 133 270 408 0.492593 0.400719 0.39233
543 0 1 137 292 435 0.469178 0.384401 0.376891
544 0 1 158 288 449 0.548611 0.439377 0.428765
545 0 1 176 299 472 0.588629 0.468496 0.45655
546 0 1 175 299 446 0.585284 0.47922 0.469799
547 0 1 117 258 393 0.453488 0.367434 0.359447
548 0 1 169 333 533 0.507508 0.401145 0.3903
549 0 1 147 313 470 0.469649 0.383262 0.375479
550 0 1 167 313 468 0.533546 0.436336 0.427657
551 0 1 175 319 479 0.548589 0.447688 0.438596
552 0 1 220 326 511 0.674847 0.539018 0.525687
553 0 1 180 315 455 0.571429 0.475457 0.467532
554 0 1 217 331 510 0.655589 0.528154 0.516052
555 0 1 236 328 529 0.719512 0.566562 0.550758
556 0 1 239 337 542 0.709199 0.559221 0.5438
557 0 1 206 315 537 0.653968 0.50087 0.483568
558 0 1 236 334 540 0.706587 0.555702 0.540046
559 0 1 235 314 546 0.748408 0.567553 0.546512
560 0 1 236 335 491 0.704478 0.581901 0.571429
561 0 1 241 335 519 0.719403 0.577978 0.564403
562 0 1 259 324 536 0.799383 0.621505 0.602326
563 0 1 248 328 519 0.756098 0.601078 0.585596
564 0 1 262 352 513 0.744318 0.616554 0.60578
565 0 1 256 337 518 0.759644 0.612717 0.59883
566 0 1 216 336 513 0.642857 0.520266 0.508834
567 0 1 220 317 499 0.694006 0.55315 0.539216
568 0 1 234 321 523 0.728972 0.5711 0.554502
569 0 1 217 320 516 0.678125 0.534023 0.519139
570 0 1 217 314 520 0.691083 0.537023 0.520384
571 0 1 209 313 499 0.667732 0.528839 0.514778
572 0 1 227 316 520 0.718354 0.55999 0.543062
573 0 1 201 311 499 0.646302 0.51023 0.496296
574 0 1 208 296 491 0.702703 0.545603 0.52859
575 0 1 200 281 450 0.711744 0.562433 0.547196
576 0 1 174 308 461 0.564935 0.461768 0.452536
577 0 1 181 301 469 0.601329 0.481736 0.47013
578 0 1 176 281 435 0.626335 0.503402 0.49162
579 0 1 163 281 395 0.580071 0.489256 0.482249
580 0 1 158 306 438 0.51634 0.431578 0.424731
581 0 1 137 288 412 0.475694 0.397718 0.391429
582 0 1 162 275 430 0.589091 0.471101 0.459574
583 0 1 151 257 430 0.587549 0.45423 0.439592
584 0 1 130 242 390 0.53719 0.423159 0.411392
585 0 1 170 267 395 0.636704 0.523474 0.513595
586 0 1 147 243 367 0.604938 0.492245 0.481967
587 0 1 143 243 351 0.588477 0.489643 0.481481
588 0 1 130 265 369 0.490566 0.415726 0.410095
589 0 1 120 252 375 0.47619 0.39036 0.382775
590 0 1 121 243 350 0.497942 0.414905 0.408094
591 0 1 138 239 367 0.577406 0.465958 0.455446
592 0 1 118 223 356 0.529148 0.418798 0.407599
593 0 1 132 259 376 0.509652 0.42299 0.415748
594 0 1 147 261 389 0.563218 0.461341 0.452308
595 0 1 140 271 391 0.516605 0.430086 0.422961
596 0 1 156 270 409 0.577778 0.469441 0.459499
597 0 1 160 277 410 0.577617 0.474775 0.465793
598 0 1 169 267 424 0.632959 0.502283 0.489146
599 0 1 169 272 415 0.621324 0.503012 0.491994
600 0 1 159 267 396 0.595506 0.488983 0.479638
601 0 1 117 235 330 0.497872 0.420141 0.414159
602 0 1 182 293 448 0.62116 0.502341 0.491228
603 0 1 153 281 404 0.544484 0.454096 0.446715
604 0 1 126 250 350 0.504 0.425958 0.42
605 0 1 173 290 416 0.596552 0.498082 0.490085
606 0 1 184 284 427 0.647887 0.528378 0.517581
607 0 1 211 301 445 0.700997 0.576526 0.565684
608 0 1 139 271 424 0.512915 0.41006 0.4
609 0 1 183 279 449 0.655914 0.517042 0.502747
610 0 1 209 280 470 0.746429 0.576127 0.557333
611 0 1 224 295 484 0.759322 0.592808 0.575096
612 0 1 215 313 501 0.686901 0.542934 0.528256
613 0 1 241 305 503 0.790164 0.615295 0.596535
614 0 1 237 323 524 0.733746 0.576078 0.559622
615 0 1 229 328 510 0.698171 0.559904 0.546539
616 0 1 222 317 510 0.700315 0.552126 0.53688
617 0 1 228 310 505 0.735484 0.576247 0.559509
618 0 1 208 272 450 0.764706 0.594528 0.576177
619 0 1 208 333 502 0.624625 0.508732 0.498204
620 0 1 208 291 477 0.714777 0.558287 0.541667
621 0 1 191 302 460 0.63245 0.512449 0.501312
622 0 1 217 310 503 0.7 0.549534 0.533825
623 0 1 228 300 503 0.76 0.586935 0.56787
624 0 1 244 314 481 0.77707 0.627845 0.613836
625 0 1 231 302 485 0.764901 0.603584 0.587039
626 0 1 213 292 471 0.729452 0.574351 0.558322
627 0 1 215 307 478 0.700326 0.561249 0.547771
628 0 1 199 288 462 0.690972 0.545552 0.530667
629 0 1 229 291 464 0.786942 0.623204 0.606623
630 0 1 175 288 428 0.607639 0.498448 0.488827
631 0 1 148 294 447 0.503401 0.408258 0.39946
632 0 1 113 255 371 0.443137 0.367385 0.361022
633 0 1 132 284 392 0.464789 0.395614 0.390533
634 0 1 136 266 400 0.511278 0.416935 0.408408
635 0 1 125 295 464 0.423729 0.337863 0.329381
636 0 1 105 300 414 0.35 0.29794 0.294118
637 0 1 147 293 426 0.501706 0.416082 0.408901
638 0 1 127 278 391 0.456835 0.385206 0.379671
639 0 1 113 276 380 0.40942 0.348925 0.344512
640 0 1 136 265 407 0.513208 0.414113 0.404762
641 0 1 136 254 384 0.535433 0.435468 0.426332
642 0 1 131 230 394 0.569565 0.43517 0.419872
643 0 1 122 239 378 0.51046 0.405896 0.395462
644 0 1 115 258 412 0.445736 0.352728 0.343284
645 0 1 95 243 370 0.390947 0.316825 0.309951
646 0 1 80 224 359 0.357143 0.28211 0.274443
647 0 1 89 193 350 0.46114 0.342434 0.327808
648 0 1 78 217 385 0.359447 0.269857 0.259136
649 0 1 95 225 393 0.422222 0.319474 0.307443
650 0 1 101 222 379 0.454955 0.348197 0.336106
651 0 1 116 212 402 0.54717 0.397354 0.37785
652 0 1 122 229 395 0.532751 0.405643 0.391026
653 0 1 122 250 386 0.488 0.392732 0.383648
654 0 1 124 231 405 0.536797 0.405404 0.389937
655 0 1 110 242 390 0.454545 0.358057 0.348101
656 0 1 148 239 446 0.619247 0.45331 0.432117
657 0 1 148 259 504 0.571429 0.409635 0.387942
658 0 1 125 245 387 0.510204 0.405949 0.39557
659 0 1 180 281 505 0.640569 0.47783 0.458015
660 0 1 159 273 488 0.582418 0.435618 0.417871
661 0 1 131 269 410 0.486989 0.39446 0.385862
662 0 1 181 317 511 0.570978 0.449716 0.437198
663 0 1 184 322 483 0.571429 0.466569 0.457143
664 0 1 162 313 458 0.517572 0.427868 0.420233
665 0 1 185 314 469 0.589172 0.482082 0.472542
666 0 1 185 308 449 0.600649 0.497477 0.488771
667 0 1 164 318 432 0.515723 0.442475 0.437333
668 0 1 170 310 438 0.548387 0.461351 0.454545
669 0 1 162 320 456 0.50625 0.42409 0.417526
670 0 1 157 300 475 0.523333 0.415903 0.405161
671 0 1 186 331 471 0.561934 0.471073 0.46384
672 0 1 197 327 467 0.602446 0.50412 0.496222
673 0 1 182 299 454 0.608696 0.493978 0.4834
674 0 1 214 332 493 0.644578 0.528958 0.518788
675 0 1 189 297 476 0.636364 0.502667 0.489004
676 0 1 204 298 487 0.684564 0.535498 0.519745
677 0 1 213 311 468 0.684887 0.558311 0.546855
678 0 1 225 318 512 0.707547 0.557614 0.542169
679 0 1 242 318 513 0.761006 0.59916 0.582431
680 0 1 234 319 519 0.733542 0.575091 0.558473
681 0 1 192 308 488 0.623377 0.49524 0.482412
682 0 1 218 301 486 0.724252 0.569974 0.554003
683 0 1 190 324 453 0.58642 0.495943 0.48906
684 0 1 163 296 432 0.550676 0.455827 0.447802
685 0 1 170 276 424 0.615942 0.496949 0.485714
686 0 1 196 279 440 0.702509 0.559407 0.545202
687 0 1 178 306 455 0.581699 0.477039 0.467806
688 0 1 156 291 446 0.536082 0.433023 0.423338
689 0 1 181 318 451 0.569182 0.477944 0.470741
690 0 1 181 293 434 0.617747 0.507575 0.497937
691 0 1 168 314 464 0.535032 0.440135 0.431877
692 0 1 155 288 432 0.538194 0.439434 0.430556
693 0 1 170 263 431 0.646388 0.504931 0.489914
694 0 1 153 264 416 0.579545 0.461682 0.45
695 0 1 156 289 454 0.539792 0.430673 0.419919
696 0 1 139 279 400 0.498208 0.416086 0.409426
697 0 1 140 271 380 0.516605 0.436266 0.430108
698 0 1 145 291 453 0.498282 0.399367 0.389785
699 0 1 153 282 433 0.542553 0.437848 0.427972
700 0 1 128 280 424 0.457143 0.371491 0.363636
701 0 1 136 267 422 0.509363 0.40516 0.394775
702 0 1 142 260 417 0.546154 0.431255 0.419498
703 0 1 144 272 424 0.529412 0.424029 0.413793
704 0 1 128 260 390 0.492308 0.401968 0.393846
705 0 1 119 287 437 0.414634 0.33602 0.328729
706 0 1 155 304 455 0.509868 0.416763 0.408432
707 0 1 160 299 468 0.535117 0.427722 0.41721
708 0 1 182 292 471 0.623288 0.49076 0.477064
709 0 1 188 303 483 0.620462 0.491431 0.478372
710 0 1 210 296 513 0.709459 0.538908 0.519159
711 0 1 211 306 470 0.689542 0.556382 0.543814
712 0 1 156 285 442 0.547368 0.439533 0.429161
713 0 1 172 272 473 0.632353 0.479527 0.461745
714 0 1 190 289 455 0.657439 0.523961 0.510753
715 0 1 177 290 453 0.610345 0.488343 0.476447
716 0 1 207 297 433 0.69697 0.577229 0.567123
717 0 1 141 267 430 0.52809 0.41613 0.404591
718 0 1 179 319 512 0.561128 0.442917 0.430806
719 0 1 144 284 462 0.507042 0.397541 0.386059
720 0 1 144 295 432 0.488136 0.403376 0.396149
721 0 1 200 325 510 0.615385 0.491251 0.479042
722 0 1 153 298 438 0.513423 0.423493 0.415761
723 0 1 167 304 430 0.549342 0.461897 0.455041
724 0 1 161 277 414 0.581227 0.475429 0.465991
725 0 1 193 315 459 0.612698 0.50757 0.498708
726 0 1 165 294 458 0.561224 0.449653 0.43883
727 0 1 170 290 445 0.586207 0.473227 0.462585
728 0 1 218 318 478 0.685535 0.559151 0.547739
729 0 1 199 306 479 0.650327 0.519786 0.507006
730 0 1 156 300 421 0.52 0.438958 0.432732
731 0 1 171 325 454 0.526154 0.445171 0.439024
732 0 1 184 326 459 0.564417 0.475667 0.46879
733 0 1 145 296 424 0.489865 0.409298 0.402778
734 0 1 190 307 457 0.618892 0.507255 0.497382
735 0 1 195 331 470 0.589124 0.494392 0.486891
736 0 1 194 310 495 0.625806 0.495243 0.481988
737 0 1 164 312 430 0.525641 0.447747 0.442049
738 0 1 150 314 467 0.477707 0.391713 0.384123
739 0 1 177 330 502 0.536364 0.434875 0.425481
740 0 1 168 323 492 0.520124 0.42143 0.41227
741 0 1 180 305 487 0.590164 0.467044 0.454545
742 0 1 188 310 487 0.606452 0.483852 0.471769
743 0 1 198 309 472 0.640777 0.51846 0.507042
744 0 1 194 337 504 0.575668 0.47073 0.461356
745 0 1 221 331 503 0.667674 0.54162 0.529976
746 0 1 217 337 527 0.643917 0.51492 0.502315
747 0 1 205 327 515 0.626911 0.499547 0.486936
748 0 1 215 336 531 0.639881 0.509004 0.495963
749 0 1 214 340 535 0.629412 0.501762 0.489143
750 0 1 224 357 513 0.627451 0.523426 0.514943
751 0 1 261 347 520 0.752161 0.614432 0.602076
752 0 1 243 337 544 0.721068 0.567534 0.551646
753 0 1 208 330 497 0.630303 0.513604 0.503023
754 0 1 235 333 513 0.705706 0.568574 0.555556
755 0 1 248 320 534 0.775 0.599938 0.580796
756 0 1 240 349 521 0.687679 0.562833 0.551724
757 0 1 226 341 505 0.662757 0.54461 0.534279
758 0 1 252 332 525 0.759036 0.603604 0.588098
759 0 1 267 356 516 0.75 0.622962 0.612385
760 0 1 253 341 517 0.741935 0.602557 0.589744
761 0 1 268 337 509 0.795252 0.647084 0.63357
762 0 1 230 337 490 0.682493 0.565998 0.556227
763 0 1 261 347 492 0.752161 0.631674 0.622169
764 0 1 278 345 510 0.805797 0.662751 0.650292
765 0 1 283 350 533 0.808571 0.655223 0.640997
766 0 1 227 330 482 0.687879 0.569174 0.559113
767 0 1 266 363 551 0.732782 0.594775 0.582057
768 0 1 258 346 536 0.745665 0.5991 0.585034
769 0 1 252 334 533 0.754491 0.59726 0.581315
770 0 1 242 341 522 0.709677 0.573592 0.560834
771 0 1 248 339 536 0.731563 0.581794 0.566857
772 0 1 230 345 523 0.666667 0.541461 0.529954
773 0 1 268 351 551 0.763533 0.609404 0.594235
774 0 1 233 338 524 0.689349 0.553646 0.540603
775 0 1 261 351 535 0.74359 0.602296 0.589165
776 0 1 255 348 538 0.732759 0.589331 0.575621
777 0 1 244 352 537 0.693182 0.561218 0.548931
778 0 1 240 349 494 0.687679 0.57801 0.569395
779 0 1 255 349 515 0.730659 0.601484 0.590278
780 0 1 259 331 519 0.782477 0.624888 0.609412
781 0 1 255 331 510 0.770393 0.620642 0.606421
782 0 1 246 332 522 0.740964 0.590923 0.576112
783 0 1 258 331 528 0.779456 0.617147 0.600698
784 0 1 268 324 520 0.82716 0.652921 0.635071
785 0 1 307 327 534 0.938838 0.734673 0.713124
786 0 1 266 343 519 0.77551 0.63045 0.617169
787 0 1 285 333 533 0.855856 0.676486 0.658199
788 0 1 286 350 523 0.817143 0.668469 0.655212
789 0 1 284 334 522 0.850299 0.680158 0.663551
790 0 1 277 338 537 0.819527 0.650181 0.633143
791 0 1 256 344 503 0.744186 0.615427 0.604486
792 0 1 280 348 516 0.804598 0.66076 0.648148
793 0 1 253 337 522 0.750742 0.603212 0.589057
794 0 1 259 331 508 0.782477 0.631617 0.617402
795 0 1 260 325 524 0.8 0.630037 0.612485
796 0 1 254 337 482 0.753709 0.630224 0.620269
797 0 1 289 340 508 0.85 0.695387 0.681604

# ---------- Global Summary ----------
# CorrFrames: 782
avg_CorrEdges: 147.618
avg_match_A: 267.079
avg_match_B: 410.373
global_RI_MNR: 0.552711
global_RI_GNR: 0.445891
global_RI_DICE: 0.435802

# ---------- Per-Channel Summary ----------
chA: 0 chB: 1 | avgC: 147.618 avgA: 267.079 avgB: 410.373 MNR: 0.528116 GNR: 0.425705 DICE: 0.415674
