1341840853.634832 0.080902673 0.022439536 0.000412095 -0.000617691 -0.009558100 -0.021778813 0.999716938
1341840853.666488 0.082105085 0.016530620 0.000585446 0.000628695 -0.009666223 -0.023254016 0.999682665
1341840853.702424 0.086983353 0.043988798 0.003834228 0.013738026 -0.011310483 -0.025525887 0.999515772
1341840853.734353 0.089641750 0.045772202 0.003347713 0.009247715 -0.013155125 -0.028630020 0.999460757
1341840853.766467 0.095750101 0.027360506 0.006425095 0.001547533 -0.014842709 -0.028617013 0.999479055
1341840853.802607 0.097979680 0.038976002 0.005866880 0.010548476 -0.013910119 -0.029496541 0.999412417
1341840853.834576 0.099601977 0.052905306 0.005065490 0.014220823 -0.013588223 -0.032403186 0.999281347
1341840853.870615 0.107762329 0.049987372 0.007355409 0.009896469 -0.016005443 -0.033880498 0.999248743
1341840853.902573 0.107086651 0.038486861 0.002386562 0.003748219 -0.014437452 -0.032456722 0.999361813
1341840853.940152 0.107016437 0.040346887 0.002420303 0.004473259 -0.013737383 -0.033166662 0.999345422
1341840853.970342 0.111358896 0.046598259 0.001390443 0.005642186 -0.015301411 -0.034725409 0.999263823
1341840854.002413 0.125022918 0.042881779 0.004062909 0.002157351 -0.017920429 -0.036815468 0.999159098
1341840854.034566 0.130986229 0.047186844 0.008658429 0.006330017 -0.016563151 -0.038088799 0.999117017
1341840854.070475 0.121550016 0.049681928 0.002548506 0.007613140 -0.010624841 -0.037648533 0.999205589
1341840854.102373 0.118817918 0.050268598 0.000836561 0.005534451 -0.010024934 -0.038187642 0.999204993
1341840854.138343 0.131147981 0.048268259 0.002944049 0.004310903 -0.015360537 -0.038113348 0.999146104
1341840854.170475 0.140810147 0.044007737 0.004168151 0.004931071 -0.016337160 -0.037765924 0.999140918
1341840854.202459 0.127778143 0.049468521 -0.000952888 0.009598291 -0.008394941 -0.037927449 0.999199152
1341840854.238384 0.126467794 0.051759329 -0.002076423 0.009108567 -0.009857846 -0.037907276 0.999191105
1341840854.270355 0.139492184 0.045043271 -0.000275637 0.007239009 -0.017672997 -0.037558947 0.999111891
1341840854.306367 0.154117793 0.054704484 0.002221875 0.015351394 -0.021216203 -0.037458390 0.998955011
1341840854.338540 0.145411387 0.057966936 -0.001673803 0.016591346 -0.013877506 -0.037078872 0.999078214
1341840854.370427 0.141245753 0.060661234 -0.002333672 0.015511447 -0.012886046 -0.035311799 0.999172866
1341840854.406491 0.150566548 0.057897776 0.000841735 0.012980733 -0.018726029 -0.035271987 0.999117970
1341840854.438402 0.157263711 0.070661850 0.007850121 0.019350482 -0.019911284 -0.035885144 0.998970151
1341840854.470341 0.150088474 0.063813895 -0.000005834 0.014379939 -0.017235059 -0.033706706 0.999179661
1341840854.506442 0.159045562 0.060758281 0.001292670 0.010905494 -0.022530625 -0.035863265 0.999043167
1341840854.538722 0.171455011 0.062914051 0.003362986 0.011740112 -0.024156867 -0.035317581 0.999015152
1341840854.574331 0.164844677 0.064938672 0.002632437 0.010638350 -0.016704032 -0.036873277 0.999123693
1341840854.606460 0.158145234 0.059229821 0.003851088 0.007215442 -0.013280903 -0.037718918 0.999174118
1341840854.638476 0.162342146 0.066487759 0.004599206 0.010254787 -0.015511166 -0.036313049 0.999167442
1341840854.674312 0.171996281 0.068987973 0.005921749 0.009105323 -0.019362401 -0.034812201 0.999164820
1341840854.706362 0.170524955 0.060564950 0.007785697 0.005441877 -0.018511746 -0.036629193 0.999142647
1341840854.738328 0.177129865 0.065097466 0.008407736 0.008140546 -0.020455280 -0.037400931 0.999057829
1341840854.774384 0.171066985 0.063258074 0.008945611 0.006580881 -0.016121510 -0.037550598 0.999143004
1341840854.806396 0.180551320 0.066468179 0.010951074 0.007763952 -0.019951625 -0.038538694 0.999027729
1341840854.842383 0.181762218 0.061235189 0.011338044 0.005520604 -0.019723417 -0.040914025 0.998952746
1341840854.874351 0.176784813 0.042727802 0.009502156 0.001351860 -0.017299626 -0.041354015 0.998993874
1341840854.906375 0.178056642 0.054277692 0.008229889 0.011394513 -0.019933827 -0.039725877 0.998946786
1341840854.942414 0.177356809 0.064836420 0.005866615 0.013829923 -0.022621181 -0.043128759 0.998717666
1341840854.974632 0.197408915 0.054107398 0.011486963 0.008294357 -0.031091623 -0.044262368 0.998501539
1341840855.006485 0.190855771 0.045258220 0.011367406 0.009443047 -0.024417520 -0.045872409 0.998604178
1341840855.042409 0.194125742 0.066335633 0.010528615 0.020188732 -0.025720362 -0.046314158 0.998391628
1341840855.074380 0.203941897 0.080213293 0.013317496 0.017874602 -0.027030604 -0.051654540 0.998139143
