1305031102.911185 -0.008222773 0.035290800 0.216705531 -0.044927049 -0.005515495 -0.004924135 0.998962939
1305031102.943229 -0.013385847 0.035227548 0.226369217 -0.046483185 -0.003511786 -0.006083687 0.998894393
1305031102.975203 -0.019792020 0.040451452 0.233623549 -0.044792444 -0.007758128 -0.006862456 0.998942614
1305031103.011215 -0.017013215 0.039581016 0.246287316 -0.048942514 -0.015557126 -0.002873760 0.998676300
1305031103.043227 -0.017064625 0.041990038 0.255551696 -0.050759096 -0.021773832 0.000038515 0.998473525
1305031103.075319 -0.012756701 0.041381165 0.265495121 -0.051585488 -0.026699379 0.002607232 0.998308182
1305031103.111240 -0.013525706 0.047632184 0.271336526 -0.048850548 -0.026059693 0.003590558 0.998459637
1305031103.143318 -0.012714606 0.048807304 0.279898465 -0.051071674 -0.026605383 0.005416298 0.998325825
1305031103.175452 -0.014182799 0.055136632 0.281528860 -0.048758790 -0.024409793 0.005054651 0.998499453
1305031103.211220 -0.014730398 0.060540110 0.292970508 -0.053215552 -0.024622798 0.006701993 0.998256922
1305031103.243216 -0.015140855 0.062442943 0.293533534 -0.059580863 -0.024091614 0.009977999 0.997882843
1305031103.275370 -0.020366315 0.062357515 0.296850383 -0.069352627 -0.024280941 0.012680698 0.997216046
1305031103.311210 -0.020075690 0.058751993 0.302487820 -0.077218711 -0.034047157 0.013380605 0.996342838
1305031103.343223 -0.013525076 0.060063627 0.305380106 -0.077744305 -0.041365415 0.013901022 0.996017814
1305031103.375327 -0.012551223 0.059437752 0.306065023 -0.081334643 -0.040193941 0.015524785 0.995755076
1305031103.411260 -0.014437386 0.055205096 0.305012703 -0.084294252 -0.038573701 0.016509553 0.995557129
1305031103.443280 -0.016105399 0.054022316 0.301325291 -0.083785936 -0.040044170 0.015823923 0.995553136
1305031103.475274 -0.015246766 0.050567955 0.298212200 -0.084248103 -0.043257691 0.014179348 0.995404422
1305031103.511333 -0.014366440 0.046420272 0.293200523 -0.082467660 -0.045230631 0.011796432 0.995496929
1305031103.543444 -0.014722481 0.042393133 0.286725581 -0.078640074 -0.046101466 0.009338431 0.995792747
1305031103.575474 -0.016061628 0.040628243 0.277945131 -0.073732525 -0.046702195 0.009566762 0.996137977
1305031103.611223 -0.016728319 0.036697939 0.269570500 -0.071767651 -0.049526725 0.010941703 0.996130884
1305031103.643445 -0.016217191 0.033040427 0.260564715 -0.069112867 -0.053582516 0.011403137 0.996103585
1305031103.675523 -0.013454674 0.029491657 0.251540631 -0.066729501 -0.057125941 0.011641316 0.996066391
1305031103.711610 -0.012121718 0.026673704 0.241718113 -0.064175814 -0.058153342 0.011406720 0.996177435
1305031103.743326 -0.010893887 0.020814177 0.231954589 -0.062671177 -0.058004022 0.010168665 0.996295333
1305031103.775342 -0.010284564 0.019703055 0.219499841 -0.058671962 -0.057473727 0.006962074 0.996597171
1305031103.811242 -0.009637793 0.019341908 0.207509696 -0.057985399 -0.056237467 0.003711748 0.996725261
1305031103.843251 -0.012949253 0.020277122 0.194642454 -0.059694689 -0.054441571 0.000747778 0.996730685
1305031103.875361 -0.013890447 0.011309520 0.185955212 -0.067710549 -0.057072986 -0.002432116 0.996068299
1305031103.911221 -0.012983351 0.004756803 0.174794257 -0.067788273 -0.061041128 -0.003885035 0.995823085
1305031103.943211 -0.011512728 0.002586175 0.162331685 -0.065475017 -0.063912272 -0.004851321 0.995793521
1305031103.975373 -0.009337364 -0.002875172 0.151127115 -0.064427942 -0.066250958 -0.006244301 0.995701194
1305031104.011232 -0.004963276 -0.009126445 0.140949726 -0.061398830 -0.067673139 -0.007286766 0.995789886
1305031104.043249 -0.001766223 -0.010974044 0.128540888 -0.053944867 -0.065324061 -0.009091495 0.996363401
1305031104.075425 0.000282131 -0.009546288 0.117139101 -0.048830193 -0.061122403 -0.011440865 0.996869504
1305031104.111235 0.003478032 -0.015347954 0.108039796 -0.046806090 -0.056185331 -0.013093438 0.997236669
1305031104.143230 0.002568237 -0.019476067 0.093876302 -0.042437118 -0.049559884 -0.013985490 0.997771144
1305031104.175424 0.001408278 -0.021490958 0.081695423 -0.038179763 -0.045651857 -0.015171815 0.998112202
1305031104.211283 0.002008882 -0.025515353 0.070980571 -0.034603242 -0.043110274 -0.014982239 0.998358488
1305031104.243196 0.003488518 -0.025574936 0.064050809 -0.029763149 -0.041467790 -0.014956196 0.998584449
1305031104.275546 0.004323466 -0.026317097 0.053605337 -0.024937326 -0.038954157 -0.015922809 0.998802900
1305031104.311219 0.004783534 -0.027787168 0.043806057 -0.021273125 -0.035572615 -0.015945535 0.999013424
1305031104.343342 0.007110594 -0.027064433 0.035235398 -0.017505815 -0.032243077 -0.016156541 0.999196112
1305031104.375837 0.006208254 -0.027962349 0.026089480 -0.015660947 -0.026907546 -0.016008975 0.999387026
1305031104.411509 0.003968935 -0.028323548 0.016884213 -0.014031898 -0.022368535 -0.015596918 0.999529660
1305031104.443288 -0.000663562 -0.027159717 0.007528038 -0.012894157 -0.019380568 -0.015215104 0.999613225
1305031104.475456 -0.003876921 -0.028434701 -0.000735020 -0.013332888 -0.019815370 -0.014535105 0.999609053
1305031104.511329 -0.004480980 -0.031953067 -0.007125425 -0.013299703 -0.022432296 -0.013236158 0.999572277
1305031104.543368 -0.002334235 -0.033690721 -0.014501225 -0.010086878 -0.025210906 -0.012721917 0.999550343
1305031104.575343 0.003721012 -0.038337693 -0.019634744 -0.006942801 -0.026935261 -0.011526016 0.999546647
1305031104.611336 0.009659513 -0.048883077 -0.027138680 -0.000436187 -0.023709010 -0.011191957 0.999656200
1305031104.643243 0.010858595 -0.044402640 -0.036154531 0.013346341 -0.016118124 -0.010789227 0.999722779
1305031104.675525 0.011789390 -0.050819814 -0.044605590 0.023014741 -0.008232028 -0.010475500 0.999646366
1305031104.711277 0.012741092 -0.049564496 -0.052978199 0.037495777 -0.000890160 -0.007182072 0.999270558
1305031104.743280 0.015702829 -0.048056755 -0.061030254 0.050866358 0.005490335 -0.004883558 0.998678446
1305031104.775327 0.015980735 -0.046767298 -0.068407729 0.063015006 0.012637094 -0.002768429 0.997928739
1305031104.811465 0.018185943 -0.042687491 -0.074128240 0.074534744 0.018772734 0.000227550 0.997041643
1305031104.843258 0.016581524 -0.039437987 -0.080489866 0.083078600 0.025914773 0.002624997 0.996202528
1305031104.875350 0.014108231 -0.032449629 -0.080705561 0.090255588 0.029236844 0.005851527 0.995472193
1305031104.911534 0.015058341 -0.030081086 -0.081815548 0.092631735 0.029894039 0.007870929 0.995220423
1305031104.943262 0.015123881 -0.027615953 -0.080352657 0.093915902 0.030692333 0.008766398 0.995068312
1305031104.975202 0.014267018 -0.022424480 -0.077828079 0.093671247 0.030066289 0.009498416 0.995103776
1305031105.011290 0.014695516 -0.018796675 -0.072863698 0.089544274 0.029482404 0.010118704 0.995494962
1305031105.043373 0.013915261 -0.016600255 -0.067095757 0.084059544 0.029010696 0.008515326 0.996001959
1305031105.075320 0.013398144 -0.017204057 -0.059593763 0.076625876 0.028370164 0.006525625 0.996634841
1305031105.111299 0.012024982 -0.020512085 -0.050028343 0.069566876 0.027451204 0.004979830 0.997187078
1305031105.143106 0.009284766 -0.012257714 -0.040228151 0.065330379 0.025084546 0.002977562 0.997543871
1305031105.175159 0.006637660 -0.007241964 -0.029631877 0.053217687 0.022266796 -0.000285772 0.998334587
1305031105.211268 0.001932545 -0.012725179 -0.018722793 0.039498411 0.019337362 -0.002991276 0.999028027
1305031105.243270 -0.001586500 -0.011022495 -0.007839657 0.031617157 0.014420797 -0.004850074 0.999384224
1305031105.275288 -0.005265470 -0.008277864 0.002432984 0.021566771 0.008731788 -0.006177132 0.999710143
1305031105.311290 -0.009382900 -0.007660627 0.013956589 0.011821602 0.002225662 -0.007201240 0.999901712
1305031105.343302 -0.008804978 -0.011534991 0.025198825 0.002330089 -0.004889323 -0.007758963 0.999955237
1305031105.375338 -0.009696668 -0.013215760 0.036393259 -0.002000963 -0.009938112 -0.007281580 0.999922097
1305031105.411286 -0.011919844 -0.007014473 0.046437461 -0.005767239 -0.014113020 -0.008502001 0.999847651
1305031105.443316 -0.011690541 -0.010101862 0.059488453 -0.013622697 -0.018772937 -0.009073481 0.999689817
1305031105.475280 -0.012924890 -0.009114196 0.070146561 -0.016919674 -0.022011643 -0.008988044 0.999574125
1305031105.511332 -0.011864924 -0.007436383 0.081121460 -0.021401213 -0.025255015 -0.008831207 0.999412954
1305031105.543282 -0.011322261 -0.009444098 0.093193933 -0.026567474 -0.026434692 -0.007501519 0.999269307
1305031105.575449 -0.013635302 -0.007462374 0.103962354 -0.028902559 -0.026960358 -0.007634513 0.999189436
1305031105.611378 -0.011784846 -0.008971437 0.116736889 -0.032386377 -0.028837193 -0.006740806 0.999036610
1305031105.643273 -0.013658468 -0.007765250 0.127596304 -0.032980710 -0.028619552 -0.003792603 0.999038935
1305031105.675166 -0.010056993 -0.005719936 0.140160829 -0.034720547 -0.031238502 -0.002249973 0.998906195
1305031105.711309 -0.006773805 -0.007771608 0.153843388 -0.035108443 -0.030215764 -0.002262726 0.998924077
1305031105.743312 -0.006467585 -0.001943190 0.164404914 -0.031825263 -0.026364088 -0.002020929 0.999143660
1305031105.775339 -0.004036930 -0.003131883 0.172923848 -0.033651285 -0.022486128 -0.001712650 0.999179184
1305031105.811283 -0.004356316 -0.000853372 0.184374318 -0.031785805 -0.017321452 -0.000588493 0.999344409
1305031105.843271 -0.002806738 0.000969855 0.196713284 -0.030392798 -0.014240270 0.000471398 0.999436498
1305031105.875337 -0.001019919 0.007123863 0.206996888 -0.028493438 -0.009676514 0.003164684 0.999542117
1305031105.911262 -0.001039916 0.010232462 0.218284860 -0.030981107 -0.005549576 0.007607295 0.999475598
1305031105.943272 -0.001032834 0.015312146 0.228190899 -0.032589670 -0.002183772 0.010105226 0.999415338
1305031105.975329 -0.001974573 0.019312870 0.238405764 -0.036423549 0.000460795 0.011449300 0.999270737
1305031106.011285 -0.000514311 0.022578692 0.248499796 -0.040577006 0.001955801 0.013369556 0.999085069
1305031106.043355 -0.002344576 0.025418742 0.258929729 -0.044555683 0.004794443 0.013645273 0.998902202
1305031106.075330 -0.003543442 0.028972302 0.268075287 -0.048191853 0.005859152 0.015529605 0.998700202
1305031106.111327 -0.004766082 0.034137961 0.276692957 -0.052542470 0.006087320 0.016601650 0.998462141
1305031106.143355 -0.006951344 0.035854414 0.286142081 -0.059540514 0.005190410 0.018425535 0.998042285
1305031106.175534 -0.007830880 0.037461054 0.294226736 -0.063557565 0.003673419 0.019302920 0.997784674
1305031106.211275 -0.008983310 0.037731487 0.302473605 -0.067227542 0.002445448 0.019756710 0.997539043
1305031106.243267 -0.009601041 0.040088061 0.308495283 -0.067160010 0.000933316 0.023566740 0.997463405
1305031106.276385 -0.010380024 0.044646863 0.312911332 -0.067451447 -0.000661643 0.024559187 0.997420073
1305031106.311238 -0.010449860 0.048734598 0.318683654 -0.069506019 -0.002214762 0.027715255 0.997193992
1305031106.343258 -0.011796067 0.053662356 0.320531338 -0.073660396 -0.002911762 0.028162492 0.996881425
1305031106.375388 -0.008580809 0.054688610 0.322752208 -0.082582787 -0.004446227 0.021048181 0.996351957
1305031106.411320 -0.008211993 0.049681313 0.325491041 -0.090562955 0.000652377 0.014563346 0.995784044
1305031106.443278 -0.011455824 0.047170669 0.324392438 -0.092050649 0.005680271 0.010256047 0.995685279
1305031106.475345 -0.013450822 0.045050927 0.320941210 -0.092105471 0.005581698 0.008952040 0.995693386
1305031106.511129 -0.015152235 0.040822953 0.316371948 -0.091543965 0.002854525 0.008646483 0.995759368
1305031106.543302 -0.013741304 0.038876496 0.308620334 -0.088024735 -0.002060516 0.007499295 0.996087909
1305031106.575282 -0.013630988 0.036760177 0.300082028 -0.084974505 -0.003982739 0.006560592 0.996353567
1305031106.611151 -0.015098150 0.036400940 0.290475965 -0.083877526 -0.006429144 0.003631131 0.996448755
1305031106.643207 -0.014410364 0.030951248 0.281828523 -0.084864825 -0.009609426 0.001323856 0.996345282
1305031106.675279 -0.017084904 0.030159712 0.271601677 -0.081995301 -0.011398690 0.001185316 0.996566832
1305031106.711508 -0.019033048 0.027073141 0.261497825 -0.083794765 -0.016364589 0.000182803 0.996348619
1305031106.743341 -0.018777773 0.024407962 0.249713510 -0.082132444 -0.023112787 0.000655676 0.996353149
1305031106.775390 -0.016981466 0.020770144 0.236393794 -0.081820592 -0.029857811 0.000706008 0.996199489
1305031106.811289 -0.016608799 0.020369800 0.222790420 -0.081213020 -0.033739593 0.000202944 0.996125519
1305031106.843416 -0.016697457 0.012040704 0.211235270 -0.083959661 -0.037587274 -0.001352157 0.995759130
1305031106.875905 -0.013277754 0.007574692 0.197703421 -0.078787394 -0.041455507 -0.004782098 0.996017635
1305031106.911243 -0.013210271 0.009563988 0.182306767 -0.073180579 -0.040624086 -0.009046402 0.996449947
1305031106.943439 -0.012533920 0.002611520 0.169699565 -0.073100463 -0.039804198 -0.013567444 0.996437609
1305031106.975547 -0.010784129 -0.005977387 0.153645843 -0.069911152 -0.038267989 -0.016512515 0.996682167
1305031107.011576 -0.011159953 -0.001555709 0.136342213 -0.060741074 -0.035180256 -0.019645387 0.997339964
1305031107.043281 -0.011782221 -0.006381853 0.124317802 -0.061642360 -0.032337617 -0.022208294 0.997327089
1305031107.075432 -0.014940205 -0.011676893 0.111398034 -0.057568982 -0.030198634 -0.023332560 0.997611880
1305031107.111229 -0.013897573 -0.011633649 0.097513370 -0.052131351 -0.031235905 -0.023977313 0.997863591
1305031107.143260 -0.011714857 -0.011559343 0.084936045 -0.049773730 -0.030847620 -0.024165785 0.997991502
1305031107.175399 -0.010199712 -0.018547121 0.079378672 -0.049236208 -0.029893609 -0.025064860 0.998025000
1305031107.211358 -0.007442445 -0.023753703 0.068188846 -0.043816786 -0.028434897 -0.026602020 0.998280466
1305031107.243378 -0.007085811 -0.022397559 0.056695521 -0.036502473 -0.025004499 -0.026838850 0.998660088
1305031107.275398 -0.004404547 -0.026906531 0.047454026 -0.031976592 -0.022422826 -0.026890527 0.998875201
1305031107.311226 -0.005402142 -0.030677263 0.038754229 -0.025301773 -0.018003304 -0.028270664 0.999117851
1305031107.343509 -0.000730026 -0.036718365 0.029438235 -0.015701925 -0.015678970 -0.028124092 0.999358118
1305031107.375413 0.000526804 -0.031541526 0.020331481 -0.004737761 -0.010713982 -0.027839409 0.999543786
1305031107.411271 0.002566806 -0.032385536 0.014391465 0.001532737 -0.006240225 -0.028303916 0.999578714
1305031107.443419 0.005706672 -0.030244542 0.009083911 0.007578459 -0.002267277 -0.027745785 0.999583721
1305031107.475377 0.007955877 -0.031054433 0.006201095 0.010311514 0.002011255 -0.026567940 0.999591768
1305031107.511352 0.009318838 -0.025774546 0.003779158 0.013331787 0.005611296 -0.025900323 0.999559879
1305031107.543605 0.012160492 -0.026630020 0.003962438 0.010484939 0.007831396 -0.023798680 0.999631107
1305031107.575454 0.015005537 -0.031661268 0.004778154 0.008664902 0.009192140 -0.020633519 0.999707282
1305031107.611271 0.016497096 -0.024963580 0.003922550 0.010970837 0.010610919 -0.018925503 0.999704421
1305031107.643323 0.016909929 -0.024154447 0.006223936 0.007777464 0.012089166 -0.017838892 0.999737561
1305031107.675568 0.016111711 -0.023507928 0.007874537 0.006687896 0.012937781 -0.017264986 0.999744892
1305031107.711307 0.015475256 -0.020641251 0.009172600 0.005903531 0.012887486 -0.016405893 0.999764919
1305031107.743538 0.013229028 -0.016172672 0.010056098 0.003671856 0.012227475 -0.015693462 0.999795318
1305031107.775802 0.013009501 -0.017505409 0.012600088 0.000243986 0.009482610 -0.017049789 0.999809623
1305031107.811596 0.014510149 -0.015614327 0.014525131 -0.001609543 0.007194039 -0.016928639 0.999829531
1305031107.843332 0.016301531 -0.014536537 0.016347378 -0.003961719 0.006339107 -0.017623223 0.999816775
1305031107.875358 0.020879205 -0.017488491 0.018752659 -0.005621075 0.006298810 -0.020777136 0.999748468
1305031107.911541 0.023335604 -0.018463405 0.020231515 -0.005034653 0.009278583 -0.023392480 0.999670625
1305031107.943122 0.028887907 -0.019796237 0.022126885 -0.003530390 0.011848096 -0.023549810 0.999646246
1305031107.975807 0.034510210 -0.020483822 0.024624754 -0.001136118 0.015758868 -0.023450773 0.999600112
1305031108.011320 0.041976288 -0.021150824 0.026086597 0.002350816 0.019923549 -0.025138233 0.999482691
1305031108.043418 0.054578025 -0.019727759 0.028059866 0.005014230 0.024853174 -0.022995232 0.999414027
1305031108.075352 0.064527676 -0.021377971 0.029456379 0.005780475 0.033260882 -0.017820967 0.999271095
1305031108.111378 0.068024620 -0.021493310 0.032886796 0.008573362 0.040447470 -0.018085608 0.998981178
1305031108.143334 0.078864343 -0.018364752 0.035795320 0.011493866 0.043003205 -0.016864659 0.998866439
1305031108.176058 0.088316053 -0.011903564 0.037866421 0.011661596 0.046154346 -0.013396043 0.998776436
1305031108.211475 0.097162835 -0.012837393 0.041946847 0.006569081 0.047562815 -0.013677422 0.998753011
1305031108.243347 0.112675972 -0.020231044 0.045201320 0.003489139 0.048553955 -0.015922477 0.998687565
1305031108.275358 0.119092762 -0.014031594 0.046879418 0.005566198 0.053893968 -0.015353155 0.998413086
1305031108.311332 0.123452209 -0.010636717 0.050229698 0.002534968 0.056343820 -0.014285332 0.998306036
1305031108.343278 0.132949963 -0.007779330 0.052673496 -0.002156158 0.054243822 -0.012238534 0.998450398
1305031108.375410 0.139341906 -0.006676952 0.056347203 -0.007229241 0.052080069 -0.007103294 0.998591483
1305031108.411361 0.150221229 -0.007133204 0.058259394 -0.012484136 0.047670726 -0.000862279 0.998784721
1305031108.443610 0.160613120 -0.005510135 0.060294185 -0.016363949 0.046044610 0.005672619 0.998789251
1305031108.475471 0.172009841 -0.008948172 0.062505029 -0.020602509 0.044899937 0.012769141 0.998697400
1305031108.511378 0.188890025 -0.013434352 0.064434469 -0.021481533 0.045613430 0.017444378 0.998575807
1305031108.543737 0.198381573 -0.015797483 0.065889783 -0.017907295 0.052990220 0.016291469 0.998301506
1305031108.575414 0.208475709 -0.007974559 0.064956456 -0.012027721 0.057375945 0.014926858 0.998168588
1305031108.611407 0.219197467 -0.009265256 0.067529909 -0.013123645 0.063108943 0.015423065 0.997801185
1305031108.643303 0.226891369 -0.005008855 0.067324817 -0.011669838 0.068824463 0.017402265 0.997408748
1305031108.675375 0.242120549 -0.000501334 0.067351848 -0.013093166 0.071801804 0.021369029 0.997104049
1305031108.711411 0.247064933 -0.003201848 0.070432171 -0.018341625 0.080663517 0.025263527 0.996252358
1305031108.743502 0.250350088 -0.005284228 0.073141113 -0.020770844 0.087059714 0.025401210 0.995662570
1305031108.775493 0.259094685 -0.002964665 0.071675837 -0.020906055 0.089663848 0.028398681 0.995347619
1305031108.811244 0.266270399 -0.004928389 0.070103869 -0.022957826 0.091111504 0.033591781 0.995009124
1305031108.843264 0.264649332 -0.008374603 0.070841059 -0.023371799 0.092807017 0.038387008 0.994669318
1305031108.876515 0.264500558 -0.008321935 0.069469497 -0.021400269 0.090592846 0.044044971 0.994683385
1305031108.911364 0.264702618 -0.013202772 0.069107205 -0.020182405 0.087471426 0.048876937 0.994762540
1305031108.943243 0.259332865 -0.015771814 0.066650361 -0.016102483 0.085668847 0.048645221 0.995005131
1305031108.975268 0.257694513 -0.009207718 0.062180888 -0.010202806 0.079200707 0.047856510 0.995657027
1305031109.011269 0.261005908 -0.007657159 0.060875110 -0.009837815 0.073175378 0.047719225 0.996128261
1305031109.043277 0.252391934 -0.009831572 0.059051447 -0.009890977 0.073844157 0.044057842 0.996246994
1305031109.075410 0.246498451 -0.003495909 0.056763034 -0.009222933 0.070998661 0.039222393 0.996662319
1305031109.111282 0.242582142 -0.004592362 0.056125388 -0.013077760 0.068506770 0.037159689 0.996872544
1305031109.143334 0.222563013 -0.010398452 0.058223590 -0.016135070 0.070626639 0.032547176 0.996841133
1305031109.175464 0.216515511 -0.005206827 0.055367574 -0.014439139 0.062759809 0.029860824 0.997477353
1305031109.211379 0.213852927 0.006219997 0.054003317 -0.015276929 0.055475049 0.033614188 0.997777164
1305031109.243290 0.203456834 0.004480803 0.054257013 -0.024563920 0.053238899 0.039162699 0.997511208
1305031109.275308 0.183937192 -0.005752934 0.057148986 -0.030065920 0.052999422 0.041885044 0.997262657
1305031109.311329 0.170544162 -0.001678244 0.055948872 -0.026118562 0.045090776 0.043083411 0.997711599
1305031109.343248 0.161953583 0.004339324 0.053842150 -0.026629191 0.034427296 0.042140521 0.998163223
1305031109.375397 0.148625493 0.000498562 0.054246791 -0.030844407 0.027431585 0.041177507 0.998298824
1305031109.411329 0.141617417 0.002917627 0.051710889 -0.030509707 0.018938513 0.037852231 0.998637915
1305031109.443302 0.131898582 0.006322207 0.049458973 -0.032936886 0.013520748 0.032158807 0.998848379
1305031109.475363 0.121546999 0.003201644 0.049632225 -0.036767561 0.011404312 0.029058311 0.998836160
1305031109.511273 0.106611937 0.000341365 0.048208788 -0.037281618 0.010817416 0.024686096 0.998941243
1305031109.543294 0.096587203 0.001172764 0.045979392 -0.034362700 0.009126602 0.022368692 0.999117374
1305031109.575362 0.086476617 0.003352914 0.044380050 -0.033427332 0.008529095 0.022208691 0.999157965
1305031109.611310 0.074617513 0.004147769 0.042781971 -0.033364095 0.007553971 0.019945685 0.999215662
1305031109.643229 0.066944279 0.005680375 0.040907476 -0.033643488 0.005533487 0.019220909 0.999233723
1305031109.675263 0.053791050 0.007578469 0.039783623 -0.035443574 0.006115027 0.021450752 0.999122739
1305031109.711312 0.042537600 0.011199344 0.038702451 -0.036934014 0.003116173 0.020719387 0.999098003
1305031109.743274 0.031930529 0.010466514 0.038643681 -0.042120710 0.000297197 0.019942319 0.998913467
1305031109.775277 0.023683565 0.008837389 0.039520051 -0.045820221 -0.002069591 0.020352919 0.998740196
1305031109.811371 0.010721466 0.011040471 0.038781080 -0.047246538 -0.001997484 0.019220544 0.998696327
1305031109.843296 0.000487414 0.011785233 0.040976189 -0.050624624 -0.004711552 0.018666891 0.998532176
1305031109.875306 -0.014381572 0.013864926 0.042738028 -0.053406045 -0.006392953 0.016347578 0.998418570
1305031109.911265 -0.024574216 0.010720249 0.045936543 -0.055794667 -0.012415870 0.011231693 0.998301864
1305031109.943299 -0.033812396 0.018009936 0.046999693 -0.055106111 -0.015973443 0.007176362 0.998326957
1305031109.975258 -0.045328751 0.017646836 0.051102232 -0.059678696 -0.017827110 0.002153457 0.998056114
1305031110.011256 -0.054981645 0.019361418 0.054177407 -0.061374422 -0.020615738 -0.004760324 0.997890532
1305031110.043299 -0.065399185 0.019301604 0.055183332 -0.063869007 -0.021130372 -0.012252091 0.997659326
1305031110.075319 -0.075760141 0.021484906 0.057061892 -0.065463349 -0.021462971 -0.017076949 0.997477949
1305031110.111325 -0.087804027 0.023181625 0.060640775 -0.069366165 -0.022438541 -0.022147680 0.997092903
1305031110.143432 -0.100001201 0.017158696 0.059926931 -0.072931059 -0.024750017 -0.026129985 0.996687353
1305031110.175641 -0.108410373 0.023545677 0.059863843 -0.072306298 -0.028325979 -0.027590947 0.996598303
1305031110.211637 -0.117263392 0.020968201 0.062542461 -0.077086426 -0.031495530 -0.029416606 0.996092558
1305031110.243323 -0.125162005 0.019075520 0.064343296 -0.078164995 -0.036156677 -0.028645379 0.995872676
1305031110.279321 -0.132036105 0.019455494 0.065450311 -0.076227546 -0.040343739 -0.029695166 0.995831251
1305031110.311404 -0.142658770 0.018565066 0.063755594 -0.074244030 -0.042735599 -0.031363953 0.995830238
1305031110.343355 -0.151589155 0.021261435 0.063497707 -0.072447672 -0.047218423 -0.032629795 0.995719373
1305031110.379281 -0.161383510 0.022541218 0.063924566 -0.070996821 -0.052473068 -0.036514573 0.995425880
1305031110.411469 -0.170685977 0.027947418 0.062108368 -0.069186613 -0.058694407 -0.038656518 0.995125055
1305031110.443260 -0.180746794 0.028616870 0.060934626 -0.073750712 -0.063783221 -0.042586844 0.994323313
1305031110.479331 -0.190807804 0.027489427 0.063095994 -0.076751016 -0.070444815 -0.048780274 0.993361592
1305031110.511429 -0.200115278 0.027963694 0.062906384 -0.077248566 -0.077621110 -0.052559894 0.992595136
1305031110.543408 -0.207876086 0.032142170 0.061860126 -0.077696361 -0.084034435 -0.055922095 0.991853952
1305031110.579426 -0.222827002 0.036141597 0.061512675 -0.081326582 -0.087704502 -0.060132980 0.990998447
1305031110.611307 -0.227749884 0.030965578 0.064260885 -0.087450452 -0.092650816 -0.063988812 0.989784658
1305031110.643418 -0.235088125 0.029472226 0.064463131 -0.086469293 -0.094665095 -0.067147158 0.989471018
1305031110.679606 -0.239397734 0.036862567 0.062663928 -0.083884947 -0.097550534 -0.069126010 0.989276946
1305031110.711412 -0.247391537 0.035371691 0.064628869 -0.088085830 -0.097800277 -0.070021048 0.988824069
1305031110.743249 -0.251666397 0.034361988 0.065345809 -0.088824257 -0.099585734 -0.071592510 0.988467216
1305031110.779193 -0.253199071 0.035512589 0.064563103 -0.088504896 -0.101822369 -0.072082281 0.988232374
1305031110.811386 -0.255591094 0.035748117 0.063660152 -0.089201488 -0.102043286 -0.073834665 0.988017559
1305031110.843218 -0.258593321 0.036004372 0.064297542 -0.090652779 -0.103478931 -0.075933389 0.987576962
1305031110.879313 -0.255827039 0.035138026 0.064339593 -0.091026425 -0.106988207 -0.075615317 0.987192988
1305031110.911333 -0.256049842 0.036650322 0.064460143 -0.091116622 -0.107759595 -0.076208450 0.987055182
1305031110.943862 -0.251619041 0.036026672 0.064869598 -0.091371387 -0.111088805 -0.076995917 0.986601353
1305031110.979345 -0.242831185 0.038515158 0.066253051 -0.090465009 -0.112437271 -0.076606430 0.986562431
1305031111.011431 -0.234906733 0.037179321 0.069170482 -0.092486344 -0.109331071 -0.075367570 0.986819506
1305031111.043327 -0.231191009 0.036872763 0.068237394 -0.091703102 -0.103080876 -0.073408566 0.987712562
1305031111.079283 -0.228434563 0.040687725 0.068022147 -0.092031308 -0.098761670 -0.071566857 0.988258362
1305031111.111508 -0.219438732 0.035915084 0.070400983 -0.095335953 -0.098048881 -0.067910485 0.988274097
1305031111.143257 -0.212807655 0.034359258 0.071141452 -0.093917280 -0.095301747 -0.067137979 0.988731325
1305031111.179326 -0.199157417 0.036032006 0.074783325 -0.090383403 -0.094321951 -0.066700883 0.989184082
1305031111.211433 -0.185046196 0.033796862 0.071281098 -0.089494310 -0.088078983 -0.063628532 0.990042567
1305031111.243236 -0.183111444 0.030193232 0.070548676 -0.090266511 -0.082849853 -0.063606754 0.990425169
1305031111.279308 -0.167249188 0.026847079 0.074225612 -0.087071680 -0.084719807 -0.060904648 0.990722835
1305031111.311547 -0.164975867 0.032046102 0.067906648 -0.081579402 -0.076260075 -0.058016054 0.992050111
1305031111.343397 -0.162003770 0.033794288 0.068731211 -0.084392048 -0.077000044 -0.058467340 0.991731107
1305031111.379134 -0.146248937 0.024916712 0.073889546 -0.087006472 -0.082272947 -0.054274432 0.991320014
1305031111.411296 -0.139521480 0.028231326 0.068872944 -0.080796786 -0.081248350 -0.054187842 0.991934657
1305031111.443386 -0.121413566 0.028729841 0.074827395 -0.080619723 -0.090567306 -0.058212079 0.990913391
1305031111.479259 -0.105464153 0.026754607 0.082542509 -0.077775963 -0.087327443 -0.055804230 0.991569817
1305031111.511264 -0.099408738 0.024798755 0.076736882 -0.074310943 -0.074021816 -0.055267449 0.992947221
1305031111.543250 -0.088626571 0.021724571 0.079652928 -0.071447179 -0.068248361 -0.054067414 0.993636847
1305031111.579237 -0.069904208 0.025111733 0.079478867 -0.065880515 -0.061978623 -0.048628774 0.994712889
1305031111.611271 -0.067989156 0.020248119 0.071176574 -0.069080062 -0.053548291 -0.042201728 0.995278656
1305031111.643395 -0.048894551 0.013294719 0.078626640 -0.068306416 -0.058743868 -0.034374345 0.995340049
1305031111.679320 -0.033766277 0.020354774 0.079222985 -0.060210135 -0.052669693 -0.025730686 0.996463060
1305031111.711760 -0.021902956 0.018620521 0.078717656 -0.060657065 -0.045141116 -0.024041340 0.996847510
1305031111.743386 0.000190082 0.013303387 0.083641730 -0.058562171 -0.039174259 -0.020101255 0.997312307
1305031111.779423 0.013756094 0.015982598 0.082223311 -0.054540034 -0.021617142 -0.015207402 0.998161733
1305031111.811406 0.018985076 0.010605803 0.079976462 -0.054124344 -0.005426577 -0.014585212 0.998412907
1305031111.843299 0.025927072 0.013890408 0.075729519 -0.048741933 0.005675823 -0.013240507 0.998707533
1305031111.879442 0.032078229 0.015077785 0.075028196 -0.049031258 0.013711027 -0.008512961 0.998666823
1305031111.911354 0.035390917 0.011929732 0.076756850 -0.048944186 0.015694031 -0.003704829 0.998671353
1305031111.943300 0.048613120 0.012380010 0.076509446 -0.046975184 0.010782578 0.005405097 0.998823225
1305031111.979449 0.069649071 0.012218664 0.076675184 -0.046306022 0.008114004 0.013417452 0.998804212
1305031112.011433 0.081243195 0.009873639 0.076580293 -0.044974163 0.015312974 0.012566241 0.998791754
1305031112.043270 0.094883285 0.009914592 0.076854512 -0.041312497 0.021865822 0.010727954 0.998849392
1305031112.079339 0.107244231 0.009096304 0.075649254 -0.039674960 0.032991730 0.010901972 0.998608291
1305031112.111423 0.105794102 0.010220712 0.076509789 -0.036342554 0.045327939 0.005549430 0.998295426
1305031112.144342 0.123373084 0.012178630 0.075947978 -0.035252273 0.046947047 -0.000309716 0.998275101
1305031112.179390 0.142608970 0.011732081 0.075904459 -0.037450299 0.056619413 -0.003291978 0.997687757
1305031112.211254 0.149648026 0.002235973 0.077804744 -0.040885814 0.067030542 -0.009053750 0.996871769
1305031112.243369 0.162048668 -0.002907875 0.078291893 -0.036627799 0.075264350 -0.013659179 0.996397078
1305031112.279353 0.165573001 -0.002756521 0.078313500 -0.031114975 0.083318055 -0.017158872 0.995889366
1305031112.311312 0.174304441 -0.005976271 0.080164440 -0.026012996 0.085331969 -0.019503331 0.995821953
1305031112.343323 0.183604330 -0.004574741 0.079605713 -0.018750258 0.085420303 -0.017358819 0.996017337
1305031112.379360 0.191615805 -0.003417504 0.079673454 -0.014045242 0.084203757 -0.013419330 0.996259212
1305031112.411442 0.203022555 -0.002319680 0.078182064 -0.011119680 0.080821663 -0.008988079 0.996626019
1305031112.443391 0.213510230 -0.005318937 0.077597447 -0.009822874 0.079255916 -0.002692390 0.996802270
1305031112.479418 0.219541699 -0.003730221 0.077718213 -0.005825597 0.078509048 0.007097999 0.996871173
1305031112.511504 0.231120884 -0.004886284 0.076549307 -0.003888614 0.073120140 0.015034163 0.997202218
1305031112.543212 0.233061999 -0.006999651 0.076846659 -0.002573456 0.072429076 0.017980749 0.997208178
1305031112.579252 0.247514501 -0.004390031 0.074701250 0.000863236 0.066088058 0.025042543 0.997499108
1305031112.611261 0.264004886 0.000706210 0.072008081 0.002899943 0.062227901 0.032626040 0.997524321
1305031112.643246 0.271558017 0.000483640 0.072471187 -0.000177048 0.067910485 0.039848469 0.996895313
1305031112.679952 0.272336274 -0.001073293 0.073926002 -0.002919774 0.075111672 0.042438157 0.996267378
1305031112.711251 0.275409013 0.001879417 0.074393108 -0.003792396 0.078986816 0.044311468 0.995883107
1305031112.743245 0.277049094 0.010238279 0.074132010 -0.005848982 0.082437746 0.047334168 0.995454311
1305031112.779310 0.273931205 0.006030553 0.078135028 -0.015060583 0.087940268 0.049190417 0.994796455
1305031112.811310 0.262894034 0.001412238 0.080338277 -0.018616924 0.091490775 0.047092728 0.994517565
1305031112.843286 0.261384726 0.007794497 0.080757678 -0.018745271 0.085638784 0.045348465 0.995117128
1305031112.879421 0.263014913 0.008943204 0.080692291 -0.021726459 0.081012137 0.048192676 0.995310247
1305031112.911411 0.253540307 0.007759683 0.082574300 -0.024983756 0.080156595 0.049535383 0.995237112
1305031112.943321 0.246620029 0.005489274 0.082813941 -0.027610298 0.075752087 0.048358012 0.995570600
1305031112.979278 0.243591189 0.005852340 0.082188703 -0.028062599 0.069298051 0.045932189 0.996142805
1305031113.011353 0.240819231 0.010332866 0.079850078 -0.027921084 0.064968623 0.046301279 0.996421456
1305031113.043231 0.232869789 0.008593602 0.079382010 -0.032785535 0.064014301 0.043751325 0.996450245
1305031113.079251 0.216109097 -0.002126642 0.080425039 -0.037384320 0.065367304 0.037431374 0.996457934
1305031113.111316 0.209207267 0.003551922 0.076722234 -0.032508504 0.059160609 0.033401921 0.997159719
1305031113.143306 0.201258108 0.009588126 0.075129546 -0.032625217 0.056335989 0.032189626 0.997359395
1305031113.179343 0.192596987 0.003030596 0.076056197 -0.037432734 0.054692473 0.033632781 0.997234344
1305031113.211259 0.177647457 0.002023678 0.073871076 -0.035739154 0.051357005 0.034816086 0.997433186
1305031113.243227 0.166926324 0.007243511 0.071440764 -0.035791967 0.044460945 0.035817847 0.997727036
1305031113.279312 0.156328812 0.001031639 0.072438903 -0.039886437 0.039190248 0.037418690 0.997733951
1305031113.311452 0.139184877 -0.004356310 0.072093174 -0.036447134 0.034460690 0.040687360 0.997912109
1305031113.343252 0.125629753 0.001441076 0.068632618 -0.029443912 0.025057565 0.039203800 0.998482943
1305031113.379312 0.111646228 0.001891474 0.068877630 -0.032654054 0.016542455 0.037118062 0.998640239
1305031113.411625 0.101270728 -0.004939592 0.066817440 -0.034238167 0.009138226 0.037874695 0.998653948
1305031113.443266 0.083261944 0.000744677 0.067272455 -0.030130267 0.004483241 0.031759206 0.999031246
1305031113.479311 0.068673991 0.002877602 0.067144342 -0.032732327 -0.001743218 0.025853040 0.999128222
1305031113.511523 0.056659054 -0.000619687 0.068302140 -0.037956875 -0.007775131 0.024026306 0.998960257
1305031113.543242 0.040552579 -0.002851357 0.068148673 -0.040140182 -0.012076423 0.020777335 0.998905003
1305031113.579301 0.029535133 -0.000395017 0.068027407 -0.039247464 -0.017429823 0.016093189 0.998947859
1305031113.611268 0.019059822 -0.000795348 0.067961730 -0.042132195 -0.020701567 0.011236772 0.998834312
1305031113.643222 0.008972715 -0.000671836 0.068490088 -0.044649523 -0.021408590 0.007460798 0.998745441
1305031113.679288 -0.004026405 -0.000884242 0.069148012 -0.045554049 -0.020165717 0.003794473 0.998751104
1305031113.711931 -0.013708659 -0.001786049 0.069717132 -0.045960274 -0.020208865 -0.000963124 0.998738348
1305031113.743590 -0.023660358 -0.000380947 0.069947109 -0.044707179 -0.017965110 -0.006310634 0.998818636
1305031113.779320 -0.036348809 -0.001644623 0.070718594 -0.044017173 -0.014813914 -0.010761049 0.998862982
1305031113.811237 -0.046936709 0.000491831 0.070718445 -0.042164497 -0.013842057 -0.012730744 0.998933673
1305031113.843295 -0.057506267 0.003280309 0.071292460 -0.041949190 -0.011689911 -0.016053325 0.998922348
1305031113.879281 -0.071958311 -0.002953025 0.073373251 -0.042687949 -0.010181277 -0.021392291 0.998807490
1305031113.911290 -0.080827475 0.001054400 0.072885022 -0.038320944 -0.011953610 -0.021583263 0.998960853
1305031113.943291 -0.089669853 0.000350656 0.073895045 -0.036163546 -0.010470306 -0.024023104 0.999002218
1305031113.979293 -0.102129266 0.000701950 0.074222550 -0.032781992 -0.008107279 -0.029190172 0.999003291
1305031114.011257 -0.115608625 0.003126315 0.074452400 -0.028681399 -0.006477532 -0.034411501 0.998975098
1305031114.043301 -0.132306710 0.002079166 0.073587343 -0.027920017 -0.007190773 -0.036464661 0.998918951
1305031114.079285 -0.144030213 0.001567911 0.073652394 -0.025768938 -0.012358500 -0.037113871 0.998902261
1305031114.111263 -0.154373288 0.005067858 0.074177243 -0.022439102 -0.018091662 -0.040617716 0.998758912
1305031114.143284 -0.164089665 0.006261801 0.076487079 -0.022089232 -0.023476997 -0.043781355 0.998520970
1305031114.179337 -0.170711070 0.002887761 0.079130903 -0.020810876 -0.027241359 -0.045598336 0.998371482
1305031114.211303 -0.181643784 0.011341284 0.077858478 -0.016236838 -0.027201135 -0.048161369 0.998337090
1305031114.243337 -0.195884585 0.010311496 0.079843163 -0.019011404 -0.028446686 -0.052210208 0.998049796
1305031114.279390 -0.214102045 0.011194737 0.080266386 -0.018606331 -0.031736575 -0.054690380 0.997825384
1305031114.311429 -0.221843392 0.013462801 0.081397153 -0.019218596 -0.040672868 -0.054550733 0.997497141
1305031114.343331 -0.226599693 0.013425064 0.083753116 -0.020317273 -0.047907956 -0.057199605 0.997005641
1305031114.379320 -0.233304456 0.011923036 0.084871188 -0.020738516 -0.050494406 -0.061414756 0.996618509
1305031114.411397 -0.244628474 0.012107593 0.084955007 -0.019771796 -0.051181670 -0.066183396 0.996297777
1305031114.443345 -0.255756259 0.013907513 0.085386716 -0.019412454 -0.054399636 -0.067822143 0.996024072
1305031114.479332 -0.268396050 0.014480062 0.088699341 -0.019526718 -0.059379105 -0.069120191 0.995648146
1305031114.511266 -0.272027045 0.016416661 0.088524021 -0.019598590 -0.068593949 -0.071004584 0.994921684
1305031114.543236 -0.272348702 0.014560968 0.090413161 -0.023230489 -0.074734829 -0.069694906 0.994493723
1305031114.579237 -0.276449889 0.013002296 0.091086924 -0.024925906 -0.075637080 -0.066364087 0.994612217
1305031114.611391 -0.281140059 0.015416786 0.090838447 -0.026486762 -0.076205730 -0.063750006 0.994699478
1305031114.644136 -0.289972544 0.015295409 0.092202462 -0.031252973 -0.076604098 -0.063773707 0.994529009
1305031114.679251 -0.293879092 0.012249514 0.092984185 -0.034998875 -0.082815483 -0.064506404 0.993858933
1305031114.711306 -0.293393970 0.010144829 0.094154589 -0.036230829 -0.088493608 -0.063411966 0.993395746
1305031114.743200 -0.293634802 0.008427502 0.094612107 -0.035922971 -0.092135340 -0.066935234 0.992844522
1305031114.779289 -0.293148160 0.010151729 0.093355194 -0.032988917 -0.093811959 -0.070350543 0.992553234
1305031114.811303 -0.291846484 0.012746658 0.092706993 -0.032190960 -0.093887620 -0.071216851 0.992510438
1305031114.843208 -0.290634155 0.011804241 0.092233822 -0.032581449 -0.094773702 -0.073553815 0.992243052
1305031114.879281 -0.286844909 0.014779204 0.091905951 -0.032065343 -0.095571615 -0.073191710 0.992210090
1305031114.912879 -0.284195751 0.016436324 0.091405928 -0.032713044 -0.095746256 -0.073299222 0.992164195
1305031114.943234 -0.274533570 0.018248290 0.092065126 -0.034723889 -0.097997993 -0.074391499 0.991794586
1305031114.979280 -0.269257784 0.021379948 0.093319684 -0.035792634 -0.095815599 -0.074983731 0.991925240
1305031115.011300 -0.262146622 0.025304085 0.093795910 -0.038778994 -0.095302314 -0.075964741 0.991787791
1305031115.043508 -0.251343399 0.021630250 0.097769745 -0.043849066 -0.095050856 -0.075612478 0.991627634
1305031115.079238 -0.243041813 0.026028311 0.098475024 -0.043589052 -0.092188947 -0.076149106 0.991868198
1305031115.111230 -0.226707563 0.024812821 0.102605112 -0.047334615 -0.091364726 -0.073762298 0.991953135
1305031115.143275 -0.217240781 0.021927573 0.103637569 -0.049826708 -0.082845941 -0.071283609 0.992760003
1305031115.179440 -0.213349521 0.024018433 0.104026861 -0.050555103 -0.077283531 -0.070566230 0.993222952
1305031115.211374 -0.197783932 0.018356336 0.110665798 -0.052910533 -0.077994794 -0.067216538 0.993277013
1305031115.243297 -0.186803669 0.015057514 0.113036990 -0.049467936 -0.072910212 -0.063914269 0.994058311
1305031115.279966 -0.175459921 0.022584684 0.115385331 -0.045460805 -0.070543446 -0.059209842 0.994711578
1305031115.311704 -0.154348254 0.015192036 0.121748716 -0.048220597 -0.070027523 -0.052364144 0.995001972
1305031115.343235 -0.142576337 0.019580636 0.122925937 -0.042316869 -0.060702097 -0.049418464 0.996033311
1305031115.379166 -0.142937198 0.025130885 0.116798438 -0.045253266 -0.052019127 -0.044983651 0.996605575
1305031115.411237 -0.128964335 0.020066956 0.121823289 -0.053451337 -0.060250517 -0.041764446 0.995875776
1305031115.443159 -0.108965047 0.021162143 0.127449438 -0.056232497 -0.064709343 -0.035416607 0.995688856
1305031115.479241 -0.097025737 0.022543300 0.127501875 -0.060074255 -0.063790448 -0.029118812 0.995727837
1305031115.511253 -0.072813086 0.021962423 0.138739780 -0.062495314 -0.067367531 -0.025283799 0.995447993
1305031115.543604 -0.057009242 0.025080230 0.144366309 -0.060203411 -0.055065203 -0.018664936 0.996491313
1305031115.579315 -0.043173272 0.018838268 0.138363928 -0.062210534 -0.043013021 -0.013236878 0.997047901
1305031115.611424 -0.032146115 0.017086608 0.136507377 -0.062110242 -0.036350403 -0.007347877 0.997380078
1305031115.643254 -0.017640626 0.015057685 0.136824176 -0.061246220 -0.030115586 0.000314648 0.997668207
1305031115.679241 -0.009266987 0.013256329 0.131926283 -0.060530320 -0.024985038 0.011340186 0.997789145
1305031115.711320 0.009429184 0.016252356 0.133771896 -0.058764245 -0.027866144 0.020419795 0.997673929
1305031115.743250 0.027357569 0.014085733 0.133847296 -0.059426770 -0.023241615 0.026922869 0.997598827
1305031115.779425 0.040993363 0.013089578 0.131736740 -0.057818498 -0.014049835 0.033919428 0.997651815
1305031115.811277 0.055175643 0.015376134 0.131113395 -0.057041876 -0.005815922 0.042378828 0.997455001
1305031115.843224 0.067498498 0.013944240 0.130578771 -0.059880152 0.004384944 0.049322117 0.996976674
1305031115.879198 0.073610701 0.012212534 0.130669564 -0.059146807 0.012672869 0.056673758 0.996558666
1305031115.911118 0.095295049 0.014054295 0.131969824 -0.056974959 0.011402565 0.062519632 0.996350884
1305031115.943311 0.107069753 0.016228173 0.132172331 -0.057138808 0.018033758 0.068738014 0.995833814
1305031115.980740 0.118931681 0.019303851 0.133271813 -0.057532195 0.022991449 0.074421108 0.995300472
1305031116.011379 0.135758206 0.018910918 0.133598343 -0.061087225 0.029253844 0.078056514 0.994645536
1305031116.043164 0.149901420 0.022710690 0.138280705 -0.062578432 0.039879937 0.079561256 0.994064152
1305031116.080030 0.153086692 0.027780082 0.139119431 -0.065143473 0.053189851 0.083955385 0.992914200
1305031116.111300 0.162544325 0.027479863 0.142065987 -0.072260275 0.062945947 0.087090500 0.991580307
1305031116.143441 0.169563696 0.027237453 0.145693168 -0.076343618 0.071675956 0.089043900 0.990507662
1305031116.179572 0.176686019 0.028226532 0.147241741 -0.078695811 0.077448502 0.092265993 0.989593685
1305031116.211299 0.187426269 0.029385159 0.147856623 -0.082513586 0.081622064 0.095600791 0.988630295
1305031116.243320 0.200301766 0.021748701 0.150128692 -0.089303464 0.086051293 0.098514922 0.987377763
1305031116.279385 0.205249071 0.023739729 0.150063619 -0.088561364 0.096756585 0.100867242 0.986215413
1305031116.311336 0.211334273 0.024587780 0.148832604 -0.091168791 0.105439454 0.104576081 0.984700263
1305031116.343292 0.217114776 0.015703652 0.149660915 -0.096534669 0.111669123 0.107539319 0.983181775
1305031116.379384 0.224747553 0.012017354 0.147729725 -0.093287289 0.112700716 0.107780896 0.983351052
1305031116.411333 0.226136237 0.017949328 0.142217502 -0.086331323 0.114552587 0.112032138 0.983297229
1305031116.443369 0.225423872 0.019806489 0.140934363 -0.088027813 0.117337517 0.120544009 0.981810629
1305031116.479850 0.224733829 0.015211489 0.141014665 -0.090097487 0.119319670 0.124369919 0.980906427
1305031116.511205 0.222760856 0.016809884 0.139588341 -0.086838655 0.118262462 0.120921254 0.981759191
1305031116.543262 0.219771206 0.017534472 0.135829225 -0.083961032 0.117331810 0.117071807 0.982587397
1305031116.579313 0.207901970 0.020602845 0.135904431 -0.082358472 0.117906712 0.114111163 0.983002424
1305031116.611261 0.192716062 0.019237353 0.138704181 -0.081821516 0.116489522 0.106836170 0.984033287
1305031116.643355 0.183773324 0.019326098 0.134766996 -0.079992950 0.107925802 0.098464392 0.986031413
1305031116.679281 0.171571821 0.016809177 0.132806659 -0.081323937 0.101456009 0.088813521 0.987524807
1305031116.711634 0.164419457 0.020972380 0.132214338 -0.078424394 0.095165692 0.079944134 0.989142060
1305031116.743291 0.148447141 0.024312351 0.131892979 -0.077863142 0.092763647 0.068803854 0.990251601
1305031116.779298 0.135855287 0.022584196 0.131145597 -0.081334725 0.088506669 0.058229621 0.991040111
1305031116.811318 0.119326413 0.023401029 0.130894825 -0.079714783 0.086709477 0.050655719 0.991746426
1305031116.846089 0.108696103 0.024760427 0.126780853 -0.077273540 0.075393476 0.042899590 0.993229210
1305031116.880165 0.095566690 0.025720932 0.126370490 -0.078346886 0.064716958 0.036789037 0.994142890
1305031116.912044 0.081618667 0.024145920 0.125828832 -0.078565724 0.053856209 0.032495428 0.994922578
1305031116.943296 0.071388900 0.027610460 0.122162752 -0.077856779 0.038124345 0.025394918 0.995911658
1305031116.979351 0.045975678 0.029844414 0.122135684 -0.075801775 0.032365095 0.014576362 0.996490896
1305031117.011382 0.032618258 0.032963421 0.122391276 -0.072949655 0.020871343 0.005564433 0.997101665
1305031117.043261 0.017676968 0.037320331 0.120690644 -0.071904272 0.012038392 0.000398789 0.997338831
1305031117.079520 0.003113111 0.041768890 0.121211417 -0.072085999 0.003826592 -0.005856131 0.997373879
1305031117.111238 -0.009503224 0.040303860 0.115811951 -0.075427905 -0.006009765 -0.007079389 0.997107983
1305031117.143218 -0.016612343 0.043286182 0.113872208 -0.077406444 -0.017448712 -0.007377299 0.996819615
1305031117.179264 -0.024756856 0.043689512 0.113104239 -0.080555961 -0.025942825 -0.012715619 0.996331275
1305031117.211361 -0.026789542 0.044591989 0.115503311 -0.082343623 -0.034530103 -0.015438578 0.995885968
1305031117.243277 -0.028284036 0.049038123 0.114831395 -0.084085256 -0.037622578 -0.017283926 0.995598018
1305031117.279299 -0.029505612 0.047524400 0.117017783 -0.089213260 -0.037470169 -0.021985887 0.995064616
1305031117.311200 -0.032533981 0.045323174 0.117961571 -0.093322180 -0.035381503 -0.023656782 0.994725823
1305031117.343243 -0.034434676 0.042197417 0.118802339 -0.095544897 -0.035525791 -0.024553839 0.994487882
1305031117.379454 -0.035291985 0.038632121 0.119078420 -0.095567577 -0.035665058 -0.024832895 0.994473815
1305031117.411221 -0.037881747 0.033253461 0.118969396 -0.095376365 -0.036354851 -0.024110505 0.994484961
1305031117.443274 -0.036800407 0.031000718 0.117959715 -0.092278481 -0.038635489 -0.022938702 0.994718969
1305031117.479403 -0.038091123 0.025583740 0.118012227 -0.091342613 -0.039055753 -0.021463707 0.994821846
1305031117.511325 -0.038233571 0.018378181 0.118401185 -0.089288600 -0.040737130 -0.019940415 0.994972587
1305031117.544285 -0.039427098 0.015112451 0.117877342 -0.083931096 -0.041167021 -0.019541353 0.995429039
1305031117.579155 -0.040740501 0.010538559 0.118301682 -0.081066504 -0.042498618 -0.020962264 0.995581567
1305031117.611159 -0.041259602 0.005111456 0.120159276 -0.080225118 -0.044198547 -0.020377358 0.995587826
1305031117.643252 -0.042472396 -0.001014980 0.122203745 -0.078632392 -0.046014890 -0.019393470 0.995652318
1305031117.679262 -0.042840701 -0.005640831 0.123983100 -0.078148089 -0.048757482 -0.018750235 0.995572209
1305031117.711184 -0.041965377 -0.014348084 0.127811849 -0.079847813 -0.051929336 -0.016178008 0.995322049
1305031117.743184 -0.042079940 -0.022281937 0.131075501 -0.080190741 -0.054172151 -0.012965674 0.995221913
1305031117.779467 -0.042355496 -0.027812062 0.133002356 -0.079580538 -0.056518696 -0.011160386 0.995162308
1305031117.811320 -0.041204128 -0.039054938 0.138185501 -0.082348026 -0.059166800 -0.009152588 0.994803667
1305031117.843291 -0.037004363 -0.046871886 0.141578257 -0.080470473 -0.060684450 -0.007839675 0.994877100
1305031117.879451 -0.038085759 -0.052657552 0.144488484 -0.078668945 -0.057235740 -0.008076305 0.995223582
1305031117.911407 -0.039356049 -0.062130660 0.149043038 -0.078917377 -0.055293351 -0.008388257 0.995311141
1305031117.943253 -0.039865069 -0.067725353 0.151203051 -0.077133507 -0.053080544 -0.008614455 0.995569527
1305031117.979228 -0.042429011 -0.074492231 0.155676991 -0.078739502 -0.050651204 -0.009092323 0.995566130
1305031118.011228 -0.041553378 -0.086064205 0.161898479 -0.082053743 -0.051142499 -0.009238478 0.995271981
1305031118.043521 -0.041962665 -0.093899854 0.165595055 -0.081268087 -0.049739324 -0.008999112 0.995409727
1305031118.079334 -0.040820278 -0.099624105 0.170578539 -0.080573238 -0.049180284 -0.010312315 0.995481253
1305031118.111217 -0.038150329 -0.110177547 0.176048741 -0.081124537 -0.046324499 -0.011530772 0.995560050
1305031118.143256 -0.041437201 -0.117370851 0.178491011 -0.079642557 -0.040558800 -0.013577485 0.995905459
1305031118.179323 -0.041270509 -0.126744613 0.183358684 -0.079796404 -0.038193468 -0.015259285 0.995962322
1305031118.211202 -0.045270242 -0.136420444 0.185657084 -0.077587351 -0.034262441 -0.014149624 0.996296167
1305031118.243173 -0.047013398 -0.144141272 0.188375786 -0.074709550 -0.034648132 -0.014248229 0.996501386
1305031118.279194 -0.045380272 -0.154153824 0.192236647 -0.072228074 -0.035651699 -0.014178270 0.996649921
1305031118.311299 -0.046311621 -0.160866916 0.194205031 -0.065744765 -0.035635244 -0.014849610 0.997089386
1305031118.343324 -0.044081725 -0.164131179 0.197344095 -0.060589444 -0.035582792 -0.015269883 0.997411430
1305031118.379208 -0.047617868 -0.170725629 0.199055225 -0.056620117 -0.032714624 -0.017517447 0.997705936
1305031118.411296 -0.048666421 -0.171419263 0.200066179 -0.052758209 -0.034268942 -0.017187430 0.997871161
1305031118.445692 -0.045962594 -0.172991276 0.203125685 -0.052125216 -0.035463329 -0.014090880 0.997911215
1305031118.479285 -0.046698134 -0.176243097 0.204623222 -0.052158311 -0.035538461 -0.011927876 0.997934997
1305031118.511255 -0.044280268 -0.173668832 0.205210239 -0.049224943 -0.036563132 -0.010598016 0.998062015
1305031118.544414 -0.044410050 -0.168803692 0.205037341 -0.049252167 -0.035621051 -0.011583567 0.998083770
1305031118.579285 -0.042558718 -0.167395696 0.206230178 -0.051346697 -0.035229784 -0.011655307 0.997991264
1305031118.616142 -0.041072655 -0.162732393 0.205965251 -0.051170141 -0.033707421 -0.013787113 0.998025715
1305031118.645325 -0.042261083 -0.155223817 0.201805785 -0.051000431 -0.030700440 -0.016416129 0.998091698
1305031118.679295 -0.043152478 -0.150335252 0.200944692 -0.054253336 -0.029334368 -0.018368753 0.997927189
1305031118.711421 -0.044619877 -0.147617564 0.199723542 -0.055745855 -0.029222658 -0.021278393 0.997790396
1305031118.746770 -0.047169086 -0.139426127 0.194604650 -0.053130418 -0.030700866 -0.020876801 0.997897208
1305031118.779277 -0.045408413 -0.122728169 0.189731315 -0.052566059 -0.034985594 -0.020142002 0.997801185
1305031118.811221 -0.042530142 -0.124280855 0.190486193 -0.059834477 -0.038375176 -0.021780234 0.997232556
1305031118.846753 -0.038877893 -0.117799245 0.186224476 -0.056439914 -0.039427724 -0.020215506 0.997422338
1305031118.879208 -0.038937919 -0.098646611 0.177365780 -0.051771887 -0.036691580 -0.022291245 0.997735679
1305031118.911177 -0.039321292 -0.094798222 0.174367726 -0.055702392 -0.035531290 -0.024867311 0.997505069
1305031118.946974 -0.038887583 -0.084497266 0.168213904 -0.054184880 -0.034292672 -0.026475450 0.997590601
1305031118.979374 -0.040786710 -0.070154078 0.161735401 -0.053174920 -0.032642342 -0.030358931 0.997589707
1305031119.011363 -0.041964006 -0.061449144 0.157383606 -0.056626827 -0.032590121 -0.032629672 0.997329712
1305031119.047172 -0.043421917 -0.052733250 0.152152434 -0.058132026 -0.032733582 -0.033585541 0.997206688
1305031119.079223 -0.046019435 -0.044906702 0.146081030 -0.058686037 -0.034029860 -0.033807911 0.997123361
1305031119.111328 -0.045913212 -0.036878638 0.141438484 -0.058947966 -0.037832264 -0.032997314 0.996998012
1305031119.147616 -0.047573164 -0.025550537 0.136242315 -0.057935290 -0.040678136 -0.031425342 0.996996105
1305031119.179226 -0.046899565 -0.022147322 0.132236555 -0.059742067 -0.045263737 -0.031742420 0.996681750
1305031119.211364 -0.044909455 -0.012329415 0.126587182 -0.056521263 -0.047769919 -0.029847132 0.996811152
1305031119.247399 -0.045605708 -0.003525662 0.122298270 -0.055579133 -0.048720177 -0.028914334 0.996845663
1305031119.279212 -0.044786502 0.005096939 0.117889263 -0.055005915 -0.049892355 -0.028884713 0.996820331
1305031119.311212 -0.044852886 0.012758227 0.114780039 -0.055002555 -0.050427880 -0.026052307 0.996871650
1305031119.347741 -0.045924272 0.018723348 0.111446857 -0.054526009 -0.051806018 -0.023987586 0.996878982
1305031119.379239 -0.045532029 0.030067965 0.107002854 -0.052600820 -0.054029964 -0.023265472 0.996881485
1305031119.411484 -0.042126171 0.037239276 0.104452945 -0.053645004 -0.055121563 -0.022415046 0.996785581
1305031119.447706 -0.041500084 0.043816026 0.102090657 -0.054664228 -0.052967049 -0.021972248 0.996856868
1305031119.479267 -0.042965837 0.054985207 0.098439813 -0.051737573 -0.050315853 -0.022897718 0.997129500
1305031119.511240 -0.045189600 0.064103760 0.095483437 -0.052759774 -0.048332378 -0.022296140 0.997187674
1305031119.547382 -0.044662073 0.073769711 0.092653498 -0.053352457 -0.048625004 -0.020626782 0.997177839
1305031119.579559 -0.042850383 0.085995026 0.090120278 -0.053982329 -0.048275318 -0.020134179 0.997170985
1305031119.615017 -0.045455191 0.092118934 0.088442184 -0.058295131 -0.045226950 -0.020002255 0.997073770
1305031119.647903 -0.046559259 0.104819193 0.086089358 -0.059070021 -0.044375259 -0.019079534 0.997084498
1305031119.679208 -0.043540001 0.114901416 0.085119426 -0.062432386 -0.043492969 -0.020939240 0.996881187
1305031119.715232 -0.044312455 0.121306598 0.084401406 -0.068890750 -0.038735814 -0.018229680 0.996705174
1305031119.747193 -0.048798922 0.127817661 0.082932293 -0.072531693 -0.035502087 -0.013762085 0.996639013
1305031119.779169 -0.050545935 0.137713760 0.082290649 -0.074375354 -0.036569279 -0.011760265 0.996490180
1305031119.814537 -0.048646357 0.145733207 0.081071422 -0.076050185 -0.038359061 -0.007516966 0.996337473
1305031119.847429 -0.047904599 0.153654248 0.080015123 -0.078293212 -0.037635382 -0.003032475 0.996215105
1305031119.879214 -0.047336102 0.157008156 0.079381615 -0.079939954 -0.036217038 -0.003032110 0.996136904
1305031119.911401 -0.049105275 0.169727176 0.075577021 -0.076819994 -0.033498496 -0.002218263 0.996479630
1305031119.947392 -0.048408899 0.174908355 0.074944839 -0.081531905 -0.032289874 -0.002165360 0.996145189
1305031119.979537 -0.046950750 0.178490266 0.073918536 -0.084265560 -0.029929066 -0.003173408 0.995988727
1305031120.015264 -0.049465813 0.190455958 0.071578719 -0.084958620 -0.025594793 -0.001636240 0.996054351
1305031120.047290 -0.053216975 0.186669961 0.071113802 -0.095623560 -0.023127720 -0.000589517 0.995148659
1305031120.079418 -0.055848785 0.187782019 0.070281073 -0.096927956 -0.023880975 0.001577183 0.995003641
1305031120.115232 -0.054865669 0.191994011 0.069679543 -0.096724652 -0.026891105 0.003491647 0.994941711
1305031120.148157 -0.052855831 0.187082201 0.070629478 -0.100909010 -0.028506456 0.004116957 0.994478643
1305031120.179246 -0.051197689 0.181289330 0.071248695 -0.101807423 -0.028746849 0.006968265 0.994364262
1305031120.215249 -0.051619172 0.175714880 0.072064042 -0.098722078 -0.028543537 0.007134143 0.994679987
1305031120.248003 -0.051078834 0.173979074 0.072334677 -0.093906693 -0.028752448 0.004618149 0.995155036
1305031120.279430 -0.050594568 0.168131217 0.073365696 -0.091425307 -0.028164508 0.002882108 0.995409429
1305031120.315196 -0.049991813 0.160985678 0.075025693 -0.089679472 -0.028120266 0.000926011 0.995573223
1305031120.347787 -0.049784109 0.154072687 0.077034906 -0.086383589 -0.027709490 -0.000993735 0.995876014
1305031120.379437 -0.049161229 0.145375907 0.079784386 -0.085804790 -0.028229041 -0.001415977 0.995911002
1305031120.415445 -0.046919733 0.131250754 0.084634736 -0.082386158 -0.029972678 -0.001723533 0.996148169
1305031120.447417 -0.048091616 0.129037768 0.086751394 -0.072976761 -0.029941585 -0.001871160 0.996882379
1305031120.479432 -0.046730179 0.116856024 0.090634882 -0.072391242 -0.031214071 -0.001350473 0.996886849
1305031120.514819 -0.047910545 0.106862478 0.095181175 -0.066613637 -0.032613683 0.000789364 0.997245371
1305031120.547736 -0.048492789 0.099418841 0.098841786 -0.060195152 -0.035458982 0.002348310 0.997553885
1305031120.579551 -0.050394222 0.094327405 0.102294780 -0.056222565 -0.038506515 0.005484974 0.997660339
1305031120.615236 -0.048237886 0.083966479 0.107064724 -0.054372832 -0.043745175 0.007865555 0.997530997
1305031120.647354 -0.046812672 0.077252418 0.110632531 -0.049251910 -0.047044437 0.008248433 0.997643709
1305031120.679318 -0.044952899 0.071673043 0.114449568 -0.046427920 -0.049226876 0.009376687 0.997663915
1305031120.714522 -0.045195468 0.064486109 0.117957346 -0.044456646 -0.049624134 0.010024160 0.997727692
1305031120.747369 -0.046156786 0.055735715 0.121156335 -0.044051517 -0.051334620 0.010117169 0.997658193
1305031120.779894 -0.043297041 0.046277985 0.125360340 -0.042722348 -0.054612953 0.010260147 0.997540474
1305031120.814944 -0.043796998 0.041625518 0.127113596 -0.039138839 -0.054465115 0.009443752 0.997703612
1305031120.847921 -0.043497443 0.032842949 0.130453333 -0.040613819 -0.055580080 0.007546854 0.997599304
1305031120.883435 -0.040728346 0.024052693 0.134052962 -0.038760461 -0.056361195 0.005904583 0.997640312
1305031120.915444 -0.041724488 0.018191176 0.135027364 -0.036972333 -0.054426637 0.004083366 0.997824669
1305031120.947488 -0.042346433 0.009155295 0.138026968 -0.037781280 -0.053941242 0.001927868 0.997827232
1305031120.983366 -0.043404426 0.001259104 0.140566081 -0.037499618 -0.053622134 -0.000189857 0.997856915
1305031121.015019 -0.042593259 -0.007895602 0.142560810 -0.036754716 -0.054687563 -0.001180499 0.997826099
1305031121.047498 -0.043929525 -0.012035143 0.143793941 -0.035027388 -0.053929191 -0.002278707 0.997927606
1305031121.083099 -0.045284156 -0.024108145 0.146879956 -0.035725884 -0.054885171 -0.003837268 0.997845948
1305031121.114696 -0.044559497 -0.030084353 0.147683024 -0.032913864 -0.056482963 -0.003166769 0.997855842
1305031121.147331 -0.045265213 -0.037439074 0.149508417 -0.031305790 -0.056966800 -0.003818814 0.997877836
1305031121.183271 -0.045693688 -0.045405906 0.151642397 -0.029768344 -0.058241110 -0.004695293 0.997847557
1305031121.211420 -0.043456189 -0.054349001 0.153999850 -0.027954135 -0.058774475 -0.004677978 0.997868836
1305031121.247194 -0.046448655 -0.059690371 0.154544160 -0.025473844 -0.056249324 -0.005355122 0.998077393
1305031121.282876 -0.047034517 -0.069245532 0.157373875 -0.026517605 -0.057593945 -0.004291190 0.997978628
1305031121.313568 -0.045841392 -0.078707017 0.160511479 -0.024515212 -0.058239929 -0.003610657 0.997995019
1305031121.347517 -0.048443433 -0.084544994 0.161676317 -0.022311874 -0.058425266 -0.002398243 0.998039544
1305031121.383226 -0.044878475 -0.096485399 0.166461825 -0.022573141 -0.061301522 -0.001391173 0.997863054
1305031121.414318 -0.045421798 -0.102723449 0.167788878 -0.017714240 -0.060117591 -0.002779488 0.998030245
1305031121.447319 -0.045495920 -0.108013555 0.170358732 -0.016135884 -0.059846062 -0.002089517 0.998075008
1305031121.482964 -0.043463524 -0.120100081 0.175030857 -0.016214859 -0.058689356 -0.000646399 0.998144388
1305031121.514107 -0.047675200 -0.123526759 0.173575431 -0.011828687 -0.055289607 -0.000278211 0.998400271
1305031121.547270 -0.047349729 -0.128304124 0.175966337 -0.012728551 -0.055424467 0.000286504 0.998381674
1305031121.583204 -0.047083415 -0.138661683 0.179717630 -0.015317329 -0.054227702 -0.000644135 0.998410881
1305031121.614700 -0.046680398 -0.145503357 0.181976691 -0.014284014 -0.052664984 -0.001829029 0.998508394
1305031121.647183 -0.045721203 -0.148722589 0.184153482 -0.012882527 -0.048940104 -0.004424397 0.998708844
1305031121.683200 -0.049824383 -0.155820742 0.184760362 -0.015530435 -0.043730117 -0.006152604 0.998903692
1305031121.714520 -0.052096248 -0.163154483 0.185970113 -0.016829183 -0.042289164 -0.005264508 0.998949766
1305031121.747145 -0.052039586 -0.166001141 0.188562542 -0.018068954 -0.042219106 -0.004916804 0.998932838
1305031121.782835 -0.050960731 -0.173161060 0.191564783 -0.020712217 -0.042268731 -0.002649638 0.998888075
1305031121.811540 -0.048706688 -0.175364405 0.194651738 -0.021488849 -0.041954849 -0.000272624 0.998888373
1305031121.847335 -0.049726937 -0.177717015 0.195475414 -0.023256220 -0.039893080 0.002584070 0.998929918
1305031121.882060 -0.050339375 -0.180227533 0.196301445 -0.025867209 -0.039554566 0.008647095 0.998845160
1305031121.914931 -0.051907018 -0.180849075 0.196146682 -0.027541345 -0.040646881 0.010506293 0.998738647
1305031121.947288 -0.050094299 -0.181558371 0.196988866 -0.027823739 -0.043252107 0.010218756 0.998624384
1305031121.982926 -0.048551537 -0.176645741 0.196823269 -0.026789078 -0.043435074 0.009931900 0.998647630
1305031122.014256 -0.050566047 -0.174929827 0.194784448 -0.027579149 -0.042576842 0.007631143 0.998683333
1305031122.047306 -0.050694007 -0.170081615 0.193000719 -0.026157834 -0.043897808 0.003899654 0.998685896
1305031122.082959 -0.049495101 -0.164701968 0.191601261 -0.025261711 -0.044883572 0.000366889 0.998672724
1305031122.114672 -0.050464686 -0.155074060 0.187905282 -0.022853691 -0.044542067 -0.003189983 0.998740971
1305031122.150725 -0.049589902 -0.148309723 0.185517356 -0.023372775 -0.045109544 -0.008579754 0.998671710
1305031122.183042 -0.047516312 -0.139277458 0.182428882 -0.021246273 -0.044797938 -0.012861479 0.998687327
1305031122.214959 -0.048543625 -0.120002151 0.176900581 -0.020345567 -0.042776797 -0.018191773 0.998711765
1305031122.251319 -0.049125031 -0.117389165 0.174785957 -0.027549883 -0.042011987 -0.021569101 0.998504281
1305031122.283560 -0.051209278 -0.106227003 0.170375466 -0.027240474 -0.042220097 -0.023617625 0.998457611
1305031122.314289 -0.052603550 -0.088481247 0.165934518 -0.030194720 -0.044082463 -0.027553506 0.998191297
1305031122.351327 -0.052519307 -0.083184361 0.163150370 -0.037507731 -0.046513062 -0.030275563 0.997754037
1305031122.382630 -0.055195786 -0.072339199 0.158100411 -0.041419137 -0.047612354 -0.031078523 0.997522771
1305031122.414997 -0.057135157 -0.066109218 0.154200852 -0.045658056 -0.051260885 -0.031545039 0.997142196
1305031122.451257 -0.057600237 -0.056384046 0.148680031 -0.047142159 -0.055661485 -0.030210704 0.996878505
1305031122.483360 -0.058385368 -0.048257418 0.144526675 -0.050129425 -0.060252815 -0.030319737 0.996462405
1305031122.515097 -0.056423087 -0.040645257 0.139930844 -0.051634345 -0.064738296 -0.031483512 0.996068060
1305031122.551490 -0.053549562 -0.030947350 0.135572046 -0.052566495 -0.066609696 -0.032829709 0.995852470
1305031122.583208 -0.054005053 -0.022984995 0.131978542 -0.053888064 -0.065092377 -0.034246314 0.995834410
1305031122.614980 -0.056632988 -0.017038245 0.128458828 -0.055129241 -0.064493991 -0.033635292 0.995826244
1305031122.648788 -0.056599036 -0.007192979 0.124084584 -0.053161424 -0.066388033 -0.032386709 0.995850146
1305031122.683402 -0.056892183 0.001638276 0.119816020 -0.052532837 -0.067469910 -0.030903338 0.995857954
1305031122.715208 -0.058629662 0.010512868 0.116562530 -0.052129589 -0.069600865 -0.028228087 0.995811939
1305031122.751298 -0.056212481 0.022620734 0.112558417 -0.050592579 -0.073026597 -0.027473371 0.995666981
1305031122.783423 -0.055915158 0.035631076 0.109787665 -0.052018035 -0.073267177 -0.028057447 0.995559573
1305031122.812555 -0.054046974 0.041080181 0.108848408 -0.057782352 -0.073285520 -0.028819587 0.995218515
1305031122.851418 -0.050503500 0.049141780 0.107646920 -0.059232939 -0.070780292 -0.030819442 0.995254636
1305031122.883754 -0.052457839 0.059206307 0.104378320 -0.061217718 -0.063603804 -0.030015444 0.995643497
1305031122.914571 -0.055923741 0.062495187 0.103201494 -0.065729395 -0.059900045 -0.029454621 0.995602369
1305031122.951341 -0.056382563 0.068731055 0.101121023 -0.066592954 -0.059097826 -0.028507246 0.995620489
1305031122.982815 -0.058756165 0.078218229 0.097850308 -0.067109108 -0.058120951 -0.024886582 0.995740414
1305031123.015450 -0.057248365 0.082030542 0.097022004 -0.070353188 -0.060006686 -0.021931360 0.995474041
1305031123.051827 -0.056526802 0.087121226 0.095518656 -0.069860503 -0.059839465 -0.020635609 0.995546579
1305031123.082975 -0.057142999 0.098291144 0.092367508 -0.067563429 -0.058697339 -0.017946128 0.995825171
1305031123.113873 -0.056386214 0.107059993 0.090209812 -0.069998272 -0.057909239 -0.015428127 0.995745301
1305031123.150822 -0.057184692 0.113655947 0.089049153 -0.072688833 -0.056869488 -0.015290374 0.995614588
1305031123.182155 -0.054311473 0.124127820 0.087305255 -0.073403835 -0.056259438 -0.014716772 0.995605469
1305031123.214704 -0.054056857 0.132970855 0.086395115 -0.076895259 -0.051558357 -0.015260290 0.995588303
1305031123.250618 -0.054775797 0.146201685 0.084872976 -0.079751909 -0.047511857 -0.016158499 0.995550692
1305031123.282347 -0.052628044 0.153497890 0.085069582 -0.088084042 -0.045508202 -0.013130709 0.994986355
1305031123.311327 -0.051060941 0.160350308 0.085496239 -0.093369193 -0.042288896 -0.012403993 0.994655728
1305031123.350481 -0.051504020 0.167403623 0.085273325 -0.097848482 -0.037816234 -0.011785812 0.994412720
1305031123.382255 -0.048446484 0.175575852 0.085128903 -0.101620272 -0.034668505 -0.008035383 0.994186521
1305031123.411363 -0.050117988 0.179712236 0.084143169 -0.105433814 -0.028780513 -0.006519813 0.993988395
1305031123.451255 -0.050926883 0.188264325 0.082362801 -0.106321290 -0.025849974 -0.004890994 0.993983686
1305031123.483594 -0.049501926 0.195653573 0.081689708 -0.109814055 -0.024621904 -0.000191931 0.993647158
1305031123.511360 -0.048820484 0.200759500 0.080769300 -0.112979189 -0.023115549 0.002325228 0.993325710
1305031123.551513 -0.048501700 0.207275108 0.079161406 -0.114082597 -0.023189265 0.004526869 0.993190289
1305031123.579583 -0.046731167 0.213534787 0.078929976 -0.115913570 -0.023496581 0.008060776 0.992948651
1305031123.611335 -0.045839205 0.221644193 0.077359058 -0.115662903 -0.022254543 0.009167328 0.992996871
1305031123.652411 -0.042825982 0.228202254 0.077025786 -0.119035669 -0.021661263 0.009482058 0.992608368
1305031123.683753 -0.041291084 0.236345589 0.076762363 -0.120899737 -0.018726265 0.010674574 0.992430627
1305031123.711323 -0.041786999 0.242302388 0.076489761 -0.124243692 -0.014596635 0.011945791 0.992072403
1305031123.751723 -0.042174507 0.242225960 0.075716063 -0.129491836 -0.012164896 0.013775326 0.991410196
1305031123.783858 -0.043148451 0.242598221 0.074237570 -0.132190138 -0.011762325 0.015382647 0.991035223
1305031123.811608 -0.042187028 0.245136619 0.072975419 -0.132470906 -0.012420016 0.016441053 0.990972698
1305031123.851444 -0.041767165 0.244716793 0.072081268 -0.134085059 -0.012626641 0.018550592 0.990715683
1305031123.883786 -0.044073373 0.243506700 0.072012439 -0.134042233 -0.012550020 0.019689675 0.990700483
1305031123.911243 -0.042041335 0.241715893 0.071703017 -0.130993560 -0.015186230 0.018486816 0.991094470
1305031123.951442 -0.041491590 0.240651488 0.071444578 -0.130962551 -0.015956394 0.020011563 0.991056919
1305031123.983415 -0.043952040 0.225874841 0.072346061 -0.139797121 -0.016564077 0.021829106 0.989800930
1305031124.011302 -0.044095300 0.220378697 0.074497171 -0.135128424 -0.020507595 0.021410590 0.990384459
1305031124.051505 -0.043729715 0.222656116 0.075239509 -0.127091020 -0.023909228 0.021761084 0.991364062
1305031124.083837 -0.043229036 0.214940667 0.077669531 -0.128002316 -0.026951853 0.022616804 0.991149604
1305031124.111331 -0.040951673 0.202181041 0.080953002 -0.125543207 -0.031185430 0.021220116 0.991370797
1305031124.147446 -0.042283121 0.204537854 0.083819859 -0.115544289 -0.031946857 0.019532809 0.992596269
1305031124.182694 -0.041441053 0.192996338 0.086127415 -0.117863581 -0.033496499 0.017836642 0.992304385
1305031124.211396 -0.039786115 0.181521013 0.089769639 -0.114035137 -0.035612941 0.015557766 0.992716312
1305031124.249327 -0.041848026 0.178860977 0.090270907 -0.106564827 -0.035857476 0.015000077 0.993545771
1305031124.282545 -0.043425843 0.173522994 0.092158481 -0.105392136 -0.039296363 0.014820704 0.993543506
1305031124.311361 -0.041043893 0.158931389 0.095610604 -0.105314270 -0.044606443 0.015159573 0.993322372
1305031124.350354 -0.041524675 0.154718071 0.096949331 -0.098657109 -0.047596656 0.014076646 0.993882895
1305031124.382420 -0.039249916 0.144932404 0.099209495 -0.096394621 -0.050941318 0.013048140 0.993953109
1305031124.411439 -0.039672606 0.135999769 0.101058289 -0.091599569 -0.052022018 0.012552050 0.994356930
1305031124.450245 -0.039593812 0.126428440 0.102170810 -0.085354201 -0.053166434 0.010536955 0.994875371
1305031124.480099 -0.040206365 0.116079725 0.103648432 -0.079936229 -0.053905599 0.007972434 0.995309472
1305031124.511324 -0.041702498 0.109464832 0.104708180 -0.072370030 -0.054846156 0.005881472 0.995851338
1305031124.550437 -0.043370128 0.100573421 0.106350847 -0.068343811 -0.055768874 0.002776524 0.996098042
1305031124.579404 -0.043412182 0.090586290 0.108572677 -0.064941734 -0.058268357 0.000553619 0.996186256
1305031124.611358 -0.042744663 0.079595424 0.111573748 -0.060897548 -0.061130501 -0.001224892 0.996269584
1305031124.651271 -0.042982705 0.071430080 0.113964573 -0.056859031 -0.063308798 -0.002944867 0.996368587
1305031124.679362 -0.040768906 0.059286457 0.117866151 -0.054227907 -0.066202872 -0.004313644 0.996322215
1305031124.711251 -0.040494427 0.051565189 0.120680474 -0.049224697 -0.066377841 -0.006340952 0.996559441
1305031124.749890 -0.041775882 0.040710010 0.123704642 -0.047614589 -0.065920919 -0.008331014 0.996653378
1305031124.779365 -0.042554390 0.030329188 0.127449423 -0.044614863 -0.067011677 -0.009443222 0.996709466
1305031124.811360 -0.042180896 0.022032864 0.130840257 -0.042343810 -0.068109423 -0.009606695 0.996732593
1305031124.850535 -0.042289324 0.010521435 0.135991409 -0.042994950 -0.069640614 -0.010179409 0.996593177
1305031124.879355 -0.038722705 0.000037774 0.141836911 -0.040959068 -0.071256518 -0.010774801 0.996558428
1305031124.911448 -0.039690323 -0.006409817 0.145162940 -0.038823873 -0.068270117 -0.011196993 0.996848285
1305031124.950730 -0.039334469 -0.015625795 0.151048303 -0.041750547 -0.067343593 -0.011173426 0.996793270
1305031124.979438 -0.040876560 -0.031453155 0.156940401 -0.042662833 -0.066045068 -0.009604014 0.996857882
1305031125.011454 -0.044139728 -0.038830742 0.159665063 -0.037413687 -0.067220502 -0.008666474 0.996998727
1305031125.050763 -0.039860584 -0.043153211 0.163926184 -0.034677308 -0.071156710 -0.007144674 0.996836543
1305031125.079364 -0.040222667 -0.052735448 0.168117076 -0.036102373 -0.070067331 -0.004034474 0.996880591
1305031125.111364 -0.041760519 -0.063650429 0.171660289 -0.036129359 -0.070646256 -0.003183954 0.996841788
1305031125.151013 -0.040453866 -0.070141219 0.174455509 -0.031827744 -0.071459346 -0.005466469 0.996920586
1305031125.179353 -0.041407246 -0.071895488 0.176195040 -0.030740863 -0.068540007 -0.004423279 0.997164786
1305031125.211320 -0.043264277 -0.083255440 0.180533454 -0.035218708 -0.066786312 -0.004486706 0.997135460
1305031125.250632 -0.045338817 -0.094052874 0.182760671 -0.034077737 -0.066111989 -0.007223407 0.997204006
1305031125.279467 -0.045662396 -0.097166292 0.183998376 -0.030478919 -0.065998942 -0.008053292 0.997321546
1305031125.311493 -0.045495436 -0.106377147 0.188290387 -0.031167379 -0.064645357 -0.007594924 0.997392535
1305031125.348880 -0.048127737 -0.110891387 0.189175516 -0.026979432 -0.062581189 -0.010875403 0.997615874
1305031125.379401 -0.044869933 -0.114277944 0.193662062 -0.026639752 -0.062025826 -0.014871662 0.997608125
1305031125.411335 -0.044313580 -0.118637234 0.196902499 -0.026823401 -0.056060638 -0.015396303 0.997948229
1305031125.451195 -0.046333626 -0.123580709 0.199020296 -0.029819312 -0.050245754 -0.017363425 0.998140574
1305031125.479424 -0.046597458 -0.131792143 0.201321810 -0.030417826 -0.046299662 -0.019188652 0.998279989
1305031125.511316 -0.047895044 -0.131257966 0.201274037 -0.028913040 -0.042001262 -0.019705124 0.998504698
1305031125.551020 -0.047092155 -0.134157002 0.202045679 -0.030120833 -0.039350610 -0.021403927 0.998542011
1305031125.579308 -0.046537559 -0.135802984 0.203038797 -0.031502120 -0.036016993 -0.023771439 0.998571634
1305031125.611533 -0.048088159 -0.141528562 0.202566147 -0.032168586 -0.032191761 -0.024251632 0.998669505
1305031125.650575 -0.053013679 -0.143982589 0.199433610 -0.028323434 -0.030224716 -0.021322975 0.998914182
1305031125.679328 -0.056450747 -0.137508407 0.193064615 -0.022920223 -0.032988783 -0.020542709 0.998981655
1305031125.711443 -0.053036861 -0.138657302 0.193880007 -0.022485785 -0.039945967 -0.018549938 0.998776555
1305031125.751260 -0.050813437 -0.128096819 0.188873962 -0.015984073 -0.042804647 -0.016963344 0.998811543
1305031125.779348 -0.049491737 -0.121997736 0.186976179 -0.015952948 -0.044232059 -0.019693777 0.998699725
1305031125.811573 -0.047583349 -0.113874756 0.183389306 -0.015097110 -0.044101134 -0.020454336 0.998703539
1305031125.847412 -0.048763450 -0.107788950 0.180514351 -0.017082373 -0.042102009 -0.022888083 0.998705029
1305031125.879318 -0.051000800 -0.101022154 0.176016450 -0.017098039 -0.041869394 -0.023512006 0.998700082
1305031125.911305 -0.053987004 -0.090405174 0.170920834 -0.019657997 -0.043905523 -0.022589143 0.998586833
1305031125.947343 -0.055972688 -0.087258630 0.167739064 -0.024084974 -0.049916808 -0.020218691 0.998258233
1305031125.979324 -0.054612890 -0.075957961 0.164473206 -0.023470694 -0.057735320 -0.016554471 0.997918665
1305031126.011333 -0.050890122 -0.063834935 0.163598314 -0.024566473 -0.064622834 -0.016254082 0.997474909
1305031126.047324 -0.045454793 -0.052958988 0.162429661 -0.027128110 -0.067923851 -0.015277603 0.997204602
1305031126.079356 -0.044562869 -0.041076593 0.160159230 -0.030355800 -0.066532493 -0.014350048 0.997219145
1305031126.111370 -0.044011816 -0.033376478 0.159758747 -0.034383912 -0.065978020 -0.015427860 0.997109115
1305031126.147432 -0.043845654 -0.019512566 0.157014400 -0.035410285 -0.064563669 -0.013488594 0.997193933
1305031126.179384 -0.044642340 -0.006312104 0.154588550 -0.040664084 -0.064323671 -0.012524622 0.997021556
1305031126.211319 -0.041705251 -0.000802013 0.154324695 -0.046616070 -0.066035554 -0.012041545 0.996655047
1305031126.247298 -0.040402174 0.013792350 0.151689723 -0.047663655 -0.065064736 -0.011276509 0.996678293
1305031126.279363 -0.039748758 0.023691786 0.149888784 -0.051566958 -0.063424125 -0.012437312 0.996575892
1305031126.311332 -0.038275428 0.036391504 0.147700131 -0.054663613 -0.060771722 -0.013562744 0.996561468
1305031126.347363 -0.038701393 0.044237155 0.146023408 -0.059439112 -0.056769367 -0.015196834 0.996500492
1305031126.379423 -0.040306292 0.053756971 0.143621504 -0.062417921 -0.053182926 -0.016924918 0.996488392
1305031126.411465 -0.041163247 0.064410023 0.141228437 -0.066084877 -0.051245037 -0.018761832 0.996320605
1305031126.447361 -0.041344456 0.069318227 0.139639542 -0.071716964 -0.049712062 -0.017848367 0.996025503
1305031126.479533 -0.043509264 0.077509619 0.136282191 -0.073519208 -0.048863728 -0.015306829 0.995978415
1305031126.511410 -0.043930933 0.090205804 0.132817313 -0.074693546 -0.050248634 -0.013725433 0.995845139
1305031126.547374 -0.039530572 0.097553924 0.132412359 -0.080828853 -0.052680228 -0.012564559 0.995255530
1305031126.579454 -0.037926897 0.105011210 0.131064832 -0.084718622 -0.051145375 -0.010746565 0.995033383
1305031126.611528 -0.037448965 0.111806050 0.129678383 -0.089896522 -0.049522199 -0.009105014 0.994677484
1305031126.647376 -0.034688618 0.114244744 0.129246086 -0.095183082 -0.048862845 -0.006931084 0.994235694
1305031126.679479 -0.034997027 0.119609922 0.126976579 -0.096674167 -0.046260476 -0.002830096 0.994236469
1305031126.711583 -0.033664122 0.124475412 0.125569552 -0.099484749 -0.045205887 0.000222660 0.994011641
1305031126.747316 -0.032689057 0.125224411 0.124398917 -0.101750351 -0.043644797 0.003085011 0.993847311
1305031126.779379 -0.032778464 0.131300837 0.121858649 -0.100187749 -0.042313881 0.006322400 0.994048297
1305031126.811602 -0.029442862 0.134569064 0.120977305 -0.100359365 -0.041568685 0.006882892 0.994058669
1305031126.847343 -0.028383486 0.137834996 0.119049937 -0.100427888 -0.038111705 0.007601362 0.994185030
1305031126.879357 -0.028784409 0.139565021 0.117455676 -0.101261623 -0.035725988 0.008070258 0.994185388
1305031126.911364 -0.027338512 0.140472159 0.116392262 -0.101577282 -0.034085929 0.007347125 0.994216383
1305031126.947437 -0.028657768 0.142012373 0.114769727 -0.101963125 -0.032189276 0.009128389 0.994225383
1305031126.979337 -0.028444119 0.140046462 0.114187360 -0.103554063 -0.033054963 0.010290247 0.994021118
1305031127.011371 -0.027584419 0.139321685 0.113881916 -0.102494389 -0.034341607 0.010505210 0.994085133
1305031127.047297 -0.027565174 0.140291438 0.113223746 -0.101230942 -0.034561995 0.011605942 0.994194686
1305031127.079299 -0.027920514 0.139435470 0.113632225 -0.101802289 -0.034932449 0.011739003 0.994121850
1305031127.111435 -0.029915977 0.136781365 0.113369629 -0.102396131 -0.036106642 0.012602512 0.994008303
1305031127.147307 -0.029750649 0.134076476 0.114074312 -0.101850003 -0.039686862 0.013596710 0.993914783
1305031127.179349 -0.029424485 0.134423956 0.114355750 -0.098923944 -0.042754982 0.012741618 0.994094431
1305031127.211700 -0.027805286 0.132551402 0.115757175 -0.098667003 -0.045031503 0.012801173 0.994018674
1305031127.247374 -0.027353503 0.128018871 0.117190808 -0.098103851 -0.045468573 0.011911402 0.994065583
1305031127.279465 -0.028809085 0.129025042 0.117182046 -0.094287500 -0.044938065 0.010726048 0.994472444
1305031127.311362 -0.029740304 0.126422942 0.118700743 -0.094981089 -0.045508273 0.010108714 0.994386971
1305031127.347356 -0.029401131 0.120044768 0.120837696 -0.095212676 -0.047416568 0.009561598 0.994281054
1305031127.379262 -0.030645210 0.121829294 0.121079519 -0.090693749 -0.047943324 0.008937825 0.994683981
1305031127.411371 -0.030885175 0.120182320 0.122455508 -0.090637229 -0.049103655 0.008461218 0.994636714
1305031127.447333 -0.030448098 0.114970185 0.124756277 -0.091530874 -0.050758410 0.008465265 0.994471729
1305031127.479362 -0.031841006 0.116618320 0.125032991 -0.088182218 -0.051219802 0.007326925 0.994759679
1305031127.511356 -0.032673694 0.116005220 0.126457825 -0.088961087 -0.052064925 0.006195563 0.994654119
1305031127.547348 -0.031831846 0.111392453 0.128618360 -0.090347394 -0.053625211 0.006259448 0.994445801
1305031127.579345 -0.032591879 0.111720569 0.128771976 -0.087950096 -0.053705283 0.005897542 0.994658589
1305031127.611271 -0.033066563 0.112948731 0.129377693 -0.087519869 -0.054102372 0.005557664 0.994677007
1305031127.647358 -0.031966850 0.109458193 0.131231591 -0.089704506 -0.055047479 0.007172873 0.994420111
1305031127.679298 -0.032998949 0.108363323 0.131533280 -0.088236757 -0.054975856 0.007686744 0.994551539
1305031127.711375 -0.033500873 0.110605866 0.130989671 -0.086419940 -0.055503044 0.007080242 0.994686306
1305031127.747304 -0.032663833 0.108044460 0.131856427 -0.088515274 -0.056402277 0.007258893 0.994450212
1305031127.779346 -0.032995850 0.105430014 0.132509589 -0.088289835 -0.056446653 0.007432625 0.994466424
1305031127.811829 -0.033650562 0.107311144 0.132072985 -0.085748717 -0.056618799 0.006346419 0.994686484
1305031127.847366 -0.034420401 0.106657237 0.131933749 -0.086059324 -0.056292236 0.005216321 0.994684756
1305031127.879380 -0.035012484 0.105253100 0.132337302 -0.086537480 -0.056488827 0.004945846 0.994633496
1305031127.911476 -0.035900310 0.105440661 0.132285818 -0.085953668 -0.057012323 0.004602068 0.994655907
1305031127.947366 -0.036333144 0.106552184 0.132586375 -0.086021997 -0.057718314 0.004558188 0.994609475
1305031127.979371 -0.035850588 0.105202816 0.134441778 -0.088245690 -0.058878813 0.004703145 0.994345963
1305031128.011427 -0.034436885 0.105371237 0.135832518 -0.089178719 -0.059723794 0.004584009 0.994212866
1305031128.047369 -0.033930205 0.103547253 0.138049275 -0.092101619 -0.059003808 0.005492742 0.993984759
1305031128.079334 -0.034242645 0.100660130 0.139455497 -0.092929713 -0.058503967 0.006261033 0.993932664
1305031128.111391 -0.033963829 0.100719407 0.140618816 -0.092067733 -0.058937304 0.007133282 0.993981421
1305031128.147418 -0.033534527 0.100607902 0.141790405 -0.092593163 -0.059175074 0.008711315 0.993905902
1305031128.179350 -0.032036196 0.096159920 0.143680230 -0.093752474 -0.059908312 0.010028467 0.993740857
1305031128.211447 -0.033118945 0.097713917 0.142761514 -0.090859227 -0.059231270 0.010403536 0.994046271
1305031128.247480 -0.033496365 0.098303482 0.142607883 -0.090859458 -0.059507970 0.010604688 0.994027615
1305031128.279336 -0.033082649 0.095475063 0.143923476 -0.092065886 -0.060111765 0.010619155 0.993880153
1305031128.311483 -0.033529606 0.096695498 0.143448099 -0.090098441 -0.059938628 0.009954859 0.994077742
1305031128.347423 -0.033937193 0.096614152 0.143191412 -0.090154782 -0.059916649 0.009199842 0.994081259
1305031128.379404 -0.033934005 0.095197119 0.143699780 -0.090857364 -0.060425561 0.007480668 0.994000852
1305031128.411337 -0.034537263 0.094855003 0.143534407 -0.090158068 -0.060218409 0.006322986 0.994085133
1305031128.447296 -0.035354726 0.094758026 0.142950013 -0.089647256 -0.059830483 0.005085967 0.994161844
1305031128.479296 -0.035523478 0.093723625 0.143133476 -0.090180524 -0.060112599 0.003973419 0.994101644
1305031128.511433 -0.035170749 0.092942871 0.143176094 -0.089974917 -0.060150445 0.003222210 0.994120717
1305031128.547399 -0.034741797 0.093061157 0.143442661 -0.089822277 -0.059884623 0.002859800 0.994151711
1305031128.579455 -0.034930263 0.090700060 0.143616796 -0.090147778 -0.059161410 0.002578315 0.994166315
1305031128.611395 -0.036230586 0.090520635 0.142873600 -0.088812590 -0.058697969 0.002845825 0.994313240
1305031128.647352 -0.037279636 0.090701908 0.142061278 -0.088098302 -0.059406582 0.003060511 0.994334042
1305031128.679282 -0.036344837 0.089513190 0.142226174 -0.088149659 -0.061304010 0.002600334 0.994215608
1305031128.711457 -0.035332330 0.089204133 0.142268822 -0.087092124 -0.061726242 0.001756550 0.994284570
1305031128.747363 -0.035560697 0.089928471 0.141553000 -0.085892104 -0.060622972 0.000599163 0.994458199
