1305031102.675285 -0.005218456 0.017827788 0.138638034 -0.042303205 -0.017924253 -0.000357266 0.998943925
1305031102.711263 -0.004335081 0.018186787 0.152439252 -0.043332074 -0.019100264 0.001041941 0.998877585
1305031102.743234 -0.004704500 0.023092665 0.158312589 -0.043180358 -0.019099714 0.002991406 0.998880208
1305031102.775472 -0.002289508 0.023442013 0.172663957 -0.045961943 -0.018723784 0.001659545 0.998766303
1305031102.811232 -0.001779239 0.028140385 0.183193132 -0.045570087 -0.016096208 0.000681028 0.998831213
1305031102.843290 -0.000452520 0.027594067 0.193565026 -0.048446439 -0.013718374 0.000500495 0.998731434
1305031102.875363 -0.003595189 0.030359525 0.202238128 -0.046937168 -0.009307506 -0.002380182 0.998851657
1305031102.911185 -0.004546187 0.032590628 0.211162016 -0.046399735 -0.007679088 -0.003631435 0.998886824
1305031102.943229 -0.009919394 0.033545829 0.217668086 -0.046900500 -0.005266819 -0.004989509 0.998873234
1305031102.975203 -0.013052514 0.036090445 0.224280208 -0.047270861 -0.010802726 -0.004893305 0.998811662
1305031103.011215 -0.012225004 0.038259074 0.233188674 -0.048574042 -0.017750069 -0.001725525 0.998660326
1305031103.043227 -0.013012312 0.041148499 0.242334038 -0.049936928 -0.023701431 0.000964995 0.998470604
1305031103.075319 -0.009337279 0.041750982 0.253719896 -0.050075777 -0.028869184 0.003835724 0.998320699
1305031103.111240 -0.012915032 0.047879405 0.256459415 -0.046458069 -0.025973871 0.002935339 0.998578191
1305031103.143318 -0.012211185 0.049388275 0.265029192 -0.048409011 -0.026598981 0.004740328 0.998462141
1305031103.175452 -0.012274949 0.053524315 0.270145625 -0.048311934 -0.025155248 0.005230147 0.998501778
1305031103.211220 -0.013490409 0.058554895 0.275898188 -0.051832348 -0.024728246 0.006234380 0.998330116
1305031103.243216 -0.012929273 0.061072614 0.281761497 -0.058610365 -0.025034739 0.009943028 0.997917473
1305031103.275370 -0.018520400 0.060821619 0.282530367 -0.068201900 -0.024413798 0.012769895 0.997291028
1305031103.311210 -0.017874498 0.057062987 0.288229346 -0.076351225 -0.034342613 0.013185028 0.996402144
1305031103.343223 -0.012578648 0.058764879 0.292177230 -0.076487534 -0.041417286 0.013437522 0.996119320
1305031103.375327 -0.012746668 0.059933599 0.293486506 -0.078390501 -0.040096447 0.014587233 0.996009231
1305031103.411260 -0.014421999 0.055693205 0.292161763 -0.081468284 -0.038523592 0.015516539 0.995810270
1305031103.443280 -0.016312491 0.054610297 0.288392156 -0.081049956 -0.039745804 0.014895517 0.995805860
1305031103.475274 -0.015793022 0.051505815 0.285463810 -0.081317164 -0.042744733 0.013108792 0.995684981
1305031103.511333 -0.015856251 0.047827911 0.280659139 -0.079271920 -0.044107627 0.010538531 0.995820999
1305031103.543444 -0.015557722 0.043533366 0.274615943 -0.075841524 -0.045450535 0.008408374 0.996047974
1305031103.575474 -0.017133214 0.041500334 0.265621275 -0.071139261 -0.045783054 0.008282417 0.996380687
1305031103.611223 -0.018622711 0.037821166 0.257630795 -0.069171391 -0.048092093 0.009575480 0.996398926
1305031103.643445 -0.015795620 0.032549173 0.249884471 -0.068462729 -0.053336687 0.010851187 0.996167839
1305031103.675523 -0.013635783 0.029196421 0.241194859 -0.066105820 -0.056502905 0.011220058 0.996148348
1305031103.711610 -0.011894167 0.026694858 0.232355922 -0.063475952 -0.057958812 0.010990700 0.996238351
1305031103.743326 -0.011072925 0.021259218 0.222981766 -0.061937563 -0.057547111 0.009849981 0.996370971
1305031103.775342 -0.008452965 0.018896487 0.210071802 -0.059012432 -0.058261506 0.007754514 0.996525466
1305031103.811242 -0.007927555 0.018573359 0.198735386 -0.058348987 -0.057046216 0.004491832 0.996654868
1305031103.843251 -0.011524879 0.018965824 0.186236784 -0.060289882 -0.054924116 0.001414314 0.996667683
1305031103.875361 -0.012339222 0.010234023 0.177685320 -0.068399690 -0.057535283 -0.001777222 0.995995998
1305031103.911221 -0.011549380 0.004555287 0.167533129 -0.068209022 -0.061545234 -0.003350171 0.995765269
1305031103.943211 -0.010233528 0.002392776 0.155633286 -0.065933838 -0.064342342 -0.004213699 0.995738447
1305031103.975373 -0.007919695 -0.002014315 0.145593330 -0.064525299 -0.066834040 -0.005241707 0.995661676
1305031104.011232 -0.004432018 -0.007585866 0.136220559 -0.061296135 -0.067857198 -0.006546658 0.995788753
1305031104.043249 -0.001300377 -0.009726046 0.124422871 -0.054046355 -0.065538369 -0.008416903 0.996349752
1305031104.075425 0.000656866 -0.009390830 0.113277040 -0.049375925 -0.061270121 -0.011183312 0.996836424
1305031104.111235 0.003865990 -0.014550236 0.104724273 -0.047282420 -0.056440581 -0.012445871 0.997208059
1305031104.143230 0.001647817 -0.018514620 0.091171078 -0.042783443 -0.049196281 -0.014053217 0.997773409
1305031104.175424 0.000999935 -0.019860584 0.080083057 -0.038366400 -0.045586716 -0.014808071 0.998113513
1305031104.211283 0.001347152 -0.023957521 0.070201412 -0.034859460 -0.042952865 -0.014966194 0.998356581
1305031104.243196 0.001136540 -0.025667151 0.059674878 -0.030132717 -0.040302958 -0.015145142 0.998618186
1305031104.275546 0.002387910 -0.026961595 0.049796879 -0.025559220 -0.037977189 -0.016023107 0.998823166
1305031104.311219 0.003293894 -0.027704274 0.041439295 -0.021677077 -0.035001114 -0.015978534 0.999024391
1305031104.343342 0.007273887 -0.026135499 0.034599643 -0.017798943 -0.032629266 -0.015247039 0.999192715
1305031104.375837 0.006794493 -0.026876876 0.025926676 -0.015937936 -0.027473167 -0.014951028 0.999383628
1305031104.411509 0.004332931 -0.027755683 0.016722502 -0.014496603 -0.022659725 -0.014820310 0.999528289
1305031104.443288 -0.000767719 -0.026688740 0.007747421 -0.013348300 -0.019372663 -0.014715389 0.999614894
1305031104.475456 -0.003458318 -0.027951762 0.000234880 -0.013877772 -0.019995729 -0.013926096 0.999606729
1305031104.511329 -0.004232700 -0.031708051 -0.006456267 -0.013971998 -0.022513753 -0.012782965 0.999567151
1305031104.543368 -0.002277010 -0.033518512 -0.012760723 -0.011004562 -0.025071511 -0.012227597 0.999550283
1305031104.575343 0.002772614 -0.038516331 -0.018533366 -0.007999945 -0.026326239 -0.011378322 0.999556661
1305031104.611336 0.009639777 -0.047474168 -0.024874397 -0.000751446 -0.023954252 -0.010464001 0.999657989
1305031104.643243 0.010627975 -0.043379612 -0.034156285 0.012879532 -0.016284207 -0.009831576 0.999736071
1305031104.675525 0.012799754 -0.049899708 -0.042538315 0.022283677 -0.008751186 -0.009150130 0.999671459
1305031104.711277 0.012898830 -0.050718464 -0.050758012 0.036110833 -0.001084004 -0.006632391 0.999325216
1305031104.743280 0.013688164 -0.046883449 -0.058769483 0.050372798 0.005927098 -0.004790556 0.998701394
1305031104.775327 0.013353537 -0.045880578 -0.066341706 0.062551767 0.013353606 -0.002893991 0.997948170
1305031104.811465 0.016035147 -0.042337477 -0.071551509 0.074016936 0.019237245 -0.000109669 0.997071385
1305031104.843258 0.014171526 -0.037543088 -0.076417997 0.083214469 0.026416391 0.002424574 0.996178508
1305031104.875350 0.010740138 -0.031697445 -0.079643272 0.089975148 0.030364612 0.004230879 0.995472014
1305031104.911534 0.013092018 -0.029075671 -0.078541756 0.092622668 0.030388100 0.007439907 0.995209634
1305031104.943262 0.013216715 -0.028407626 -0.078688018 0.093337573 0.031158639 0.007989955 0.995114803
1305031104.975202 0.012313627 -0.022468939 -0.075329244 0.093472444 0.030594712 0.009025007 0.995110750
1305031105.011290 0.013229117 -0.020564621 -0.071238734 0.088809311 0.029876709 0.009723382 0.995553017
1305031105.043373 0.012434788 -0.017224872 -0.064405426 0.083790287 0.029420428 0.008323031 0.996014237
1305031105.075320 0.012548532 -0.017183652 -0.056449261 0.076504357 0.028406618 0.006602058 0.996642649
1305031105.111299 0.010135418 -0.019080417 -0.047618080 0.070027545 0.027910281 0.004886791 0.997142553
1305031105.143106 0.006206504 -0.009570383 -0.038276002 0.066354170 0.026032880 0.002549830 0.997453213
1305031105.175159 0.006008841 -0.006205875 -0.027644534 0.053331062 0.022390751 0.000503967 0.998325706
1305031105.211268 0.001161648 -0.012491476 -0.018161178 0.039473571 0.019673133 -0.002714672 0.999023259
1305031105.243270 -0.002285912 -0.010492478 -0.008414145 0.031498302 0.014835799 -0.004290651 0.999384463
1305031105.275288 -0.005539868 -0.008070318 0.001491797 0.021516094 0.009038537 -0.005474419 0.999712646
1305031105.311290 -0.008545256 -0.009109927 0.012108044 0.011106364 0.002137512 -0.006921711 0.999912083
1305031105.343302 -0.007461835 -0.012657708 0.024816850 0.001533206 -0.005450951 -0.006963693 0.999959707
1305031105.375338 -0.009153296 -0.013472535 0.035238795 -0.002342676 -0.010131569 -0.006938471 0.999921858
1305031105.411286 -0.009868468 -0.007928902 0.044834007 -0.006344605 -0.014923197 -0.007602470 0.999839604
1305031105.443316 -0.010148088 -0.010958810 0.057159629 -0.014241786 -0.019345835 -0.008249155 0.999677360
1305031105.475280 -0.011401723 -0.009251004 0.065980747 -0.017282197 -0.022395732 -0.007982193 0.999567926
1305031105.511332 -0.009593878 -0.007321646 0.077176027 -0.021627784 -0.026075669 -0.007430762 0.999398351
1305031105.543282 -0.009788533 -0.008649587 0.089084327 -0.026492452 -0.027028471 -0.006379019 0.999263167
1305031105.575449 -0.011475154 -0.006972514 0.099303298 -0.028996993 -0.027835352 -0.006501030 0.999170721
1305031105.611378 -0.010043513 -0.007954309 0.112102278 -0.032217316 -0.029618479 -0.005651287 0.999025941
1305031105.643273 -0.012771812 -0.007980141 0.121384308 -0.033171512 -0.028802561 -0.003384942 0.999028862
1305031105.675166 -0.009296327 -0.004749572 0.134134918 -0.034434129 -0.031545814 -0.001382327 0.998908043
1305031105.711309 -0.005424920 -0.007206546 0.147420451 -0.035017736 -0.030954272 -0.001643819 0.998905838
1305031105.743312 -0.006325271 -0.002452064 0.156965554 -0.032061458 -0.026402678 -0.001690535 0.999135673
1305031105.775339 -0.003542692 -0.003037256 0.169000477 -0.033490878 -0.022971097 -0.001725886 0.999173522
1305031105.811283 -0.004837342 -0.001257014 0.179730132 -0.031758394 -0.017273901 -0.001090207 0.999345720
1305031105.843271 -0.002590750 -0.000047788 0.190465435 -0.030663542 -0.014437345 0.000152052 0.999425471
1305031105.875337 -0.001151155 0.006213429 0.200941518 -0.028394124 -0.009833759 0.002454942 0.999545395
1305031105.911262 -0.000591142 0.009180806 0.211342424 -0.030977149 -0.005960879 0.007388808 0.999475002
1305031105.943272 -0.000553483 0.013719527 0.220777288 -0.032773219 -0.002626687 0.009977913 0.999409556
1305031105.975329 -0.000935861 0.017083546 0.230654478 -0.036937606 -0.000321128 0.011421000 0.999252260
1305031106.011285 0.000697082 0.020378318 0.240042508 -0.040951699 0.001062258 0.013489301 0.999069512
1305031106.043355 -0.000871355 0.023496768 0.249387622 -0.045192044 0.003862425 0.014275108 0.998868883
1305031106.075330 -0.001935145 0.026412996 0.258197367 -0.049139403 0.004943958 0.016058823 0.998650610
1305031106.111327 -0.003477958 0.031657197 0.266177833 -0.053170327 0.005395050 0.016987508 0.998426378
1305031106.143355 -0.005780295 0.034552392 0.276521206 -0.059096768 0.004516040 0.018602638 0.998068690
1305031106.175534 -0.006955727 0.036376093 0.284307778 -0.062908724 0.003155587 0.019264938 0.997828364
1305031106.211275 -0.007729967 0.036780547 0.292548150 -0.066496290 0.001568824 0.019835042 0.997588277
1305031106.243267 -0.008290976 0.038855053 0.297968835 -0.066514432 0.000131688 0.023596553 0.997506380
1305031106.276385 -0.009030204 0.043251615 0.302596837 -0.066839971 -0.001562139 0.024924282 0.997451127
1305031106.311238 -0.009164015 0.045778256 0.306572318 -0.070265241 -0.002884744 0.027924975 0.997133195
1305031106.343258 -0.010853156 0.051587071 0.308900774 -0.073549688 -0.003299251 0.028442940 0.996880412
1305031106.375388 -0.007951517 0.052022021 0.310855985 -0.082823120 -0.004736499 0.021310594 0.996325135
1305031106.411320 -0.007454508 0.047330055 0.312856227 -0.090842113 0.000320860 0.015167003 0.995749772
1305031106.443278 -0.011388338 0.045214556 0.311786979 -0.091909111 0.006017755 0.010211516 0.995696843
1305031106.475345 -0.012868441 0.043761775 0.308851540 -0.091590546 0.005570678 0.008954863 0.995740891
1305031106.511129 -0.014130785 0.040092658 0.304980546 -0.090884529 0.002617728 0.008787272 0.995819211
1305031106.543302 -0.012612331 0.037707552 0.297250509 -0.087751739 -0.002371994 0.007915099 0.996108115
1305031106.575282 -0.012742626 0.035182171 0.289465249 -0.085178234 -0.004227142 0.006910719 0.996332765
1305031106.611151 -0.013663994 0.034634404 0.280072600 -0.084272228 -0.006950713 0.004338968 0.996409059
1305031106.643207 -0.012995947 0.028716775 0.271153450 -0.085724607 -0.010210637 0.002090823 0.996264338
1305031106.675279 -0.015812026 0.028385684 0.260088176 -0.082436793 -0.011850244 0.001770862 0.996524274
1305031106.711508 -0.017351173 0.025073057 0.250632852 -0.084561042 -0.017085653 0.000911638 0.996271372
1305031106.743341 -0.018176273 0.022903651 0.239109144 -0.082590640 -0.023131102 0.000995872 0.996314585
1305031106.775390 -0.016479176 0.019441731 0.226968497 -0.082256243 -0.029833654 0.001105227 0.996163964
1305031106.811289 -0.015928183 0.019535078 0.214317679 -0.081393406 -0.033922579 0.000590460 0.996104419
1305031106.843416 -0.015013496 0.009424867 0.201586694 -0.085572280 -0.038179670 -0.000423179 0.995600104
1305031106.875905 -0.011644368 0.005322779 0.188939884 -0.080363899 -0.042074561 -0.003704368 0.995870292
1305031106.911243 -0.011881681 0.006741576 0.173878834 -0.074930184 -0.040975187 -0.008173261 0.996313035
1305031106.943439 -0.011527556 0.000522258 0.162436560 -0.074621670 -0.040111125 -0.012705460 0.996323884
1305031106.975547 -0.010602223 -0.005581571 0.149927855 -0.069677740 -0.038281985 -0.016049875 0.996705532
1305031107.011576 -0.011062423 -0.001730870 0.133226901 -0.060671668 -0.035067137 -0.019536419 0.997350276
1305031107.043281 -0.011510069 -0.006561604 0.122271277 -0.061729137 -0.032387279 -0.021847878 0.997328043
1305031107.075432 -0.014575889 -0.011929485 0.109288841 -0.057811923 -0.030151909 -0.023197139 0.997602403
1305031107.111229 -0.013122583 -0.011499258 0.096381649 -0.052200746 -0.031454224 -0.023593478 0.997862220
1305031107.143260 -0.010932302 -0.011501027 0.084744409 -0.049941417 -0.031141371 -0.023752218 0.997983932
1305031107.175399 -0.009546587 -0.017407972 0.075106084 -0.049008854 -0.030016331 -0.024494480 0.998046696
1305031107.211358 -0.007410748 -0.022074092 0.065326393 -0.043508045 -0.028415365 -0.026091481 0.998308003
1305031107.243378 -0.006733862 -0.021673793 0.053588640 -0.036546990 -0.025054298 -0.026429322 0.998668194
1305031107.275398 -0.004635791 -0.025056647 0.044891085 -0.031584829 -0.022223882 -0.026344651 0.998906672
1305031107.311226 -0.003488063 -0.030199893 0.037881456 -0.025567569 -0.018933086 -0.027486673 0.999115765
1305031107.343509 -0.000214230 -0.034027703 0.028822493 -0.015150249 -0.016054485 -0.027352627 0.999382079
1305031107.375413 0.001446972 -0.029953219 0.020275047 -0.004557468 -0.011284605 -0.027121395 0.999558032
1305031107.411271 0.003342988 -0.030853406 0.014453067 0.001726538 -0.006786121 -0.027830910 0.999588132
1305031107.443419 0.006064651 -0.029290777 0.009098186 0.007449340 -0.002660145 -0.027162720 0.999599755
1305031107.475377 0.009003730 -0.030619338 0.006102403 0.009962997 0.001339815 -0.025980689 0.999611914
1305031107.511352 0.009706540 -0.025448669 0.003907622 0.013062812 0.005197139 -0.025355795 0.999579608
1305031107.543605 0.013164646 -0.027036006 0.003984791 0.009826995 0.007095932 -0.023120640 0.999659181
1305031107.575454 0.014552653 -0.030564619 0.004977775 0.008705238 0.009163617 -0.020494156 0.999710083
1305031107.611271 0.015821284 -0.023730209 0.004605690 0.011209204 0.010633296 -0.018922547 0.999701560
1305031107.643323 0.016759053 -0.024910910 0.005964153 0.007054226 0.011875194 -0.017794458 0.999746263
1305031107.675568 0.015614091 -0.024244279 0.007457549 0.006079964 0.012865108 -0.017519718 0.999745250
1305031107.711307 0.015876355 -0.021248555 0.008509381 0.005355877 0.012480357 -0.016275974 0.999775290
1305031107.743538 0.013201831 -0.017469598 0.009406203 0.002954233 0.012027301 -0.015978660 0.999795616
1305031107.775802 0.012779745 -0.017791836 0.012011733 -0.000049537 0.009367205 -0.017344657 0.999805689
1305031107.811596 0.015127399 -0.015886871 0.014116827 -0.001942934 0.006726357 -0.016813509 0.999834120
1305031107.843332 0.016573245 -0.014476687 0.015763821 -0.004121795 0.005963928 -0.017484196 0.999820828
1305031107.875358 0.020775111 -0.017076399 0.018493213 -0.005573446 0.005966600 -0.020979244 0.999746561
1305031107.911541 0.023632856 -0.017249277 0.020445639 -0.004743485 0.008690538 -0.023205897 0.999681711
1305031107.943122 0.027194224 -0.018117514 0.021968270 -0.003108656 0.011880875 -0.023595344 0.999646187
1305031107.975807 0.032903455 -0.019172033 0.024432141 -0.000912414 0.015710032 -0.023547178 0.999598861
1305031108.011320 0.039425384 -0.017458344 0.027378701 0.003639210 0.020051558 -0.025439467 0.999468625
1305031108.043418 0.052530106 -0.017930016 0.026686069 0.005367598 0.024852704 -0.022581095 0.999421656
1305031108.075352 0.059530158 -0.018574290 0.030636784 0.006418033 0.034023583 -0.016972501 0.999256313
1305031108.111378 0.064061671 -0.019094026 0.033262808 0.009156235 0.040677927 -0.017631438 0.998974800
1305031108.143334 0.074225500 -0.016135452 0.036558699 0.011997187 0.043356296 -0.016460516 0.998852015
1305031108.176058 0.082470864 -0.011008309 0.038247645 0.011673920 0.046944223 -0.013115131 0.998743176
1305031108.211475 0.091829732 -0.013315187 0.041114718 0.006099931 0.048007976 -0.014098754 0.998728812
1305031108.243347 0.105009459 -0.018380050 0.045340322 0.003908902 0.049643889 -0.015848255 0.998633564
1305031108.275358 0.112408698 -0.012529122 0.047090165 0.005992024 0.054321114 -0.015694959 0.998382151
1305031108.311332 0.119482525 -0.009620615 0.047610126 0.002803565 0.055762228 -0.014025202 0.998341620
1305031108.343278 0.126445651 -0.007658626 0.051083423 -0.002358465 0.054710303 -0.012002328 0.998427331
1305031108.375410 0.132975444 -0.006259876 0.053520739 -0.007166050 0.052411746 -0.007046979 0.998574972
1305031108.411361 0.141011193 -0.005044544 0.057469875 -0.011709850 0.048643425 -0.000698628 0.998747289
1305031108.443610 0.151556894 -0.003596078 0.059106834 -0.015707925 0.046865929 0.006169766 0.998758614
1305031108.475471 0.161449119 -0.007502624 0.061540291 -0.020180169 0.046265148 0.012933072 0.998641610
1305031108.511378 0.181324795 -0.010300775 0.060982265 -0.020324092 0.045388460 0.017967600 0.998601019
1305031108.543737 0.191819832 -0.012567556 0.063297421 -0.016879249 0.052105572 0.016708398 0.998359084
1305031108.575414 0.198600426 -0.005701131 0.062642410 -0.011155024 0.057726912 0.015218260 0.998154104
1305031108.611407 0.207976043 -0.006137726 0.065967478 -0.011875851 0.063623928 0.016169868 0.997772276
1305031108.643303 0.213547885 -0.003936538 0.065919921 -0.011393267 0.070324227 0.017553121 0.997304678
1305031108.675375 0.228808671 0.002008990 0.067812532 -0.012249934 0.072887465 0.021629527 0.997030377
1305031108.711411 0.233421236 -0.001141557 0.069305226 -0.017617937 0.081772931 0.025276568 0.996174634
1305031108.743502 0.237739608 -0.002602242 0.071171045 -0.019377008 0.087507598 0.026546681 0.995621562
1305031108.775493 0.244632944 -0.001686080 0.070275836 -0.020426428 0.090749942 0.028535793 0.995255232
1305031108.811244 0.256298274 -0.001506656 0.067486182 -0.021474414 0.090717629 0.033851609 0.995069444
1305031108.843264 0.256656587 -0.003762580 0.067409918 -0.021270202 0.091630995 0.039440554 0.994784296
1305031108.876515 0.255978972 -0.004751401 0.065754533 -0.019711666 0.089563951 0.045090567 0.994764566
1305031108.911364 0.255575508 -0.009229210 0.066033274 -0.018450622 0.086737022 0.049678713 0.994820714
1305031108.943243 0.250555694 -0.011356282 0.063851729 -0.014100318 0.084825508 0.049806140 0.995050311
1305031108.975268 0.247608542 -0.005219325 0.060853511 -0.008114722 0.078827612 0.048367329 0.995681167
1305031109.011269 0.250382811 -0.004499738 0.058937117 -0.008407071 0.073240675 0.047887631 0.996128500
1305031109.043277 0.242195800 -0.006053770 0.058860190 -0.008039666 0.073939167 0.044721872 0.996227026
1305031109.075410 0.237440437 -0.000112794 0.054897033 -0.007502749 0.070532791 0.039980199 0.996679723
1305031109.111282 0.232481375 -0.001550459 0.054994456 -0.011695460 0.068657301 0.037284195 0.996874750
1305031109.143334 0.216104880 -0.006090025 0.057310000 -0.014125692 0.069776393 0.032798421 0.996923268
1305031109.175464 0.209479913 -0.000928596 0.053551946 -0.012310833 0.062042531 0.029963542 0.997547686
1305031109.211379 0.207870290 0.010620577 0.051290736 -0.012958642 0.054197583 0.034089059 0.997864008
1305031109.243290 0.196213290 0.008235530 0.052243292 -0.022565352 0.052821249 0.039425503 0.997570217
1305031109.275308 0.181857988 -0.003067045 0.053219363 -0.028751776 0.050755002 0.042333733 0.997399211
1305031109.311329 0.163058475 -0.000335821 0.053620942 -0.025442464 0.045047343 0.043467049 0.997714400
1305031109.343248 0.152368367 0.005174117 0.053889230 -0.026224965 0.035404652 0.042270441 0.998134255
1305031109.375397 0.145034000 0.000860817 0.051412549 -0.030631585 0.025929464 0.041727077 0.998322666
1305031109.411329 0.133742228 0.001978593 0.049435478 -0.030841835 0.019630365 0.037884235 0.998613179
1305031109.443302 0.125611559 0.006138855 0.047044694 -0.032752816 0.013546062 0.032844961 0.998831809
1305031109.475363 0.115684167 0.002241508 0.047393836 -0.037197452 0.011620775 0.028949624 0.998820901
1305031109.511273 0.104930505 -0.000418891 0.045988720 -0.037786700 0.009885817 0.025006836 0.998923957
1305031109.543294 0.094902985 0.000043421 0.042966392 -0.034941096 0.008444148 0.022434629 0.999101877
1305031109.575362 0.083447829 0.002232855 0.040997863 -0.033878855 0.008678007 0.022232458 0.999140978
1305031109.611310 0.071787901 0.002247582 0.039444219 -0.034315657 0.007608017 0.019742684 0.999187052
1305031109.643229 0.063965291 0.004135205 0.038190782 -0.034342792 0.005896832 0.019378079 0.999204814
1305031109.675263 0.051998150 0.006526059 0.037505921 -0.035937808 0.006086030 0.021490492 0.999104381
1305031109.711312 0.040551133 0.009608187 0.036620855 -0.037608139 0.003404035 0.020672671 0.999072909
1305031109.743274 0.031414282 0.009083349 0.036762960 -0.042594578 0.000177527 0.019997139 0.998892307
1305031109.775277 0.023691874 0.008197189 0.038861260 -0.046023592 -0.002291405 0.020504095 0.998727322
1305031109.811371 0.011124506 0.010958680 0.038410760 -0.047063917 -0.002280749 0.019082112 0.998706996
1305031109.843296 0.000701033 0.011318389 0.039115917 -0.050582025 -0.004620717 0.018546971 0.998536944
1305031109.875306 -0.013379682 0.012444336 0.040343724 -0.053840198 -0.006441168 0.016494438 0.998392522
1305031109.911265 -0.023837693 0.010671068 0.044139877 -0.055680178 -0.012262851 0.011517634 0.998306930
1305031109.943299 -0.032422286 0.017681101 0.045924138 -0.055045612 -0.016127113 0.007531963 0.998325169
1305031109.975258 -0.045208722 0.016813615 0.048166387 -0.059674159 -0.017047193 0.002209851 0.998069882
1305031110.011256 -0.053738192 0.018333059 0.051690184 -0.061505809 -0.020325370 -0.004262478 0.997890651
1305031110.043299 -0.063812472 0.018186664 0.053373925 -0.064194568 -0.021023681 -0.011413824 0.997650623
1305031110.075319 -0.074571088 0.021045810 0.055256464 -0.065393545 -0.021093935 -0.016327789 0.997502983
1305031110.111325 -0.086529061 0.021628570 0.057022579 -0.069698460 -0.021669881 -0.021454385 0.997101963
1305031110.143432 -0.097069003 0.016699137 0.058963321 -0.072941013 -0.024774594 -0.025452232 0.996703565
1305031110.175641 -0.105407394 0.022831365 0.059065636 -0.072320357 -0.028277665 -0.026659291 0.996623993
1305031110.211637 -0.114396870 0.020523977 0.061465006 -0.076996773 -0.031214895 -0.028503394 0.996134877
1305031110.243323 -0.122816600 0.018277297 0.063079923 -0.078241192 -0.035512164 -0.027978806 0.995908797
1305031110.279321 -0.129280910 0.018228222 0.064156361 -0.076590307 -0.039818902 -0.028795119 0.995850980
1305031110.311404 -0.140835181 0.018131509 0.060842421 -0.074053206 -0.041256219 -0.030762617 0.995925546
1305031110.343355 -0.150001869 0.020729881 0.060561527 -0.072330870 -0.045521948 -0.031711143 0.995836496
1305031110.379281 -0.159685850 0.021940200 0.061031602 -0.070928007 -0.050705671 -0.035262775 0.995567501
1305031110.411469 -0.169107303 0.026390273 0.058304776 -0.069400802 -0.056647036 -0.038253680 0.995244324
1305031110.443260 -0.178345650 0.028990487 0.058540992 -0.073006421 -0.061976153 -0.041687675 0.994530618
1305031110.479331 -0.187824726 0.026993355 0.060163528 -0.076516330 -0.068809725 -0.047783043 0.993542731
1305031110.511429 -0.196911559 0.027052298 0.060085662 -0.077155024 -0.075916357 -0.051653776 0.992781758
1305031110.543408 -0.205338106 0.032140665 0.058710631 -0.077086240 -0.082101621 -0.054989871 0.992115498
1305031110.579426 -0.210796386 0.035741672 0.059333805 -0.080485068 -0.088979378 -0.059406616 0.990997314
1305031110.611307 -0.216991082 0.031444523 0.062101841 -0.086344920 -0.093186900 -0.063222878 0.989880621
1305031110.643418 -0.223923385 0.029482540 0.062871411 -0.085600346 -0.095352925 -0.066719495 0.989509463
1305031110.679606 -0.234305277 0.037268467 0.062501222 -0.082902707 -0.095501594 -0.068015039 0.989636600
1305031110.711412 -0.239117652 0.035624869 0.064344369 -0.087093040 -0.097457230 -0.069323212 0.988995016
1305031110.743249 -0.243100464 0.033910785 0.064163253 -0.088208109 -0.099298693 -0.070854783 0.988604426
1305031110.779193 -0.244366154 0.035365827 0.063941449 -0.087719828 -0.101721488 -0.071360856 0.988365114
1305031110.811386 -0.246797219 0.035680469 0.063218072 -0.088346675 -0.101883642 -0.073116660 0.988164246
1305031110.843218 -0.250068903 0.035948090 0.063884184 -0.089820974 -0.103193238 -0.075146630 0.987743080
1305031110.879313 -0.247994825 0.035203263 0.064461410 -0.090108164 -0.106352061 -0.074955352 0.987396300
1305031110.911333 -0.247614369 0.036384143 0.064605437 -0.090355933 -0.107479982 -0.075420849 0.987216055
1305031110.943862 -0.243479013 0.036559064 0.065171331 -0.090196565 -0.110645205 -0.076407664 0.986805022
1305031110.979345 -0.234477282 0.037965678 0.065853953 -0.089829795 -0.112172760 -0.076161332 0.986685038
1305031111.011431 -0.226614788 0.036375333 0.067778207 -0.091957651 -0.109219447 -0.075144999 0.986898243
1305031111.043327 -0.223264992 0.036541909 0.067347303 -0.090985879 -0.102748387 -0.072931789 0.987848818
1305031111.079283 -0.220220730 0.040184423 0.067337185 -0.091340236 -0.098628670 -0.071116254 0.988368273
1305031111.111508 -0.210924715 0.035014164 0.069237575 -0.094896004 -0.098188728 -0.067308240 0.988343716
1305031111.143257 -0.204841048 0.033908837 0.070386723 -0.093301378 -0.095264576 -0.066687003 0.988823712
1305031111.179326 -0.188962042 0.033545107 0.071364619 -0.090761170 -0.095477745 -0.065647133 0.989109099
1305031111.211433 -0.181327119 0.033764452 0.069832914 -0.088980712 -0.086926974 -0.061801244 0.990306377
1305031111.243236 -0.181568190 0.030879227 0.069337681 -0.089471243 -0.080438070 -0.062269624 0.990781069
1305031111.279308 -0.162326857 0.029355424 0.073421523 -0.085114039 -0.083940662 -0.061040357 0.990950882
1305031111.311547 -0.158952147 0.033737224 0.067278907 -0.079996660 -0.076170787 -0.057297256 0.992227554
1305031111.343397 -0.159591645 0.035222944 0.068503939 -0.083137594 -0.075403124 -0.056727644 0.992060721
1305031111.379134 -0.143975198 0.026907038 0.073936597 -0.085584693 -0.080858439 -0.052481879 0.991656601
1305031111.411296 -0.136750147 0.029084370 0.067666374 -0.079815358 -0.080543324 -0.053120285 0.992129266
1305031111.443386 -0.120314084 0.029820545 0.073287405 -0.079542041 -0.089168735 -0.057377614 0.991175950
1305031111.479259 -0.096461602 0.025804365 0.081773728 -0.077571981 -0.089399740 -0.055484671 0.991419017
1305031111.511264 -0.092771359 0.024412815 0.075337425 -0.073938631 -0.074945763 -0.055117492 0.992914021
1305031111.543250 -0.078300990 0.023033425 0.080404706 -0.069926448 -0.071511000 -0.054518055 0.993490934
1305031111.579237 -0.066941015 0.024853004 0.076468617 -0.065569125 -0.062221788 -0.047716066 0.994762421
1305031111.611271 -0.066410758 0.020266369 0.069235787 -0.068742268 -0.053270832 -0.041264538 0.995356202
1305031111.643395 -0.046963818 0.012668140 0.075240187 -0.067980938 -0.058598179 -0.034309912 0.995373130
1305031111.679320 -0.030088123 0.018032989 0.073437974 -0.060947794 -0.053410619 -0.025763007 0.996377885
1305031111.711760 -0.018912597 0.017070580 0.074998140 -0.060968589 -0.046078507 -0.024120960 0.996783733
1305031111.743386 -0.000736297 0.015085353 0.082490772 -0.057234492 -0.039060969 -0.021337507 0.997368097
1305031111.779423 0.011976039 0.020201299 0.083219074 -0.051794935 -0.021675359 -0.015761631 0.998298049
1305031111.811406 0.016738767 0.013568953 0.077390075 -0.052164465 -0.004721160 -0.015106396 0.998513103
1305031111.843299 0.024716975 0.014926485 0.075309530 -0.047747839 0.005621245 -0.013860645 0.998747468
1305031111.879442 0.030679755 0.014926318 0.073568128 -0.048675653 0.013696617 -0.008926638 0.998680830
1305031111.911354 0.034649469 0.010840428 0.074338473 -0.049203966 0.015353873 -0.003601051 0.998664200
1305031111.943300 0.047914900 0.011305625 0.074720420 -0.047288567 0.010146494 0.005618961 0.998813927
1305031111.979449 0.067144029 0.012554366 0.076017015 -0.045819659 0.008050963 0.012981478 0.998832941
1305031112.011433 0.077575929 0.010514182 0.076394409 -0.044440817 0.015630081 0.012172707 0.998815536
1305031112.043270 0.092176713 0.009064439 0.074980177 -0.041680735 0.021522556 0.011121140 0.998837233
1305031112.079339 0.104548812 0.007810251 0.073336445 -0.040111475 0.032250226 0.010583984 0.998618543
1305031112.111423 0.103955410 0.011979567 0.076932229 -0.035161104 0.044110250 0.005049628 0.998394966
1305031112.144342 0.121610589 0.013515897 0.075572133 -0.034333680 0.045672532 0.000275903 0.998366237
1305031112.179390 0.137011170 0.013152957 0.074088261 -0.036579594 0.056012973 -0.003043348 0.997755051
1305031112.211254 0.142402172 0.005687063 0.077407077 -0.039193697 0.067205742 -0.009109266 0.996927381
1305031112.243369 0.152747676 0.001547724 0.078000806 -0.034584355 0.076212436 -0.013429070 0.996401131
1305031112.279353 0.156817600 0.001957953 0.079770438 -0.029043972 0.083874919 -0.016656188 0.995913625
1305031112.311312 0.164561242 -0.002542401 0.078108445 -0.024476651 0.086003862 -0.018533893 0.995821655
1305031112.343323 0.173872799 -0.001298941 0.078306422 -0.017222945 0.085984111 -0.016543182 0.996010244
1305031112.379360 0.181851253 -0.000634816 0.077894934 -0.012767971 0.084622771 -0.012445962 0.996253490
1305031112.411442 0.199758679 0.000774839 0.073728219 -0.009385286 0.078702323 -0.008238141 0.996819913
1305031112.443391 0.209535658 -0.002396146 0.073560938 -0.008236012 0.077258624 -0.001800328 0.996975422
1305031112.479418 0.216076776 -0.000679143 0.072655454 -0.004142768 0.076117434 0.008033875 0.997057855
1305031112.511504 0.221346945 -0.001872073 0.073841162 -0.002654032 0.073560424 0.014855507 0.997176588
1305031112.543212 0.229569763 -0.003031708 0.072594121 -0.000571335 0.069895715 0.019111579 0.997371018
1305031112.579252 0.236335889 -0.001538933 0.072028503 0.002014319 0.066839322 0.024724336 0.997455299
1305031112.611261 0.252727926 0.003766733 0.069710255 0.004181204 0.062770769 0.032584947 0.997487128
1305031112.643246 0.262029052 0.004808644 0.071391493 0.001570778 0.067733042 0.039603695 0.996915877
1305031112.679952 0.262763321 0.003343527 0.072403774 -0.000972157 0.074929558 0.042672280 0.996274948
1305031112.711251 0.265285850 0.005316793 0.072145596 -0.002290296 0.079050191 0.044460371 0.995876074
1305031112.743245 0.267412454 0.013399024 0.072176024 -0.004329104 0.082190089 0.048101801 0.995445788
1305031112.779310 0.263103426 0.008299250 0.076261885 -0.013883354 0.088188805 0.049315859 0.994785368
1305031112.811310 0.252689332 0.003979358 0.078774564 -0.017332558 0.091539316 0.046962518 0.994542480
1305031112.843286 0.251780123 0.010562779 0.078344002 -0.017173629 0.085349560 0.045333005 0.995171070
1305031112.879421 0.252708733 0.011619940 0.078764752 -0.020232365 0.081107043 0.048423260 0.995322824
1305031112.911411 0.244244009 0.009997881 0.080081999 -0.023638034 0.080089472 0.049793534 0.995262563
1305031112.943321 0.237150356 0.007544583 0.081413031 -0.026448149 0.075871959 0.048290156 0.995596290
1305031112.979278 0.235619172 0.008601646 0.079348780 -0.026463334 0.068628177 0.046393197 0.996211588
1305031113.011353 0.230557635 0.011492062 0.077543169 -0.027101748 0.065629154 0.046254713 0.996402919
1305031113.043231 0.221830994 0.009629985 0.076640196 -0.032165349 0.064800382 0.043569773 0.996427596
1305031113.079251 0.211457163 0.001893377 0.079028644 -0.035406139 0.063630462 0.038015444 0.996620476
1305031113.111316 0.203623772 0.006142281 0.075814828 -0.030999947 0.058158949 0.033611931 0.997259617
1305031113.143306 0.199143097 0.012657037 0.073481776 -0.030816900 0.053942934 0.033053029 0.997520924
1305031113.179343 0.188356146 0.006187610 0.073027886 -0.035707023 0.053234499 0.034434557 0.997349143
1305031113.211259 0.173412487 0.005081021 0.072774738 -0.034316462 0.049782921 0.034725558 0.997566164
1305031113.243227 0.163018391 0.008744193 0.069757365 -0.034980778 0.043046065 0.035361625 0.997834146
1305031113.279312 0.153704509 0.002456547 0.070600525 -0.039213601 0.037427392 0.037095830 0.997840345
1305031113.311452 0.140743896 -0.003384438 0.069443479 -0.036262102 0.031456217 0.040815562 0.998012841
1305031113.343252 0.120809950 0.000475717 0.067290202 -0.030002091 0.024499288 0.039616987 0.998463869
1305031113.379312 0.111011431 0.001956435 0.066291124 -0.032797959 0.014668417 0.037083976 0.998666108
1305031113.411625 0.099421531 -0.005528540 0.064358823 -0.034952428 0.008013284 0.037495177 0.998653233
1305031113.443266 0.081549414 0.001210625 0.065575108 -0.029784517 0.003752859 0.031642918 0.999048293
1305031113.479311 0.065714821 0.003324110 0.065661661 -0.032459289 -0.001756894 0.026171133 0.999128819
1305031113.511523 0.054724302 -0.000502697 0.065265350 -0.037985712 -0.007912674 0.024367427 0.998949826
1305031113.543242 0.039456096 -0.003704436 0.062317118 -0.040721711 -0.012055047 0.020899393 0.998879194
1305031113.579301 0.026140096 -0.000262991 0.064033583 -0.038939036 -0.016273340 0.015704175 0.998985648
1305031113.611268 0.017493688 -0.000791345 0.064584911 -0.042101230 -0.020346833 0.011326269 0.998841941
1305031113.643222 0.008178968 -0.000834719 0.065610655 -0.044728365 -0.021306394 0.007762077 0.998741806
1305031113.679288 -0.003528934 -0.001840976 0.064776748 -0.046060819 -0.020159494 0.004212613 0.998726308
1305031113.711931 -0.012964129 -0.002819166 0.065802306 -0.046553671 -0.020260563 -0.000545066 0.998710155
1305031113.743590 -0.022476720 -0.001442784 0.066807613 -0.045268074 -0.018163791 -0.005809393 0.998792827
1305031113.779320 -0.035474941 -0.002807162 0.067247324 -0.044641569 -0.014626215 -0.010292366 0.998842955
1305031113.811237 -0.045844540 -0.000605327 0.067181870 -0.042725652 -0.013555575 -0.012342227 0.998918593
1305031113.843295 -0.056296565 0.001996109 0.067539454 -0.042472120 -0.011189166 -0.015767692 0.998910546
1305031113.879281 -0.068602122 -0.004959912 0.068045892 -0.043811806 -0.010064044 -0.020610873 0.998776436
1305031113.911290 -0.076640345 -0.000451767 0.068448380 -0.039085440 -0.012235460 -0.020690668 0.998946726
1305031113.943291 -0.085519768 -0.001189887 0.069622420 -0.036947809 -0.010624729 -0.023282379 0.998989463
1305031113.979293 -0.098348022 -0.000211061 0.069745079 -0.033203557 -0.007767068 -0.028685030 0.999006689
1305031114.011257 -0.111229442 0.001772121 0.068731837 -0.029356854 -0.006048731 -0.033895776 0.998975813
1305031114.043301 -0.126840621 0.001114946 0.067737460 -0.028387768 -0.006702018 -0.035905518 0.998929441
1305031114.079285 -0.138020888 0.000414521 0.068275832 -0.026363188 -0.012070766 -0.036376748 0.998917401
1305031114.111263 -0.148636952 0.004149690 0.068714768 -0.022840638 -0.017379021 -0.039959058 0.998789012
1305031114.143284 -0.157110453 0.004846536 0.071212105 -0.022684252 -0.023193952 -0.043035816 0.998546660
1305031114.179337 -0.163297817 0.001774685 0.072997771 -0.021238912 -0.027025836 -0.045125242 0.998389840
1305031114.211303 -0.174576432 0.010036102 0.072019927 -0.016653227 -0.026612367 -0.047643460 0.998370945
1305031114.243337 -0.187833652 0.009033117 0.073490523 -0.019479388 -0.028026260 -0.051455542 0.998091877
1305031114.279390 -0.201224491 0.009783817 0.073793307 -0.019020818 -0.032797869 -0.053746503 0.997834563
1305031114.311429 -0.209106848 0.012962353 0.076074779 -0.019148398 -0.041578609 -0.053593576 0.997513056
1305031114.343331 -0.213730469 0.012205806 0.078769624 -0.020534454 -0.048790116 -0.056395557 0.997004211
1305031114.379320 -0.223606348 0.011014463 0.080210373 -0.020933388 -0.050413683 -0.060423203 0.996679127
1305031114.411397 -0.234312579 0.011450890 0.080465704 -0.019808104 -0.051180374 -0.065131687 0.996366441
1305031114.443345 -0.245125309 0.013097587 0.080578759 -0.019464916 -0.054373052 -0.066852823 0.996089995
1305031114.479332 -0.255120367 0.012004119 0.081460632 -0.020236790 -0.060725462 -0.068243951 0.995613217
1305031114.511266 -0.258517832 0.013756337 0.081663385 -0.020316308 -0.070020579 -0.069847457 0.994889796
1305031114.543236 -0.263344795 0.014472172 0.087986924 -0.022684559 -0.074427538 -0.068805970 0.994591236
1305031114.579237 -0.267862558 0.013500901 0.089139655 -0.024214718 -0.075030431 -0.065604836 0.994726121
1305031114.611391 -0.272489667 0.016307911 0.089273289 -0.025508756 -0.075512230 -0.063256674 0.994809449
1305031114.644136 -0.279571712 0.015535544 0.090482071 -0.030543081 -0.076630048 -0.062684625 0.994618356
1305031114.679251 -0.283323944 0.012673543 0.090791695 -0.034311727 -0.082827203 -0.063464254 0.993948996
1305031114.711306 -0.283187330 0.010059516 0.091760948 -0.035784192 -0.088307373 -0.062450975 0.993489444
1305031114.743200 -0.282638103 0.008408591 0.091840014 -0.035408180 -0.092388876 -0.065745719 0.992918968
1305031114.779289 -0.280969679 0.009082598 0.090623029 -0.032926619 -0.094739497 -0.068955094 0.992565095
1305031114.811303 -0.279749274 0.011758149 0.089718036 -0.031979579 -0.094764858 -0.069562420 0.992551267
1305031114.843208 -0.278414637 0.010854989 0.089305013 -0.032434721 -0.095807038 -0.072162189 0.992250800
1305031114.879281 -0.274796188 0.013817517 0.089019366 -0.031833898 -0.096552826 -0.071577087 0.992240369
1305031114.912879 -0.272395790 0.016229704 0.088832408 -0.032142915 -0.096634440 -0.072087094 0.992185533
1305031114.943234 -0.263368011 0.017994450 0.089171998 -0.034141272 -0.098763220 -0.073234446 0.991825044
1305031114.979280 -0.258283734 0.021017281 0.090586364 -0.035127930 -0.096677586 -0.074031591 0.991936922
1305031115.011300 -0.251737744 0.025057562 0.091296285 -0.037988506 -0.095986098 -0.074892625 0.991833985
1305031115.043508 -0.241897255 0.021312909 0.094368100 -0.043239698 -0.095411450 -0.074881434 0.991675258
1305031115.079238 -0.233992487 0.025502745 0.095490992 -0.042993281 -0.092525601 -0.075348556 0.991923988
1305031115.111230 -0.218348905 0.024502341 0.099385336 -0.046800703 -0.091497071 -0.073024489 0.992020845
1305031115.143275 -0.209349036 0.021976462 0.101189390 -0.049167678 -0.083057329 -0.070527926 0.992829204
1305031115.179440 -0.206564933 0.023984753 0.101448804 -0.049880590 -0.076884888 -0.070242554 0.993310928
1305031115.211374 -0.190679565 0.018126816 0.107666433 -0.052548759 -0.078062922 -0.066496700 0.993339300
1305031115.243297 -0.180282712 0.015662257 0.110032469 -0.048790425 -0.072952360 -0.063072100 0.994142532
1305031115.279966 -0.169139639 0.021734592 0.111018866 -0.045287844 -0.070619740 -0.058513276 0.994755268
1305031115.311704 -0.146591425 0.015428205 0.120037064 -0.047634311 -0.071181305 -0.051526614 0.994992018
1305031115.343235 -0.134567320 0.018918065 0.119820833 -0.042129830 -0.062145866 -0.048484772 0.995998085
1305031115.379166 -0.136883363 0.024422335 0.115092769 -0.044651713 -0.052553989 -0.044747822 0.996615231
1305031115.411237 -0.124808647 0.018988851 0.115713581 -0.053454906 -0.059691485 -0.041554514 0.995918036
1305031115.443159 -0.102225080 0.019410927 0.121150404 -0.056637213 -0.066139638 -0.035153586 0.995581210
1305031115.479241 -0.091293253 0.020225177 0.121679738 -0.060479719 -0.065063953 -0.029815214 0.995600283
1305031115.511253 -0.066948727 0.019324642 0.132528141 -0.063359544 -0.069193996 -0.024940616 0.995276690
1305031115.543604 -0.047057971 0.019394401 0.137361169 -0.062770113 -0.059639670 -0.017700875 0.996087193
1305031115.579315 -0.038873941 0.015298812 0.131004959 -0.063790157 -0.044612940 -0.012783961 0.996883690
1305031115.611424 -0.025951445 0.013524941 0.130484611 -0.063572511 -0.038699586 -0.007508082 0.997198343
1305031115.643254 -0.011840636 0.010808608 0.129526019 -0.063067041 -0.032441832 0.000094240 0.997481883
1305031115.679241 -0.004401854 0.009834900 0.125403509 -0.061846849 -0.027009675 0.011049526 0.997658908
1305031115.711320 0.013160558 0.013202423 0.128785878 -0.059904162 -0.029859260 0.020047493 0.997556031
1305031115.743250 0.033624563 0.011742927 0.131188020 -0.060462497 -0.026375240 0.026731197 0.997463822
1305031115.779425 0.044247888 0.011882332 0.129884109 -0.058190875 -0.015900265 0.033341225 0.997621834
1305031115.811277 0.058815736 0.013809325 0.128663391 -0.057480603 -0.008100662 0.041226584 0.997462153
1305031115.843224 0.072287008 0.011458734 0.127663165 -0.061328724 0.001142881 0.049977936 0.996864915
1305031115.879198 0.078903355 0.009287195 0.126944289 -0.060785219 0.009290537 0.057376105 0.996457160
1305031115.911118 0.094348013 0.011541038 0.127200991 -0.058346406 0.010142485 0.062994115 0.996255279
1305031115.943311 0.104309767 0.012848579 0.129001200 -0.058876172 0.017116975 0.068941675 0.995734751
1305031115.980740 0.117939323 0.015360722 0.129618332 -0.059622210 0.021125622 0.074841425 0.995187283
1305031116.011379 0.135952294 0.014076199 0.130126134 -0.063878961 0.026616070 0.079138406 0.994458735
1305031116.043164 0.144816101 0.020683302 0.133649901 -0.063515000 0.039259482 0.080249019 0.993974149
1305031116.080030 0.151184246 0.025161795 0.134237215 -0.066459246 0.050529338 0.083566368 0.992998779
1305031116.111300 0.166487619 0.022397660 0.135616496 -0.075265773 0.057929318 0.087314375 0.991642773
1305031116.143441 0.168502465 0.020563338 0.138164759 -0.080180563 0.069960825 0.090235114 0.990219295
1305031116.179572 0.177476481 0.024150750 0.139572233 -0.080734983 0.074380055 0.092924371 0.989603221
1305031116.211299 0.187531710 0.023012340 0.140575111 -0.086128235 0.078529015 0.096151792 0.988519073
1305031116.243320 0.195632458 0.017820828 0.143465921 -0.091542915 0.084994294 0.099054463 0.987210274
1305031116.279385 0.201575533 0.021282669 0.145255834 -0.089950658 0.095332980 0.101856723 0.986126602
1305031116.311336 0.205923587 0.023126028 0.144925982 -0.092047609 0.104638398 0.105484292 0.984607100
1305031116.343292 0.212434188 0.016336650 0.144247264 -0.096013553 0.109976992 0.108879283 0.983276010
1305031116.379384 0.215603262 0.017697763 0.142263725 -0.089073882 0.113150492 0.109399498 0.983511388
1305031116.411333 0.216306224 0.021542557 0.138852015 -0.083602302 0.115470067 0.112558089 0.983365655
1305031116.443369 0.216556266 0.022340916 0.137152284 -0.085831955 0.117918476 0.121529967 0.981813908
1305031116.479850 0.217228591 0.018422421 0.136442870 -0.087697729 0.119012602 0.125935942 0.980961382
1305031116.511205 0.212542698 0.018532764 0.134556010 -0.085332513 0.119531304 0.121552594 0.981659651
1305031116.543262 0.206846476 0.019750085 0.132534191 -0.082058705 0.120294310 0.116933838 0.982406318
1305031116.579313 0.198414579 0.017858464 0.131700873 -0.083801791 0.119461834 0.113963053 0.982709825
1305031116.611261 0.187864482 0.015627921 0.130904526 -0.083792359 0.115518577 0.107742250 0.983883083
1305031116.643355 0.176477134 0.013299339 0.130454049 -0.083467491 0.108744591 0.097992316 0.985700428
1305031116.679281 0.169268280 0.014335411 0.128463417 -0.082558125 0.099838294 0.089687981 0.987508237
1305031116.711634 0.157771081 0.015882218 0.126557976 -0.081049152 0.095966734 0.080083147 0.988841832
1305031116.743291 0.148105949 0.019316353 0.125649452 -0.080260813 0.090396553 0.070034266 0.990192831
1305031116.779298 0.136773676 0.020330936 0.123924337 -0.081870303 0.085666485 0.059615973 0.991163194
1305031116.811318 0.120844521 0.017242193 0.123429134 -0.082987323 0.083829746 0.050958145 0.991710126
1305031116.846089 0.107590184 0.017848901 0.121153422 -0.080713570 0.074884199 0.043620076 0.992962718
1305031116.880165 0.089365676 0.021872384 0.120261662 -0.079652324 0.067002453 0.036765363 0.993888617
1305031116.912044 0.078956962 0.021278813 0.120940879 -0.079567969 0.054463819 0.031903695 0.994828999
1305031116.943296 0.064694494 0.023709511 0.119502462 -0.079493895 0.040342450 0.024206812 0.995724440
1305031116.979351 0.047984418 0.026858240 0.117746182 -0.076812983 0.030663086 0.013347815 0.996484518
1305031117.011382 0.034927297 0.029809006 0.117637582 -0.074130483 0.019171473 0.004865643 0.997052372
1305031117.043261 0.018738713 0.032644767 0.113592535 -0.073773898 0.011344640 0.000837067 0.997210145
1305031117.079520 0.004911433 0.036849298 0.110930584 -0.074060686 0.003168864 -0.005781071 0.997231901
1305031117.111238 -0.007946741 0.037630893 0.108752824 -0.076102614 -0.006209960 -0.007520939 0.997052252
1305031117.143218 -0.015661132 0.041528918 0.108134218 -0.077573329 -0.017358180 -0.006797959 0.996812344
1305031117.179264 -0.023759348 0.043867551 0.109096669 -0.079823256 -0.026056772 -0.011734746 0.996399283
1305031117.211361 -0.027083468 0.045348499 0.111931816 -0.081148602 -0.034021020 -0.015552230 0.995999813
1305031117.243277 -0.027233396 0.049062259 0.112788469 -0.083291233 -0.038016886 -0.017320065 0.995649159
1305031117.279299 -0.028031988 0.047679469 0.115323596 -0.088474706 -0.038158122 -0.021705154 0.995110571
1305031117.311200 -0.030653561 0.044567056 0.115621530 -0.093058549 -0.036114562 -0.023154907 0.994735956
1305031117.343243 -0.033027500 0.041436352 0.116316706 -0.095320448 -0.035961464 -0.024185847 0.994502783
1305031117.379454 -0.033972811 0.037797339 0.116561361 -0.095400400 -0.036039989 -0.024470372 0.994485319
1305031117.411221 -0.036195621 0.033289652 0.116073579 -0.094789237 -0.036859144 -0.023797717 0.994530082
1305031117.443274 -0.035886925 0.030603465 0.115344383 -0.091983080 -0.038758852 -0.022692448 0.994747162
1305031117.479403 -0.036333390 0.024777608 0.115293816 -0.091287553 -0.039588075 -0.021138696 0.994812787
1305031117.511325 -0.036502477 0.017850250 0.115595125 -0.089187682 -0.041239489 -0.019638853 0.994966924
1305031117.544285 -0.037981663 0.014406218 0.115202934 -0.084079407 -0.041489918 -0.019104477 0.995411575
1305031117.579155 -0.039665740 0.009453258 0.115608163 -0.081398703 -0.042601675 -0.020909969 0.995551169
1305031117.611159 -0.039901216 0.004236060 0.117377937 -0.080525003 -0.044527903 -0.020233603 0.995551884
1305031117.643252 -0.040926144 -0.002747890 0.119301088 -0.079486102 -0.046371114 -0.019088354 0.995573878
1305031117.679262 -0.041953053 -0.006836591 0.120913140 -0.078798704 -0.048778787 -0.018599043 0.995522738
1305031117.711184 -0.040479239 -0.015196186 0.125157759 -0.080447681 -0.052271426 -0.015984619 0.995258927
1305031117.743184 -0.040723048 -0.023918655 0.127884865 -0.081248850 -0.054407552 -0.012853861 0.995124698
1305031117.779467 -0.040870141 -0.028888136 0.130409122 -0.080559142 -0.056910161 -0.010796612 0.995065272
1305031117.811320 -0.039317250 -0.039104417 0.134511143 -0.083025277 -0.059599746 -0.008520567 0.994727135
1305031117.843291 -0.035554662 -0.046460263 0.139113098 -0.080929421 -0.061132364 -0.007377301 0.994816005
1305031117.879451 -0.035707474 -0.052663233 0.141710013 -0.079543494 -0.058054175 -0.007394016 0.995112002
1305031117.911407 -0.037402865 -0.062358942 0.145620346 -0.079994522 -0.055748776 -0.007623733 0.995205939
1305031117.943253 -0.038013406 -0.066714212 0.147849277 -0.077673867 -0.053610448 -0.008218679 0.995502472
1305031117.979228 -0.040920004 -0.072023258 0.151387185 -0.078671753 -0.050931096 -0.008876275 0.995559096
1305031118.011228 -0.039936133 -0.084408164 0.157678798 -0.082620449 -0.051496685 -0.008850350 0.995210350
1305031118.043521 -0.040903501 -0.091661617 0.161485299 -0.081607826 -0.049912117 -0.008937108 0.995373785
1305031118.079334 -0.039647646 -0.099024713 0.166203558 -0.081719473 -0.049363099 -0.010422385 0.995377600
1305031118.111217 -0.036659677 -0.108431742 0.171571136 -0.081970178 -0.046616454 -0.011544802 0.995477021
1305031118.143256 -0.040004715 -0.114716083 0.173778966 -0.080129705 -0.040810123 -0.013381409 0.995858788
1305031118.179323 -0.040458038 -0.125071496 0.178802162 -0.080989562 -0.038147327 -0.015378566 0.995865941
1305031118.211202 -0.044758245 -0.135026932 0.180749640 -0.078803308 -0.033894010 -0.014413071 0.996209562
1305031118.243173 -0.045576490 -0.142499417 0.183453947 -0.076099753 -0.034838866 -0.014517453 0.996385634
1305031118.279194 -0.044294581 -0.151415616 0.187416300 -0.073007673 -0.035765659 -0.014923892 0.996578097
1305031118.311299 -0.044628870 -0.157455459 0.189752892 -0.066457719 -0.036118194 -0.015161130 0.997020066
1305031118.343324 -0.042698979 -0.160157233 0.192646340 -0.060897950 -0.035884444 -0.015941605 0.997371316
1305031118.379208 -0.046084352 -0.166501164 0.193883985 -0.057123329 -0.032996025 -0.017589439 0.997666717
1305031118.411296 -0.047041230 -0.168227717 0.194914892 -0.053807162 -0.034537625 -0.017058086 0.997808099
1305031118.445692 -0.045504972 -0.168724224 0.197377190 -0.052555393 -0.035241779 -0.014370361 0.997892499
1305031118.479285 -0.046053141 -0.170927569 0.199258775 -0.052139517 -0.035488617 -0.011950325 0.997937441
1305031118.511255 -0.043263786 -0.168956324 0.199891388 -0.049485996 -0.036718745 -0.010872710 0.998040438
1305031118.544414 -0.043219082 -0.163858593 0.199715436 -0.049385782 -0.035794299 -0.011266890 0.998074591
1305031118.579285 -0.041075446 -0.162513644 0.200769722 -0.051545579 -0.035625000 -0.011398614 0.997969925
1305031118.616142 -0.039681144 -0.157189846 0.200480163 -0.050874647 -0.034033131 -0.013590675 0.998032451
1305031118.645325 -0.041794106 -0.149930388 0.196769521 -0.050697263 -0.030635487 -0.016505117 0.998107612
1305031118.679295 -0.042197093 -0.145791695 0.195644706 -0.054284256 -0.029440893 -0.018157730 0.997926235
1305031118.711421 -0.044125132 -0.144247532 0.193621278 -0.056205612 -0.028996568 -0.021505348 0.997766316
1305031118.746770 -0.047154572 -0.136230141 0.188665971 -0.053575654 -0.030138865 -0.021094939 0.997885942
1305031118.779277 -0.044904936 -0.120075114 0.185021713 -0.052770086 -0.034779985 -0.020341253 0.997793496
1305031118.811221 -0.041726884 -0.121649235 0.185316280 -0.060243219 -0.038325910 -0.022020366 0.997204602
1305031118.846753 -0.038123451 -0.114425845 0.181232274 -0.056376502 -0.039474703 -0.020568838 0.997416854
1305031118.879208 -0.038868211 -0.095339693 0.172764093 -0.051242735 -0.036403403 -0.022877172 0.997760296
1305031118.911177 -0.039533876 -0.092352502 0.169647664 -0.055649132 -0.035051312 -0.025555512 0.997507632
1305031118.946974 -0.038786482 -0.081306830 0.163916454 -0.053575881 -0.033969700 -0.027026689 0.997619808
1305031118.979374 -0.040412478 -0.068060733 0.157806531 -0.052810237 -0.032337502 -0.030972151 0.997600138
1305031119.011363 -0.041742977 -0.058842011 0.152556017 -0.056007951 -0.032122910 -0.033160150 0.997362375
1305031119.047172 -0.043041948 -0.051958736 0.147534773 -0.058296368 -0.032260399 -0.033890054 0.997202218
1305031119.079223 -0.045588944 -0.044240862 0.141530737 -0.058847345 -0.033553302 -0.034090254 0.997120380
1305031119.111328 -0.044992074 -0.036069386 0.136183992 -0.059050117 -0.037554666 -0.032884181 0.997006178
1305031119.147616 -0.046473723 -0.025347281 0.130975291 -0.058158811 -0.040390220 -0.031494025 0.996992648
1305031119.179226 -0.045366168 -0.021430643 0.127865538 -0.059684955 -0.045312759 -0.031539939 0.996689379
1305031119.211364 -0.043207280 -0.011874413 0.122599594 -0.056422282 -0.047985714 -0.029761307 0.996809006
1305031119.247399 -0.044553880 -0.003322601 0.118070915 -0.055472586 -0.048570115 -0.028701410 0.996865094
1305031119.279212 -0.043076392 0.005337868 0.114642143 -0.054809522 -0.050252069 -0.028518986 0.996823609
1305031119.311212 -0.043744717 0.012267822 0.110583276 -0.054975338 -0.050336126 -0.026130587 0.996875703
1305031119.347741 -0.044482887 0.018244088 0.107503600 -0.054490365 -0.051862307 -0.023701923 0.996884823
1305031119.379239 -0.044034559 0.030223660 0.103855036 -0.052006599 -0.054183576 -0.023092074 0.996908307
1305031119.411484 -0.040658820 0.036771018 0.101852983 -0.053256553 -0.055424321 -0.022505492 0.996787548
1305031119.447706 -0.039203208 0.042981230 0.099972613 -0.054311331 -0.053691957 -0.021846883 0.996840119
1305031119.479267 -0.040123027 0.052845296 0.096358851 -0.051856425 -0.051288087 -0.022494819 0.997082949
1305031119.511240 -0.042825829 0.061948165 0.092864223 -0.052684322 -0.048917759 -0.022039058 0.997168839
1305031119.547382 -0.042241279 0.071226686 0.090323679 -0.053467896 -0.049271028 -0.020237049 0.997147918
1305031119.579559 -0.040542513 0.083434656 0.087263040 -0.053735342 -0.048749767 -0.020056721 0.997162819
1305031119.615017 -0.042339802 0.088335715 0.086093031 -0.058618885 -0.046199195 -0.019553525 0.997019112
1305031119.647903 -0.043437723 0.100425445 0.083905324 -0.059422486 -0.045379054 -0.018651569 0.997026503
1305031119.679208 -0.041519575 0.110919088 0.083344020 -0.062355332 -0.043976627 -0.020618860 0.996871471
1305031119.715232 -0.044426844 0.119353063 0.081415214 -0.067586675 -0.037997134 -0.018756077 0.996813178
1305031119.747193 -0.048217081 0.124962464 0.078762159 -0.071900867 -0.034863122 -0.013716826 0.996707916
1305031119.779169 -0.049110197 0.133026317 0.078087986 -0.074176267 -0.036225297 -0.011575701 0.996519744
1305031119.814537 -0.047659025 0.140438288 0.077626705 -0.075930879 -0.037909713 -0.007820060 0.996361494
1305031119.847429 -0.047038965 0.148405269 0.076597869 -0.077997088 -0.037119996 -0.003573289 0.996255875
1305031119.879214 -0.046539869 0.151601121 0.076230049 -0.079852290 -0.035795648 -0.003115152 0.996158898
1305031119.911401 -0.047875460 0.165659711 0.073447451 -0.075884081 -0.033380583 -0.002084967 0.996555567
1305031119.947392 -0.047772516 0.171199694 0.072408140 -0.080190845 -0.031792395 -0.002525405 0.996269166
1305031119.979537 -0.045858622 0.175229326 0.071691208 -0.082722627 -0.029764943 -0.003381889 0.996122241
1305031120.015264 -0.046862289 0.185480133 0.069398589 -0.084417723 -0.026303962 -0.001055887 0.996082664
1305031120.047290 -0.050568365 0.183326811 0.069332004 -0.093532346 -0.023778614 0.000246415 0.995332181
1305031120.079418 -0.052091595 0.183449000 0.068264708 -0.095437393 -0.025198977 0.002456748 0.995113373
1305031120.115232 -0.051728584 0.187387243 0.068043351 -0.095414884 -0.027907565 0.004525155 0.995036006
1305031120.148157 -0.050032835 0.183438078 0.069553331 -0.098998420 -0.029524462 0.004855516 0.994637668
1305031120.179246 -0.048293371 0.178881899 0.071159959 -0.099396519 -0.029999664 0.008229069 0.994561553
1305031120.215249 -0.048518699 0.173575804 0.071376376 -0.096219473 -0.029812116 0.008015622 0.994881272
1305031120.248003 -0.048229635 0.171577781 0.071809165 -0.091571346 -0.029873032 0.005668735 0.995334208
1305031120.279430 -0.046762571 0.165508375 0.073568292 -0.089374714 -0.029994432 0.003955894 0.995538473
1305031120.315196 -0.047289904 0.158820555 0.073950097 -0.087513804 -0.029053679 0.001885001 0.995737731
1305031120.347787 -0.048269883 0.152386293 0.075833403 -0.084494151 -0.027999265 -0.000675163 0.996030271
1305031120.379437 -0.048101854 0.143452466 0.078072399 -0.084105723 -0.028180992 -0.001123126 0.996057630
1305031120.415445 -0.046038534 0.129009172 0.082971275 -0.081182651 -0.029860120 -0.000522387 0.996251702
1305031120.447417 -0.047204133 0.125731319 0.085107848 -0.072306134 -0.029826432 -0.001904513 0.996934593
1305031120.479432 -0.045474961 0.113552317 0.089508623 -0.071914725 -0.031469379 -0.000832728 0.996913850
1305031120.514819 -0.047334488 0.104934320 0.092763893 -0.065692782 -0.032352570 0.001356726 0.997314334
1305031120.547736 -0.047639530 0.097739451 0.095608860 -0.059268337 -0.035192005 0.002930481 0.997617245
1305031120.579551 -0.048581321 0.091865569 0.098034285 -0.055647854 -0.038494289 0.005921884 0.997690558
1305031120.615236 -0.047041368 0.082097054 0.102896981 -0.053623732 -0.043492168 0.008492362 0.997577488
1305031120.647354 -0.045657404 0.075860746 0.106311254 -0.048417773 -0.046813808 0.008756647 0.997691095
1305031120.679318 -0.043829352 0.069611676 0.110399462 -0.046000734 -0.049089786 0.009701257 0.997687340
1305031120.714522 -0.044296514 0.062627278 0.113292880 -0.043954100 -0.049223535 0.010219360 0.997767866
1305031120.747369 -0.044571683 0.054008473 0.116562299 -0.043728516 -0.051366698 0.010590047 0.997665823
1305031120.779894 -0.042089678 0.045301419 0.121163845 -0.042143263 -0.054612342 0.010750155 0.997559965
1305031120.814944 -0.041182943 0.038992908 0.123078205 -0.039542824 -0.055133604 0.010113260 0.997644424
1305031120.847921 -0.040465251 0.030353326 0.126634911 -0.041200150 -0.056531418 0.008418649 0.997514844
1305031120.883435 -0.038194053 0.021581765 0.130275190 -0.039424010 -0.057106722 0.006753481 0.997566521
1305031120.915444 -0.039588027 0.016948158 0.130843773 -0.037299447 -0.054936696 0.004766409 0.997781515
1305031120.947488 -0.040515032 0.008360735 0.133803517 -0.037984062 -0.054313149 0.002376981 0.997798383
1305031120.983366 -0.041044336 0.000094099 0.136171043 -0.038051996 -0.054215439 0.000362014 0.997803867
1305031121.015019 -0.041208126 -0.008142156 0.138239950 -0.036891833 -0.054802489 -0.001116738 0.997814834
1305031121.047498 -0.041744351 -0.012730191 0.139975518 -0.035561372 -0.054535154 -0.001832227 0.997876704
1305031121.083099 -0.042891547 -0.024314584 0.141830221 -0.036295366 -0.055352271 -0.003130737 0.997802079
1305031121.114696 -0.042821895 -0.029713105 0.142896995 -0.033183400 -0.056667715 -0.002803363 0.997837543
1305031121.147331 -0.043714307 -0.037180997 0.144188792 -0.031725373 -0.057026263 -0.003755861 0.997861445
1305031121.183271 -0.044148754 -0.044395652 0.146236718 -0.029886629 -0.058285858 -0.004464278 0.997842491
1305031121.211420 -0.041692153 -0.053109232 0.149530694 -0.028147243 -0.059078295 -0.004650881 0.997845590
1305031121.247194 -0.044585805 -0.057931766 0.150670901 -0.025537103 -0.056710020 -0.005238456 0.998050272
1305031121.282876 -0.045606032 -0.068567999 0.152074471 -0.027057700 -0.057622641 -0.004644247 0.997960865
1305031121.313568 -0.043993600 -0.077343494 0.155797184 -0.024910491 -0.058569003 -0.003711061 0.997965634
1305031121.347517 -0.047291722 -0.083076715 0.156528935 -0.022738706 -0.058399171 -0.002865015 0.998030186
1305031121.383226 -0.044501778 -0.094167277 0.160996288 -0.022624429 -0.060949445 -0.002170674 0.997882068
1305031121.414318 -0.045281541 -0.099212863 0.162081465 -0.017343216 -0.059649136 -0.003437407 0.998062789
1305031121.447319 -0.045489475 -0.105762102 0.164955437 -0.016464116 -0.059350282 -0.002631512 0.998097956
1305031121.482964 -0.043620601 -0.117555045 0.169506043 -0.016484531 -0.058101878 -0.001348078 0.998173654
1305031121.514107 -0.047898713 -0.120508447 0.167892575 -0.011984731 -0.054640215 -0.000959035 0.998433709
1305031121.547270 -0.048012532 -0.124655679 0.169827774 -0.012738679 -0.054554947 -0.000395012 0.998429418
1305031121.583204 -0.046914570 -0.134706900 0.173932761 -0.015324427 -0.053835750 -0.001226799 0.998431444
1305031121.614700 -0.047040045 -0.140576333 0.174484015 -0.014380543 -0.051764790 -0.002802112 0.998551846
1305031121.647183 -0.045285270 -0.143790886 0.177616268 -0.013063062 -0.048506942 -0.005141711 0.998724163
1305031121.683200 -0.049786903 -0.150965914 0.177829713 -0.015891196 -0.043025684 -0.007126089 0.998922169
1305031121.714520 -0.051951915 -0.157793924 0.179216161 -0.016943295 -0.041643839 -0.006219246 0.998969495
1305031121.747145 -0.051185220 -0.161088392 0.182066113 -0.018457025 -0.041920550 -0.005661893 0.998934388
1305031121.782835 -0.050195228 -0.167904630 0.185262144 -0.021055089 -0.042043861 -0.003529389 0.998887658
1305031121.811540 -0.048553623 -0.170473427 0.187700391 -0.022006836 -0.041406367 -0.001130528 0.998899341
1305031121.847335 -0.049461138 -0.173086599 0.188204750 -0.023911137 -0.039257336 0.001565852 0.998941720
1305031121.882060 -0.050732248 -0.175300270 0.188773915 -0.026351150 -0.038526084 0.007607063 0.998881102
1305031121.914931 -0.052189402 -0.175658897 0.188495100 -0.027885651 -0.039729018 0.009364979 0.998777390
1305031121.947288 -0.049236700 -0.175584748 0.190272257 -0.027857037 -0.043031450 0.009220908 0.998642683
1305031121.982926 -0.048382029 -0.171008825 0.189843416 -0.026922099 -0.042885914 0.009048060 0.998676181
1305031122.014256 -0.050487168 -0.169250935 0.187832206 -0.027648285 -0.042000692 0.006539743 0.998713493
1305031122.047306 -0.051069722 -0.164265096 0.186160117 -0.026042597 -0.043104634 0.002858783 0.998726964
1305031122.082959 -0.048982047 -0.159561485 0.184316188 -0.025451252 -0.044378087 -0.000473790 0.998690426
1305031122.114672 -0.050384801 -0.150155202 0.180752918 -0.022933761 -0.043835811 -0.004246339 0.998766422
1305031122.150725 -0.048653584 -0.143666446 0.178919196 -0.023618717 -0.044882663 -0.009252206 0.998670101
1305031122.183042 -0.047388442 -0.134629324 0.176039845 -0.021310462 -0.044276230 -0.013849301 0.998695970
1305031122.214959 -0.048295394 -0.116058268 0.170551509 -0.020310035 -0.042171367 -0.018424742 0.998733997
1305031122.251319 -0.049900897 -0.112635389 0.168975368 -0.027105570 -0.041029982 -0.022604529 0.998534322
1305031122.283560 -0.050863653 -0.102390036 0.165653646 -0.026833901 -0.041816980 -0.023921490 0.998478353
1305031122.314289 -0.052658256 -0.085941441 0.159728780 -0.030109240 -0.043251704 -0.029009748 0.998188913
1305031122.351327 -0.052961688 -0.080263600 0.156931296 -0.037208542 -0.045499269 -0.031370096 0.997778177
1305031122.382630 -0.055381469 -0.070770107 0.152722314 -0.041311711 -0.046681665 -0.031744104 0.997550249
1305031122.414997 -0.057079431 -0.065679215 0.148576781 -0.045992341 -0.050317109 -0.032324985 0.997149944
1305031122.451257 -0.056993023 -0.055963233 0.143473610 -0.047402389 -0.055032820 -0.030779229 0.996883690
1305031122.483360 -0.056225963 -0.048366114 0.140229180 -0.050625641 -0.060373425 -0.030267617 0.996431589
1305031122.515097 -0.054616489 -0.039064966 0.136323079 -0.051150359 -0.064888351 -0.031620819 0.996078968
1305031122.551490 -0.051524680 -0.030137297 0.132614955 -0.052383974 -0.066987790 -0.032563347 0.995845437
1305031122.583208 -0.052039571 -0.022146668 0.129313946 -0.053546906 -0.065482654 -0.034130521 0.995831251
1305031122.614980 -0.056079105 -0.016757330 0.125118956 -0.054935940 -0.064068146 -0.033968490 0.995853126
1305031122.648788 -0.055972166 -0.007438282 0.120442703 -0.053088620 -0.065940708 -0.032886524 0.995867431
1305031122.683402 -0.056146000 0.001555525 0.116559103 -0.052194126 -0.067077562 -0.031264201 0.995891035
1305031122.715208 -0.057389561 0.009236342 0.112883329 -0.052213371 -0.069345340 -0.028625114 0.995814025
1305031122.751298 -0.055186003 0.021448608 0.109467424 -0.050424062 -0.072762862 -0.027777359 0.995686412
1305031122.783423 -0.054515347 0.034204226 0.106805712 -0.051808752 -0.073247470 -0.028196461 0.995567977
1305031122.812555 -0.052639626 0.039608404 0.106598780 -0.057506535 -0.073427312 -0.028843004 0.995223343
1305031122.851418 -0.048842337 0.048353121 0.106585436 -0.058462702 -0.071366720 -0.030502336 0.995268106
1305031122.883754 -0.050010022 0.056875288 0.102970652 -0.060974844 -0.064508088 -0.030019928 0.995600104
1305031122.914571 -0.053890791 0.060789991 0.101081625 -0.065321423 -0.060281217 -0.029239004 0.995612562
1305031122.951341 -0.054421257 0.066620395 0.098935552 -0.066321492 -0.059389755 -0.028285051 0.995627582
1305031122.982815 -0.056739919 0.075373799 0.095688030 -0.066909112 -0.058377530 -0.024829231 0.995740294
1305031123.015450 -0.055199992 0.079301648 0.094500184 -0.070136450 -0.060314190 -0.021690553 0.995476067
1305031123.051827 -0.054187521 0.084328100 0.092985392 -0.069747820 -0.060296096 -0.020245127 0.995534956
1305031123.082975 -0.054401167 0.094941363 0.090096824 -0.067494072 -0.059309755 -0.017600246 0.995799780
1305031123.113873 -0.054598462 0.103991337 0.088015705 -0.069417775 -0.058012206 -0.015541938 0.995778203
1305031123.150822 -0.055828482 0.109542377 0.085919663 -0.072515287 -0.056659687 -0.015479172 0.995636284
1305031123.182155 -0.052724149 0.120280750 0.084902935 -0.073040389 -0.056364872 -0.014766219 0.995625436
1305031123.214704 -0.051413219 0.128560305 0.083490945 -0.076693356 -0.052137800 -0.015258612 0.995573699
1305031123.250618 -0.051933192 0.140931353 0.081132963 -0.079764754 -0.048017096 -0.016074518 0.995526791
1305031123.282347 -0.050524145 0.148474708 0.082821682 -0.087754339 -0.045852982 -0.013528207 0.994994283
1305031123.311327 -0.049672447 0.156087101 0.083009630 -0.092430383 -0.042197213 -0.012772224 0.994742632
1305031123.350481 -0.048881128 0.162894890 0.082707465 -0.097109064 -0.038441848 -0.011981936 0.994458914
1305031123.382255 -0.047812410 0.170891896 0.082367525 -0.100883931 -0.034164224 -0.008551331 0.994274676
1305031123.411363 -0.048440449 0.174791619 0.081284478 -0.105051793 -0.028868789 -0.006315102 0.994027555
1305031123.451255 -0.049352609 0.184033230 0.079606637 -0.105229512 -0.025794558 -0.004888743 0.994101346
1305031123.483594 -0.047529675 0.190462962 0.078792974 -0.109232612 -0.024866473 -0.000251089 0.993705094
1305031123.511360 -0.048395328 0.194565892 0.077526569 -0.112978272 -0.022361498 0.002495516 0.993342638
1305031123.551513 -0.045939621 0.202686638 0.076987065 -0.112414911 -0.023848476 0.005549976 0.993359625
1305031123.579583 -0.043412711 0.207276434 0.077437818 -0.115253009 -0.024828838 0.009109571 0.992984056
1305031123.611335 -0.042069189 0.216217279 0.075590335 -0.114283495 -0.023804706 0.010443091 0.993108034
1305031123.652411 -0.039442614 0.221216008 0.075641409 -0.118508622 -0.023060970 0.010288834 0.992631853
1305031123.683753 -0.039620411 0.229149967 0.074387386 -0.120230794 -0.018922722 0.011702484 0.992496610
1305031123.711323 -0.039172202 0.234705970 0.074003667 -0.123907626 -0.015387844 0.012947247 0.992089987
1305031123.751723 -0.041008856 0.235915750 0.072951913 -0.128150269 -0.012058944 0.014887510 0.991569698
1305031123.783858 -0.041899052 0.236581504 0.072102442 -0.130711228 -0.011796806 0.016581537 0.991211593
1305031123.811608 -0.040067099 0.239651456 0.071619868 -0.130395174 -0.013190717 0.017740022 0.991215587
1305031123.851444 -0.039319225 0.238376677 0.070961550 -0.132535920 -0.013609327 0.019748058 0.990888000
1305031123.883786 -0.039374329 0.229864180 0.070287377 -0.137553453 -0.014707667 0.020487674 0.990173221
1305031123.911243 -0.037742890 0.229880139 0.070646599 -0.133392051 -0.017288771 0.019779712 0.990715086
1305031123.951442 -0.040911186 0.233451068 0.070336886 -0.130104378 -0.015762992 0.021271998 0.991146743
1305031123.983415 -0.040571343 0.219151706 0.071620569 -0.138973251 -0.018124338 0.022962611 0.989863932
1305031124.011302 -0.039448805 0.214215189 0.074094534 -0.134175226 -0.022970084 0.022594338 0.990433693
1305031124.051505 -0.041266732 0.215378448 0.074378312 -0.126634300 -0.024851123 0.022882802 0.991374075
1305031124.083837 -0.039812893 0.207049012 0.077143192 -0.128380939 -0.028494779 0.023775946 0.991030335
1305031124.111331 -0.038108543 0.196890235 0.080737814 -0.124267533 -0.032598078 0.022537772 0.991456985
1305031124.147446 -0.039303549 0.199093908 0.081958361 -0.114494309 -0.033159349 0.020480385 0.992659092
1305031124.182694 -0.038043190 0.188256964 0.085291371 -0.116398938 -0.035123341 0.018721912 0.992404699
1305031124.211396 -0.035317663 0.176424235 0.089919761 -0.113285363 -0.038237598 0.016853789 0.992683351
1305031124.249327 -0.040919587 0.175652876 0.088167809 -0.104561239 -0.035795778 0.016357785 0.993739426
1305031124.282545 -0.041834399 0.169299498 0.089577340 -0.104058847 -0.039614007 0.015898487 0.993654728
1305031124.311361 -0.037636075 0.156594992 0.094116129 -0.103320800 -0.046313997 0.016637415 0.993429899
1305031124.350354 -0.038398761 0.150961295 0.094571367 -0.097439639 -0.048890196 0.014964040 0.993927240
1305031124.382420 -0.037997454 0.141988933 0.096418843 -0.095242418 -0.051074363 0.013594392 0.994050026
1305031124.411439 -0.036880702 0.132572055 0.098125249 -0.091105282 -0.053067178 0.013475979 0.994334996
1305031124.450245 -0.037300028 0.123808742 0.099677958 -0.084243424 -0.053958684 0.011005051 0.994922280
1305031124.480099 -0.038633641 0.113901466 0.100473970 -0.078824364 -0.054180015 0.008646638 0.995377541
1305031124.511324 -0.040737230 0.107794121 0.100563295 -0.071050063 -0.054640476 0.006085975 0.995956481
1305031124.550437 -0.040861599 0.098780409 0.103032686 -0.067446962 -0.056444231 0.003536893 0.996118724
1305031124.579404 -0.041173138 0.088765569 0.105819285 -0.064263470 -0.058920700 0.001449369 0.996190965
1305031124.611358 -0.041257795 0.078477740 0.107938200 -0.059921473 -0.061234336 -0.000669809 0.996322870
1305031124.651271 -0.041980900 0.069315352 0.110465914 -0.056425091 -0.063198924 -0.002971835 0.996400177
1305031124.679362 -0.039358061 0.057508539 0.114125207 -0.053838231 -0.066309370 -0.004280785 0.996336401
1305031124.711251 -0.039031930 0.049460240 0.117106088 -0.049301781 -0.066645317 -0.006109929 0.996539235
1305031124.749890 -0.039878085 0.038879417 0.120519035 -0.047764853 -0.066448361 -0.007899103 0.996614635
1305031124.779365 -0.040591590 0.028885560 0.123789817 -0.044790290 -0.067447357 -0.008733578 0.996678710
1305031124.811360 -0.040429614 0.020670213 0.126690611 -0.042459138 -0.068404853 -0.009278419 0.996710539
1305031124.850535 -0.040740464 0.009957656 0.132087454 -0.042880278 -0.069876790 -0.009756578 0.996585846
1305031124.879355 -0.036339790 -0.001014675 0.137989849 -0.041440837 -0.071994491 -0.010048587 0.996493101
1305031124.911448 -0.037009485 -0.006776619 0.140998170 -0.039055996 -0.069073334 -0.010401500 0.996792495
1305031124.950730 -0.037361383 -0.016190432 0.147328928 -0.042213656 -0.067889415 -0.010615538 0.996742904
1305031124.979438 -0.039553139 -0.031747740 0.151858762 -0.043313213 -0.066147149 -0.009142696 0.996827424
1305031125.011454 -0.043006755 -0.039564267 0.153743148 -0.038454596 -0.067043081 -0.008347513 0.996973813
1305031125.050763 -0.039055884 -0.042880692 0.158075750 -0.035151396 -0.070915550 -0.007262033 0.996836305
1305031125.079364 -0.039744891 -0.052729424 0.162727907 -0.036817122 -0.069724269 -0.004367107 0.996877074
1305031125.111364 -0.041021656 -0.061934717 0.166489810 -0.036130883 -0.070473723 -0.003353251 0.996853411
1305031125.151013 -0.039002463 -0.068483651 0.169746220 -0.032029133 -0.071722835 -0.005304609 0.996896088
1305031125.179353 -0.039869487 -0.070487425 0.169834748 -0.031184401 -0.068724640 -0.004809711 0.997136533
1305031125.211320 -0.041568048 -0.080543667 0.174103886 -0.035231251 -0.067037821 -0.004603085 0.997117579
1305031125.250632 -0.043779142 -0.091773219 0.176209345 -0.034442436 -0.066162057 -0.007555949 0.997185647
1305031125.279467 -0.043706134 -0.094372705 0.178068057 -0.030647049 -0.066376671 -0.008206877 0.997290075
1305031125.311493 -0.044114582 -0.102942720 0.182188928 -0.031172220 -0.064757168 -0.007909938 0.997382700
1305031125.348880 -0.046675503 -0.107124448 0.182893887 -0.026909869 -0.062724449 -0.011323723 0.997603774
1305031125.379401 -0.042512439 -0.110138021 0.187657073 -0.026613163 -0.062675036 -0.014768022 0.997569799
1305031125.411335 -0.043765455 -0.114931881 0.189370513 -0.026973184 -0.055754364 -0.016009390 0.997951686
1305031125.451195 -0.046083562 -0.120310530 0.191257834 -0.030213850 -0.049745318 -0.018236877 0.998138249
1305031125.479424 -0.046052609 -0.127708584 0.193568021 -0.030555693 -0.045918934 -0.019789807 0.998281598
1305031125.511316 -0.047352463 -0.127233312 0.193488389 -0.029034825 -0.041642927 -0.020483389 0.998500526
1305031125.551020 -0.046678312 -0.129292220 0.194978327 -0.029948132 -0.039025571 -0.022167170 0.998543322
1305031125.579308 -0.046103872 -0.131397858 0.195704281 -0.031623833 -0.035686586 -0.024449533 0.998563290
1305031125.611533 -0.047429923 -0.136661679 0.195721358 -0.032164942 -0.031940430 -0.024753718 0.998665333
1305031125.650575 -0.052688763 -0.139277741 0.191873416 -0.028354159 -0.029631561 -0.022152143 0.998913050
1305031125.679328 -0.056289658 -0.132448137 0.185876593 -0.022738608 -0.032339014 -0.021519119 0.998986542
1305031125.711443 -0.053033188 -0.133579776 0.186696738 -0.022242149 -0.039276063 -0.019506166 0.998790324
1305031125.751260 -0.050595228 -0.123736180 0.181900471 -0.015922852 -0.042256616 -0.017723469 0.998822689
1305031125.779348 -0.049191967 -0.118056498 0.179706305 -0.015958535 -0.043673757 -0.020417854 0.998709679
1305031125.811573 -0.047232926 -0.109458886 0.176765591 -0.014736838 -0.043603767 -0.021155158 0.998716176
1305031125.847412 -0.048171297 -0.103857182 0.174315691 -0.016866133 -0.041776817 -0.023428470 0.998709798
1305031125.879318 -0.050677132 -0.097149245 0.169124395 -0.016785912 -0.041276615 -0.024148062 0.998714805
1305031125.911305 -0.053430267 -0.086290933 0.165180236 -0.019136254 -0.043405518 -0.022809057 0.998613775
1305031125.947343 -0.055232260 -0.083916962 0.161932081 -0.023838244 -0.049509086 -0.020767674 0.998273134
1305031125.979324 -0.053532496 -0.073038831 0.159387305 -0.023185318 -0.057544865 -0.017132465 0.997926593
1305031126.011333 -0.048618950 -0.061999917 0.158292457 -0.024510790 -0.064992376 -0.016363621 0.997450471
1305031126.047324 -0.044121053 -0.050729576 0.157011569 -0.026600108 -0.067892268 -0.015650766 0.997215211
1305031126.079356 -0.042924441 -0.039885383 0.155258715 -0.030158704 -0.066692531 -0.014847891 0.997207165
1305031126.111370 -0.041490249 -0.032562524 0.154008955 -0.034467049 -0.066454574 -0.015148237 0.997078896
1305031126.147432 -0.042138200 -0.018051945 0.152559280 -0.034805767 -0.064909413 -0.013269021 0.997195661
1305031126.179384 -0.043278024 -0.005368154 0.148826465 -0.040071949 -0.064278111 -0.012473560 0.997049153
1305031126.211319 -0.039731301 0.000456104 0.149165332 -0.045847375 -0.066472493 -0.011878099 0.996663570
1305031126.247298 -0.038831100 0.014694925 0.146656036 -0.046774052 -0.065350160 -0.011318803 0.996701241
1305031126.279363 -0.037972461 0.023263061 0.145348638 -0.051090945 -0.063820846 -0.012443536 0.996574998
1305031126.311332 -0.035812199 0.034937419 0.143850684 -0.054352198 -0.061715364 -0.013680701 0.996518910
1305031126.347363 -0.036806852 0.042294774 0.141920984 -0.059299681 -0.057315726 -0.015084645 0.996479273
1305031126.379423 -0.038386248 0.051317070 0.138996869 -0.062494103 -0.053625543 -0.016582202 0.996465683
1305031126.411465 -0.038888562 0.060909037 0.136221886 -0.066240594 -0.051684309 -0.018564684 0.996291280
1305031126.447361 -0.039041243 0.066703178 0.135098204 -0.071456581 -0.050315328 -0.017652811 0.996017456
1305031126.479533 -0.040982947 0.075003192 0.132183254 -0.073182687 -0.049587280 -0.014804605 0.995975018
1305031126.511410 -0.040618613 0.086793393 0.128205538 -0.074630305 -0.051233135 -0.012865264 0.995811224
1305031126.547374 -0.037223667 0.094846897 0.128338218 -0.079961978 -0.053344686 -0.012361630 0.995292723
1305031126.579454 -0.035935901 0.101559833 0.126895159 -0.084295116 -0.051660020 -0.010299315 0.995047450
1305031126.611528 -0.035886455 0.108610146 0.125081331 -0.089059971 -0.049682267 -0.008871338 0.994746864
1305031126.647376 -0.033691321 0.110951722 0.125005215 -0.094343424 -0.048874136 -0.006930562 0.994315147
1305031126.679479 -0.033542357 0.116021045 0.122858904 -0.095930472 -0.046491280 -0.002571050 0.994298398
1305031126.711583 -0.033091918 0.121673837 0.121245600 -0.098070957 -0.044927761 0.000362378 0.994164705
1305031126.747316 -0.031638660 0.122282952 0.120113581 -0.100538455 -0.043714404 0.003390681 0.993966579
1305031126.779379 -0.030864343 0.127953216 0.117885768 -0.099290818 -0.042930521 0.006872225 0.994108200
1305031126.811602 -0.027934805 0.131755620 0.117297128 -0.099009670 -0.042075444 0.007511052 0.994168162
1305031126.847343 -0.027491108 0.134021342 0.115225129 -0.099535838 -0.038246237 0.007995998 0.994266510
1305031126.879357 -0.027463553 0.136606708 0.113623679 -0.099798925 -0.036106847 0.008599714 0.994315088
1305031126.911364 -0.026444547 0.137424231 0.113060519 -0.100223698 -0.034304015 0.007982371 0.994341373
1305031126.947437 -0.027313789 0.138264179 0.110690117 -0.101003617 -0.032501251 0.009640995 0.994308293
1305031126.979337 -0.027117327 0.137292638 0.110715374 -0.102008305 -0.033490285 0.010894254 0.994159937
1305031127.011371 -0.026735406 0.136842057 0.110309660 -0.100710712 -0.034500323 0.011043818 0.994256079
1305031127.047297 -0.026488889 0.137801945 0.109611236 -0.099378332 -0.034842119 0.012108491 0.994365811
1305031127.079299 -0.026848204 0.136735469 0.109712064 -0.100189388 -0.035130344 0.012351562 0.994271278
1305031127.111435 -0.028587405 0.133686155 0.109507143 -0.101167463 -0.036366630 0.013364828 0.994114637
1305031127.147307 -0.028607912 0.130391389 0.110178098 -0.101042427 -0.039834306 0.014079092 0.993984640
1305031127.179349 -0.028464481 0.131041408 0.110267006 -0.097889647 -0.042752430 0.013299147 0.994189620
1305031127.211700 -0.026742466 0.129318699 0.112254739 -0.097542889 -0.045283768 0.013245029 0.994112313
1305031127.247374 -0.025608942 0.125040382 0.113947675 -0.097006314 -0.046184994 0.012633957 0.994131327
1305031127.279465 -0.026693124 0.125681803 0.113867432 -0.093503393 -0.045862809 0.011495992 0.994495630
1305031127.311362 -0.028176101 0.122398108 0.114775255 -0.094565772 -0.045968030 0.010752490 0.994398654
1305031127.347356 -0.027472984 0.116984770 0.117359176 -0.094314255 -0.048231710 0.010291177 0.994320154
1305031127.379262 -0.028083334 0.118005417 0.117073402 -0.090374798 -0.048911382 0.009961140 0.994656146
1305031127.411371 -0.029340882 0.116915889 0.118484572 -0.089891292 -0.049532540 0.009016372 0.994678199
1305031127.447333 -0.028822193 0.111940190 0.120997228 -0.090673268 -0.051361229 0.008884489 0.994515717
1305031127.479362 -0.029959947 0.113397375 0.120832324 -0.087509997 -0.051770348 0.008048270 0.994784892
1305031127.511356 -0.030282903 0.112570986 0.122271292 -0.088449575 -0.052940790 0.006881958 0.994648993
1305031127.547348 -0.029910002 0.108605117 0.124842368 -0.089562312 -0.054347832 0.007055433 0.994472265
1305031127.579345 -0.031223930 0.109229334 0.124704666 -0.086921416 -0.054042391 0.006404456 0.994727612
1305031127.611271 -0.031188667 0.110104248 0.125008136 -0.086707868 -0.054645203 0.006248779 0.994714320
1305031127.647358 -0.030473012 0.106903233 0.127017498 -0.088782169 -0.055464208 0.007763561 0.994475305
1305031127.679298 -0.030707825 0.105478667 0.127260178 -0.087574802 -0.055835538 0.008537076 0.994555295
1305031127.711375 -0.031609498 0.107390910 0.126600623 -0.085947044 -0.056041691 0.007998910 0.994690120
1305031127.747304 -0.030576928 0.105544336 0.127952635 -0.087664679 -0.057215106 0.008017628 0.994473279
1305031127.779346 -0.031126818 0.102743521 0.128444716 -0.087601297 -0.057135511 0.008331413 0.994480848
1305031127.811829 -0.031990893 0.104384191 0.127501145 -0.085100368 -0.057045069 0.007049350 0.994713068
1305031127.847366 -0.031981230 0.103343889 0.127664194 -0.085777007 -0.057207473 0.006252850 0.994650960
1305031127.879380 -0.032766640 0.102170691 0.127716541 -0.086126640 -0.057214282 0.005968293 0.994622111
1305031127.911476 -0.033830293 0.102418736 0.127963424 -0.085465036 -0.057663951 0.005398699 0.994656444
1305031127.947366 -0.034069583 0.103796057 0.128048956 -0.085426018 -0.058371931 0.005473758 0.994618118
1305031127.979371 -0.033802740 0.102319777 0.129601702 -0.087612346 -0.059456963 0.005398540 0.994364023
1305031128.011427 -0.032900196 0.103189103 0.131166935 -0.088035889 -0.060039092 0.004977570 0.994293809
1305031128.047369 -0.031893745 0.100589134 0.133605853 -0.091589458 -0.059713688 0.006307385 0.993984818
1305031128.079334 -0.032348838 0.098143071 0.135205567 -0.092282496 -0.059193030 0.007107231 0.993946493
1305031128.111391 -0.032187909 0.097968280 0.135813355 -0.091437317 -0.059425101 0.007810487 0.994005501
1305031128.147418 -0.032000221 0.097643375 0.136626154 -0.092091456 -0.059505407 0.009322687 0.993927240
1305031128.179350 -0.030194256 0.093705408 0.138844833 -0.093124390 -0.060523871 0.010992804 0.993752420
1305031128.211447 -0.031494670 0.095315725 0.137826085 -0.090035148 -0.059643999 0.010961688 0.994090617
1305031128.247480 -0.031693436 0.095859110 0.137814477 -0.090143070 -0.060021032 0.011343185 0.994053841
1305031128.279336 -0.030876052 0.093008995 0.139345288 -0.091450520 -0.060953874 0.011404408 0.993876934
1305031128.311483 -0.031563513 0.094161674 0.138629720 -0.089428738 -0.060568377 0.010616741 0.994093180
1305031128.347423 -0.032381050 0.094214201 0.138031214 -0.089363813 -0.060194515 0.009671224 0.994131386
1305031128.379404 -0.032113306 0.093039595 0.138912022 -0.090060197 -0.060986005 0.008288643 0.994032800
1305031128.411337 -0.032901354 0.092381701 0.138540611 -0.089417413 -0.060611505 0.006913340 0.994124234
1305031128.447296 -0.033278864 0.092470363 0.138221160 -0.088904388 -0.060507726 0.005801129 0.994183660
1305031128.479296 -0.033733774 0.091438994 0.138215721 -0.089432403 -0.060604282 0.004651285 0.994136453
1305031128.511433 -0.033147782 0.090739399 0.138576880 -0.089209549 -0.060839005 0.003949715 0.994145215
1305031128.547399 -0.032859515 0.090183049 0.138659641 -0.089454085 -0.060455058 0.003582475 0.994148016
1305031128.579455 -0.032760553 0.088156551 0.138771608 -0.089718647 -0.059901878 0.003377577 0.994158387
1305031128.611395 -0.034374490 0.088182867 0.137628883 -0.088199466 -0.059099022 0.003629024 0.994341493
1305031128.647352 -0.035233211 0.088123351 0.136902511 -0.087660968 -0.059934564 0.003808623 0.994338393
1305031128.679282 -0.034854092 0.087138310 0.137195721 -0.087469399 -0.061562959 0.003081589 0.994258285
1305031128.711457 -0.033813715 0.087070599 0.137393728 -0.086337559 -0.062042844 0.002507288 0.994329035
1305031128.747363 -0.033001807 0.087524280 0.137217611 -0.085356295 -0.061602991 0.001639638 0.994442880
