1305031102.675285 -0.005537815 0.018489623 0.138242453 -0.041808147 -0.017885817 -0.000374260 0.998965442
1305031102.711263 -0.005499928 0.018393356 0.148574144 -0.042863201 -0.018374892 0.000842109 0.998911560
1305031102.743234 -0.004391940 0.022488069 0.160633042 -0.043849669 -0.019577675 0.003442461 0.998840332
1305031102.775472 -0.002310585 0.022640634 0.171695471 -0.046455111 -0.018653514 0.001779824 0.998744607
1305031102.811232 -0.001556118 0.028638538 0.183236733 -0.045361225 -0.016309991 0.000917831 0.998837054
1305031102.843290 -0.001037268 0.026666984 0.192319632 -0.048971694 -0.013268976 0.000345118 0.998711944
1305031102.875363 -0.003230871 0.030645829 0.202405527 -0.046848532 -0.009655371 -0.002208925 0.998852909
1305031102.911185 -0.004217670 0.032835774 0.211295903 -0.046358816 -0.008001713 -0.003419316 0.998886943
1305031102.943229 -0.009488208 0.033440646 0.217260063 -0.046977792 -0.005513397 -0.004951401 0.998868465
1305031102.975203 -0.012876313 0.036190763 0.224102050 -0.047242071 -0.010960909 -0.004826240 0.998811662
1305031103.011215 -0.015202370 0.039463144 0.230026394 -0.047195118 -0.016153352 -0.002378558 0.998752236
1305031103.043227 -0.015495399 0.041759260 0.238359496 -0.048887189 -0.022167366 0.000341591 0.998558223
1305031103.075319 -0.012030155 0.042084195 0.249239475 -0.049126040 -0.027075833 0.003053350 0.998420894
1305031103.111240 -0.012880875 0.047785524 0.254541278 -0.046506431 -0.026290389 0.003885016 0.998564422
1305031103.143318 -0.012175061 0.049285926 0.263165534 -0.048427306 -0.026961397 0.005569146 0.998447239
1305031103.175452 -0.012389066 0.053384133 0.267999232 -0.048338320 -0.025247945 0.006091168 0.998493254
1305031103.211220 -0.014614881 0.058920763 0.273768067 -0.051267561 -0.024399413 0.006697097 0.998364389
1305031103.243216 -0.014443909 0.061024293 0.279344887 -0.058205936 -0.024390751 0.010109219 0.997955382
1305031103.275370 -0.020042496 0.061985448 0.280775130 -0.067296728 -0.023956209 0.013411280 0.997355223
1305031103.311210 -0.019136578 0.057775356 0.287077576 -0.075776286 -0.034205712 0.014049906 0.996438920
1305031103.343223 -0.013055074 0.059657600 0.291205406 -0.075813062 -0.041766323 0.014427107 0.996142447
1305031103.375327 -0.011953835 0.058982581 0.291725099 -0.079455785 -0.040683050 0.016013466 0.995879114
1305031103.411260 -0.013697801 0.054441165 0.290230840 -0.082777172 -0.039043557 0.017093174 0.995656252
1305031103.443280 -0.015334388 0.053154595 0.286400259 -0.082519077 -0.040422618 0.016522538 0.995632291
1305031103.475274 -0.014255627 0.049837880 0.283653915 -0.083018959 -0.043800555 0.014976914 0.995472312
1305031103.511333 -0.014283617 0.045777302 0.278526664 -0.081187256 -0.045102496 0.012437418 0.995600164
1305031103.543444 -0.014287245 0.041849744 0.272604823 -0.077441424 -0.046240319 0.010197180 0.995871842
1305031103.575474 -0.015993610 0.039694004 0.263597161 -0.072862476 -0.046504054 0.010032672 0.996206701
1305031103.611223 -0.015650678 0.036200102 0.256318718 -0.071071208 -0.049891289 0.011862331 0.996152103
1305031103.643445 -0.015056133 0.032654233 0.248099118 -0.068536572 -0.054049734 0.012338549 0.996106982
1305031103.675523 -0.013364427 0.029469477 0.239613771 -0.065967128 -0.056990549 0.012266293 0.996117413
1305031103.711610 -0.011540687 0.026736211 0.230410844 -0.063523531 -0.058403756 0.012216891 0.996195018
1305031103.743326 -0.010492126 0.021436879 0.221324474 -0.061865803 -0.058182146 0.010967364 0.996326864
1305031103.775342 -0.010423262 0.020426467 0.209505260 -0.057832584 -0.057340454 0.007574114 0.996649444
1305031103.811242 -0.009915636 0.019961627 0.198195815 -0.057240304 -0.056154199 0.004212702 0.996771038
1305031103.843251 -0.013301748 0.020207481 0.185680419 -0.059297156 -0.054160737 0.001162305 0.996769369
1305031103.875361 -0.014064893 0.011375167 0.176452354 -0.067549452 -0.056735378 -0.001818468 0.996099830
1305031103.911221 -0.013220242 0.005331341 0.166399509 -0.067456380 -0.060796190 -0.003641452 0.995861530
1305031103.943211 -0.011847524 0.003787827 0.154900476 -0.064871773 -0.063681781 -0.004560926 0.995849133
1305031103.975373 -0.009647431 -0.001363268 0.144635260 -0.063833617 -0.066064164 -0.005654289 0.995755374
1305031104.011232 -0.004755880 -0.007324787 0.135425568 -0.061097890 -0.067759149 -0.006717819 0.995806515
1305031104.043249 -0.001507229 -0.009224264 0.123731747 -0.053710386 -0.065537050 -0.008521713 0.996367157
1305031104.075425 -0.000183688 -0.008352874 0.112945452 -0.048744563 -0.061021861 -0.011422805 0.996880054
1305031104.111235 0.003441797 -0.014082792 0.103678338 -0.046897788 -0.056311723 -0.012848461 0.997228384
1305031104.143230 0.000746647 -0.017817382 0.090520673 -0.042296410 -0.048914135 -0.014523154 0.997801304
1305031104.175424 -0.000027820 -0.018937845 0.079422303 -0.037712414 -0.045209538 -0.015292916 0.998148322
1305031104.211283 0.000732654 -0.022845792 0.069661826 -0.034197368 -0.042797878 -0.015295296 0.998381138
1305031104.243196 0.000717983 -0.024319638 0.059432562 -0.029329313 -0.040235594 -0.015525864 0.998638988
1305031104.275546 0.001731042 -0.025878297 0.049344178 -0.024982892 -0.037812538 -0.016302541 0.998839438
1305031104.311219 0.002892085 -0.027297772 0.040283803 -0.021323944 -0.034837086 -0.016400086 0.999030888
1305031104.343342 0.004011606 -0.026135832 0.032181665 -0.017346352 -0.031043170 -0.016684014 0.999228239
1305031104.375837 0.003308426 -0.026848994 0.023579732 -0.015463215 -0.025825357 -0.016420435 0.999412000
1305031104.411509 0.000593073 -0.027663706 0.014151691 -0.014046064 -0.020899180 -0.016161155 0.999552250
1305031104.443288 -0.004268028 -0.027269997 0.004784066 -0.013217827 -0.017614430 -0.016039707 0.999628842
1305031104.475456 -0.007708390 -0.028060360 -0.002785915 -0.013439571 -0.017962130 -0.015611058 0.999626458
1305031104.511329 -0.004466157 -0.030031402 -0.003809558 -0.013507485 -0.022472158 -0.012873120 0.999573350
1305031104.543368 -0.002107114 -0.031259485 -0.011065518 -0.010142355 -0.025276540 -0.012181392 0.999554813
1305031104.575343 0.002615279 -0.036293413 -0.016464379 -0.007137978 -0.026451258 -0.011538305 0.999558032
1305031104.611336 0.008526699 -0.045560949 -0.023326436 -0.000436998 -0.023694335 -0.010448023 0.999664545
1305031104.643243 0.010611192 -0.042057350 -0.032114483 0.013049235 -0.016487008 -0.009772688 0.999731123
1305031104.675525 0.012540962 -0.047528729 -0.040220566 0.022736998 -0.008958856 -0.008942572 0.999661326
1305031104.711277 0.012203935 -0.050611611 -0.050273512 0.036336243 -0.001010771 -0.007333764 0.999312222
1305031104.743280 0.013990812 -0.048304319 -0.057662398 0.050169900 0.005692331 -0.005199852 0.998710930
1305031104.775327 0.013871219 -0.043793760 -0.062466938 0.063012846 0.012800699 -0.002965088 0.997926235
1305031104.811465 0.015204104 -0.039312191 -0.068735972 0.074761495 0.019293614 -0.000088881 0.997014761
1305031104.843258 0.013502387 -0.035129573 -0.072460778 0.083885655 0.026321920 0.002124195 0.996125400
1305031104.875350 0.011553847 -0.032846779 -0.078563966 0.089672022 0.029941158 0.004600191 0.995510578
1305031104.911534 0.012135873 -0.032096699 -0.079727389 0.091375872 0.030810747 0.007151696 0.995314002
1305031104.943262 0.013115490 -0.028134529 -0.078543887 0.093382284 0.031272635 0.007669155 0.995109499
1305031104.975202 0.012324703 -0.022588942 -0.075084701 0.093397021 0.030576155 0.008672158 0.995121539
1305031105.011290 0.013508476 -0.019845285 -0.070057772 0.088915013 0.029679449 0.009851371 0.995548189
1305031105.043373 0.012908642 -0.017849769 -0.064433657 0.083382629 0.029299498 0.008629617 0.996049404
1305031105.075320 0.013786076 -0.017246217 -0.055210061 0.075891808 0.027853385 0.007514682 0.996698618
1305031105.111299 0.010758128 -0.019459665 -0.046046380 0.069430232 0.027570900 0.005189852 0.997192264
1305031105.143106 0.007636603 -0.009639530 -0.036995124 0.065835960 0.025494309 0.003438197 0.997498810
1305031105.175159 0.006016604 -0.005599309 -0.026490949 0.053546101 0.022264296 0.000507612 0.998317003
1305031105.211268 0.000832367 -0.012201378 -0.017247699 0.039566334 0.019652735 -0.002788305 0.999019802
1305031105.243270 -0.001507049 -0.009988684 -0.006781561 0.031656977 0.014298972 -0.004081899 0.999388158
1305031105.275288 -0.005243468 -0.007360002 0.002199888 0.021814955 0.008746943 -0.005519482 0.999708533
1305031105.311290 -0.008248564 -0.009059799 0.012941521 0.011058690 0.001947969 -0.006897060 0.999913156
1305031105.343302 -0.008780141 -0.011935774 0.024977423 0.001951766 -0.004902150 -0.007376300 0.999958873
1305031105.375338 -0.009781184 -0.013248743 0.035136424 -0.002141416 -0.009820579 -0.007268870 0.999923110
1305031105.411286 -0.010360908 -0.007792918 0.044935077 -0.006275868 -0.014718580 -0.007772602 0.999841750
1305031105.443316 -0.010709550 -0.010715159 0.056936197 -0.014082091 -0.019054584 -0.008423941 0.999683797
1305031105.475280 -0.012076503 -0.009708192 0.067608654 -0.017383320 -0.022141250 -0.008708735 0.999565780
1305031105.511332 -0.010131725 -0.007747095 0.078307278 -0.021734552 -0.025863782 -0.008102158 0.999396324
1305031105.543282 -0.010182833 -0.009399237 0.090570860 -0.026770132 -0.026883610 -0.006985360 0.999255657
1305031105.575449 -0.011350555 -0.007730980 0.100737855 -0.029252985 -0.027983239 -0.007108873 0.999154985
1305031105.611378 -0.011775326 -0.008907581 0.110640861 -0.032313656 -0.028670752 -0.006541520 0.999045074
1305031105.643273 -0.013326731 -0.007492126 0.120491825 -0.032696173 -0.028498488 -0.003760523 0.999051869
1305031105.675166 -0.010833779 -0.004956396 0.133078486 -0.034168683 -0.030790089 -0.002322817 0.998938978
1305031105.711309 -0.006955523 -0.007292449 0.146206379 -0.034635026 -0.030162210 -0.002525370 0.998941541
1305031105.743312 -0.006948406 -0.001336006 0.156265914 -0.031245407 -0.026200052 -0.002011629 0.999166250
1305031105.775339 -0.004066939 -0.002396061 0.168887481 -0.032849107 -0.022771249 -0.001910753 0.999199092
1305031105.811283 -0.005085288 -0.000388584 0.178455636 -0.031102115 -0.017150035 -0.001135341 0.999368429
1305031105.843271 -0.003240982 0.001080325 0.189900041 -0.029792128 -0.014278933 -0.000144874 0.999454141
1305031105.875337 -0.002054507 0.007231494 0.199900851 -0.027663969 -0.009419136 0.002327014 0.999570191
1305031105.911262 -0.001145387 0.009414377 0.210050866 -0.030626567 -0.005703993 0.007173373 0.999488890
1305031105.943272 -0.001472431 0.013797967 0.219029590 -0.032484520 -0.002078268 0.009676881 0.999423206
1305031105.975329 -0.001879319 0.017231651 0.228804857 -0.036530286 0.000284877 0.011054073 0.999271333
1305031106.011285 -0.000418124 0.020283177 0.238275617 -0.040774412 0.001741855 0.013309589 0.999078155
1305031106.043355 -0.002086462 0.023373973 0.247982591 -0.045074571 0.004615135 0.014167945 0.998872459
1305031106.075330 -0.002448610 0.026046053 0.256435394 -0.049184803 0.005281518 0.016175585 0.998644710
1305031106.111327 -0.004186916 0.032878622 0.263916016 -0.051883377 0.005708921 0.016650498 0.998498023
1305031106.143355 -0.005416724 0.033879746 0.272650182 -0.059398770 0.004305189 0.018685063 0.998050153
1305031106.175534 -0.006627731 0.035506040 0.280134767 -0.063362300 0.003089176 0.019618263 0.997792959
1305031106.211275 -0.007585442 0.035984837 0.288173378 -0.066915065 0.001672208 0.019992832 0.997556984
1305031106.243267 -0.008407899 0.038643170 0.294119626 -0.066481814 0.000282485 0.023658911 0.997507095
1305031106.276385 -0.009053276 0.042635247 0.298333883 -0.067024924 -0.001367132 0.024773480 0.997442782
1305031106.311238 -0.008935212 0.045247965 0.302537054 -0.070489943 -0.002877177 0.028213501 0.997109294
1305031106.343258 -0.010896490 0.051254783 0.304068863 -0.073261462 -0.003036853 0.028320786 0.996905982
1305031106.375388 -0.007405839 0.051312018 0.306455165 -0.082939997 -0.005002860 0.021522852 0.996309519
1305031106.411320 -0.007052868 0.046546955 0.308426678 -0.091022022 0.000148961 0.015303692 0.995731294
1305031106.443278 -0.010168611 0.044226535 0.307380825 -0.092500784 0.005155134 0.010478570 0.995644093
1305031106.475345 -0.012263033 0.042687103 0.304396838 -0.092180900 0.005148456 0.008993776 0.995688319
1305031106.511129 -0.013511904 0.039030381 0.299853206 -0.091313332 0.002231914 0.008858739 0.995780289
1305031106.543302 -0.012080772 0.036832575 0.292714685 -0.088141568 -0.002743473 0.008018428 0.996071935
1305031106.575282 -0.012054801 0.034697115 0.284508914 -0.085175261 -0.004617801 0.006919594 0.996331275
1305031106.611151 -0.013355246 0.034111921 0.275330484 -0.084229700 -0.007159141 0.004027262 0.996412516
1305031106.643207 -0.013123268 0.028395103 0.267474771 -0.085715629 -0.010079099 0.001853872 0.996266961
1305031106.675279 -0.015866788 0.028260563 0.256746829 -0.082294591 -0.011775152 0.001504211 0.996537328
1305031106.711508 -0.017412778 0.025062785 0.247109920 -0.084286176 -0.017015060 0.000657035 0.996296108
1305031106.743341 -0.017409241 0.020786082 0.236167982 -0.083936051 -0.023468276 0.001500838 0.996193588
1305031106.775390 -0.015673459 0.017644402 0.224205837 -0.083396852 -0.030198026 0.001524202 0.996057570
1305031106.811289 -0.014815181 0.017356090 0.211226925 -0.082711183 -0.034479029 0.001111376 0.995976329
1305031106.843416 -0.014960549 0.010565257 0.199921295 -0.084744126 -0.038173895 -0.000428793 0.995671153
1305031106.875905 -0.012269514 0.006316382 0.186868399 -0.079556033 -0.041620113 -0.003907424 0.995953500
1305031106.911243 -0.011762578 0.007415492 0.172134981 -0.074374206 -0.041052975 -0.008300542 0.996350467
1305031106.943439 -0.011073435 0.001821697 0.161306664 -0.073708192 -0.040403660 -0.012797465 0.996378899
1305031106.975547 -0.010757299 -0.003933933 0.148639292 -0.068574481 -0.038174417 -0.016249156 0.996782959
1305031107.011576 -0.011491375 -0.000649219 0.131677210 -0.059861816 -0.034867328 -0.019894600 0.997399092
1305031107.043281 -0.011781036 -0.006377595 0.121455707 -0.061432973 -0.032351311 -0.021994608 0.997344315
1305031107.075432 -0.014843382 -0.012083316 0.108405538 -0.057733096 -0.030091971 -0.023334084 0.997605562
1305031107.111229 -0.013524702 -0.011586718 0.095338866 -0.052025188 -0.031341575 -0.023830103 0.997869313
1305031107.143260 -0.011652903 -0.010988893 0.083772436 -0.049530938 -0.030815722 -0.023969509 0.998009324
1305031107.175399 -0.010608565 -0.017119136 0.074799977 -0.048767265 -0.029553110 -0.024827735 0.998064101
1305031107.211358 -0.008553487 -0.021718202 0.064215884 -0.043154422 -0.027820507 -0.026729932 0.998323202
1305031107.243378 -0.006823904 -0.021686113 0.054886702 -0.036656074 -0.025041612 -0.026728878 0.998656511
1305031107.275398 -0.004781747 -0.025729490 0.045658719 -0.031990565 -0.022131659 -0.026805857 0.998883486
1305031107.311226 -0.003908811 -0.029907782 0.038052164 -0.025481563 -0.018686658 -0.027538478 0.999121189
1305031107.343509 -0.000303209 -0.034096502 0.029433891 -0.015272899 -0.016040618 -0.027421812 0.999378562
1305031107.375413 0.001213060 -0.030046461 0.020263225 -0.004623369 -0.011151493 -0.027211366 0.999556780
1305031107.411271 0.003334337 -0.030962838 0.014274435 0.001625464 -0.006700970 -0.027723322 0.999591827
1305031107.443419 0.005219636 -0.028975844 0.009553254 0.007647337 -0.002317942 -0.027614702 0.999586701
1305031107.475377 0.007951733 -0.030182630 0.006164432 0.010221660 0.001777931 -0.026407918 0.999597430
1305031107.511352 0.009714698 -0.024794387 0.004300712 0.013287866 0.005095087 -0.025218774 0.999580622
1305031107.543605 0.013363654 -0.026006000 0.004277883 0.010202467 0.006943001 -0.022915363 0.999661207
1305031107.575454 0.014290264 -0.029770683 0.005128731 0.008980940 0.009231859 -0.020389426 0.999709129
1305031107.611271 0.015392520 -0.023023346 0.004875340 0.011473970 0.010713181 -0.018791415 0.999700189
1305031107.643323 0.016319184 -0.022504589 0.006780619 0.008059718 0.012018802 -0.017462451 0.999742806
1305031107.675568 0.015819659 -0.022101928 0.008178744 0.006884144 0.012732744 -0.016970247 0.999751210
1305031107.711307 0.015383102 -0.019015269 0.009058863 0.006248990 0.012681953 -0.015881397 0.999773979
1305031107.743538 0.013251811 -0.015256931 0.009998329 0.003859863 0.011996583 -0.015495849 0.999800503
1305031107.775802 0.012595234 -0.016277958 0.012311934 0.000571688 0.009462475 -0.016996153 0.999810576
1305031107.811596 0.014790635 -0.014402676 0.014223882 -0.001319057 0.006849385 -0.016722610 0.999835849
1305031107.843332 0.016154658 -0.013596923 0.015794981 -0.003777742 0.006152479 -0.017290177 0.999824464
1305031107.875358 0.020518493 -0.015797066 0.019082122 -0.005072400 0.006002413 -0.020670189 0.999755442
1305031107.911541 0.023467535 -0.016366199 0.020629358 -0.004431759 0.008714943 -0.022955477 0.999688685
1305031107.943122 0.027709389 -0.017350344 0.022780767 -0.002771593 0.011706259 -0.023244925 0.999657452
1305031107.975807 0.032389965 -0.018678010 0.024113042 -0.000841440 0.015729086 -0.023268770 0.999605119
1305031108.011320 0.038281478 -0.017534403 0.026141278 0.003380741 0.020410670 -0.025111852 0.999470592
1305031108.043418 0.050977916 -0.017416418 0.026571235 0.005454618 0.025058176 -0.022826623 0.999410450
1305031108.075352 0.058411416 -0.018353945 0.030350246 0.006425011 0.034151014 -0.017290741 0.999246418
1305031108.111378 0.062659301 -0.018490292 0.033448514 0.009248205 0.040838059 -0.017305501 0.998973072
1305031108.143334 0.071724951 -0.015506793 0.036226466 0.012140764 0.043938145 -0.016293554 0.998827577
1305031108.176058 0.080791131 -0.010769771 0.037367668 0.011680445 0.047165476 -0.013408563 0.998728812
1305031108.211475 0.092236884 -0.014543246 0.038049914 0.005476049 0.047483891 -0.014034159 0.998758376
1305031108.243347 0.105303705 -0.019413413 0.042308584 0.003287089 0.049100604 -0.015778445 0.998663783
1305031108.275358 0.113623045 -0.013312293 0.043325067 0.005474365 0.053448338 -0.015185211 0.998440146
1305031108.311332 0.117816389 -0.009738821 0.046582475 0.002636765 0.056076072 -0.014013198 0.998324692
1305031108.343278 0.124667242 -0.007503142 0.049555562 -0.002380907 0.055044796 -0.011943699 0.998409569
1305031108.375410 0.131735474 -0.006342156 0.052670702 -0.007372147 0.052372616 -0.006818696 0.998577118
1305031108.411361 0.141257152 -0.006444861 0.055604134 -0.012540728 0.048353065 -0.000682975 0.998751342
1305031108.443610 0.152648970 -0.004565912 0.057172999 -0.016291322 0.046116963 0.006480022 0.998782158
1305031108.475471 0.162318751 -0.006238486 0.059511364 -0.019574681 0.045032252 0.013513791 0.998702288
1305031108.511378 0.177287191 -0.011739009 0.060400963 -0.021079954 0.046335891 0.017967992 0.998541832
1305031108.543737 0.185522690 -0.013986575 0.062899791 -0.017895620 0.054054614 0.016049659 0.998248577
1305031108.575414 0.195876315 -0.006687581 0.061296731 -0.011745253 0.058145925 0.015107859 0.998124659
1305031108.611407 0.206041723 -0.007681317 0.063213810 -0.012817432 0.063713916 0.015488382 0.997765660
1305031108.643303 0.213007033 -0.004533185 0.062638864 -0.011921023 0.069782324 0.017102111 0.997344375
1305031108.675375 0.226516992 0.000156706 0.063771226 -0.013223013 0.073253825 0.021341201 0.996997297
1305031108.711411 0.230756387 -0.002327338 0.067558408 -0.018532028 0.082395554 0.024651017 0.996122420
1305031108.743502 0.235204220 -0.004168674 0.068511128 -0.020609641 0.088069774 0.025536815 0.995573640
1305031108.775493 0.249777153 0.000790995 0.066826068 -0.019293590 0.086694978 0.029116949 0.995622396
1305031108.811244 0.250942409 -0.001296309 0.067784742 -0.021695666 0.091101296 0.033414718 0.995044410
1305031108.843264 0.250988781 -0.003073308 0.068356439 -0.021202678 0.092065893 0.039205819 0.994754851
1305031108.876515 0.253644973 -0.002817906 0.066466346 -0.019118058 0.088460140 0.045860764 0.994839728
1305031108.911364 0.254888415 -0.006457562 0.065878324 -0.017271422 0.084834486 0.051520687 0.994912267
1305031108.943243 0.248939142 -0.009610393 0.063389584 -0.013602698 0.083427690 0.050854348 0.995122433
1305031108.975268 0.246674895 -0.004039040 0.059765298 -0.007795995 0.077039726 0.049517758 0.995767117
1305031109.011269 0.248818398 -0.004047970 0.057813071 -0.008303826 0.071681216 0.048832271 0.996196926
1305031109.043277 0.241542265 -0.004958270 0.056896612 -0.007717912 0.071938835 0.045837976 0.996325314
1305031109.075410 0.236076534 0.001236888 0.055009402 -0.006978430 0.069098465 0.041113526 0.996737838
1305031109.111282 0.230317831 -0.000495948 0.054433417 -0.011425644 0.067493424 0.038010035 0.996929944
1305031109.143334 0.216022670 -0.004403728 0.056105196 -0.013307041 0.067437798 0.034695402 0.997031271
1305031109.175464 0.207168266 0.001552984 0.054872833 -0.011337915 0.061204411 0.031286381 0.997570336
1305031109.211379 0.203667685 0.012537200 0.052305087 -0.012357706 0.054175384 0.035209537 0.997833967
1305031109.243290 0.194227815 0.010130200 0.052884407 -0.021874301 0.051777370 0.040047430 0.997615576
1305031109.275308 0.173503816 -0.003583248 0.053227194 -0.029331844 0.053248327 0.042367805 0.997250795
1305031109.311329 0.159361750 0.000075066 0.052981716 -0.025432525 0.045702517 0.043474630 0.997684538
1305031109.343248 0.149598360 0.005647510 0.050885506 -0.026137771 0.035813481 0.042776965 0.998100400
1305031109.375397 0.141116947 0.002445893 0.051259018 -0.029996498 0.026737135 0.041800041 0.998317659
1305031109.411329 0.130879715 0.003393821 0.049922079 -0.030178795 0.020202592 0.038071595 0.998614848
1305031109.443302 0.122379012 0.005310307 0.047983725 -0.033178527 0.014461990 0.032629479 0.998811960
1305031109.475363 0.113336921 0.003040489 0.047806483 -0.036736540 0.011850713 0.029277906 0.998825729
1305031109.511273 0.102819018 0.001296139 0.047630161 -0.036925066 0.009836398 0.025225354 0.998951197
1305031109.543294 0.095366001 -0.000029146 0.042823672 -0.035085671 0.007642647 0.022600766 0.999099493
1305031109.575362 0.082747020 0.003099984 0.041548274 -0.033528823 0.008568769 0.022401651 0.999149919
1305031109.611310 0.071643054 0.003930417 0.039464217 -0.033426043 0.007462578 0.020107938 0.999211073
1305031109.643229 0.064307690 0.005417185 0.038293082 -0.033727866 0.005445524 0.019750750 0.999221087
1305031109.675263 0.050768368 0.006661909 0.037096921 -0.035829231 0.006461627 0.021546900 0.999104738
1305031109.711312 0.040606778 0.009810661 0.037023105 -0.037484836 0.003125960 0.020758970 0.999076664
1305031109.743274 0.030852675 0.008969158 0.036599211 -0.042604566 0.000242218 0.019890906 0.998893917
1305031109.775277 0.023296611 0.008282693 0.038513619 -0.045959283 -0.002259931 0.020430081 0.998731792
1305031109.811371 0.011365257 0.011324706 0.038618367 -0.046920612 -0.002506542 0.019350166 0.998708010
1305031109.843296 0.000737135 0.011625035 0.039032314 -0.050368786 -0.004719430 0.018511243 0.998547971
1305031109.875306 -0.013699850 0.012690494 0.040524684 -0.053615641 -0.006330397 0.016410481 0.998406708
1305031109.911265 -0.023789976 0.010803628 0.044146337 -0.055526506 -0.012271073 0.011481215 0.998315811
1305031109.943299 -0.033079211 0.017402811 0.044991955 -0.054963619 -0.015674543 0.007320090 0.998338461
1305031109.975258 -0.043683555 0.016592173 0.048523314 -0.059774157 -0.017636405 0.002687355 0.998052478
1305031110.011256 -0.053790186 0.018472916 0.051599573 -0.061362278 -0.020076182 -0.004369750 0.997904062
1305031110.043299 -0.063572131 0.018153762 0.053476386 -0.064115353 -0.020964148 -0.011513509 0.997655809
1305031110.075319 -0.074246936 0.021119695 0.054913614 -0.065143064 -0.020808827 -0.016599528 0.997520804
1305031110.111325 -0.085423216 0.021892712 0.057253540 -0.069500431 -0.021831239 -0.021347146 0.997114539
1305031110.143432 -0.094934620 0.016969105 0.059459511 -0.072764352 -0.025432719 -0.025029892 0.996710598
1305031110.175641 -0.103707798 0.023213334 0.059920937 -0.072034039 -0.028725173 -0.026269505 0.996642292
1305031110.211637 -0.113783278 0.020131111 0.061527677 -0.077068180 -0.031017628 -0.028523933 0.996134877
1305031110.243323 -0.121719226 0.018271379 0.063272849 -0.078143805 -0.035451856 -0.027840549 0.995922506
1305031110.279321 -0.127985388 0.018529141 0.064642921 -0.076253258 -0.039915342 -0.028712008 0.995875418
1305031110.311404 -0.137958422 0.019889992 0.064054973 -0.073101372 -0.042275451 -0.030581489 0.995958686
1305031110.343355 -0.147843480 0.020325096 0.060407832 -0.072486252 -0.046105403 -0.031885311 0.995792806
1305031110.379281 -0.157477066 0.021101978 0.060309134 -0.071276478 -0.051124174 -0.035505041 0.995512605
1305031110.411469 -0.166568846 0.026693307 0.059175797 -0.069178753 -0.057181731 -0.038237259 0.995229840
1305031110.443260 -0.175860032 0.027814880 0.057856441 -0.073545448 -0.062540866 -0.041647173 0.994457245
1305031110.479331 -0.186020672 0.026062081 0.059833594 -0.076926500 -0.068878472 -0.048070461 0.993492484
1305031110.511429 -0.195144996 0.026425421 0.059620570 -0.077443667 -0.075819045 -0.051842216 0.992756963
1305031110.543408 -0.203005120 0.031392440 0.058530588 -0.077354640 -0.082310624 -0.055316586 0.992059112
1305031110.579426 -0.209123343 0.035630353 0.059624143 -0.080442779 -0.088831127 -0.060020212 0.990977108
1305031110.611307 -0.213953182 0.029835042 0.061881054 -0.087073304 -0.093729749 -0.063512214 0.989747047
1305031110.643418 -0.222473338 0.027989194 0.060854409 -0.086398251 -0.094256870 -0.067104958 0.989519060
1305031110.679606 -0.226860672 0.034910500 0.059007380 -0.083853513 -0.096985660 -0.069045670 0.989340723
1305031110.711412 -0.232201010 0.033340279 0.060599741 -0.088063128 -0.098618530 -0.070658088 0.988699496
1305031110.743249 -0.236205474 0.031826973 0.060802016 -0.089099310 -0.100451827 -0.071900964 0.988332450
1305031110.779193 -0.237291589 0.033217236 0.060531821 -0.088614956 -0.102993265 -0.072353348 0.988081336
1305031110.811386 -0.239296824 0.033663712 0.060213748 -0.089196734 -0.103379048 -0.074125797 0.987857342
1305031110.843218 -0.243197635 0.033985004 0.060479291 -0.090673938 -0.104281418 -0.076423615 0.987452805
1305031110.879313 -0.240737066 0.033470586 0.061242685 -0.090826705 -0.107687086 -0.076227456 0.987088323
1305031110.911333 -0.240589723 0.033866432 0.060661640 -0.091461577 -0.108644694 -0.076444991 0.986907959
1305031110.943862 -0.236216635 0.034011435 0.061449818 -0.091304682 -0.111973487 -0.077330157 0.986481369
1305031110.979345 -0.226911932 0.036553189 0.062883809 -0.090302952 -0.113739654 -0.077388190 0.986366987
1305031111.011431 -0.218680739 0.033776425 0.064591542 -0.093023755 -0.111042276 -0.076336212 0.986503422
1305031111.043327 -0.216012642 0.034820553 0.064441875 -0.091556869 -0.104264662 -0.074244492 0.987539351
1305031111.079283 -0.212939173 0.038341496 0.064227030 -0.091996208 -0.100212865 -0.072359785 0.988057792
1305031111.111508 -0.204336226 0.033693083 0.066395268 -0.095350184 -0.099445447 -0.068780154 0.988072991
1305031111.143257 -0.197488531 0.031865127 0.067265585 -0.094125770 -0.096960880 -0.067580387 0.988520026
1305031111.179326 -0.182576895 0.032700948 0.069517523 -0.090884551 -0.096804529 -0.067011803 0.988877296
1305031111.211433 -0.174861476 0.032361269 0.067385040 -0.089407630 -0.088285401 -0.062972315 0.990073979
1305031111.243236 -0.174251959 0.029215243 0.066701978 -0.090011626 -0.082291141 -0.063362665 0.990510583
1305031111.279308 -0.158000365 0.025727767 0.069771126 -0.086924560 -0.084646806 -0.060723614 0.990753114
1305031111.311547 -0.157840326 0.032864224 0.066702671 -0.080223784 -0.076038755 -0.058150578 0.992169738
1305031111.343397 -0.153796062 0.033026714 0.065084904 -0.083968095 -0.076602206 -0.058006071 0.991824985
1305031111.379134 -0.138672680 0.024526581 0.070452183 -0.086568184 -0.081979558 -0.053866733 0.991404891
1305031111.411296 -0.135236740 0.027526967 0.066521019 -0.080463506 -0.080841616 -0.053584822 0.992027700
1305031111.443386 -0.118253738 0.028991930 0.073283605 -0.079837225 -0.089913778 -0.057571288 0.991073668
1305031111.479259 -0.095120028 0.024716545 0.080600962 -0.077943832 -0.090063274 -0.055932239 0.991304696
1305031111.511264 -0.090483151 0.023122920 0.073779404 -0.074496396 -0.076165318 -0.055371746 0.992765427
1305031111.543250 -0.078210883 0.019394070 0.077699982 -0.071621053 -0.071365930 -0.055078883 0.993349671
1305031111.579237 -0.066231869 0.024955172 0.077383496 -0.065431826 -0.062831320 -0.048083879 0.994715452
1305031111.611271 -0.064945996 0.019403081 0.068926543 -0.069047585 -0.053995706 -0.041632369 0.995280683
1305031111.643395 -0.046081074 0.013817769 0.077650346 -0.067451313 -0.059213061 -0.033986650 0.995383859
1305031111.679320 -0.032165479 0.020910673 0.076860480 -0.059479062 -0.052775081 -0.025199195 0.996514976
1305031111.711760 -0.020484816 0.019770578 0.078584611 -0.059634998 -0.045655794 -0.023531130 0.996897936
1305031111.743386 0.000385520 0.012337926 0.080838166 -0.058614139 -0.038959261 -0.020324139 0.997313142
1305031111.779423 0.009838973 0.020209603 0.082959369 -0.051863767 -0.020490810 -0.015356007 0.998325825
1305031111.811406 0.017087307 0.015437940 0.077667654 -0.051334396 -0.005539131 -0.014258051 0.998564363
1305031111.843299 0.026860377 0.014946679 0.075536743 -0.047988847 0.004217560 -0.012793844 0.998757005
1305031111.879442 0.030905379 0.015029874 0.072907783 -0.048588529 0.013288826 -0.008724006 0.998692393
1305031111.911354 0.034528702 0.011418944 0.074154183 -0.048899200 0.015097273 -0.003177136 0.998684525
1305031111.943300 0.047488451 0.012383500 0.074541114 -0.046679646 0.009926586 0.006063926 0.998842180
1305031111.979449 0.066620260 0.012968745 0.076641925 -0.045715600 0.007402167 0.013310053 0.998838365
1305031112.011433 0.077302679 0.011392244 0.076336771 -0.044017591 0.014993697 0.012502765 0.998839974
1305031112.043270 0.090142488 0.010987155 0.075361729 -0.040661469 0.021647239 0.011090880 0.998876870
1305031112.079339 0.110859655 0.003661522 0.069501020 -0.042567924 0.028782802 0.011760336 0.998609602
1305031112.111423 0.109795354 0.006961441 0.070013858 -0.038034640 0.040978115 0.006224430 0.998416424
1305031112.144342 0.124788523 0.008870758 0.069042929 -0.037006807 0.043632213 0.000729862 0.998361766
1305031112.179390 0.138417274 0.008707961 0.067741714 -0.039108045 0.054999880 -0.002239989 0.997717679
1305031112.211254 0.145339727 0.006582207 0.074600786 -0.038764670 0.064896539 -0.009114157 0.997097075
1305031112.243369 0.157267600 0.001323307 0.074319489 -0.034575272 0.073144838 -0.013772622 0.996626616
1305031112.279353 0.161240175 0.001916353 0.075389959 -0.028841533 0.080873773 -0.016772658 0.996165752
1305031112.311312 0.169027209 -0.001347517 0.075986445 -0.023851637 0.082984887 -0.018612243 0.996091425
1305031112.343323 0.177624673 0.000069571 0.075321302 -0.016463101 0.083077468 -0.016536694 0.996269882
1305031112.379360 0.185592607 0.000803111 0.075101338 -0.011955534 0.081674442 -0.012315355 0.996511281
1305031112.411442 0.196301609 0.001457374 0.073467031 -0.009369980 0.078471206 -0.008214331 0.996838510
1305031112.443391 0.206175715 -0.002010030 0.073140770 -0.008434015 0.076935820 -0.002147422 0.996998072
1305031112.479418 0.211746529 -0.000111304 0.073750816 -0.004458429 0.076474473 0.007362024 0.997034371
1305031112.511504 0.217218593 -0.001726054 0.074009210 -0.002984775 0.073646419 0.014542228 0.997173905
1305031112.543212 0.226030961 -0.002698250 0.072510317 -0.000731515 0.069661587 0.018922688 0.997390926
1305031112.579252 0.235250115 -0.000356367 0.072216153 0.002504419 0.064966373 0.025885068 0.997548521
1305031112.611261 0.251152158 0.004936068 0.070776403 0.004559112 0.061234239 0.033223268 0.997559965
1305031112.643246 0.258332729 0.004471951 0.070843875 0.001282130 0.066848814 0.040289685 0.996948540
1305031112.679952 0.259030968 0.002944084 0.071810305 -0.001360687 0.074098259 0.043022618 0.996321559
1305031112.711251 0.260987431 0.005474980 0.072523445 -0.002472140 0.078447767 0.044427503 0.995924711
1305031112.743245 0.265736818 0.016032906 0.071818486 -0.003045261 0.080219612 0.049263641 0.995554447
1305031112.779310 0.261417747 0.010179225 0.075403988 -0.013084318 0.086321019 0.050732031 0.994888783
1305031112.811310 0.251847029 0.006722597 0.077046722 -0.015887504 0.089193434 0.048728302 0.994694769
1305031112.843286 0.249888480 0.012181824 0.077812538 -0.016451066 0.083691545 0.046618156 0.995264709
1305031112.879421 0.250589281 0.013050118 0.077948764 -0.019677611 0.079470813 0.049273167 0.995424151
1305031112.911411 0.242340982 0.011733468 0.078982875 -0.022978788 0.078170948 0.050697066 0.995384872
1305031112.943321 0.236117765 0.010741212 0.081144646 -0.024918247 0.073573016 0.049784277 0.995734692
1305031112.979278 0.234142959 0.011369253 0.079397038 -0.025176030 0.066616878 0.047776267 0.996316075
1305031113.011353 0.230831459 0.014909232 0.077159896 -0.025454655 0.062613949 0.047966652 0.996559441
1305031113.043231 0.223002866 0.013220828 0.076456137 -0.030312691 0.061808463 0.045529306 0.996588171
1305031113.079251 0.209391803 0.004499379 0.078010887 -0.034172390 0.062231410 0.038958069 0.996715486
1305031113.111316 0.200747386 0.008432123 0.075383849 -0.030040832 0.057267744 0.034258179 0.997318566
1305031113.143306 0.194953188 0.013752360 0.073138572 -0.030436996 0.053676642 0.033476900 0.997532785
1305031113.179343 0.184441105 0.005988566 0.073119141 -0.036257323 0.053363480 0.034703795 0.997313082
1305031113.211259 0.172892451 0.007056073 0.071905628 -0.033511441 0.048467647 0.035911106 0.997616291
1305031113.243227 0.161030158 0.010369551 0.069610894 -0.034338869 0.042608872 0.036543425 0.997832596
1305031113.279312 0.152554482 0.002861720 0.069991052 -0.039115857 0.036440812 0.038017351 0.997846007
1305031113.311452 0.141954854 -0.000990840 0.067781679 -0.035221882 0.029745406 0.041359741 0.998080194
1305031113.343252 0.125054762 0.003525900 0.065700538 -0.028369114 0.021757968 0.039377388 0.998584628
1305031113.379312 0.111744240 0.005666483 0.066274032 -0.030839609 0.013646477 0.037312571 0.998734474
1305031113.411625 0.104086585 -0.001922201 0.066803187 -0.033158153 0.004903196 0.038412269 0.998699665
1305031113.443266 0.085350223 0.004816694 0.065415248 -0.027879564 0.001250196 0.031553332 0.999112427
1305031113.479311 0.071071923 0.006625150 0.066554040 -0.030882990 -0.004923875 0.026526142 0.999158859
1305031113.511523 0.054118760 -0.000848954 0.064557754 -0.038083017 -0.007919800 0.024044115 0.998953879
1305031113.543242 0.039959956 -0.004166565 0.063335568 -0.040785380 -0.012608281 0.020435980 0.998879373
1305031113.579301 0.027767314 -0.000265607 0.063467056 -0.039076343 -0.017236691 0.015873544 0.998961449
1305031113.611268 0.017359655 -0.000704453 0.064594671 -0.042074025 -0.020347456 0.011499298 0.998841107
1305031113.643222 0.008029472 -0.000708778 0.065747529 -0.044558775 -0.021293024 0.007599494 0.998750925
1305031113.679288 -0.003880798 -0.001159346 0.065902561 -0.045672633 -0.020127729 0.004093302 0.998745263
1305031113.711931 -0.013485706 -0.003495478 0.065809377 -0.046985891 -0.020046638 -0.000150559 0.998694360
1305031113.743590 -0.023463514 -0.001347800 0.066645883 -0.045293912 -0.017722081 -0.005629995 0.998800635
1305031113.779320 -0.036067810 -0.003381871 0.066879876 -0.045002319 -0.014198464 -0.010236206 0.998833537
1305031113.811237 -0.044775471 -0.000944918 0.066496804 -0.042905964 -0.013705013 -0.012480703 0.998907149
1305031113.843295 -0.055662252 0.001841438 0.066921473 -0.042615950 -0.011162373 -0.015888749 0.998902798
1305031113.879281 -0.069644026 -0.004366348 0.068597615 -0.043524917 -0.009413918 -0.020773970 0.998791993
1305031113.911290 -0.077949166 -0.000202277 0.068344481 -0.038933307 -0.011357996 -0.020874327 0.998959184
1305031113.943291 -0.087152034 -0.000943763 0.069524162 -0.036785517 -0.009565664 -0.023485847 0.999001384
1305031113.979293 -0.098543011 0.000276663 0.070691846 -0.032956637 -0.007300570 -0.029073276 0.999007165
1305031114.011257 -0.111138128 0.001587549 0.069406472 -0.029443156 -0.005707992 -0.034074686 0.998969197
1305031114.043301 -0.126610130 0.000901678 0.068654314 -0.028626291 -0.006547701 -0.036034662 0.998919010
1305031114.079285 -0.139569730 0.000928664 0.069013454 -0.026090339 -0.011076216 -0.037035141 0.998911917
1305031114.111263 -0.147703260 0.003462035 0.069039114 -0.023154320 -0.017625606 -0.040569153 0.998752892
1305031114.143284 -0.157053187 0.003965509 0.071232453 -0.023071738 -0.022970408 -0.043717202 0.998513341
1305031114.179337 -0.163975000 0.000444178 0.072746351 -0.021944158 -0.026259933 -0.045581415 0.998374283
1305031114.211303 -0.174062029 0.008697975 0.071862951 -0.017322984 -0.026361812 -0.047904778 0.998353660
1305031114.243337 -0.187829286 0.008027874 0.073952749 -0.019915374 -0.027502233 -0.051986095 0.998070359
1305031114.279390 -0.201257035 0.008022186 0.073556453 -0.019887844 -0.032381214 -0.054177653 0.997807920
1305031114.311429 -0.209524661 0.011324536 0.075556174 -0.019940907 -0.040955454 -0.054276589 0.997486353
1305031114.343331 -0.213926688 0.010923202 0.078248426 -0.021178983 -0.048250075 -0.056933209 0.996986449
1305031114.379320 -0.219907865 0.009645319 0.080035940 -0.021538522 -0.050975636 -0.060952488 0.996605396
1305031114.411397 -0.230780408 0.010212672 0.079872809 -0.020386253 -0.051729295 -0.065629058 0.996293783
1305031114.443345 -0.242490470 0.012266427 0.080376036 -0.019874763 -0.054321785 -0.067580208 0.996035635
1305031114.479332 -0.256976902 0.009687472 0.079293869 -0.021485319 -0.058147531 -0.068738468 0.995706916
1305031114.511266 -0.261150628 0.011950292 0.079779267 -0.021320488 -0.067017697 -0.070700504 0.995015323
1305031114.543236 -0.262038469 0.010219769 0.081646234 -0.024863726 -0.072908819 -0.069661885 0.994592071
1305031114.579237 -0.265649319 0.008507567 0.082295239 -0.026710289 -0.073847994 -0.066138841 0.994715393
1305031114.611391 -0.270194292 0.011184890 0.082384095 -0.028065823 -0.074382395 -0.063712716 0.994796574
1305031114.644136 -0.277734876 0.010308219 0.083878182 -0.033208098 -0.075265110 -0.063247941 0.994601488
1305031114.679251 -0.282294005 0.009041965 0.084880963 -0.036225285 -0.080964647 -0.064655043 0.993957877
1305031114.711306 -0.280759573 0.006439928 0.087156415 -0.037724722 -0.087407887 -0.063170426 0.993451715
1305031114.743200 -0.281269580 0.004374230 0.086809397 -0.037555870 -0.090935402 -0.066508211 0.992923439
1305031114.779289 -0.279596359 0.005450319 0.085785389 -0.034877099 -0.093296513 -0.069714777 0.992582083
1305031114.811303 -0.278366774 0.008590621 0.085518152 -0.033719629 -0.093359731 -0.070537895 0.992558002
1305031114.843208 -0.276975870 0.007436021 0.084985599 -0.034307580 -0.094352514 -0.072891466 0.992273867
1305031114.879281 -0.273883879 0.010382106 0.084443450 -0.033718351 -0.094884865 -0.072517172 0.992270708
1305031114.912879 -0.270998180 0.012213426 0.084184937 -0.034223344 -0.095260248 -0.072905928 0.992188990
1305031114.943234 -0.261749089 0.014245587 0.085076734 -0.036062829 -0.097509690 -0.073920198 0.991830170
1305031114.979280 -0.257116377 0.016530057 0.085577503 -0.037471190 -0.095162332 -0.074539296 0.991959631
1305031115.011300 -0.249025136 0.021510102 0.086983152 -0.039708879 -0.095363721 -0.075324632 0.991793931
1305031115.043508 -0.240407154 0.017344378 0.089840353 -0.045271352 -0.094196208 -0.075594775 0.991646647
1305031115.079238 -0.231839746 0.022218440 0.091229081 -0.044624906 -0.091680393 -0.075788550 0.991896868
1305031115.111230 -0.217461511 0.020450290 0.093820699 -0.048770901 -0.090073176 -0.073977567 0.991985679
1305031115.143275 -0.209646732 0.018057562 0.095585853 -0.051062737 -0.080932215 -0.071707428 0.992824554
1305031115.179440 -0.205584973 0.019968437 0.095730096 -0.051853340 -0.075503826 -0.070585214 0.993291557
1305031115.211374 -0.185282663 0.014582815 0.103000611 -0.054164272 -0.079169542 -0.067645296 0.993087351
1305031115.243297 -0.174882874 0.012315137 0.105678424 -0.050320610 -0.074127726 -0.063984118 0.993920982
1305031115.279966 -0.163081884 0.018022198 0.107249334 -0.046962459 -0.072235666 -0.059453376 0.994505823
1305031115.311704 -0.143464684 0.011511362 0.114508890 -0.049528282 -0.071364403 -0.052580815 0.994831324
1305031115.343235 -0.132071033 0.016815871 0.115556791 -0.043048475 -0.062176984 -0.049377706 0.995912969
1305031115.379166 -0.133312941 0.022882223 0.112062737 -0.045481820 -0.053388678 -0.045163509 0.996514559
1305031115.411237 -0.120492250 0.019083478 0.117384195 -0.053326216 -0.061095402 -0.041986294 0.995821655
1305031115.443159 -0.100858048 0.018577307 0.120972604 -0.056860883 -0.066389874 -0.035762474 0.995530128
1305031115.479241 -0.089259572 0.019128432 0.121300101 -0.060957879 -0.065634564 -0.029850647 0.995532632
1305031115.511253 -0.065690443 0.017893605 0.131422713 -0.064006567 -0.069476351 -0.025188228 0.995209396
1305031115.543604 -0.047017649 0.017530838 0.134884045 -0.063749202 -0.058939651 -0.017445037 0.996071160
1305031115.579315 -0.038013838 0.015256613 0.130916774 -0.063725166 -0.044851415 -0.012881810 0.996875882
1305031115.611424 -0.025957521 0.013701790 0.130440280 -0.063386962 -0.038744487 -0.007657671 0.997207224
1305031115.643254 -0.011839729 0.012456002 0.131315753 -0.062270395 -0.032870248 0.000342628 0.997517824
1305031115.679241 -0.004097160 0.008784172 0.123732619 -0.062332936 -0.026990473 0.010824759 0.997631669
1305031115.711320 0.012475205 0.014749905 0.129572123 -0.058857564 -0.029936736 0.019805288 0.997620821
1305031115.743250 0.033888817 0.012943679 0.131850153 -0.059833616 -0.026983228 0.027136583 0.997474551
1305031115.779425 0.044577550 0.013170095 0.129681453 -0.057382394 -0.016584570 0.033497706 0.997652292
1305031115.811277 0.059545249 0.015583925 0.129984111 -0.056618407 -0.009365947 0.041828658 0.997475266
1305031115.843224 0.068743333 0.013839403 0.127735287 -0.059916154 0.001963117 0.049806874 0.996958137
1305031115.879198 0.076139398 0.010684966 0.125181049 -0.060061734 0.009836964 0.057848588 0.996468425
1305031115.911118 0.090798825 0.012608307 0.125031054 -0.057754215 0.011229421 0.063849844 0.996223629
1305031115.943311 0.102224097 0.015778910 0.127950564 -0.057398286 0.017184850 0.069958352 0.995748937
1305031115.980740 0.112416603 0.015759319 0.125246078 -0.059237178 0.022935323 0.075431965 0.995125592
1305031116.011379 0.128064439 0.015964501 0.125857547 -0.062367558 0.029445199 0.079821505 0.994420290
1305031116.043164 0.137659624 0.019506255 0.128411800 -0.064031273 0.042104565 0.081233025 0.993744612
1305031116.080030 0.143964007 0.025982108 0.129572660 -0.065675691 0.052938946 0.084479511 0.992848098
1305031116.111300 0.150304288 0.023367571 0.132505268 -0.074017800 0.064312220 0.087444939 0.991331756
1305031116.143441 0.155151293 0.024941919 0.135656446 -0.076966457 0.074225090 0.090007424 0.990184546
1305031116.179572 0.163598582 0.023994671 0.136632875 -0.080481350 0.079159930 0.092799790 0.989264727
1305031116.211299 0.179987296 0.027312588 0.140270486 -0.083394945 0.080278918 0.096145004 0.988613546
1305031116.243320 0.189717025 0.023787744 0.140988588 -0.087639205 0.085358948 0.099266835 0.987511694
1305031116.279385 0.197502121 0.027049880 0.142734274 -0.086268559 0.094459593 0.102512114 0.986471713
1305031116.311336 0.204196215 0.027038176 0.141419157 -0.089454629 0.102643386 0.106444903 0.984952629
1305031116.343292 0.207553223 0.021692868 0.143992394 -0.092714243 0.110045865 0.109447673 0.983521819
1305031116.379384 0.211449042 0.020932619 0.142595381 -0.087409005 0.112730883 0.109540924 0.983693123
1305031116.411333 0.210447088 0.025587961 0.138529181 -0.081159703 0.116250329 0.113160022 0.983409226
1305031116.443369 0.210858911 0.025222600 0.136580467 -0.084182307 0.118611366 0.122073337 0.981805861
1305031116.479850 0.211040184 0.023669582 0.135952026 -0.084468886 0.119703792 0.126381785 0.981103301
1305031116.511205 0.209931716 0.023235012 0.133337587 -0.082625665 0.118211716 0.122828752 0.981892109
1305031116.543262 0.202831835 0.023503143 0.132265508 -0.079907872 0.120064802 0.117968753 0.982487917
1305031116.579313 0.192101300 0.025362674 0.131394476 -0.078905948 0.120330997 0.114925168 0.982896984
1305031116.611261 0.181337222 0.019887779 0.130894259 -0.081072144 0.116661452 0.108472981 0.983895838
1305031116.643355 0.170290321 0.019703003 0.130187541 -0.079501070 0.109708950 0.098597616 0.985861063
1305031116.679281 0.162874386 0.022221308 0.129527628 -0.077750996 0.101386137 0.090177059 0.987696171
1305031116.711634 0.155114487 0.023796571 0.125751004 -0.076033041 0.095277317 0.081472151 0.989193380
1305031116.743291 0.142144457 0.025069430 0.125118256 -0.076912761 0.091490708 0.069737889 0.990378976
1305031116.779298 0.130129039 0.024730800 0.124115892 -0.079366080 0.087543324 0.059861314 0.991188109
1305031116.811318 0.115326241 0.024691999 0.124694109 -0.078479633 0.085453033 0.051621869 0.991904199
1305031116.846089 0.099871293 0.024101404 0.121965811 -0.076866038 0.077768907 0.044024173 0.993028462
1305031116.880165 0.082193278 0.026827443 0.119415611 -0.076592930 0.069685169 0.037571281 0.993914425
1305031116.912044 0.074403614 0.024888763 0.119495891 -0.077212058 0.056214251 0.032708764 0.994891107
1305031116.943296 0.055848066 0.027972780 0.117045380 -0.076394774 0.045844976 0.026182611 0.995678961
1305031116.979351 0.041604746 0.027159052 0.113788977 -0.076248199 0.034604982 0.014976772 0.996375620
1305031117.011382 0.026388442 0.032187074 0.116331190 -0.072387464 0.023835568 0.006263219 0.997072041
1305031117.043261 0.013964321 0.034156948 0.111955449 -0.072419778 0.013874476 0.000758117 0.997277439
1305031117.079520 0.002860702 0.035986565 0.109069601 -0.074103132 0.004350345 -0.005248569 0.997227311
1305031117.111238 -0.009148282 0.036824238 0.106605217 -0.076286666 -0.005402197 -0.007049918 0.997046411
1305031117.143218 -0.015889607 0.039948251 0.105380230 -0.078065924 -0.017071778 -0.006562247 0.996780396
1305031117.179264 -0.023417326 0.040828638 0.105109707 -0.081061713 -0.025927272 -0.011727128 0.996302783
1305031117.211361 -0.026063651 0.042126656 0.108135186 -0.082451031 -0.034224659 -0.015362135 0.995888829
1305031117.243277 -0.026627947 0.046270423 0.110040799 -0.084272459 -0.037843663 -0.016783802 0.995582402
1305031117.279299 -0.027798787 0.045684416 0.111716971 -0.089092046 -0.037820954 -0.021394188 0.995075107
1305031117.311200 -0.030942604 0.043341581 0.112615511 -0.093238518 -0.035563912 -0.023162454 0.994738817
1305031117.343243 -0.033515822 0.039986856 0.113020770 -0.095627815 -0.035196505 -0.024310468 0.994497657
1305031117.379454 -0.033782121 0.036743306 0.113562346 -0.095591731 -0.035707772 -0.024465872 0.994479060
1305031117.411221 -0.036590692 0.032143123 0.113095015 -0.095136017 -0.036192946 -0.023524622 0.994527936
1305031117.443274 -0.035679266 0.029912639 0.112605900 -0.092189841 -0.038420260 -0.022247477 0.994751215
1305031117.479403 -0.036511891 0.024456743 0.112517953 -0.091313742 -0.039049380 -0.020914903 0.994836390
1305031117.511325 -0.036507443 0.017655380 0.113023497 -0.089259125 -0.040815443 -0.019221114 0.994986176
1305031117.544285 -0.037665702 0.014068536 0.112154558 -0.084269539 -0.041185647 -0.018789630 0.995414138
1305031117.579155 -0.039449684 0.010188895 0.112783641 -0.081083722 -0.042219941 -0.020476682 0.995602131
1305031117.611159 -0.039571084 0.004656775 0.114470512 -0.080409504 -0.044145610 -0.019843454 0.995586097
1305031117.643252 -0.040236183 -0.002179237 0.116627790 -0.079449855 -0.046189878 -0.018531220 0.995595694
1305031117.679262 -0.041078147 -0.005896263 0.118453912 -0.078585908 -0.048761260 -0.018133797 0.995548964
1305031117.711184 -0.040432855 -0.014245866 0.122036330 -0.080238387 -0.051760323 -0.015697580 0.995307148
1305031117.743184 -0.040458955 -0.022064164 0.125055462 -0.080755800 -0.054028895 -0.012353225 0.995191813
1305031117.779467 -0.041151959 -0.027120022 0.126900375 -0.080035776 -0.056160610 -0.010664006 0.995151520
1305031117.811320 -0.038815498 -0.038172174 0.131937414 -0.082997635 -0.059518319 -0.008268726 0.994736433
1305031117.843291 -0.034850918 -0.045785911 0.135890290 -0.081064194 -0.061055090 -0.007264632 0.994810581
1305031117.879451 -0.036017247 -0.051507615 0.138169855 -0.079386033 -0.057471015 -0.007535872 0.995157361
1305031117.911407 -0.037342530 -0.061173782 0.142194286 -0.079971768 -0.055384476 -0.007624766 0.995228112
1305031117.943253 -0.037207916 -0.066283286 0.144951582 -0.078166723 -0.053568169 -0.007745509 0.995469928
1305031117.979228 -0.040336963 -0.070969984 0.148041859 -0.078889109 -0.050706506 -0.008850825 0.995553613
1305031118.011228 -0.039584909 -0.082318127 0.154277742 -0.082360551 -0.051206511 -0.008983661 0.995245695
1305031118.043521 -0.040203936 -0.088816434 0.158007309 -0.081073672 -0.049726300 -0.008801117 0.995428026
1305031118.079334 -0.037795134 -0.096090093 0.162787631 -0.081482977 -0.049836829 -0.009820262 0.995379508
1305031118.111217 -0.035945453 -0.105249852 0.168604642 -0.081636220 -0.046615526 -0.011113537 0.995509446
1305031118.143256 -0.038716774 -0.111389503 0.169665039 -0.079981968 -0.040927570 -0.012717534 0.995874524
1305031118.179323 -0.038775448 -0.121698901 0.174603492 -0.080793351 -0.038419485 -0.014724312 0.995881319
1305031118.211202 -0.043461621 -0.130555138 0.176527575 -0.078265272 -0.034130197 -0.013961975 0.996250331
1305031118.243173 -0.044412926 -0.137193665 0.178954259 -0.075118735 -0.034954902 -0.014077477 0.996462345
1305031118.279194 -0.042608626 -0.145757094 0.183180168 -0.072020374 -0.036118031 -0.014234815 0.996647358
1305031118.311299 -0.044448353 -0.151788354 0.184852153 -0.065450676 -0.035610665 -0.014729270 0.997111380
1305031118.343324 -0.041766003 -0.154203206 0.188104331 -0.059889842 -0.035858851 -0.015194600 0.997444987
1305031118.379208 -0.045097038 -0.159761041 0.189498961 -0.055814445 -0.032974489 -0.016976146 0.997752070
1305031118.411296 -0.045721125 -0.162331015 0.190066248 -0.052847005 -0.034595791 -0.016719414 0.997863114
1305031118.445692 -0.043028880 -0.165009469 0.193865716 -0.052950181 -0.036051825 -0.013464074 0.997855306
1305031118.479285 -0.043134831 -0.167476624 0.195894048 -0.052718867 -0.036464952 -0.011020869 0.997882545
1305031118.511255 -0.041539576 -0.164992929 0.195915505 -0.049727060 -0.037105601 -0.010211980 0.998021066
1305031118.544414 -0.041252542 -0.161108539 0.195616126 -0.050127055 -0.036281843 -0.010658814 0.998026729
1305031118.579285 -0.039116479 -0.159673914 0.197177678 -0.052289501 -0.036204468 -0.010801704 0.997916996
1305031118.616142 -0.038211696 -0.154650420 0.196598187 -0.051740389 -0.034397602 -0.013075612 0.997982383
1305031118.645325 -0.039997522 -0.147476792 0.193431124 -0.051525351 -0.031189857 -0.015812468 0.998059273
1305031118.679295 -0.040368814 -0.143083960 0.191865802 -0.054985244 -0.029929813 -0.017379750 0.997887135
1305031118.711421 -0.041389674 -0.141536340 0.190526053 -0.056915056 -0.030019207 -0.020634215 0.997714221
1305031118.746770 -0.044862919 -0.133384794 0.185913920 -0.054156546 -0.031028830 -0.020258615 0.997844577
1305031118.779277 -0.043014854 -0.115796357 0.180605322 -0.052212629 -0.035237540 -0.019932257 0.997815013
1305031118.811221 -0.039827287 -0.117350474 0.180724457 -0.059756007 -0.038704101 -0.021167008 0.997237742
1305031118.846753 -0.036859445 -0.110569626 0.176887751 -0.055976309 -0.039625566 -0.020106209 0.997442842
1305031118.879208 -0.036914241 -0.090850711 0.169089943 -0.050368492 -0.036952835 -0.022220276 0.997799456
1305031118.911177 -0.037441052 -0.087409914 0.165948808 -0.054560240 -0.035668481 -0.024859795 0.997563481
1305031118.946974 -0.037324399 -0.077611834 0.160064444 -0.052864358 -0.034270015 -0.026668495 0.997657120
1305031118.979374 -0.038532093 -0.064738922 0.154083356 -0.052251961 -0.032835677 -0.030424772 0.997630119
1305031119.011363 -0.040242560 -0.056923635 0.149032474 -0.055954266 -0.032382932 -0.032559503 0.997376680
1305031119.047172 -0.041468177 -0.050669283 0.143869519 -0.058414683 -0.032547463 -0.033294130 0.997206032
1305031119.079223 -0.043960318 -0.042346723 0.138980672 -0.058564167 -0.034008726 -0.033528816 0.997140646
1305031119.111328 -0.044233583 -0.034574315 0.134355187 -0.058779538 -0.037614178 -0.032654084 0.997027516
1305031119.147616 -0.046141990 -0.024042247 0.128855824 -0.057746742 -0.040184360 -0.031587653 0.997021973
1305031119.179226 -0.044376776 -0.021336704 0.125253379 -0.059855759 -0.045341816 -0.031542338 0.996677756
1305031119.211364 -0.042298213 -0.011938734 0.120295748 -0.056635570 -0.047994986 -0.029492186 0.996804416
1305031119.247399 -0.044325449 -0.002394525 0.116278902 -0.054986529 -0.048269492 -0.028850146 0.996902287
1305031119.279212 -0.042592946 0.004820977 0.112315439 -0.055008825 -0.050003640 -0.028743688 0.996818662
1305031119.311212 -0.043314464 0.011985935 0.108381636 -0.055028390 -0.050021023 -0.026069809 0.996890247
1305031119.347741 -0.044514488 0.018177412 0.105745003 -0.054361794 -0.051414654 -0.023726154 0.996914446
1305031119.379239 -0.043540310 0.028814182 0.101675838 -0.052394241 -0.053991172 -0.023260705 0.996894538
1305031119.411484 -0.040821463 0.035991043 0.100053772 -0.053149737 -0.054884624 -0.022747308 0.996817589
1305031119.447706 -0.039933793 0.042561058 0.097483069 -0.054054301 -0.052809943 -0.021896617 0.996900082
1305031119.479267 -0.041203137 0.052556977 0.094204694 -0.051363226 -0.050196696 -0.022819342 0.997156620
1305031119.511240 -0.043007500 0.060614660 0.090647444 -0.052682217 -0.048292749 -0.022102166 0.997198045
1305031119.547382 -0.042826708 0.070099652 0.088335387 -0.053147569 -0.048468307 -0.020701164 0.997194886
1305031119.579559 -0.041609712 0.081480652 0.085506156 -0.053699642 -0.047751289 -0.020727830 0.997199357
1305031119.615017 -0.043297958 0.086401463 0.083989702 -0.058562376 -0.045157615 -0.020161204 0.997058034
1305031119.647903 -0.044833649 0.100150347 0.081802130 -0.058501441 -0.044062700 -0.019253414 0.997128546
1305031119.679208 -0.042110749 0.110553786 0.081955492 -0.061486397 -0.043316297 -0.020753244 0.996951580
1305031119.715232 -0.042904995 0.116812527 0.081446953 -0.067610562 -0.038546588 -0.018692801 0.996791661
1305031119.747193 -0.047186311 0.122204423 0.079158887 -0.071855739 -0.035097022 -0.014106012 0.996697545
1305031119.779169 -0.047307581 0.127938896 0.078163266 -0.075287439 -0.036832780 -0.011423903 0.996415854
1305031119.814537 -0.047063693 0.138363555 0.076138832 -0.075812072 -0.037782524 -0.007609293 0.996376991
1305031119.847429 -0.046406619 0.145865455 0.075580940 -0.078011535 -0.037139256 -0.003289321 0.996255040
1305031119.879214 -0.046278778 0.148839369 0.074400343 -0.079824649 -0.035358138 -0.003059701 0.996176898
1305031119.911401 -0.047875136 0.161189348 0.072528347 -0.076587014 -0.032986261 -0.002419133 0.996514142
1305031119.947392 -0.047891907 0.168318242 0.070662186 -0.079947926 -0.031176139 -0.002618514 0.996307909
1305031119.979537 -0.047488406 0.172132239 0.069450974 -0.082399152 -0.028175373 -0.003771177 0.996193945
1305031120.015264 -0.049980219 0.182520643 0.067049935 -0.083643213 -0.023685630 -0.002402789 0.996211350
1305031120.047290 -0.052862260 0.179075077 0.066625148 -0.094210215 -0.021578122 -0.001119558 0.995317817
1305031120.079418 -0.053491171 0.178771198 0.066268191 -0.096547864 -0.023607947 0.001308788 0.995047450
1305031120.115232 -0.053517882 0.183365747 0.065932907 -0.095950656 -0.026100036 0.003342164 0.995038271
1305031120.148157 -0.051391568 0.178699300 0.067174144 -0.100212291 -0.027950125 0.004045056 0.994565189
1305031120.179246 -0.049379136 0.174496755 0.068784058 -0.100280352 -0.028637132 0.007099444 0.994521677
1305031120.215249 -0.049824737 0.169256493 0.069056921 -0.097282149 -0.028379060 0.007205427 0.994826078
1305031120.248003 -0.049519654 0.167566031 0.069437131 -0.092371337 -0.028405340 0.004796438 0.995307863
1305031120.279430 -0.048284050 0.161823124 0.070764959 -0.090086229 -0.028383702 0.003029903 0.995524824
1305031120.315196 -0.048348930 0.155440658 0.071727410 -0.088065788 -0.027805168 0.000854507 0.995726168
1305031120.347787 -0.047921885 0.148302406 0.074113563 -0.085095406 -0.027582284 -0.000944887 0.995990515
1305031120.379437 -0.047210440 0.139746413 0.077207059 -0.084566161 -0.028232312 -0.001380206 0.996016860
1305031120.415445 -0.044922002 0.125549600 0.081488550 -0.081893489 -0.029967815 -0.000461088 0.996190310
1305031120.447417 -0.045767184 0.123581126 0.083719254 -0.072433122 -0.030199472 -0.001324165 0.996915102
1305031120.479432 -0.045172296 0.111886218 0.087178782 -0.071864448 -0.031112714 -0.000720740 0.996928751
1305031120.514819 -0.045306519 0.102977403 0.091619529 -0.065777890 -0.033057444 0.001490591 0.997285426
1305031120.547736 -0.045594145 0.094831593 0.094442815 -0.059891991 -0.035769720 0.003182758 0.997558713
1305031120.579551 -0.047057450 0.088972755 0.096861981 -0.056206811 -0.038789175 0.006037435 0.997647107
1305031120.615236 -0.044970907 0.079583906 0.101801544 -0.054181058 -0.044099189 0.008804704 0.997518003
1305031120.647354 -0.044196628 0.073633991 0.105373241 -0.048813239 -0.047123164 0.008902108 0.997655988
1305031120.679318 -0.042626966 0.068055555 0.108706318 -0.046137150 -0.049189281 0.009757213 0.997675598
1305031120.714522 -0.042982224 0.060485348 0.111649990 -0.044470008 -0.049413521 0.010415137 0.997733593
1305031120.747369 -0.043132752 0.052382924 0.114511468 -0.044120420 -0.051577486 0.010900289 0.997634351
1305031120.779894 -0.040415771 0.043343551 0.118788302 -0.042858265 -0.054901969 0.011092627 0.997509837
1305031120.814944 -0.040942334 0.039214261 0.120613180 -0.039093178 -0.054768179 0.010208539 0.997681260
1305031120.847921 -0.040501937 0.030884614 0.124102861 -0.040610220 -0.056040570 0.008326675 0.997567475
1305031120.883435 -0.037786983 0.021952646 0.127671242 -0.039133664 -0.056871802 0.006860885 0.997590661
1305031120.915444 -0.039239306 0.017458230 0.128238693 -0.036912821 -0.054629032 0.004679897 0.997813225
1305031120.947488 -0.039742097 0.008092333 0.130610317 -0.038099177 -0.054173551 0.002486887 0.997801304
1305031120.983366 -0.040648509 0.000231718 0.132962376 -0.038034867 -0.053853009 0.000235467 0.997824192
1305031121.015019 -0.040480204 -0.007804296 0.135327876 -0.036934242 -0.054728553 -0.000944801 0.997817516
1305031121.047498 -0.041267466 -0.012299114 0.136380628 -0.035510968 -0.054172326 -0.001883800 0.997898221
1305031121.083099 -0.042762339 -0.023679618 0.138748586 -0.036201481 -0.054934252 -0.003451947 0.997827530
1305031121.114696 -0.042027902 -0.029608373 0.139879450 -0.033469249 -0.056626435 -0.002793192 0.997830391
1305031121.147331 -0.043033510 -0.036257073 0.141418859 -0.031673685 -0.056933943 -0.003727203 0.997868419
1305031121.183271 -0.042977802 -0.043754466 0.143279538 -0.030191682 -0.058435589 -0.004137636 0.997825980
1305031121.211420 -0.040462866 -0.051866941 0.146806240 -0.028221874 -0.059313964 -0.004223297 0.997831404
1305031121.247194 -0.043975890 -0.057339858 0.146756485 -0.026015528 -0.056393411 -0.005073209 0.998056710
1305031121.282876 -0.043531347 -0.066479877 0.150006011 -0.027096150 -0.058226600 -0.003711010 0.997928739
1305031121.313568 -0.042453468 -0.075508043 0.152749151 -0.025048219 -0.058796056 -0.003037261 0.997951090
1305031121.347517 -0.045435213 -0.080784068 0.153800488 -0.022787383 -0.058758985 -0.001899711 0.998010278
1305031121.383226 -0.042666420 -0.091555029 0.158487901 -0.022802114 -0.061422642 -0.001360289 0.997850418
1305031121.414318 -0.043394212 -0.096598782 0.160233587 -0.017582040 -0.060224459 -0.002681727 0.998026431
1305031121.447319 -0.043685175 -0.102709278 0.161800474 -0.016480889 -0.059731044 -0.001975727 0.998076499
1305031121.482964 -0.041353747 -0.113496736 0.166875094 -0.016272571 -0.058782242 -0.000271005 0.998138189
1305031121.514107 -0.044954263 -0.116694301 0.164970651 -0.011923892 -0.055528641 0.000102131 0.998385906
1305031121.547270 -0.044317648 -0.121739008 0.168436199 -0.013086563 -0.055957749 0.001191925 0.998346686
1305031121.583204 -0.043989394 -0.132078707 0.171751276 -0.015875801 -0.054824498 0.000141360 0.998369753
1305031121.614700 -0.043693028 -0.137275115 0.174472958 -0.014337023 -0.053249367 -0.000866511 0.998477995
1305031121.647183 -0.042814031 -0.140067905 0.176451936 -0.012708788 -0.049445461 -0.003494092 0.998689890
1305031121.683200 -0.045962006 -0.148085579 0.177395746 -0.016154764 -0.044649255 -0.005138753 0.998858869
1305031121.714520 -0.048580784 -0.154239967 0.178484038 -0.016927289 -0.042981423 -0.004323023 0.998923123
1305031121.747145 -0.047979638 -0.157784149 0.180672541 -0.018535590 -0.043089308 -0.003728013 0.998892307
1305031121.782835 -0.047591224 -0.164090902 0.183599606 -0.020963056 -0.042921230 -0.001584641 0.998857260
1305031121.811540 -0.045344856 -0.168563426 0.186143547 -0.022998087 -0.042605512 0.000825179 0.998826861
1305031121.847335 -0.046352714 -0.171132714 0.186218873 -0.024912439 -0.040377963 0.003524111 0.998867631
1305031121.882060 -0.047089238 -0.173236251 0.187281609 -0.027419282 -0.039925318 0.009844930 0.998777866
1305031121.914931 -0.048878226 -0.173954248 0.186802998 -0.029121362 -0.040880114 0.011484113 0.998673558
1305031121.947288 -0.045930050 -0.173663020 0.188605934 -0.029024404 -0.044205517 0.011450372 0.998535097
1305031121.982926 -0.044874452 -0.169268399 0.187940106 -0.028108193 -0.044141475 0.011234033 0.998566628
1305031122.014256 -0.047214407 -0.167579159 0.185995311 -0.028779797 -0.043113552 0.008547601 0.998619020
1305031122.047306 -0.047017433 -0.162628293 0.184204265 -0.027204497 -0.044560503 0.005058149 0.998623371
1305031122.082959 -0.045975722 -0.157451481 0.182780728 -0.026271492 -0.045439057 0.001478480 0.998620510
1305031122.114672 -0.047155011 -0.147013888 0.179633856 -0.023059726 -0.045049943 -0.002381979 0.998715699
1305031122.150725 -0.045737267 -0.140413299 0.178079858 -0.023586776 -0.045959570 -0.007272757 0.998638332
1305031122.183042 -0.044713803 -0.132145956 0.174805626 -0.021487122 -0.045224633 -0.012211382 0.998671055
1305031122.214959 -0.046399344 -0.114310279 0.169281706 -0.020650692 -0.042858221 -0.017416673 0.998715878
1305031122.251319 -0.046900980 -0.110555202 0.167606145 -0.027311819 -0.042150024 -0.021161491 0.998513699
1305031122.283560 -0.049533665 -0.098964140 0.161420047 -0.026630331 -0.041842647 -0.023500176 0.998492777
1305031122.314289 -0.050535187 -0.084423833 0.157231197 -0.030361386 -0.043822277 -0.027557330 0.998197556
1305031122.351327 -0.050938789 -0.077587776 0.154946402 -0.036896896 -0.046092350 -0.030237122 0.997797489
1305031122.382630 -0.053314433 -0.069835111 0.149682581 -0.041622441 -0.047067273 -0.031250551 0.997534811
1305031122.414997 -0.054655254 -0.063711539 0.146693364 -0.045782946 -0.050953064 -0.031523652 0.997152925
1305031122.451257 -0.055817854 -0.055111986 0.140350699 -0.047531940 -0.054916106 -0.030533774 0.996891499
1305031122.483360 -0.055653345 -0.047476400 0.137132779 -0.050537553 -0.059987146 -0.030446483 0.996454000
1305031122.515097 -0.054469138 -0.038073882 0.133754492 -0.051208142 -0.064393423 -0.031560775 0.996110022
1305031122.551490 -0.051102944 -0.029485110 0.130215734 -0.052426942 -0.066701576 -0.032734461 0.995856822
1305031122.583208 -0.051225722 -0.022306357 0.126510888 -0.054009061 -0.065303020 -0.033907652 0.995825708
1305031122.614980 -0.054775935 -0.016478691 0.122423455 -0.055073697 -0.064046882 -0.033557475 0.995860815
1305031122.648788 -0.054120593 -0.008121726 0.117918678 -0.053570550 -0.066261157 -0.032435838 0.995835125
1305031122.683402 -0.055119716 0.001412284 0.113938749 -0.052281968 -0.066935435 -0.031137146 0.995899916
1305031122.715208 -0.056729302 0.009770074 0.110850684 -0.051923826 -0.069016621 -0.028320439 0.995860696
1305031122.751298 -0.054742731 0.021665061 0.107363574 -0.050145846 -0.072370231 -0.027734516 0.995730281
1305031122.783423 -0.053846061 0.032774355 0.104226731 -0.052175730 -0.072900467 -0.028235288 0.995573163
1305031122.812555 -0.051693842 0.038520716 0.103860214 -0.057651140 -0.073176555 -0.028700473 0.995237589
1305031122.851418 -0.048045836 0.046943199 0.104374662 -0.058706049 -0.071171962 -0.030558987 0.995265961
1305031122.883754 -0.049910061 0.054878537 0.101304121 -0.061422925 -0.064005040 -0.030300822 0.995596528
1305031122.914571 -0.053511657 0.058476306 0.098306090 -0.065832652 -0.059778091 -0.029580351 0.995599151
1305031122.951341 -0.053992350 0.065169647 0.097159989 -0.066285446 -0.059030466 -0.028467666 0.995646119
1305031122.982815 -0.055718608 0.073439881 0.093562149 -0.067102559 -0.058222026 -0.024860436 0.995735586
1305031123.015450 -0.055197492 0.077492997 0.092227489 -0.070115276 -0.059579257 -0.021969078 0.995515704
1305031123.051827 -0.053571291 0.082292877 0.090719491 -0.069839194 -0.059917942 -0.020369926 0.995548785
1305031123.082975 -0.054046176 0.092812054 0.087607458 -0.067503199 -0.058741797 -0.017778445 0.995829642
1305031123.113873 -0.054363601 0.101349682 0.085790895 -0.069674633 -0.057411272 -0.015557584 0.995794833
1305031123.150822 -0.054387569 0.107136369 0.084707655 -0.072683111 -0.056777623 -0.015150040 0.995622396
1305031123.182155 -0.052202489 0.117640205 0.082931288 -0.073285520 -0.055960469 -0.014814449 0.995629549
1305031123.214704 -0.051482428 0.125874877 0.081942186 -0.076919883 -0.051554609 -0.015238198 0.995586872
1305031123.250618 -0.051923227 0.136986032 0.079235584 -0.080601998 -0.047410380 -0.016009934 0.995489478
1305031123.282347 -0.051528350 0.144920498 0.080441102 -0.088165194 -0.044614188 -0.013732651 0.995011508
1305031123.311327 -0.049644787 0.151621923 0.081222489 -0.093419351 -0.041692950 -0.012875034 0.994670212
1305031123.350481 -0.049710155 0.157904565 0.080680832 -0.098348796 -0.037370395 -0.012197927 0.994375288
1305031123.382255 -0.048041340 0.166457906 0.080534175 -0.101511724 -0.033462934 -0.008904813 0.994231522
1305031123.411363 -0.048591115 0.170168638 0.079514027 -0.105677217 -0.028220631 -0.006711028 0.993977308
1305031123.451255 -0.049868621 0.178700328 0.077745430 -0.106165707 -0.024840299 -0.005368518 0.994023621
1305031123.483594 -0.048936605 0.185999081 0.077100433 -0.109498210 -0.023368016 -0.000767417 0.993711948
1305031123.511360 -0.048342489 0.193053365 0.076678857 -0.111329503 -0.021935673 0.001837069 0.993539691
1305031123.551513 -0.048651505 0.200216547 0.075104028 -0.111750178 -0.021536764 0.004026159 0.993494749
1305031123.579583 -0.045870602 0.205313727 0.075400367 -0.114130042 -0.022640990 0.007404817 0.993180156
1305031123.611335 -0.044957336 0.213888735 0.073695034 -0.113271691 -0.021339210 0.008520594 0.993298292
1305031123.652411 -0.042743187 0.220398128 0.072714061 -0.116466403 -0.020222405 0.008781178 0.992949903
1305031123.683753 -0.041920830 0.226125643 0.071857333 -0.119767413 -0.016799925 0.010091603 0.992608547
1305031123.711323 -0.041731060 0.232216030 0.071475759 -0.122973301 -0.013036122 0.011383300 0.992259085
1305031123.751723 -0.042479746 0.232298896 0.070803121 -0.128064811 -0.010421184 0.013054695 0.991625130
1305031123.783858 -0.043120533 0.231908783 0.070038989 -0.131197631 -0.010274588 0.014701143 0.991193950
1305031123.811608 -0.041547935 0.236894608 0.069459476 -0.129699215 -0.011556599 0.016016163 0.991356671
1305031123.851444 -0.041648719 0.234081790 0.068521783 -0.132967353 -0.011412544 0.018061249 0.990890145
1305031123.883786 -0.042674389 0.226990610 0.067847036 -0.137113914 -0.011871887 0.018978056 0.990302324
1305031123.911243 -0.040176805 0.228563353 0.068391532 -0.131848589 -0.015104149 0.018039238 0.990990579
1305031123.951442 -0.041979399 0.231486231 0.068099707 -0.128980756 -0.014382623 0.019590478 0.991349280
1305031123.983415 -0.042260170 0.218890190 0.069442324 -0.137000442 -0.016494092 0.021789007 0.990193903
1305031124.011302 -0.042056691 0.213704363 0.071244255 -0.132296368 -0.020602142 0.021608477 0.990760446
1305031124.051505 -0.041801419 0.211623892 0.072029814 -0.127086625 -0.023868144 0.021717168 0.991366565
1305031124.083837 -0.042217880 0.205147788 0.075327829 -0.127160877 -0.026463652 0.022157041 0.991281450
1305031124.111331 -0.037440874 0.190684274 0.079499006 -0.126580909 -0.032572538 0.021351652 0.991191387
1305031124.147446 -0.041824501 0.195458218 0.079586297 -0.114741489 -0.031003378 0.019074684 0.992728233
1305031124.182694 -0.040144987 0.184712648 0.083423287 -0.116808474 -0.033384576 0.017564951 0.992437720
1305031124.211396 -0.038496759 0.174730718 0.087310269 -0.112708353 -0.035712145 0.016370827 0.992851138
1305031124.249327 -0.041417353 0.171997398 0.086046964 -0.105291851 -0.034918666 0.015348583 0.993709564
1305031124.282545 -0.042005405 0.166348174 0.087920055 -0.104580663 -0.039018076 0.015333706 0.993632376
1305031124.311361 -0.038867775 0.153615654 0.092745841 -0.103972867 -0.045137662 0.016229581 0.993422747
1305031124.350354 -0.039990917 0.148709580 0.092588171 -0.097690076 -0.047463488 0.014499086 0.993978679
1305031124.382420 -0.038317449 0.140397727 0.095049888 -0.094811223 -0.050556134 0.013767350 0.994115353
1305031124.411439 -0.037491936 0.130449235 0.097291864 -0.090955511 -0.052476853 0.013370360 0.994381487
1305031124.450245 -0.037448801 0.122585222 0.098390624 -0.083878562 -0.053521756 0.011270881 0.994973779
1305031124.480099 -0.038553849 0.111436553 0.098728813 -0.079161718 -0.053857870 0.008466853 0.995369792
1305031124.511324 -0.039652903 0.105648696 0.100220971 -0.071328595 -0.055009000 0.006350561 0.995914578
1305031124.550437 -0.039948598 0.096663460 0.101378419 -0.067755058 -0.056532700 0.003850979 0.996091604
1305031124.579404 -0.040681425 0.086529583 0.103711426 -0.064661600 -0.058771025 0.001272270 0.996174335
1305031124.611358 -0.040979918 0.076436609 0.106228068 -0.060275968 -0.061033443 -0.000799455 0.996313751
1305031124.651271 -0.041270498 0.067783304 0.108225405 -0.056619290 -0.063151218 -0.002995235 0.996392071
1305031124.679362 -0.039402600 0.056410700 0.111883871 -0.053866904 -0.065939978 -0.004584641 0.996357977
1305031124.711251 -0.038339116 0.048451513 0.114245266 -0.049496733 -0.066480428 -0.005970896 0.996541381
1305031124.749890 -0.040022269 0.037795566 0.117448330 -0.047982994 -0.065870859 -0.008236975 0.996639729
1305031124.779365 -0.039978467 0.027973682 0.120544985 -0.045102507 -0.067257211 -0.008602957 0.996678591
1305031124.811360 -0.039986182 0.019397710 0.123779885 -0.043142982 -0.068211593 -0.008969203 0.996697247
1305031124.850535 -0.039943285 0.008282319 0.128966480 -0.043848854 -0.069809802 -0.009617008 0.996549726
1305031124.879355 -0.035204865 -0.002412622 0.135385975 -0.042375889 -0.072246902 -0.009986850 0.996436119
1305031124.911448 -0.036748771 -0.007584427 0.138407931 -0.039733130 -0.068963811 -0.010431709 0.996773005
1305031124.950730 -0.037420243 -0.015685298 0.144461095 -0.042145904 -0.067531943 -0.010741179 0.996768653
1305031124.979438 -0.038626082 -0.030583616 0.149429411 -0.043043077 -0.066325285 -0.009089770 0.996827781
1305031125.011454 -0.041981161 -0.038545497 0.151903346 -0.038250167 -0.067343414 -0.008411595 0.996960938
1305031125.050763 -0.038650643 -0.040873908 0.156463295 -0.034508154 -0.071067162 -0.007154558 0.996848762
1305031125.079364 -0.038319275 -0.049816128 0.161312565 -0.035860386 -0.070381999 -0.004032301 0.996867180
1305031125.111364 -0.039942808 -0.060652934 0.163292319 -0.036168113 -0.070675865 -0.003056795 0.996838689
1305031125.151013 -0.038021296 -0.066794217 0.165886506 -0.031838607 -0.071808331 -0.005142729 0.996896863
1305031125.179353 -0.039578013 -0.068209916 0.167684585 -0.030636804 -0.068650365 -0.004304941 0.997160912
1305031125.211320 -0.040811993 -0.078448407 0.172040612 -0.034949299 -0.067177646 -0.004037476 0.997120559
1305031125.250632 -0.042804658 -0.089608669 0.174577087 -0.034284554 -0.066457383 -0.006893416 0.997176230
1305031125.279467 -0.043242019 -0.092674956 0.176010773 -0.030753670 -0.066321686 -0.007619805 0.997295141
1305031125.311493 -0.042874806 -0.100758776 0.180742696 -0.031264778 -0.065146819 -0.006855094 0.997362256
1305031125.348880 -0.045380220 -0.105689734 0.180546120 -0.027304694 -0.063018322 -0.010421468 0.997584343
1305031125.379401 -0.042301510 -0.108700484 0.185088500 -0.026959594 -0.062460050 -0.014144518 0.997582972
1305031125.411335 -0.042499159 -0.112858057 0.187323049 -0.027065914 -0.056064684 -0.015138604 0.997945368
1305031125.451195 -0.043982960 -0.117954552 0.189502805 -0.030311814 -0.050460096 -0.016907157 0.998122811
1305031125.479424 -0.043903545 -0.125398159 0.192112327 -0.030756248 -0.046770938 -0.018601395 0.998258710
1305031125.511316 -0.045092158 -0.125185490 0.192061722 -0.029462021 -0.042492684 -0.019076122 0.998480082
1305031125.551020 -0.044783849 -0.127108529 0.193185851 -0.030232159 -0.039659590 -0.020887410 0.998537362
1305031125.579308 -0.043962851 -0.129315734 0.194060326 -0.032060869 -0.036510777 -0.022973908 0.998554587
1305031125.611533 -0.044811320 -0.134475306 0.194037184 -0.032596093 -0.032896135 -0.023066562 0.998660743
1305031125.650575 -0.049521469 -0.137258381 0.190509692 -0.028924035 -0.030882094 -0.020514859 0.998893857
1305031125.679328 -0.053442527 -0.130213216 0.184872404 -0.023136860 -0.033394933 -0.019746190 0.998979270
1305031125.711443 -0.050175730 -0.131968454 0.185048327 -0.022974828 -0.040262431 -0.017744415 0.998767376
1305031125.751260 -0.047867998 -0.121705912 0.180562422 -0.016274767 -0.043260042 -0.016087184 0.998801708
1305031125.779348 -0.046365768 -0.116132550 0.178403974 -0.016342644 -0.044722691 -0.018750386 0.998689771
1305031125.811573 -0.045354858 -0.107662275 0.175269425 -0.015086379 -0.044220798 -0.019626983 0.998715043
1305031125.847412 -0.046405412 -0.101637475 0.172552228 -0.016883664 -0.042271663 -0.022262424 0.998715401
1305031125.879318 -0.048848979 -0.095175505 0.167449087 -0.016889412 -0.041808847 -0.022906173 0.998720229
1305031125.911305 -0.052063204 -0.084083058 0.163149625 -0.019002313 -0.043734927 -0.021968639 0.998620808
1305031125.947343 -0.053960737 -0.081165329 0.160207883 -0.023471452 -0.049762435 -0.019611437 0.998292625
1305031125.979324 -0.052234851 -0.071145967 0.156697616 -0.023024578 -0.057711143 -0.016225034 0.997935891
1305031126.011333 -0.048341781 -0.059761301 0.156037584 -0.024106987 -0.064783677 -0.015662244 0.997485161
1305031126.047324 -0.043434307 -0.048318893 0.155635476 -0.025926169 -0.068116292 -0.015127057 0.997225702
1305031126.079356 -0.042382263 -0.037686542 0.153658047 -0.029517358 -0.066798717 -0.014081554 0.997230351
1305031126.111370 -0.041858122 -0.031067118 0.152452871 -0.033955734 -0.066120036 -0.014963891 0.997121453
1305031126.147432 -0.042019106 -0.017411578 0.150489420 -0.034647916 -0.064691633 -0.013322702 0.997214615
1305031126.179384 -0.043274812 -0.005784948 0.148300037 -0.040231779 -0.064121284 -0.012687351 0.997050107
1305031126.211319 -0.040412489 0.000314167 0.148167655 -0.045750622 -0.065908983 -0.012137626 0.996702373
1305031126.247298 -0.039324909 0.013756551 0.145613015 -0.046931915 -0.064880736 -0.011620692 0.996721029
1305031126.279363 -0.038398203 0.022924706 0.144230127 -0.050915845 -0.063402370 -0.012766169 0.996606648
1305031126.311332 -0.036517352 0.034241505 0.142590523 -0.054475237 -0.061088596 -0.013926837 0.996547401
1305031126.347363 -0.036550015 0.041739255 0.141078517 -0.059363537 -0.057243522 -0.015195160 0.996477962
1305031126.379423 -0.038031634 0.050460242 0.138204813 -0.062634230 -0.053593058 -0.016796352 0.996455014
1305031126.411465 -0.038196608 0.060328387 0.136283413 -0.066257201 -0.051978845 -0.018228397 0.996281028
1305031126.447361 -0.039158240 0.065678649 0.134345472 -0.071448848 -0.050058186 -0.017876882 0.996026933
1305031126.479533 -0.041130386 0.073441207 0.131514922 -0.073418111 -0.049248658 -0.015127514 0.995969653
1305031126.511410 -0.040938944 0.085652627 0.126565993 -0.074533440 -0.050752152 -0.013298610 0.995837390
1305031126.547374 -0.037542138 0.093289860 0.126600072 -0.080055304 -0.052757170 -0.012485773 0.995315015
1305031126.579454 -0.036331274 0.100147858 0.125342742 -0.084190942 -0.051079191 -0.010607135 0.995083094
1305031126.611528 -0.036428791 0.106411308 0.123701610 -0.089380488 -0.049029697 -0.009098001 0.994748414
1305031126.647376 -0.034062728 0.108981371 0.123621434 -0.094646603 -0.048319362 -0.007025679 0.994312763
1305031126.679479 -0.033987675 0.114011899 0.121649727 -0.096116036 -0.045950193 -0.002988484 0.994304478
1305031126.711583 -0.032984771 0.119422063 0.120079137 -0.098464340 -0.044716939 0.000194452 0.994135380
1305031126.747316 -0.031770043 0.119839452 0.119189635 -0.101015396 -0.043434527 0.003106902 0.993931413
1305031126.779379 -0.031107489 0.125427693 0.116720214 -0.099605627 -0.042523447 0.006130807 0.994099081
1305031126.811602 -0.028715614 0.128480822 0.116048776 -0.099787913 -0.041331913 0.006791104 0.994126737
1305031126.847343 -0.028282065 0.131866276 0.113678217 -0.099634588 -0.037394676 0.007322580 0.994294226
1305031126.879357 -0.028285824 0.133912504 0.111798510 -0.100148939 -0.035184916 0.007845360 0.994319201
1305031126.911364 -0.026668664 0.134723336 0.111291341 -0.100569807 -0.033823766 0.007318785 0.994327962
1305031126.947437 -0.028178781 0.136498094 0.109207824 -0.100716740 -0.031672940 0.008931187 0.994370759
1305031126.979337 -0.027770098 0.135030538 0.108973302 -0.102083437 -0.032744557 0.010306977 0.994183362
1305031127.011371 -0.026579669 0.134102866 0.108886510 -0.101133808 -0.034298941 0.010522587 0.994225740
1305031127.047297 -0.026559483 0.135436520 0.108438596 -0.099595524 -0.034510542 0.011518504 0.994362652
1305031127.079299 -0.027133526 0.134505183 0.108619019 -0.100263014 -0.034712955 0.011685087 0.994286597
1305031127.111435 -0.028721463 0.131207705 0.108333156 -0.101453274 -0.036027659 0.012748344 0.994105995
1305031127.147307 -0.028951678 0.128535092 0.109198511 -0.100914590 -0.039361939 0.013385707 0.994026005
1305031127.179349 -0.028662939 0.128965840 0.109224968 -0.097944394 -0.042428769 0.012755959 0.994205236
1305031127.211700 -0.026981361 0.127477348 0.111068025 -0.097491123 -0.044901565 0.012671523 0.994142234
1305031127.247374 -0.026883798 0.123192050 0.112107798 -0.096899867 -0.045071136 0.011902682 0.994201899
1305031127.279465 -0.027987298 0.123909175 0.112121306 -0.093283691 -0.044696737 0.010655914 0.994578719
1305031127.311362 -0.029071378 0.121107139 0.113570273 -0.094189115 -0.045156654 0.009974876 0.994479656
1305031127.347356 -0.028817434 0.115522087 0.115499377 -0.094051026 -0.047058675 0.009505688 0.994409144
1305031127.379262 -0.029162491 0.116624519 0.115989372 -0.090062298 -0.048080191 0.009220443 0.994732141
1305031127.411371 -0.030126011 0.115276307 0.116923332 -0.089776225 -0.048717659 0.008520237 0.994733274
1305031127.447333 -0.030013617 0.110606283 0.118990198 -0.090385824 -0.050259802 0.008212372 0.994603932
1305031127.479362 -0.030837592 0.111926645 0.119362175 -0.087251142 -0.050960250 0.007395540 0.994854569
1305031127.511356 -0.031389803 0.111304402 0.120561942 -0.088047281 -0.051954642 0.006099266 0.994741797
1305031127.547348 -0.030602034 0.107010946 0.122699261 -0.089410841 -0.053506061 0.006278487 0.994536757
1305031127.579345 -0.031520169 0.107314244 0.122955367 -0.087052785 -0.053535301 0.005906605 0.994746685
1305031127.611271 -0.032090146 0.108282231 0.123379998 -0.086678416 -0.053792663 0.005461372 0.994768023
1305031127.647358 -0.031167980 0.105262563 0.125079960 -0.088723741 -0.054685384 0.007014445 0.994529247
1305031127.679298 -0.031580910 0.104112849 0.125177294 -0.087340981 -0.054938219 0.007726434 0.994632423
1305031127.711375 -0.032422822 0.106136993 0.124898270 -0.085603930 -0.055222861 0.007212222 0.994771540
1305031127.747304 -0.031295978 0.103891648 0.126126468 -0.087657630 -0.056427620 0.007481986 0.994523048
1305031127.779346 -0.032027703 0.101461962 0.126466572 -0.087316789 -0.056210015 0.007560086 0.994564772
1305031127.811829 -0.032123722 0.102956645 0.126103103 -0.085000850 -0.056651425 0.006615628 0.994747043
1305031127.847366 -0.032509480 0.101964884 0.126222134 -0.085607678 -0.056551356 0.005737076 0.994706213
1305031127.879380 -0.033562534 0.100834087 0.126081288 -0.085884422 -0.056379594 0.005274394 0.994694650
1305031127.911476 -0.033985380 0.101104304 0.126619086 -0.085293010 -0.057273835 0.004967343 0.994696021
1305031127.947366 -0.034730185 0.102165185 0.126672029 -0.085395508 -0.057709087 0.004938170 0.994662225
1305031127.979371 -0.034227278 0.100930557 0.128267780 -0.087504327 -0.058940660 0.005018511 0.994406283
1305031128.011427 -0.033340503 0.101427287 0.129622802 -0.088169605 -0.059489693 0.004522001 0.994317174
1305031128.047369 -0.032361347 0.099318624 0.132069841 -0.091368683 -0.059111424 0.005625669 0.994045258
1305031128.079334 -0.032777369 0.096948370 0.133493826 -0.092021242 -0.058577016 0.006600466 0.994010687
1305031128.111391 -0.032270554 0.096755028 0.134398565 -0.091263436 -0.059104949 0.007359582 0.994044006
1305031128.147418 -0.031860687 0.096025258 0.135229573 -0.092283316 -0.059316512 0.009073207 0.993923068
1305031128.179350 -0.030539777 0.092518255 0.137320131 -0.092913166 -0.060023207 0.010394163 0.993808985
1305031128.211447 -0.031772207 0.093783841 0.136229277 -0.090137228 -0.059166789 0.010629231 0.994113445
1305031128.247480 -0.032050632 0.094402887 0.136165321 -0.090152204 -0.059510496 0.010880130 0.994088888
1305031128.279336 -0.031464323 0.091797426 0.137247086 -0.091308378 -0.060195673 0.010946147 0.993941367
1305031128.311483 -0.031903878 0.092929408 0.136647061 -0.089304976 -0.059989113 0.010219358 0.994143605
1305031128.347423 -0.032453142 0.092792340 0.136420101 -0.089359991 -0.059831150 0.009388309 0.994156420
1305031128.379404 -0.032920875 0.091926314 0.136843339 -0.089766763 -0.060141057 0.007549040 0.994116724
1305031128.411337 -0.032798167 0.090802535 0.136804491 -0.089552872 -0.060318608 0.006552853 0.994132280
1305031128.447296 -0.033522896 0.091274112 0.136650413 -0.088730410 -0.060050860 0.005352876 0.994229436
1305031128.479296 -0.033848193 0.090141624 0.136402383 -0.089352667 -0.060133312 0.004144974 0.994174480
1305031128.511433 -0.033245552 0.089268297 0.136908203 -0.089262314 -0.060429748 0.003558585 0.994166911
1305031128.547399 -0.033239182 0.089377157 0.136625946 -0.089104280 -0.059862517 0.003076799 0.994217038
1305031128.579455 -0.032993831 0.087085709 0.137046665 -0.089542583 -0.059415121 0.002959548 0.994204819
1305031128.611395 -0.034448236 0.086906403 0.136270419 -0.088122293 -0.058820408 0.003083183 0.994366705
1305031128.647352 -0.035681516 0.087266035 0.135117173 -0.087280467 -0.059261277 0.003270776 0.994414151
1305031128.679282 -0.034794927 0.085860685 0.135499448 -0.087439358 -0.061248779 0.002710357 0.994281471
1305031128.711457 -0.033900406 0.085842259 0.135508090 -0.086244501 -0.061631564 0.002046094 0.994363785
1305031128.747363 -0.033717472 0.086507514 0.135320246 -0.085103676 -0.060848929 0.000970881 0.994511843
