1305031102.675285 -0.005810807 0.017672367 0.138499528 -0.042261459 -0.017691988 -0.000696505 0.998949647
1305031102.711263 -0.005924882 0.017477643 0.148806199 -0.043346342 -0.018107373 0.000446960 0.998895884
1305031102.743234 -0.004389874 0.022483613 0.160633162 -0.043851614 -0.019579265 0.003445581 0.998840213
1305031102.775472 -0.002302646 0.022652280 0.171693921 -0.046448123 -0.018657664 0.001778533 0.998744845
1305031102.811232 -0.002193145 0.028145429 0.181367755 -0.045482997 -0.015894555 0.000745132 0.998838365
1305031102.843290 -0.001034525 0.026674740 0.192324579 -0.048966799 -0.013273336 0.000344624 0.998712122
1305031102.875363 -0.003864308 0.030147593 0.200542837 -0.046973750 -0.009234137 -0.002389523 0.998850584
1305031102.911185 -0.004843370 0.032354727 0.209424213 -0.046475653 -0.007578084 -0.003595192 0.998884201
1305031102.943229 -0.010093862 0.032959569 0.215396628 -0.047099456 -0.005099479 -0.005123642 0.998864055
1305031102.975203 -0.013482420 0.035727579 0.222271070 -0.047356501 -0.010547508 -0.004989077 0.998809874
1305031103.011215 -0.012842043 0.037827507 0.231139183 -0.048722312 -0.017388063 -0.001904179 0.998659194
1305031103.043227 -0.016200159 0.040319972 0.236823663 -0.049501766 -0.021520177 -0.000335293 0.998542130
1305031103.075319 -0.012317101 0.040021211 0.246897131 -0.050179504 -0.026514700 0.002443001 0.998385191
1305031103.111240 -0.013470256 0.045582365 0.252109915 -0.047569800 -0.025519766 0.003146820 0.998536885
1305031103.143318 -0.012542062 0.046939559 0.260299265 -0.049664471 -0.026229117 0.004965773 0.998409152
1305031103.175452 -0.012528313 0.051421590 0.265856594 -0.049403962 -0.024844499 0.005659568 0.998453796
1305031103.211220 -0.013822989 0.056651175 0.271345675 -0.052779015 -0.024381001 0.006722274 0.998285890
1305031103.243216 -0.014330268 0.058396656 0.276351184 -0.059706863 -0.023951530 0.009682871 0.997881591
1305031103.275370 -0.019719472 0.059295386 0.278225213 -0.068855546 -0.023743927 0.012976783 0.997259617
1305031103.311210 -0.019408902 0.055188283 0.284251064 -0.077218316 -0.033491611 0.013314935 0.996362567
1305031103.343223 -0.013545335 0.057141349 0.288050652 -0.077206045 -0.040881436 0.013737329 0.996081948
1305031103.375327 -0.012290711 0.056416377 0.288791537 -0.080890335 -0.039959148 0.015366917 0.995803118
1305031103.411260 -0.013721073 0.051947750 0.287146479 -0.084202543 -0.038476445 0.016530115 0.995568335
1305031103.443280 -0.015624518 0.050774336 0.283551812 -0.083824113 -0.039709479 0.015964394 0.995561063
1305031103.475274 -0.014513766 0.047235381 0.280584931 -0.084476106 -0.043077022 0.014398417 0.995389819
1305031103.511333 -0.015003788 0.043523252 0.275691837 -0.082341924 -0.044142488 0.011587363 0.995558619
1305031103.543444 -0.014403773 0.039403155 0.269803256 -0.078810744 -0.045692682 0.009671491 0.995794952
1305031103.575474 -0.016249698 0.037290961 0.260992825 -0.074126624 -0.045877811 0.009414475 0.996148527
1305031103.611223 -0.017819360 0.033205185 0.252938867 -0.072326809 -0.048063267 0.010539060 0.996166527
1305031103.643445 -0.015526799 0.030777605 0.245810181 -0.069418795 -0.053347569 0.011673626 0.996091723
1305031103.675523 -0.013705002 0.027447760 0.237413138 -0.066958368 -0.056386996 0.011633976 0.996093214
1305031103.711610 -0.012139848 0.024643445 0.228189737 -0.064497173 -0.057675634 0.011491674 0.996183515
1305031103.743326 -0.011101728 0.019569455 0.219010279 -0.062760077 -0.057417490 0.010405087 0.996321261
1305031103.775342 -0.010812648 0.018576555 0.207335815 -0.058735587 -0.056768496 0.007030711 0.996633351
1305031103.811242 -0.010372385 0.018305117 0.196190760 -0.058013976 -0.055530019 0.003706816 0.996763289
1305031103.843251 -0.012277283 0.018972861 0.185774863 -0.060161259 -0.054509025 0.000945796 0.996698797
1305031103.875361 -0.012972308 0.010383530 0.177368224 -0.068246178 -0.057216432 -0.002114035 0.996024251
1305031103.911221 -0.012415580 0.004452705 0.167103499 -0.068102412 -0.061109599 -0.003853672 0.995797575
1305031103.943211 -0.011108830 0.002673075 0.155414477 -0.065601386 -0.063928440 -0.004835912 0.995784223
1305031103.975373 -0.008973411 -0.002562592 0.145183146 -0.064622596 -0.066295765 -0.005888576 0.995687783
1305031104.011232 -0.004487500 -0.007124962 0.136365205 -0.061327048 -0.067981541 -0.006490148 0.995778799
1305031104.043249 -0.001256313 -0.009569625 0.124836281 -0.054208960 -0.065749966 -0.008449331 0.996326745
1305031104.075425 0.000258428 -0.008287792 0.113749966 -0.049023658 -0.061271880 -0.011208786 0.996853471
1305031104.111235 0.003934953 -0.014471673 0.104153827 -0.047341168 -0.056533404 -0.012866033 0.997194707
1305031104.143230 0.001410086 -0.017769299 0.091583997 -0.042567823 -0.049266919 -0.014262543 0.997776210
1305031104.175424 0.000414903 -0.018755859 0.080415256 -0.037930161 -0.045448318 -0.015116017 0.998131871
1305031104.211283 0.001222016 -0.022973033 0.070471719 -0.034538936 -0.043043051 -0.015188008 0.998360515
1305031104.243196 0.000997566 -0.024079483 0.060468122 -0.029484691 -0.040425211 -0.015458159 0.998627841
1305031104.275546 0.002318373 -0.025539618 0.050629206 -0.025100457 -0.038175106 -0.016131040 0.998825550
1305031104.311219 0.003189978 -0.026983205 0.041588657 -0.021460755 -0.035073049 -0.016229933 0.999022484
1305031104.343342 0.004654434 -0.026118826 0.033319075 -0.017625896 -0.031370208 -0.016424542 0.999217451
1305031104.375837 0.004028365 -0.026423175 0.025026616 -0.015581555 -0.026238495 -0.016142428 0.999403894
1305031104.411509 0.001196479 -0.027069746 0.015753750 -0.014068858 -0.021251187 -0.015959017 0.999547780
1305031104.443288 -0.001960047 -0.026110899 0.008802722 -0.013057103 -0.018851083 -0.015510910 0.999616683
1305031104.475456 -0.004665116 -0.027378866 0.001120067 -0.013595234 -0.019459756 -0.014761288 0.999609232
1305031104.511329 -0.005278737 -0.030637678 -0.005254548 -0.013455112 -0.022108588 -0.013588749 0.999572694
1305031104.543368 -0.003211692 -0.031603877 -0.012124701 -0.010008140 -0.024811264 -0.012801138 0.999560118
1305031104.575343 0.000930767 -0.036626466 -0.018009031 -0.006941474 -0.025719250 -0.012457570 0.999567449
1305031104.611336 0.007522961 -0.043630268 -0.023861147 0.000848359 -0.023113662 -0.010783769 0.999674320
1305031104.643243 0.008306357 -0.039410695 -0.032659393 0.014600517 -0.015431030 -0.010301992 0.999721229
1305031104.675525 0.011045308 -0.045785259 -0.040877841 0.023971217 -0.008186562 -0.009579428 0.999633253
1305031104.711277 0.011995233 -0.048401881 -0.050430745 0.036854398 -0.000955114 -0.007142650 0.999294639
1305031104.743280 0.014702341 -0.046673704 -0.057904042 0.050352450 0.005381837 -0.004978820 0.998704612
1305031104.775327 0.014508333 -0.046067052 -0.066060349 0.062395237 0.012751228 -0.003121108 0.997965157
1305031104.811465 0.016851796 -0.042358059 -0.070924066 0.073936932 0.018719394 -0.000179912 0.997087181
1305031104.843258 0.017284786 -0.038952775 -0.074757248 0.082637779 0.025110705 0.002491551 0.996260166
1305031104.875350 0.014126774 -0.033539273 -0.077383503 0.089063890 0.029031681 0.005473308 0.995587647
1305031104.911534 0.014798578 -0.030048497 -0.077351488 0.091904424 0.029736601 0.007746066 0.995293558
1305031104.943262 0.015364442 -0.029657485 -0.077552460 0.092508823 0.030424161 0.008474103 0.995210886
1305031104.975202 0.014877038 -0.023175208 -0.074241742 0.092726134 0.029674586 0.009702078 0.995202065
1305031105.011290 0.014990164 -0.021122346 -0.070046619 0.088120081 0.029209135 0.010539532 0.995625734
1305031105.043373 0.013964246 -0.018364608 -0.063551605 0.082851686 0.028876809 0.009223014 0.996100724
1305031105.075320 0.014408184 -0.018284846 -0.056417905 0.075557895 0.027793650 0.007586605 0.996725082
1305031105.111299 0.009562874 -0.018180527 -0.048016768 0.070342131 0.028217047 0.004645247 0.997112930
1305031105.143106 0.005906891 -0.008844959 -0.037673779 0.066569462 0.026199853 0.002717928 0.997434080
1305031105.175159 0.006204171 -0.003635960 -0.026363904 0.054389708 0.022251621 0.001177484 0.998271108
1305031105.211268 0.001396120 -0.010783497 -0.016591119 0.040130671 0.019448321 -0.002405180 0.999002278
1305031105.243270 -0.002332815 -0.008530847 -0.006128520 0.032208543 0.014602040 -0.004090475 0.999366164
1305031105.275288 -0.005471174 -0.005670926 0.003410321 0.022472499 0.008802286 -0.005291548 0.999694705
1305031105.311290 -0.008367695 -0.007835194 0.013550723 0.011519153 0.001952210 -0.006768528 0.999908805
1305031105.343302 -0.007233501 -0.011698006 0.025682472 0.001843609 -0.005598412 -0.006838365 0.999959230
1305031105.375338 -0.008335178 -0.013444425 0.035670538 -0.002469094 -0.010509120 -0.006776327 0.999918759
1305031105.411286 -0.010299823 -0.007383102 0.044861622 -0.006184541 -0.014696214 -0.007646889 0.999843657
1305031105.443316 -0.010576095 -0.010539248 0.056433663 -0.014114003 -0.019043192 -0.008361727 0.999684095
1305031105.475280 -0.012106636 -0.009690663 0.066419654 -0.017399842 -0.021996692 -0.008779903 0.999568045
1305031105.511332 -0.010046163 -0.007550924 0.077907071 -0.021701990 -0.025906311 -0.008170181 0.999395370
1305031105.543282 -0.010430986 -0.008970691 0.089741744 -0.026597362 -0.026726767 -0.007121100 0.999263525
1305031105.575449 -0.011710698 -0.007395265 0.099976078 -0.029187100 -0.027763508 -0.007112710 0.999162972
1305031105.611378 -0.012286956 -0.008848893 0.111002438 -0.032400832 -0.028358219 -0.006956114 0.999048352
1305031105.643273 -0.013505898 -0.007782715 0.120907992 -0.033023551 -0.028386513 -0.003988318 0.999043405
1305031105.675166 -0.011013454 -0.005716625 0.133124590 -0.034712721 -0.030590788 -0.002593985 0.998925686
1305031105.711309 -0.007420483 -0.007708741 0.146050230 -0.034991529 -0.029838694 -0.002923083 0.998937786
1305031105.743312 -0.007478917 -0.001901346 0.156657323 -0.031709611 -0.025894640 -0.002348751 0.999158859
1305031105.775339 -0.004720685 -0.002857999 0.168952689 -0.033258159 -0.022448735 -0.002189968 0.999192238
1305031105.811283 -0.005429848 -0.001331449 0.178618938 -0.031657953 -0.016861724 -0.001306305 0.999355674
1305031105.843271 -0.003192969 0.000573920 0.189945072 -0.030292606 -0.014304494 -0.000161571 0.999438703
1305031105.875337 -0.001485474 0.005629587 0.199560568 -0.028680122 -0.009806085 0.002103109 0.999538362
1305031105.911262 -0.002017911 0.008771585 0.209536105 -0.031087469 -0.005191218 0.006870566 0.999479532
1305031105.943272 -0.001840044 0.013227711 0.218982682 -0.032894526 -0.001953996 0.009425770 0.999412417
1305031105.975329 -0.001592408 0.016234469 0.228368148 -0.037208922 0.000080461 0.011059943 0.999246299
1305031106.011285 0.000156754 0.019367045 0.237636387 -0.041454580 0.001374930 0.013328709 0.999050558
1305031106.043355 -0.001823371 0.022117373 0.246845990 -0.045815326 0.004465281 0.013912942 0.998843074
1305031106.075330 -0.002847346 0.024841320 0.254994571 -0.049800459 0.005666815 0.015496996 0.998622894
1305031106.111327 -0.004396931 0.034191951 0.267012537 -0.051014774 0.005650955 0.016495034 0.998545647
1305031106.143355 -0.006134845 0.035006877 0.275385082 -0.058549378 0.004694655 0.018114358 0.998109102
1305031106.175534 -0.006677345 0.036411420 0.282952815 -0.062769875 0.002880689 0.019494878 0.997833490
1305031106.211275 -0.007428712 0.036440324 0.290534794 -0.066550337 0.001408647 0.019857932 0.997584462
1305031106.243267 -0.008383814 0.038722534 0.296222776 -0.066404007 0.000100664 0.023518948 0.997515619
1305031106.276385 -0.008948596 0.044317879 0.301499814 -0.065714024 -0.001695223 0.024879232 0.997526824
1305031106.311238 -0.008955079 0.046913102 0.305838734 -0.069130883 -0.003123280 0.028204840 0.997203887
1305031106.343258 -0.010120155 0.051652506 0.308123291 -0.073332205 -0.004055331 0.028733853 0.996885300
1305031106.375388 -0.007407129 0.052614380 0.310354024 -0.082214236 -0.005383512 0.021786874 0.996361971
1305031106.411320 -0.007298370 0.047867946 0.312191248 -0.090263419 -0.000071135 0.015459497 0.995797932
1305031106.443278 -0.011039127 0.045716628 0.310871214 -0.091352254 0.005623675 0.010478937 0.995747626
1305031106.475345 -0.013448753 0.043988772 0.307761997 -0.091206022 0.005907128 0.009005225 0.995773792
1305031106.511129 -0.014712850 0.040175427 0.303433299 -0.090554163 0.002952078 0.008845389 0.995847881
1305031106.543302 -0.012993038 0.038337432 0.296440452 -0.087138988 -0.002253548 0.008076785 0.996160865
1305031106.575282 -0.012180771 0.036468301 0.288625658 -0.084051780 -0.004712656 0.007183685 0.996424317
1305031106.611151 -0.013966092 0.036222108 0.279540718 -0.082884073 -0.006887016 0.004288242 0.996526182
1305031106.643207 -0.013287832 0.030387972 0.271070510 -0.084333904 -0.010129395 0.001874564 0.996384323
1305031106.675279 -0.016245447 0.028989267 0.259631604 -0.081843585 -0.011670448 0.001594522 0.996575594
1305031106.711508 -0.017382085 0.022539312 0.246319428 -0.086178951 -0.016791841 0.001159886 0.996137500
1305031106.743341 -0.017890269 0.019764910 0.234893784 -0.084509686 -0.022961356 0.001369350 0.996157110
1305031106.775390 -0.016019871 0.016847884 0.223233908 -0.083866037 -0.029877111 0.001259675 0.996028244
1305031106.811289 -0.015235439 0.016789682 0.210743740 -0.083071902 -0.034121212 0.000730882 0.995958984
1305031106.843416 -0.015537758 0.009284981 0.200008690 -0.085573636 -0.037803393 -0.000777805 0.995614111
1305031106.875905 -0.012271406 0.005340841 0.187838644 -0.080291040 -0.041732565 -0.004152834 0.995888770
1305031106.911243 -0.012419539 0.006428400 0.172994018 -0.075017817 -0.040698361 -0.008719170 0.996313214
1305031106.943439 -0.012431711 0.000619726 0.161546096 -0.074468143 -0.039610252 -0.013392723 0.996346414
1305031106.975547 -0.011271045 -0.004878776 0.149262130 -0.069315113 -0.037932064 -0.016387047 0.996738672
1305031107.011576 -0.011481416 -0.001254154 0.133393198 -0.060498349 -0.034971248 -0.019653978 0.997361839
1305031107.043281 -0.012084315 -0.006513538 0.121890962 -0.061703928 -0.032113723 -0.022422777 0.997325718
1305031107.075432 -0.014934562 -0.011650583 0.109412588 -0.057737835 -0.030006239 -0.023567330 0.997602403
1305031107.111229 -0.013694028 -0.010899081 0.096947476 -0.051963121 -0.031224171 -0.024072599 0.997870445
1305031107.143260 -0.012113406 -0.010854624 0.085478708 -0.049582791 -0.030610135 -0.024528870 0.997999489
1305031107.175399 -0.011242701 -0.017033501 0.076198988 -0.048886165 -0.029230537 -0.025481002 0.998051345
1305031107.211358 -0.007705555 -0.020812528 0.066432014 -0.043081947 -0.028339207 -0.026588410 0.998315513
1305031107.243378 -0.007788336 -0.020044645 0.055505469 -0.035958521 -0.024688208 -0.027001420 0.998683333
1305031107.275398 -0.005627741 -0.024137454 0.046041727 -0.031343572 -0.021806572 -0.026987810 0.998906255
1305031107.311226 -0.004841121 -0.028080598 0.037966568 -0.024653805 -0.018254871 -0.028035851 0.999136090
1305031107.343509 -0.000882553 -0.033011999 0.029791513 -0.014888604 -0.015838344 -0.027671870 0.999380648
1305031107.375413 0.000585644 -0.029079759 0.021062369 -0.004305753 -0.011018052 -0.027469413 0.999552667
1305031107.411271 0.002386149 -0.029347958 0.015146966 0.002324460 -0.006447507 -0.028195675 0.999578893
1305031107.443419 0.004418319 -0.027296735 0.010558661 0.008347926 -0.002125127 -0.027863216 0.999574602
1305031107.475377 0.006783756 -0.028347647 0.007524302 0.010997597 0.002083090 -0.026854053 0.999576688
1305031107.511352 0.008105547 -0.024443660 0.004092638 0.013523264 0.005773886 -0.026024807 0.999553144
1305031107.543605 0.012300496 -0.025711568 0.004651380 0.010300730 0.007327873 -0.023265285 0.999649405
1305031107.575454 0.013752838 -0.029762935 0.005626889 0.008914407 0.009328383 -0.020694086 0.999702573
1305031107.611271 0.015822385 -0.023357935 0.004912579 0.011237340 0.010447603 -0.018877752 0.999704063
1305031107.643323 0.016434200 -0.023188112 0.006858158 0.007730694 0.011848280 -0.017724240 0.999742806
1305031107.675568 0.015559825 -0.022576271 0.008504542 0.006666282 0.012692869 -0.017374240 0.999746263
1305031107.711307 0.015288864 -0.019717870 0.009590048 0.005925723 0.012588399 -0.016199848 0.999771953
1305031107.743538 0.012722173 -0.015679738 0.010596130 0.003694011 0.012076304 -0.015866578 0.999794364
1305031107.775802 0.012688128 -0.016875297 0.012393137 0.000269213 0.009296965 -0.017205279 0.999808729
1305031107.811596 0.014776131 -0.015008513 0.014764909 -0.001621933 0.006654291 -0.016911833 0.999833524
1305031107.843332 0.016218577 -0.014220208 0.016338246 -0.004074595 0.005927574 -0.017552968 0.999820054
1305031107.875358 0.019766223 -0.016350364 0.018992471 -0.005310545 0.006199467 -0.021066237 0.999744773
1305031107.911541 0.022390049 -0.016970793 0.020499354 -0.004675034 0.009045252 -0.023318583 0.999676228
1305031107.943122 0.027169697 -0.018539645 0.022527693 -0.003284609 0.011793934 -0.023667522 0.999644935
1305031107.975807 0.032761015 -0.019613177 0.024639169 -0.001162154 0.015677107 -0.023423672 0.999602020
1305031108.011320 0.039102346 -0.018438244 0.026583398 0.003106350 0.020202838 -0.025307262 0.999470711
1305031108.043418 0.050879572 -0.017941723 0.027801696 0.005330461 0.025426822 -0.022664510 0.999405503
1305031108.075352 0.059571646 -0.018454606 0.031428039 0.006470749 0.034053199 -0.017101733 0.999252737
1305031108.111378 0.064108305 -0.018853050 0.034738414 0.009220784 0.040574141 -0.017534941 0.998980105
1305031108.143334 0.073455103 -0.015505554 0.037621465 0.012234757 0.043649752 -0.016130328 0.998841703
1305031108.176058 0.081933215 -0.010632827 0.039434981 0.011832325 0.047005255 -0.013062600 0.998739123
1305031108.211475 0.090839110 -0.012334512 0.041942522 0.006440228 0.048299704 -0.013587061 0.998719692
1305031108.243347 0.107564770 -0.019625979 0.042331252 0.003285500 0.048370413 -0.015828315 0.998698652
1305031108.275358 0.114960045 -0.013165539 0.044753499 0.005611604 0.053056005 -0.015174419 0.998460472
1305031108.311332 0.119135454 -0.009438789 0.047888838 0.002770078 0.055769593 -0.014114530 0.998340011
1305031108.343278 0.128005087 -0.006559297 0.050981600 -0.001800508 0.053663697 -0.011883203 0.998486757
1305031108.375410 0.133793652 -0.004498921 0.054601200 -0.006398786 0.051681772 -0.007046191 0.998618245
1305031108.411361 0.144298166 -0.005313650 0.056988090 -0.011904219 0.047277819 -0.000588110 0.998810649
1305031108.443610 0.156381845 -0.003487397 0.057849053 -0.015640864 0.044761788 0.006443561 0.998854458
1305031108.475471 0.166947901 -0.006516176 0.060266849 -0.019684181 0.043747950 0.013640122 0.998755515
1305031108.511378 0.182814941 -0.011737349 0.061343409 -0.021081440 0.044729244 0.017891113 0.998616397
1305031108.543737 0.193979114 -0.013514539 0.063181244 -0.017407425 0.051012885 0.016746681 0.998405814
1305031108.575414 0.200699985 -0.006852292 0.063300923 -0.011907306 0.056601033 0.014935514 0.998214126
1305031108.611407 0.212648854 -0.005534421 0.065973185 -0.011613349 0.061462637 0.016417788 0.997906744
1305031108.643303 0.218719438 -0.002497195 0.066096731 -0.010691343 0.067807399 0.017840417 0.997481585
1305031108.675375 0.230804339 0.001572892 0.066446349 -0.012466732 0.071678303 0.021392241 0.997120440
1305031108.711411 0.239335239 -0.001304833 0.066431701 -0.017682660 0.078713469 0.025275394 0.996419907
1305031108.743502 0.243521661 -0.003088475 0.067693412 -0.019825581 0.084438942 0.025828673 0.995896518
1305031108.775493 0.251733124 -0.000984970 0.067120291 -0.020050313 0.087235056 0.029130453 0.995559871
1305031108.811244 0.252323627 -0.003617823 0.067897633 -0.022727970 0.091982700 0.033233661 0.994946301
1305031108.843264 0.252127618 -0.005954913 0.068572290 -0.022643423 0.093148291 0.038710628 0.994641721
1305031108.876515 0.253791988 -0.004933419 0.066136464 -0.020118868 0.090017632 0.045384653 0.994702101
1305031108.911364 0.253807187 -0.008863908 0.066250294 -0.018416962 0.086858578 0.050437208 0.994772613
1305031108.943243 0.247923791 -0.011974504 0.064023167 -0.014711737 0.085480325 0.050209925 0.994965136
1305031108.975268 0.246537313 -0.005711336 0.060033239 -0.008656112 0.078722484 0.049027294 0.995652616
1305031109.011269 0.248699203 -0.005755443 0.057502098 -0.009179991 0.073325023 0.048377417 0.996091783
1305031109.043277 0.240969643 -0.007115563 0.056921635 -0.008731548 0.073737033 0.045340154 0.996208251
1305031109.075410 0.235521153 -0.001362273 0.054158557 -0.008305714 0.070821695 0.040209342 0.996643603
1305031109.111282 0.230085447 -0.002658123 0.053754941 -0.012530286 0.069128580 0.037518907 0.996823251
1305031109.143334 0.215065464 -0.007959856 0.055987954 -0.015276032 0.069487572 0.032838348 0.996925116
1305031109.175464 0.208188012 -0.002556060 0.052932538 -0.013416932 0.061945718 0.030204711 0.997532129
1305031109.211379 0.205135211 0.008645429 0.050586082 -0.014190741 0.054756325 0.034095347 0.997816563
1305031109.243290 0.191282079 0.006213568 0.053628407 -0.023823967 0.054480568 0.039230276 0.997459412
1305031109.275308 0.176724479 -0.004114800 0.054850895 -0.029582804 0.052424144 0.042283617 0.997290671
1305031109.311329 0.163829207 0.000643827 0.054668307 -0.025168011 0.044415653 0.042972412 0.997771084
1305031109.343248 0.154014811 0.005827713 0.053096961 -0.026114054 0.034268588 0.042270157 0.998176813
1305031109.375397 0.145567849 0.001665373 0.051291723 -0.030427992 0.025503371 0.041700877 0.998341024
1305031109.411329 0.137503579 0.002811030 0.048720583 -0.030583665 0.017697832 0.037820075 0.998659611
1305031109.443302 0.128690526 0.007371755 0.048493445 -0.032247812 0.011998834 0.032447085 0.998881042
1305031109.475363 0.117502324 0.003502273 0.047727533 -0.036587276 0.010481050 0.029128226 0.998850882
1305031109.511273 0.107177928 0.000937542 0.046719301 -0.037113298 0.008449692 0.024840709 0.998966515
1305031109.543294 0.092292510 0.000801632 0.044772498 -0.034695875 0.008898459 0.022518106 0.999104559
1305031109.575362 0.081536949 0.002874594 0.043074898 -0.033726115 0.008715588 0.022128141 0.999148130
1305031109.611310 0.069969900 0.003772515 0.040943153 -0.033596318 0.007872566 0.019891424 0.999206483
1305031109.643229 0.062688880 0.005435571 0.039647210 -0.033788040 0.005820529 0.019598959 0.999219894
1305031109.675263 0.049433954 0.006953433 0.038197007 -0.035717580 0.006682038 0.021488728 0.999108493
1305031109.711312 0.038337428 0.010226923 0.038156979 -0.037226725 0.003904197 0.020575643 0.999087393
1305031109.743274 0.030279892 0.009628653 0.036965914 -0.042258170 0.000516819 0.020051772 0.998905361
1305031109.775277 0.023124265 0.008306704 0.038618524 -0.045943867 -0.002208713 0.020631241 0.998728514
1305031109.811371 0.010877519 0.010907995 0.037905339 -0.047112852 -0.002230502 0.019381624 0.998699069
1305031109.843296 -0.000018490 0.011792857 0.039170004 -0.050271615 -0.004405973 0.018631062 0.998552084
1305031109.875306 -0.013994088 0.013223205 0.040488780 -0.053358220 -0.006147485 0.016292855 0.998423576
1305031109.911265 -0.024104485 0.010539587 0.043837167 -0.055617772 -0.012100356 0.011214227 0.998315811
1305031109.943299 -0.033672709 0.017990202 0.044976559 -0.054676842 -0.015389724 0.007263364 0.998359084
1305031109.975258 -0.044437114 0.016753741 0.048369229 -0.059639320 -0.017336067 0.002301677 0.998066783
1305031110.011256 -0.053761154 0.018521328 0.052088842 -0.061358213 -0.020173332 -0.004355812 0.997902453
1305031110.043299 -0.064050056 0.018989185 0.053770222 -0.063709766 -0.020672189 -0.011538287 0.997687638
1305031110.075319 -0.074088678 0.021823894 0.055938672 -0.064891942 -0.021028686 -0.016535152 0.997533679
1305031110.111325 -0.085727610 0.022338115 0.058143221 -0.069333240 -0.021830492 -0.021518892 0.997122526
1305031110.143432 -0.096486866 0.015113503 0.057387214 -0.073692754 -0.024720907 -0.025597258 0.996645927
1305031110.175641 -0.104358353 0.021568872 0.058204353 -0.072924912 -0.028413909 -0.026535539 0.996579409
1305031110.211637 -0.113726348 0.019048348 0.060267009 -0.077720657 -0.031159159 -0.028570805 0.996078491
1305031110.243323 -0.121190712 0.017110823 0.062257603 -0.078845017 -0.035834149 -0.027976623 0.995849729
1305031110.279321 -0.127338424 0.017305940 0.063518524 -0.077028476 -0.040324897 -0.028690290 0.995799899
1305031110.311404 -0.138225511 0.016733658 0.061003298 -0.074844919 -0.042357083 -0.030676296 0.995822847
1305031110.343355 -0.147232577 0.019313477 0.060902435 -0.073041849 -0.046636648 -0.032076098 0.995721400
1305031110.379281 -0.156141594 0.019891832 0.061151065 -0.071989290 -0.052164063 -0.035477776 0.995408356
1305031110.411469 -0.165483117 0.026268492 0.059973039 -0.069481522 -0.058043830 -0.038072318 0.995165169
1305031110.443260 -0.175297037 0.028032165 0.059191138 -0.073514849 -0.063251078 -0.041525301 0.994419694
1305031110.479331 -0.185368210 0.025447670 0.060170963 -0.077309929 -0.069619305 -0.047759891 0.993426085
1305031110.511429 -0.194470555 0.027290229 0.060968243 -0.077057995 -0.076678298 -0.051742937 0.992726147
1305031110.543408 -0.201764017 0.032076694 0.060697235 -0.077138379 -0.083368570 -0.054671865 0.992023408
1305031110.579426 -0.211181879 0.034936450 0.060229525 -0.081106052 -0.088832751 -0.059564110 0.990950406
1305031110.611307 -0.216829568 0.029876057 0.062783733 -0.087309010 -0.093257725 -0.063517928 0.989770472
1305031110.643418 -0.224430963 0.028447554 0.062995240 -0.086349018 -0.095021516 -0.066772886 0.989472628
1305031110.679606 -0.228753775 0.035128124 0.060743481 -0.083868988 -0.097699024 -0.068723254 0.989291668
1305031110.711412 -0.234338775 0.033707749 0.062488958 -0.087980181 -0.099229872 -0.070607327 0.988649309
1305031110.743249 -0.237876430 0.031211881 0.061975244 -0.089501113 -0.101315409 -0.072001129 0.988200665
1305031110.779193 -0.238601327 0.033266731 0.062150452 -0.088727005 -0.104013406 -0.072363928 0.987963676
1305031110.811386 -0.241143525 0.032817870 0.060748633 -0.089718059 -0.104069844 -0.073976897 0.987748742
1305031110.843218 -0.244592249 0.034339562 0.062620468 -0.090622537 -0.105304196 -0.076073050 0.987376034
1305031110.879313 -0.242982969 0.033063330 0.062748507 -0.091202296 -0.108352736 -0.076159909 0.986986101
1305031110.911333 -0.242780775 0.034886770 0.063335791 -0.091109082 -0.109309413 -0.076419726 0.986869097
1305031110.943862 -0.238763615 0.034263276 0.063556693 -0.091325201 -0.112453520 -0.077435806 0.986416578
1305031110.979345 -0.229600668 0.035175845 0.063551202 -0.091155991 -0.114092961 -0.077510908 0.986238062
1305031111.011431 -0.221752673 0.033011336 0.065487266 -0.093623869 -0.111155182 -0.076346084 0.986433208
1305031111.043327 -0.217930183 0.033257514 0.065211147 -0.092518494 -0.104995027 -0.074130535 0.987380922
1305031111.079283 -0.215015292 0.037519112 0.065215036 -0.092577100 -0.100867450 -0.072082676 0.987957180
1305031111.111508 -0.206789955 0.032810293 0.067416444 -0.095923401 -0.099899873 -0.068627700 0.987982273
1305031111.143257 -0.199604362 0.031035449 0.068495788 -0.094668292 -0.097634740 -0.067536101 0.988404930
1305031111.179326 -0.189158246 0.034191854 0.070943594 -0.090330929 -0.094656579 -0.066577494 0.989165246
1305031111.211433 -0.181288689 0.034726456 0.069332384 -0.088348269 -0.086278170 -0.062743947 0.990360498
1305031111.243236 -0.180475444 0.030967575 0.068472579 -0.089265972 -0.080384046 -0.063015692 0.990756810
1305031111.279308 -0.162103251 0.026483111 0.072020464 -0.086717710 -0.084168710 -0.060983367 0.990795970
1305031111.311547 -0.159707934 0.031258248 0.066271544 -0.081363663 -0.075969122 -0.057576239 0.992115736
1305031111.343397 -0.155937821 0.032065406 0.066238075 -0.084583588 -0.077073820 -0.057733148 0.991752028
1305031111.379134 -0.140810445 0.023795389 0.071107067 -0.087086998 -0.082298987 -0.053383704 0.991359115
1305031111.411296 -0.134804979 0.027367642 0.067688420 -0.080689438 -0.081438705 -0.053280063 0.991976976
1305031111.443386 -0.117558956 0.028261604 0.073685065 -0.080282822 -0.090556987 -0.057578769 0.990978718
1305031111.479259 -0.094928592 0.027177721 0.084135830 -0.076763369 -0.090694889 -0.056493364 0.991307378
1305031111.511264 -0.090016879 0.024107944 0.077370629 -0.073859543 -0.076622769 -0.056410674 0.992719233
1305031111.543250 -0.077928722 0.021106971 0.079812273 -0.070874237 -0.071835034 -0.054907605 0.993378937
1305031111.579237 -0.065754727 0.024132110 0.077526264 -0.065951690 -0.063219473 -0.047953337 0.994662821
1305031111.611271 -0.064646192 0.018700965 0.069538265 -0.069467254 -0.054280329 -0.041775875 0.995229959
1305031111.643395 -0.046561938 0.015686417 0.080407389 -0.066650197 -0.059566684 -0.034019157 0.995415628
1305031111.679320 -0.031193981 0.021988790 0.079486497 -0.059086733 -0.053900465 -0.025603654 0.996467769
1305031111.711760 -0.020375997 0.020504724 0.080826126 -0.059343848 -0.046296518 -0.023971897 0.996875286
1305031111.743386 -0.001644673 0.015502567 0.084935106 -0.057249483 -0.039094504 -0.020661449 0.997380197
1305031111.779423 0.011868512 0.021025633 0.085989103 -0.051611792 -0.022440812 -0.015566234 0.998293698
1305031111.811406 0.015444594 0.016625751 0.082558818 -0.050637297 -0.005022402 -0.015567580 0.998583138
1305031111.843299 0.022794135 0.017120494 0.079691783 -0.046677496 0.005799373 -0.014186588 0.998792410
1305031111.879442 0.031768054 0.014984474 0.073457673 -0.048690811 0.013015514 -0.008629741 0.998691797
1305031111.911354 0.035507709 0.010941272 0.074599229 -0.049224786 0.014893049 -0.003259741 0.998671353
1305031111.943300 0.048787504 0.011387482 0.075175077 -0.047327194 0.009603336 0.006016052 0.998815119
1305031111.979449 0.067862444 0.011279730 0.075703986 -0.046653807 0.007260470 0.013507631 0.998793423
1305031112.011433 0.076633923 0.008767201 0.074339122 -0.045530997 0.015652513 0.012821246 0.998758018
1305031112.043270 0.089332633 0.008304434 0.073861048 -0.042059567 0.022233903 0.011027329 0.998806834
1305031112.079339 0.102612205 0.008242421 0.073604673 -0.039957419 0.032925263 0.010784539 0.998600543
1305031112.111423 0.103717774 0.010161400 0.074854970 -0.036193468 0.044236057 0.005180438 0.998351812
1305031112.144342 0.119193077 0.011218702 0.073484436 -0.035564110 0.046551522 -0.000032508 0.998282611
1305031112.179390 0.134609997 0.010799466 0.072504215 -0.037934560 0.056925971 -0.003003042 0.997652948
1305031112.211254 0.143307254 0.002889898 0.073994651 -0.040611368 0.066729650 -0.009395251 0.996900022
1305031112.243369 0.154614165 -0.000472104 0.075641148 -0.035706460 0.075227208 -0.013398036 0.996436894
1305031112.279353 0.159047410 -0.001365090 0.075137988 -0.030632459 0.082771741 -0.017113702 0.995950639
1305031112.311312 0.168489218 -0.003694681 0.076959305 -0.025068779 0.084320620 -0.018970987 0.995942593
1305031112.343323 0.181226134 -0.002654869 0.074690707 -0.017713180 0.082660630 -0.016835213 0.996278107
1305031112.379360 0.188290045 -0.001429481 0.073952749 -0.012909190 0.081565678 -0.012425083 0.996506929
1305031112.411442 0.197989747 -0.000642106 0.072967142 -0.010201935 0.078784652 -0.008192002 0.996805787
1305031112.443391 0.208680689 -0.002898924 0.073395014 -0.008703883 0.076954648 -0.001746196 0.996995091
1305031112.479418 0.214031816 -0.001445898 0.073185951 -0.004859153 0.076541767 0.007827368 0.997023821
1305031112.511504 0.219686165 -0.002768143 0.073821969 -0.003343153 0.073742509 0.015049508 0.997158170
1305031112.543212 0.228463635 -0.003301698 0.073256843 -0.000844180 0.069840759 0.019544033 0.997366309
1305031112.579252 0.235077545 -0.001857417 0.072606489 0.001704085 0.066742316 0.025301050 0.997447968
1305031112.611261 0.250741690 0.002675231 0.069654122 0.003461628 0.062883735 0.032507129 0.997485280
1305031112.643246 0.257523239 0.002178367 0.070696980 0.000148444 0.068755001 0.039041966 0.996869326
1305031112.679952 0.261965126 0.001617148 0.071829870 -0.002112737 0.074570596 0.041952744 0.996330619
1305031112.711251 0.264915079 0.003734956 0.071612537 -0.003293226 0.078440160 0.044040363 0.995940149
1305031112.743245 0.266118765 0.011839153 0.072465494 -0.005322224 0.081992671 0.047218490 0.995499492
1305031112.779310 0.264073461 0.007436585 0.074485987 -0.014343264 0.086965248 0.049714971 0.994866729
1305031112.811310 0.254126906 0.003197099 0.076675065 -0.017730769 0.090162843 0.047427867 0.994639039
1305031112.843286 0.251830459 0.009958659 0.077599004 -0.017490299 0.084718093 0.045788012 0.995198667
1305031112.879421 0.252569824 0.010361455 0.077661648 -0.020965280 0.080484122 0.048566818 0.995351195
1305031112.911411 0.245008811 0.009942499 0.079195067 -0.023874542 0.079000823 0.050302830 0.995318294
1305031112.943321 0.237772882 0.008008355 0.080977783 -0.026383126 0.074933335 0.048804324 0.995644033
1305031112.979278 0.235499635 0.008629766 0.079456277 -0.026644502 0.068124689 0.046513405 0.996235728
1305031113.011353 0.231640875 0.011909122 0.077553727 -0.027080839 0.064434938 0.046558905 0.996467292
1305031113.043231 0.224662393 0.011122673 0.077039860 -0.031580675 0.063242808 0.044114102 0.996522427
1305031113.079251 0.211035922 0.000552100 0.078117974 -0.036189139 0.063144960 0.038297683 0.996612430
1305031113.111316 0.202965766 0.004571982 0.075513810 -0.031911846 0.057879578 0.033521302 0.997250199
1305031113.143306 0.197981015 0.010528376 0.072560817 -0.031939544 0.053769778 0.032726288 0.997505724
1305031113.179343 0.187898964 0.004028031 0.072459698 -0.036946237 0.052856866 0.034504451 0.997321725
1305031113.211259 0.173686609 0.005031865 0.072430447 -0.034422394 0.049191665 0.035269391 0.997572720
1305031113.243227 0.161951080 0.009975969 0.070354596 -0.034297809 0.043066218 0.035956696 0.997835696
1305031113.279312 0.154057294 0.003233523 0.070660934 -0.038843248 0.036704257 0.037676055 0.997859955
1305031113.311452 0.143020675 0.000835707 0.069395602 -0.034233391 0.029956235 0.041401010 0.998106539
1305031113.343252 0.123684436 0.003644999 0.067361064 -0.028391110 0.023128510 0.039536633 0.998546898
1305031113.379312 0.111646034 0.003150087 0.066942006 -0.032132614 0.014546596 0.036835972 0.998698652
1305031113.411625 0.100792222 -0.004982419 0.065444984 -0.034561638 0.007509002 0.037758041 0.998660803
1305031113.443266 0.085336499 0.002262135 0.067728028 -0.029351881 0.002024946 0.031951673 0.999056280
1305031113.479311 0.066081427 0.002730667 0.065764412 -0.033012800 -0.001931370 0.026437378 0.999103367
1305031113.511523 0.053619288 -0.001099444 0.064878762 -0.038362175 -0.007464456 0.024052367 0.998946488
1305031113.543242 0.038394213 -0.004664723 0.061449599 -0.041186288 -0.011431831 0.020641152 0.998872817
1305031113.579301 0.026997810 -0.000603623 0.064382680 -0.039361525 -0.016812978 0.016024305 0.998955071
1305031113.611268 0.018282134 -0.000622043 0.065486155 -0.042080112 -0.020865349 0.011387513 0.998831451
1305031113.643222 0.008641098 -0.000778561 0.066613041 -0.044749416 -0.021598136 0.007620097 0.998735666
1305031113.679288 -0.003215447 -0.001257518 0.066436164 -0.045795195 -0.020495782 0.004064135 0.998732328
1305031113.711931 -0.012655577 -0.002263148 0.067395337 -0.046297438 -0.020553485 -0.000693548 0.998715997
1305031113.743590 -0.022508025 -0.001085726 0.067977279 -0.045109406 -0.018318783 -0.005885208 0.998796761
1305031113.779320 -0.035253156 -0.002835503 0.068121552 -0.044700790 -0.014789327 -0.010292167 0.998837948
1305031113.811237 -0.045475252 -0.000573548 0.068163052 -0.042694349 -0.013810987 -0.012340583 0.998916507
1305031113.843295 -0.056493200 0.001669065 0.068055399 -0.042611696 -0.011082097 -0.016060645 0.998901129
1305031113.879281 -0.070650198 -0.004622317 0.069490939 -0.043516487 -0.009328265 -0.020967113 0.998789072
1305031113.911290 -0.078575075 0.000340668 0.069913968 -0.038603075 -0.011513948 -0.020969184 0.998968244
1305031113.943291 -0.087035872 -0.000754621 0.071148366 -0.036670458 -0.010103389 -0.023515906 0.998999596
1305031113.979293 -0.098305278 0.000331211 0.071889482 -0.032925863 -0.008021496 -0.028739780 0.999012291
1305031114.011257 -0.110846318 0.002151050 0.071351402 -0.029236142 -0.006562434 -0.033556968 0.998987556
1305031114.043301 -0.127205387 0.002432206 0.071356386 -0.027867643 -0.007201829 -0.035692278 0.998948216
1305031114.079285 -0.138332084 0.001615305 0.071275331 -0.025879819 -0.012553395 -0.036173385 0.998931468
1305031114.111263 -0.147480533 0.006661067 0.072961055 -0.021717908 -0.018416172 -0.040141311 0.998788178
1305031114.143284 -0.156684130 0.006674974 0.074657567 -0.021855149 -0.023794901 -0.043324307 0.998538494
1305031114.179337 -0.163579583 0.003717030 0.077008143 -0.020404201 -0.027258176 -0.045331407 0.998391569
1305031114.211303 -0.175077111 0.011623099 0.075522244 -0.015955226 -0.026701575 -0.047991104 0.998363316
1305031114.243337 -0.188385934 0.011359964 0.077929482 -0.018386142 -0.028215464 -0.051881462 0.998085260
1305031114.279390 -0.201743633 0.012033572 0.078127660 -0.017995330 -0.033085052 -0.054126225 0.997823596
1305031114.311429 -0.210036173 0.014356751 0.079738773 -0.018546032 -0.041586675 -0.054235406 0.997489452
1305031114.343331 -0.214083448 0.013889155 0.082663953 -0.019781668 -0.049120907 -0.056718245 0.996984899
1305031114.379320 -0.220468640 0.012466751 0.083812073 -0.020227732 -0.051810559 -0.060823578 0.996597707
1305031114.411397 -0.231464550 0.013242294 0.084394857 -0.018983120 -0.052499857 -0.065605111 0.996282756
1305031114.443345 -0.242641404 0.014928911 0.085106768 -0.018631686 -0.055458471 -0.067404859 0.996008933
1305031114.479332 -0.252196074 0.013071833 0.085416228 -0.019801984 -0.062060233 -0.068512522 0.995521188
1305031114.511266 -0.255899251 0.015314572 0.085785925 -0.019627450 -0.071164109 -0.070212416 0.994796753
1305031114.543236 -0.257559210 0.013437150 0.086679138 -0.023189144 -0.076271787 -0.069281280 0.994406819
1305031114.579237 -0.261600614 0.012390574 0.087944709 -0.024765912 -0.077113800 -0.065863080 0.994536161
1305031114.611391 -0.266711533 0.014710248 0.087479733 -0.026307879 -0.077331923 -0.063461386 0.994635761
1305031114.644136 -0.273996681 0.014274295 0.089098185 -0.031194007 -0.078361221 -0.063043013 0.994440556
1305031114.679251 -0.278079182 0.011605537 0.089582056 -0.034863293 -0.084424004 -0.064070180 0.993756592
1305031114.711306 -0.282729805 0.010400276 0.091806576 -0.035865478 -0.087454677 -0.063265532 0.993510365
1305031114.743200 -0.283262372 0.008537935 0.091482744 -0.035627104 -0.090928018 -0.066950180 0.992965519
1305031114.779289 -0.281439602 0.009300518 0.090438731 -0.033053458 -0.093368113 -0.070016831 0.992616475
1305031114.811303 -0.280127347 0.012200382 0.089526385 -0.032020219 -0.093458049 -0.070721596 0.992591918
1305031114.843208 -0.278696239 0.011293502 0.089382663 -0.032462109 -0.094504185 -0.073267400 0.992293835
1305031114.879281 -0.275407135 0.014080951 0.088845432 -0.032002192 -0.095135383 -0.072787702 0.992283762
1305031114.912879 -0.272764146 0.016074929 0.088370457 -0.032476019 -0.095326312 -0.073043577 0.992231250
1305031114.943234 -0.263549894 0.017802440 0.089343429 -0.034486800 -0.097555920 -0.074045971 0.991872311
1305031114.979280 -0.259101689 0.020032648 0.089688987 -0.035932750 -0.095093317 -0.074943379 0.991992712
1305031115.011300 -0.251309186 0.024489094 0.090923786 -0.038501918 -0.095085353 -0.075625978 0.991845310
1305031115.043508 -0.241888076 0.021299593 0.094383568 -0.043479279 -0.094252199 -0.075817890 0.991704464
1305031115.079238 -0.234273404 0.025219556 0.095094346 -0.043387555 -0.091181166 -0.076400965 0.991950810
1305031115.111230 -0.217788428 0.024407720 0.099505581 -0.046883468 -0.091019563 -0.073527135 0.992023766
1305031115.143275 -0.209384322 0.021973675 0.100963548 -0.049172968 -0.082168601 -0.071241572 0.992851973
1305031115.179440 -0.206035241 0.023882965 0.101205900 -0.049970500 -0.076368719 -0.070510283 0.993327260
1305031115.211374 -0.190489098 0.018664366 0.107445300 -0.052252233 -0.077307187 -0.067249820 0.993363380
1305031115.243297 -0.179585353 0.015599601 0.109885037 -0.048764408 -0.072515316 -0.063682079 0.994136870
1305031115.279966 -0.163669452 0.021671236 0.112028882 -0.045275193 -0.072721906 -0.059257843 0.994560301
1305031115.311704 -0.147472873 0.014647149 0.117851719 -0.048061512 -0.070269100 -0.052191187 0.995001733
1305031115.343235 -0.135957167 0.019219236 0.118702263 -0.041988924 -0.060994238 -0.049008355 0.996049583
1305031115.379166 -0.137506112 0.024718745 0.114081763 -0.044636123 -0.051829673 -0.045156810 0.996635437
1305031115.411237 -0.120825052 0.021706408 0.121269971 -0.052107442 -0.061420806 -0.041957650 0.995867372
1305031115.443159 -0.101382561 0.021469766 0.125655651 -0.055550668 -0.066704646 -0.035534244 0.995591223
1305031115.479241 -0.089495122 0.022207582 0.126083553 -0.059524905 -0.066052034 -0.029698232 0.995596230
1305031115.511253 -0.065361455 0.021757618 0.137039140 -0.062039293 -0.070125088 -0.025095070 0.995290816
1305031115.543604 -0.042797379 0.020417392 0.142228335 -0.062387615 -0.062176626 -0.017220620 0.995964527
1305031115.579315 -0.037784867 0.018339440 0.136209831 -0.062176269 -0.045457121 -0.012912328 0.996945858
1305031115.611424 -0.025442734 0.014663442 0.133365229 -0.062940851 -0.039396089 -0.007507829 0.997211099
1305031115.643254 -0.011676392 0.012311355 0.132972792 -0.062315993 -0.033076752 0.000215150 0.997508168
1305031115.679241 -0.003436449 0.008693939 0.125836790 -0.062427439 -0.027570296 0.010877810 0.997609317
1305031115.711320 0.012931024 0.013722809 0.130066246 -0.059554286 -0.030024566 0.019909984 0.997574747
1305031115.743250 0.031876523 0.014245017 0.135448337 -0.059195481 -0.026341941 0.026923554 0.997535527
1305031115.779425 0.043073751 0.013360055 0.132487312 -0.057397284 -0.015976757 0.033223011 0.997670531
1305031115.811277 0.058342695 0.014949410 0.130553633 -0.057017673 -0.008398327 0.041673683 0.997467697
1305031115.843224 0.069548383 0.013601402 0.129400522 -0.059922881 0.002140990 0.049080260 0.996993363
1305031115.879198 0.077074438 0.010745648 0.127904490 -0.059783325 0.009750767 0.056479216 0.996564567
1305031115.911118 0.091832891 0.012731339 0.128278047 -0.057606984 0.011095994 0.062893905 0.996294498
1305031115.943311 0.103730053 0.013978293 0.127963468 -0.058332428 0.017312219 0.069618940 0.995716214
1305031115.980740 0.113362275 0.016828770 0.129636347 -0.058754988 0.023178091 0.075273648 0.995160520
1305031116.011379 0.130569488 0.019600520 0.129615754 -0.060391460 0.028674288 0.078935504 0.994635522
1305031116.043164 0.143977895 0.022158554 0.133656263 -0.062484264 0.039030496 0.080388889 0.994037211
1305031116.080030 0.148189679 0.024176786 0.133690000 -0.066990964 0.051738944 0.084364779 0.992833257
1305031116.111300 0.157971054 0.023955483 0.136586681 -0.074211657 0.060910925 0.087549366 0.991522849
1305031116.143441 0.160583019 0.023425240 0.141159788 -0.078450598 0.072190002 0.090007856 0.990218520
1305031116.179572 0.169110909 0.024933729 0.141820773 -0.080127299 0.076917402 0.092260890 0.989520729
1305031116.211299 0.184951618 0.024018133 0.141351357 -0.085652627 0.079014935 0.095827885 0.988553107
1305031116.243320 0.194802284 0.018895905 0.142929211 -0.090797938 0.084282495 0.098586261 0.987386942
1305031116.279385 0.201518685 0.021832624 0.143457547 -0.089499667 0.093910158 0.101324886 0.986358941
1305031116.311336 0.207412347 0.023392424 0.142526269 -0.091786653 0.102622896 0.105188750 0.984875202
1305031116.343292 0.212467566 0.017723992 0.144131914 -0.095243976 0.108934984 0.109089486 0.983443558
1305031116.379384 0.215879709 0.014715005 0.142148823 -0.091221198 0.112318687 0.109741710 0.983371735
1305031116.411333 0.215850443 0.021197237 0.139124379 -0.084006004 0.114987433 0.112990096 0.983338237
1305031116.443369 0.216327608 0.022271898 0.136827514 -0.086062498 0.117195912 0.121936798 0.981829822
1305031116.479850 0.216191173 0.019021422 0.136438131 -0.087473616 0.118664637 0.126088515 0.981003940
1305031116.511205 0.213593289 0.019010257 0.134122342 -0.085202463 0.118025556 0.122699171 0.981710434
1305031116.543262 0.208085150 0.020147357 0.132403135 -0.082058348 0.118840151 0.117775418 0.982482791
1305031116.579313 0.198293269 0.020838253 0.131139666 -0.081983924 0.118461043 0.114942446 0.982870221
1305031116.611261 0.188770473 0.016979298 0.132313803 -0.083242759 0.114347123 0.108530089 0.983980000
1305031116.643355 0.175364882 0.016651616 0.130679041 -0.081432976 0.108417675 0.098918207 0.985814095
1305031116.679281 0.168813378 0.017551659 0.129587024 -0.080584481 0.099421278 0.090561941 0.987633586
1305031116.711634 0.159035489 0.019877277 0.127679899 -0.078544967 0.094494604 0.081369407 0.989080608
1305031116.743291 0.146919459 0.021893326 0.127112031 -0.078924932 0.090151682 0.070061281 0.990320623
1305031116.779298 0.135505408 0.021683343 0.126084566 -0.081369452 0.085699290 0.059966560 0.991180420
1305031116.811318 0.119899705 0.020361323 0.123698197 -0.081087761 0.083453894 0.051617563 0.991864800
1305031116.846089 0.107077733 0.020062055 0.122012921 -0.079604924 0.073906139 0.043473709 0.993131876
1305031116.880165 0.089500979 0.024965309 0.121509396 -0.077864073 0.066310287 0.037235804 0.994059205
1305031116.912044 0.071398132 0.023997257 0.121066868 -0.077514552 0.058518339 0.032229960 0.994750381
1305031116.943296 0.053499602 0.028630659 0.117945790 -0.076133773 0.046339970 0.025263445 0.995699763
1305031116.979351 0.042091746 0.028321967 0.117199861 -0.075757533 0.033083279 0.015177556 0.996461689
1305031117.011382 0.031029623 0.030106120 0.117443532 -0.073820561 0.020272525 0.006724105 0.997042775
1305031117.043261 0.017834790 0.032775834 0.113306470 -0.073679172 0.011322606 0.002069477 0.997215569
1305031117.079520 0.001892246 0.034104742 0.106370874 -0.075428829 0.005101542 -0.005146646 0.997124851
1305031117.111238 -0.007986558 0.033669990 0.104247890 -0.078221984 -0.005818287 -0.006648702 0.996896803
1305031117.143218 -0.017137535 0.037264682 0.101378798 -0.079672568 -0.015838141 -0.006873040 0.996671557
1305031117.179264 -0.023341643 0.040113110 0.104689784 -0.081674993 -0.025692618 -0.011567885 0.996260643
1305031117.211361 -0.025766265 0.042119816 0.108992130 -0.082630329 -0.034275167 -0.015066833 0.995876729
1305031117.243277 -0.026793374 0.046508234 0.110136896 -0.084422074 -0.037865274 -0.016676262 0.995570719
1305031117.279299 -0.027044516 0.045097549 0.112615444 -0.089677952 -0.038324613 -0.021178151 0.995007813
1305031117.311200 -0.030364465 0.042711705 0.113508321 -0.093825556 -0.036029588 -0.023117872 0.994667888
1305031117.343243 -0.032946631 0.039520998 0.114320561 -0.096078627 -0.035789724 -0.024290513 0.994433463
1305031117.379454 -0.033660263 0.035751071 0.114214867 -0.096283242 -0.035939552 -0.024362341 0.994406521
1305031117.411221 -0.035689078 0.031292614 0.114074588 -0.095681518 -0.036925547 -0.023589004 0.994447112
1305031117.443274 -0.035381287 0.028698497 0.113617159 -0.092901096 -0.038789950 -0.022346605 0.994668484
1305031117.479403 -0.036190785 0.023704574 0.113332927 -0.091793798 -0.039415158 -0.020843845 0.994779289
1305031117.511325 -0.035920575 0.016483681 0.113994338 -0.089951858 -0.041329380 -0.019104777 0.994904757
1305031117.544285 -0.037073556 0.013217095 0.113077879 -0.084734671 -0.041653458 -0.018776620 0.995355487
1305031117.579155 -0.038510907 0.008907590 0.113741450 -0.081793822 -0.042908836 -0.020430202 0.995515525
1305031117.611159 -0.039502986 0.003877524 0.115460522 -0.080798127 -0.044380870 -0.019847319 0.995544076
1305031117.643252 -0.039926097 -0.002811637 0.117756136 -0.079691693 -0.046592955 -0.018670274 0.995554984
1305031117.679262 -0.040665783 -0.006664772 0.119555347 -0.078894883 -0.049186934 -0.018206179 0.995502293
1305031117.711184 -0.040100381 -0.015097702 0.122764297 -0.080554761 -0.052129336 -0.015896956 0.995259166
1305031117.743184 -0.039862167 -0.022898892 0.125970513 -0.081004113 -0.054572780 -0.012522483 0.995139837
1305031117.779467 -0.040680178 -0.027448904 0.128200427 -0.080080211 -0.056713827 -0.010688952 0.995116293
1305031117.811320 -0.039020117 -0.038660012 0.132883176 -0.083080098 -0.059607826 -0.008517708 0.994722128
1305031117.843291 -0.035303429 -0.046137221 0.136809051 -0.080976926 -0.060992640 -0.007376735 0.994820714
1305031117.879451 -0.036423445 -0.051744934 0.139235765 -0.079253569 -0.057444837 -0.007753101 0.995167732
1305031117.911407 -0.037862506 -0.061718032 0.143327266 -0.079968750 -0.055353411 -0.007826627 0.995228469
1305031117.943253 -0.038262535 -0.066523641 0.145958796 -0.077964425 -0.053230338 -0.008115033 0.995500982
1305031117.979228 -0.041284289 -0.072161585 0.149277702 -0.079120040 -0.050485890 -0.008972155 0.995545387
1305031118.011228 -0.040177416 -0.083583340 0.156159297 -0.082692795 -0.051185627 -0.008755376 0.995221257
1305031118.043521 -0.040685426 -0.090313807 0.160150573 -0.081474029 -0.049820121 -0.008657915 0.995391846
1305031118.079334 -0.039230090 -0.096690387 0.164997295 -0.081185862 -0.049494531 -0.010174275 0.995417297
1305031118.111217 -0.036909558 -0.106019080 0.170031443 -0.081543475 -0.046395164 -0.011167088 0.995526731
1305031118.143256 -0.039909516 -0.112224996 0.172187045 -0.079614490 -0.040662270 -0.013030281 0.995910764
1305031118.179323 -0.039810415 -0.122309685 0.176890790 -0.080261201 -0.038168043 -0.014851381 0.995932102
1305031118.211202 -0.043763656 -0.131313965 0.179233938 -0.077884130 -0.034199584 -0.013879153 0.996279001
1305031118.243173 -0.045076992 -0.138421863 0.181451216 -0.074887209 -0.034879789 -0.014357449 0.996478379
1305031118.279194 -0.043504290 -0.147644714 0.186063766 -0.072043322 -0.036044106 -0.014494516 0.996644616
1305031118.311299 -0.044837758 -0.152154773 0.187985122 -0.064796098 -0.035854019 -0.014803086 0.997144341
1305031118.343324 -0.042053644 -0.155472428 0.191135526 -0.059670135 -0.036083885 -0.015342632 0.997447729
1305031118.379208 -0.046147984 -0.161895990 0.192115083 -0.055823587 -0.032854501 -0.017500900 0.997746468
1305031118.411296 -0.045825582 -0.163910344 0.193661064 -0.052810237 -0.035048712 -0.016944790 0.997845411
1305031118.445692 -0.043095089 -0.165279418 0.196754500 -0.052225098 -0.036357947 -0.013582211 0.997880816
1305031118.479285 -0.043788262 -0.167548746 0.198740348 -0.051815085 -0.036587004 -0.011339702 0.997921824
1305031118.511255 -0.041829370 -0.164990336 0.199233070 -0.048897482 -0.037415255 -0.010049337 0.998052180
1305031118.544414 -0.042156301 -0.161158562 0.197778031 -0.049251933 -0.036104161 -0.010908745 0.998073995
1305031118.579285 -0.040402386 -0.160484284 0.199014097 -0.051658515 -0.035811201 -0.011318935 0.997958362
1305031118.616142 -0.038882934 -0.155023172 0.198723331 -0.050987322 -0.034252681 -0.013368421 0.998022199
1305031118.645325 -0.040495675 -0.148071557 0.195828736 -0.050949775 -0.031203564 -0.016274830 0.998080969
1305031118.679295 -0.041171100 -0.143798038 0.194193125 -0.054467324 -0.029788760 -0.017944165 0.997909784
1305031118.711421 -0.042529542 -0.141694024 0.192223489 -0.056139439 -0.029671201 -0.021192899 0.997756898
1305031118.746770 -0.045629133 -0.133502916 0.187717423 -0.053309567 -0.030791868 -0.020735607 0.997887731
1305031118.779277 -0.043939352 -0.118167192 0.182980239 -0.052528799 -0.035061795 -0.020575138 0.997791588
1305031118.811221 -0.040740725 -0.118637525 0.183700189 -0.059557326 -0.038660455 -0.021750253 0.997238815
1305031118.846753 -0.037465721 -0.111300744 0.179850623 -0.055586196 -0.039661564 -0.020420792 0.997456849
1305031118.879208 -0.037873648 -0.093281507 0.171305865 -0.050929781 -0.036722828 -0.022558536 0.997771859
1305031118.911177 -0.038256664 -0.089508504 0.168384954 -0.054978617 -0.035560545 -0.025038237 0.997539937
1305031118.946974 -0.037606273 -0.079164639 0.162967682 -0.053134855 -0.034494013 -0.026600430 0.997636855
1305031118.979374 -0.039070904 -0.066627316 0.156493038 -0.052654732 -0.032894462 -0.030641165 0.997600377
1305031119.011363 -0.041263014 -0.058099657 0.151114479 -0.055985916 -0.032241814 -0.033234771 0.997357249
1305031119.047172 -0.042300571 -0.051889695 0.146784708 -0.058617279 -0.032550529 -0.033731326 0.997179389
1305031119.079223 -0.044719391 -0.043529894 0.141202956 -0.058754813 -0.033930853 -0.033915203 0.997119009
1305031119.111328 -0.044822060 -0.035488881 0.135824606 -0.059004046 -0.037614793 -0.032767896 0.997010529
1305031119.147616 -0.046054788 -0.025249265 0.130151987 -0.058234975 -0.040468849 -0.031349108 0.996989548
1305031119.179226 -0.044708338 -0.021589926 0.127160743 -0.059877340 -0.045491572 -0.031353146 0.996675551
1305031119.211364 -0.042496681 -0.012255838 0.122047447 -0.056648280 -0.048235822 -0.029585175 0.996789336
1305031119.247399 -0.044267736 -0.003385641 0.117453583 -0.055453617 -0.048580207 -0.028793596 0.996862948
1305031119.279212 -0.042917944 0.004849579 0.113698453 -0.054971226 -0.050124101 -0.028665097 0.996816933
1305031119.311212 -0.043315370 0.011808971 0.109805956 -0.055116829 -0.050332345 -0.026023652 0.996870875
1305031119.347741 -0.044424750 0.017573029 0.106779128 -0.054676637 -0.051721461 -0.023836929 0.996878743
1305031119.379239 -0.043977402 0.029125240 0.102957062 -0.052343994 -0.054027669 -0.023199311 0.996896625
1305031119.411484 -0.040780816 0.035326958 0.100268573 -0.053701643 -0.055066176 -0.022627510 0.996780753
1305031119.447706 -0.040429790 0.042269252 0.097812615 -0.054393135 -0.052752174 -0.022101380 0.996880174
1305031119.479267 -0.041433200 0.052870035 0.095187806 -0.051549457 -0.050363358 -0.022713199 0.997141063
1305031119.511240 -0.043464966 0.061714854 0.091603681 -0.052468244 -0.048307307 -0.022208558 0.997206271
1305031119.547382 -0.043759074 0.070999600 0.088894121 -0.053050105 -0.048208892 -0.020661492 0.997213483
1305031119.579559 -0.041712362 0.082379974 0.086424358 -0.053681042 -0.047945637 -0.020619053 0.997193277
1305031119.615017 -0.043568097 0.087119788 0.085028328 -0.058704980 -0.045285232 -0.019877393 0.997049570
1305031119.647903 -0.044806235 0.100254126 0.082100354 -0.058966298 -0.044234436 -0.019179018 0.997094989
1305031119.679208 -0.042527016 0.110650241 0.081705600 -0.061986875 -0.043161415 -0.020937385 0.996923447
1305031119.715232 -0.043823801 0.117816851 0.081273571 -0.067754790 -0.038139667 -0.018814187 0.996795177
1305031119.747193 -0.047731057 0.123254642 0.078969747 -0.072043158 -0.034945857 -0.014024409 0.996690452
1305031119.779169 -0.048653062 0.130565196 0.078188665 -0.074757203 -0.036211435 -0.011690537 0.996475518
1305031119.814537 -0.047491867 0.140359864 0.078109652 -0.075241558 -0.037942268 -0.007024516 0.996418476
1305031119.847429 -0.046538841 0.147894606 0.077328555 -0.077511720 -0.037449211 -0.002387551 0.996285021
1305031119.879214 -0.046972800 0.151955783 0.076550566 -0.078638114 -0.035419565 -0.002549706 0.996270537
1305031119.911401 -0.048120879 0.163773239 0.073335961 -0.075742349 -0.033077572 -0.001735299 0.996577144
1305031119.947392 -0.047737326 0.169246674 0.072659269 -0.080202274 -0.031783607 -0.001483627 0.996270657
1305031119.979537 -0.046870999 0.174105808 0.071485773 -0.082185529 -0.028999686 -0.002874131 0.996190906
1305031120.015264 -0.048593804 0.184368446 0.069146395 -0.083682261 -0.024998566 -0.001371723 0.996177971
1305031120.047290 -0.052780990 0.180855036 0.069023117 -0.094039217 -0.022261724 -0.000152398 0.995319545
1305031120.079418 -0.053886060 0.180573255 0.068337955 -0.096311793 -0.023943024 0.002003894 0.995061219
1305031120.115232 -0.053302497 0.187297076 0.068224594 -0.094614655 -0.026788143 0.004368077 0.995143890
1305031120.148157 -0.051675178 0.182768762 0.069614656 -0.098711289 -0.028338220 0.005115506 0.994699419
1305031120.179246 -0.049686234 0.178176954 0.070797317 -0.099064738 -0.028898712 0.008219117 0.994627297
1305031120.215249 -0.049071018 0.172650471 0.071506165 -0.096156001 -0.029394945 0.008185212 0.994898498
1305031120.248003 -0.048717380 0.170909137 0.071967259 -0.091302067 -0.029469639 0.005951323 0.995369315
1305031120.279430 -0.047796875 0.164861754 0.073368475 -0.089045428 -0.029193271 0.004137591 0.995591044
1305031120.315196 -0.048406359 0.156845495 0.074405655 -0.087867118 -0.028231578 0.001648518 0.995730698
1305031120.347787 -0.048529454 0.150710523 0.076305322 -0.084325187 -0.027648853 -0.000192721 0.996054649
1305031120.379437 -0.047927249 0.142036721 0.079196215 -0.083827004 -0.028180031 -0.000699160 0.996081531
1305031120.415445 -0.045039639 0.128794059 0.083835632 -0.080693841 -0.030389553 0.000316118 0.996275544
1305031120.447417 -0.047142275 0.124985449 0.085548058 -0.071995057 -0.029687323 -0.001090658 0.996962488
1305031120.479432 -0.045500569 0.113387406 0.089702278 -0.071309395 -0.031312246 -0.000395059 0.996962547
1305031120.514819 -0.046638500 0.104705036 0.092933148 -0.065078281 -0.032617230 0.001483973 0.997345865
1305031120.547736 -0.046500817 0.097476929 0.095842138 -0.058797009 -0.035705388 0.003422231 0.997625351
1305031120.579551 -0.047569353 0.091537319 0.098586813 -0.055236626 -0.038956638 0.006630970 0.997690976
1305031120.615236 -0.046095945 0.082492702 0.103730828 -0.052836046 -0.043966956 0.009202379 0.997592390
1305031120.647354 -0.044546530 0.075546801 0.106836975 -0.048005983 -0.047328081 0.009459700 0.997680306
1305031120.679318 -0.042994536 0.068087362 0.109920323 -0.046379175 -0.049271621 0.009761282 0.997660279
1305031120.714522 -0.043009795 0.060311351 0.112869695 -0.044844095 -0.049668998 0.010474791 0.997703493
1305031120.747369 -0.043659538 0.052106392 0.115889616 -0.044378236 -0.051580604 0.010738575 0.997624516
1305031120.779894 -0.041307054 0.042993817 0.120309182 -0.043070175 -0.054705534 0.010660889 0.997516215
1305031120.814944 -0.041383669 0.038494408 0.121828429 -0.039583832 -0.054764457 0.010108494 0.997663200
1305031120.847921 -0.040649243 0.029877577 0.125653446 -0.041156109 -0.056204986 0.008333084 0.997535825
1305031120.883435 -0.038423616 0.020861126 0.128622949 -0.039602485 -0.056703184 0.006554148 0.997583807
1305031120.915444 -0.039804891 0.016469965 0.129836321 -0.037428726 -0.054629873 0.004656693 0.997794092
1305031120.947488 -0.040362809 0.008096276 0.132279918 -0.038040455 -0.054088518 0.002415007 0.997808337
1305031120.983366 -0.041268937 0.000170769 0.135177001 -0.038015630 -0.053896401 0.000220210 0.997822583
1305031121.015019 -0.040866185 -0.008065020 0.136955962 -0.036944013 -0.054743312 -0.000918535 0.997816384
1305031121.047498 -0.042286064 -0.012166856 0.137936011 -0.035164282 -0.053932074 -0.002113564 0.997923017
1305031121.083099 -0.042923238 -0.023603071 0.140723675 -0.036014549 -0.055174112 -0.003114978 0.997822165
1305031121.114696 -0.042795766 -0.029438891 0.142263070 -0.033137556 -0.056597631 -0.002842564 0.997842908
1305031121.147331 -0.043099001 -0.036651015 0.143724993 -0.031561863 -0.057265416 -0.003764950 0.997852862
1305031121.183271 -0.043769129 -0.044326682 0.145273209 -0.030068940 -0.058338847 -0.004445949 0.997834027
1305031121.211420 -0.041788194 -0.051969133 0.148626521 -0.027810331 -0.058946453 -0.004720011 0.997862518
1305031121.247194 -0.045210760 -0.057336845 0.148722827 -0.025460918 -0.056120750 -0.005585752 0.998083651
1305031121.282876 -0.044828851 -0.066848755 0.152392939 -0.026749335 -0.057992306 -0.004096717 0.997950196
1305031121.313568 -0.043882761 -0.076174356 0.155172959 -0.024782676 -0.058469061 -0.003477865 0.997975469
1305031121.347517 -0.046711199 -0.081628427 0.155431241 -0.022517797 -0.058410849 -0.002568307 0.998035312
1305031121.383226 -0.043513164 -0.092708610 0.160874099 -0.022602988 -0.061382864 -0.001933193 0.997856438
1305031121.414318 -0.043863155 -0.097822286 0.162975147 -0.017408947 -0.060416847 -0.003178210 0.998016357
1305031121.447319 -0.044496186 -0.103434004 0.164623976 -0.016037114 -0.059786242 -0.002466151 0.998079300
1305031121.482964 -0.042351175 -0.114613764 0.169953018 -0.015907982 -0.058738768 -0.000981022 0.998146176
1305031121.514107 -0.045580164 -0.117678113 0.168100998 -0.011678595 -0.055654187 -0.000306668 0.998381734
1305031121.547270 -0.045683317 -0.122028224 0.169949025 -0.012496989 -0.055567961 0.000071726 0.998376667
1305031121.583204 -0.045622453 -0.132160962 0.173372418 -0.015138039 -0.054315299 -0.001008413 0.998408556
1305031121.614700 -0.045000322 -0.138222963 0.175316215 -0.013969576 -0.052784398 -0.001896773 0.998506427
1305031121.647183 -0.043151233 -0.141352773 0.178111926 -0.012697847 -0.049507830 -0.004032589 0.998684883
1305031121.683200 -0.047241405 -0.147703946 0.179945916 -0.015286743 -0.044419218 -0.005845638 0.998878896
1305031121.714520 -0.049807735 -0.154710501 0.180341169 -0.016372198 -0.042721245 -0.005161074 0.998939574
1305031121.747145 -0.049003959 -0.158220321 0.182695270 -0.017918991 -0.042960443 -0.004657497 0.998905241
1305031121.782835 -0.048696145 -0.164591998 0.185788184 -0.020307729 -0.042732760 -0.002736705 0.998876393
1305031121.811540 -0.046338756 -0.168246880 0.187792391 -0.021923812 -0.042351380 -0.000314154 0.998862147
1305031121.847335 -0.046872441 -0.171303257 0.188271433 -0.024099251 -0.040376022 0.002690903 0.998890281
1305031121.882060 -0.048099101 -0.173340142 0.188664749 -0.026516454 -0.039611906 0.008625024 0.998826027
1305031121.914931 -0.049983345 -0.173986509 0.188426137 -0.028189231 -0.040580451 0.010451521 0.998723865
1305031121.947288 -0.047427170 -0.174282536 0.189951375 -0.028300939 -0.043688562 0.010217123 0.998592019
1305031121.982926 -0.046374403 -0.169411838 0.189856559 -0.027226772 -0.043709185 0.010022381 0.998622894
1305031122.014256 -0.048803009 -0.167452484 0.188000217 -0.027861562 -0.042671695 0.007614705 0.998671591
1305031122.047306 -0.048100684 -0.163076371 0.186423615 -0.026549615 -0.044383988 0.004009860 0.998653650
1305031122.082959 -0.047189698 -0.158036888 0.184412420 -0.025640506 -0.045119144 0.000371224 0.998652458
1305031122.114672 -0.048043512 -0.147409528 0.181935504 -0.022462025 -0.045000866 -0.003126164 0.998729527
1305031122.150725 -0.046474569 -0.140587658 0.180263087 -0.022964638 -0.045950435 -0.008111252 0.998646796
1305031122.183042 -0.045687936 -0.132463157 0.176272362 -0.020913489 -0.044983979 -0.013258216 0.998680770
1305031122.214959 -0.046664886 -0.114967369 0.171558261 -0.020355158 -0.043095574 -0.018015772 0.998701096
1305031122.251319 -0.048155569 -0.111763813 0.169792011 -0.027196005 -0.041955248 -0.022068745 0.998505414
1305031122.283560 -0.049678750 -0.100663789 0.165580720 -0.026708597 -0.042347942 -0.023656690 0.998465657
1305031122.314289 -0.051375914 -0.084584527 0.160445526 -0.029880786 -0.043914855 -0.027922679 0.998197854
1305031122.351327 -0.051302847 -0.078577459 0.158254027 -0.036766008 -0.046416622 -0.030553550 0.997777641
1305031122.382630 -0.053471263 -0.068531975 0.152903974 -0.040823419 -0.047521446 -0.031286415 0.997545123
1305031122.414997 -0.056506872 -0.063204475 0.148261487 -0.045269072 -0.050451476 -0.032235868 0.997179091
1305031122.451257 -0.056034371 -0.053908426 0.143462300 -0.046748661 -0.055370968 -0.030721683 0.996897578
1305031122.483360 -0.056277677 -0.046614446 0.139065653 -0.050048266 -0.060124367 -0.030610256 0.996465385
1305031122.515097 -0.054823726 -0.037499852 0.135814577 -0.050678827 -0.064615794 -0.031640999 0.996120095
1305031122.551490 -0.051307045 -0.028956341 0.132195115 -0.052045647 -0.066968799 -0.032719005 0.995859385
1305031122.583208 -0.051561937 -0.022008635 0.128209069 -0.053712599 -0.065473504 -0.034118388 0.995823324
1305031122.614980 -0.055118050 -0.015734157 0.124351740 -0.054564495 -0.064295299 -0.033787046 0.995865107
1305031122.648788 -0.054545414 -0.006609678 0.120001003 -0.052779268 -0.066432811 -0.032623310 0.995859802
1305031122.683402 -0.055629145 0.001809905 0.115824588 -0.052100580 -0.067057155 -0.031359751 0.995894313
1305031122.715208 -0.056973472 0.010126867 0.112547472 -0.051777773 -0.069272660 -0.028540442 0.995844245
1305031122.751298 -0.054905470 0.021871347 0.108754210 -0.050168633 -0.072587669 -0.027913466 0.995708287
1305031122.783423 -0.054397564 0.034214973 0.106115155 -0.051521305 -0.072982401 -0.028440434 0.995595455
1305031122.812555 -0.052726775 0.039944399 0.105759010 -0.057002585 -0.073058434 -0.028445560 0.995290935
1305031122.851418 -0.047893398 0.047647789 0.105039723 -0.058445096 -0.071412504 -0.029962473 0.995282173
1305031122.883754 -0.051236726 0.056825031 0.101975910 -0.060501315 -0.063507125 -0.030081378 0.995691478
1305031122.914571 -0.054334529 0.060564026 0.100226268 -0.064872719 -0.059712850 -0.029124144 0.995679498
1305031122.951341 -0.054623626 0.066316575 0.098161638 -0.065862238 -0.058972511 -0.028301107 0.995682418
1305031122.982815 -0.056439940 0.075069703 0.094946809 -0.066566996 -0.058228005 -0.024279732 0.995785534
1305031123.015450 -0.055435661 0.079127274 0.093736395 -0.069569416 -0.059922557 -0.021541316 0.995542765
1305031123.051827 -0.053947054 0.084234513 0.092129789 -0.069138676 -0.060085110 -0.019866848 0.995597780
1305031123.082975 -0.054185353 0.094643749 0.089181684 -0.067005500 -0.059136976 -0.017156884 0.995850742
1305031123.113873 -0.055243306 0.103538826 0.087044232 -0.068919800 -0.057333715 -0.015211206 0.995857179
1305031123.150822 -0.055641018 0.109819353 0.086261347 -0.071661904 -0.056544855 -0.014978925 0.995712280
1305031123.182155 -0.052281708 0.120283976 0.084470302 -0.072371058 -0.056269184 -0.014282053 0.995686829
1305031123.214704 -0.051398285 0.129068479 0.083193935 -0.075691842 -0.051915057 -0.014876925 0.995667756
1305031123.250618 -0.052709792 0.140542284 0.080912709 -0.079070084 -0.047312647 -0.016088413 0.995615721
1305031123.282347 -0.051299434 0.148505151 0.081474900 -0.086802773 -0.045015961 -0.013302153 0.995119035
1305031123.311327 -0.050045926 0.155232027 0.081966735 -0.092105448 -0.041714627 -0.012354261 0.994798362
1305031123.350481 -0.049843889 0.161516890 0.082604550 -0.096956484 -0.037743654 -0.011743535 0.994503379
1305031123.382255 -0.047397345 0.168912470 0.082350373 -0.100895308 -0.034360491 -0.008294526 0.994268894
1305031123.411363 -0.049294598 0.174317360 0.081656516 -0.104032435 -0.028355837 -0.006083586 0.994150996
1305031123.451255 -0.049962405 0.182364687 0.079650439 -0.104937725 -0.025350621 -0.004468763 0.994145572
1305031123.483594 -0.048879992 0.190301105 0.078603610 -0.107970543 -0.023923269 0.000305485 0.993866205
1305031123.511360 -0.048230261 0.194192082 0.078294322 -0.111929782 -0.022471180 0.003339409 0.993456364
1305031123.551513 -0.047786824 0.201047227 0.077012554 -0.112727322 -0.022627790 0.005580755 0.993352592
1305031123.579583 -0.045180105 0.205590472 0.076888293 -0.115463689 -0.023558781 0.008899787 0.992992401
1305031123.611335 -0.044813581 0.216253653 0.075161397 -0.113291375 -0.021923466 0.010271842 0.993266761
1305031123.652411 -0.041933272 0.221351653 0.075413004 -0.117287621 -0.021475168 0.010012192 0.992815316
1305031123.683753 -0.041187290 0.227371052 0.074439757 -0.120342523 -0.017900148 0.011145119 0.992508471
1305031123.711323 -0.040394485 0.233096987 0.073888615 -0.123870343 -0.014566885 0.012712344 0.992110074
1305031123.751723 -0.042223886 0.231671065 0.072370112 -0.130097285 -0.011101660 0.014669914 0.991330564
1305031123.783858 -0.042301688 0.233584911 0.071695164 -0.131639689 -0.011463273 0.016225597 0.991098523
1305031123.811608 -0.041930173 0.234852582 0.071120724 -0.132630765 -0.011767840 0.017487733 0.990941346
1305031123.851444 -0.042107180 0.234047413 0.070552215 -0.134562656 -0.011636647 0.019735174 0.990640163
1305031123.883786 -0.042995837 0.229897529 0.070145637 -0.136528000 -0.012339923 0.020713156 0.990342796
1305031123.911243 -0.041750595 0.231877312 0.070482366 -0.130900830 -0.014657549 0.019430714 0.991096675
1305031123.951442 -0.041681420 0.230220348 0.069480628 -0.131325707 -0.015071986 0.021002550 0.991002142
1305031123.983415 -0.042245138 0.217781067 0.071243159 -0.138997525 -0.016989684 0.022830063 0.989883721
1305031124.011302 -0.040976539 0.212203160 0.073799461 -0.134700313 -0.021871546 0.022539800 0.990388513
1305031124.051505 -0.041578554 0.211805195 0.073939770 -0.128397554 -0.024530005 0.023041839 0.991151571
1305031124.083837 -0.041245528 0.205148757 0.076563597 -0.128735602 -0.027480749 0.023731992 0.991014004
1305031124.111331 -0.037348058 0.192306384 0.081235491 -0.126902521 -0.033060122 0.022718221 0.991103768
1305031124.147446 -0.040893678 0.196332976 0.081823528 -0.115579203 -0.032068577 0.020491879 0.992568970
1305031124.182694 -0.040186476 0.186471105 0.084960282 -0.116952218 -0.033720884 0.018795038 0.992386937
1305031124.211396 -0.037352271 0.175696194 0.089219533 -0.113197364 -0.036773428 0.017270606 0.992741585
1305031124.249327 -0.040836673 0.173175961 0.087823510 -0.105671406 -0.035702791 0.016424891 0.993624210
1305031124.282545 -0.041907411 0.167067647 0.089047804 -0.105095945 -0.039315037 0.015987664 0.993556023
1305031124.311361 -0.039498106 0.155150205 0.093444481 -0.103829756 -0.044811860 0.016785493 0.993443310
1305031124.350354 -0.040646903 0.152516678 0.094147578 -0.096001767 -0.047437180 0.015014445 0.994136751
1305031124.382420 -0.038626075 0.142946780 0.096769482 -0.093894064 -0.050802067 0.014042765 0.994186044
1305031124.411439 -0.038236722 0.134445980 0.098439217 -0.089048877 -0.052351266 0.013701309 0.994556129
1305031124.450245 -0.038210075 0.124695234 0.099891268 -0.083108917 -0.053356189 0.011459399 0.995045066
1305031124.480099 -0.038550764 0.114550084 0.100660078 -0.077914886 -0.054230798 0.008943159 0.995443761
1305031124.511324 -0.039906606 0.108741321 0.101558350 -0.070064142 -0.055164672 0.006661010 0.995993733
1305031124.550437 -0.041046832 0.100239515 0.103027359 -0.065965824 -0.056280356 0.003555956 0.996227086
1305031124.579404 -0.041107982 0.088928550 0.104970694 -0.063558720 -0.058726501 0.001409688 0.996247709
1305031124.611358 -0.040654413 0.078884341 0.107788332 -0.059215546 -0.061466347 -0.000681140 0.996350825
1305031124.651271 -0.040955611 0.069639772 0.110006854 -0.055925842 -0.063601427 -0.002589573 0.996403813
1305031124.679362 -0.039512362 0.058767125 0.113714382 -0.052777506 -0.066142254 -0.004251556 0.996404350
1305031124.711251 -0.038798720 0.050409991 0.116069965 -0.048436306 -0.066537611 -0.006229158 0.996588111
1305031124.749890 -0.039583050 0.039297216 0.119486198 -0.047248911 -0.066382408 -0.008035605 0.996642530
1305031124.779365 -0.039700851 0.030161049 0.123047695 -0.043973859 -0.067729287 -0.008508028 0.996697903
1305031124.811360 -0.039956812 0.020890532 0.126133934 -0.042209119 -0.068562187 -0.009230241 0.996710777
1305031124.850535 -0.040860787 0.009990530 0.131086349 -0.042844214 -0.069643438 -0.009814914 0.996603131
1305031124.879355 -0.036676537 -0.000512856 0.137083113 -0.041259062 -0.071723334 -0.010158721 0.996519089
1305031124.911448 -0.037770227 -0.005823320 0.139890060 -0.038607500 -0.068545990 -0.010621397 0.996844053
1305031124.950730 -0.037655666 -0.015098452 0.146152526 -0.041817900 -0.067629658 -0.010585314 0.996777534
1305031124.979438 -0.039386608 -0.030356281 0.151259527 -0.042723712 -0.066147454 -0.009352035 0.996850908
1305031125.011454 -0.042952709 -0.037568089 0.152889699 -0.037538253 -0.066930152 -0.008704256 0.997013271
1305031125.050763 -0.038869280 -0.040951535 0.157663003 -0.034386057 -0.071045555 -0.007305381 0.996853411
1305031125.079364 -0.039241500 -0.049596846 0.162409469 -0.035476897 -0.069954000 -0.004381195 0.996909559
1305031125.111364 -0.040998787 -0.060421303 0.165083170 -0.035685122 -0.070312127 -0.003670359 0.996879756
1305031125.151013 -0.038733661 -0.067062706 0.168459788 -0.031703256 -0.071758576 -0.005377723 0.996903539
1305031125.179353 -0.040568441 -0.068763748 0.169802710 -0.030532869 -0.068421476 -0.005062889 0.997176290
1305031125.211320 -0.042068467 -0.079171501 0.174499378 -0.034824476 -0.066864438 -0.004924210 0.997141957
1305031125.250632 -0.044298753 -0.089420095 0.176869765 -0.033676978 -0.066040605 -0.007799054 0.997217953
1305031125.279467 -0.043952912 -0.092506990 0.178459287 -0.030125285 -0.066286072 -0.008477293 0.997309744
1305031125.311493 -0.043776490 -0.101065099 0.182771817 -0.030775333 -0.065006986 -0.007829542 0.997379422
1305031125.348880 -0.046430565 -0.105470203 0.183387578 -0.026706479 -0.062912285 -0.011084405 0.997600079
1305031125.379401 -0.042631119 -0.108757377 0.187457696 -0.026489684 -0.062624134 -0.014857396 0.997574985
1305031125.411335 -0.042480543 -0.112484217 0.190425441 -0.026396034 -0.056520645 -0.015549735 0.997931302
1305031125.451195 -0.044680253 -0.118635207 0.191596016 -0.029988419 -0.050428305 -0.017940525 0.998116136
1305031125.479424 -0.044427037 -0.126109928 0.193981558 -0.030460035 -0.046736177 -0.019389421 0.998254478
1305031125.511316 -0.046060015 -0.125804186 0.193867818 -0.029063184 -0.042287856 -0.019971961 0.998482943
1305031125.551020 -0.045003701 -0.127395898 0.195257142 -0.029730903 -0.039756175 -0.021619411 0.998532951
1305031125.579308 -0.044606190 -0.129162431 0.196223915 -0.031241082 -0.036461744 -0.024013057 0.998557925
1305031125.611533 -0.046133377 -0.135144845 0.195514292 -0.032025825 -0.032480475 -0.024504622 0.998658538
1305031125.650575 -0.051039502 -0.137852192 0.192102626 -0.028348170 -0.030383019 -0.021911623 0.998895943
1305031125.679328 -0.054319881 -0.130875140 0.186244577 -0.022704950 -0.033201993 -0.020800611 0.998974204
1305031125.711443 -0.051164441 -0.131766737 0.187349617 -0.022035021 -0.040159881 -0.019012680 0.998769343
1305031125.751260 -0.048702970 -0.122396573 0.182448134 -0.015930921 -0.043157343 -0.017154031 0.998793960
1305031125.779348 -0.047497123 -0.116224065 0.180431589 -0.015667006 -0.044493821 -0.019948887 0.998687565
1305031125.811573 -0.046061296 -0.107821472 0.177175969 -0.014509857 -0.044142533 -0.020868292 0.998701870
1305031125.847412 -0.046687633 -0.103216790 0.174607247 -0.017107176 -0.042411074 -0.023106294 0.998686492
1305031125.879318 -0.049364988 -0.095839113 0.169640347 -0.016612884 -0.041854441 -0.023888424 0.998699963
1305031125.911305 -0.052993737 -0.085405387 0.164426744 -0.019011151 -0.043425761 -0.023088884 0.998608887
1305031125.947343 -0.054318383 -0.082301565 0.162140951 -0.023467395 -0.049835637 -0.020515691 0.998270929
1305031125.979324 -0.052618355 -0.071168549 0.159313306 -0.022582402 -0.057862118 -0.016889807 0.997926235
1305031126.011333 -0.048394375 -0.060302317 0.158507735 -0.023960974 -0.065092154 -0.016397318 0.997456789
1305031126.047324 -0.043829814 -0.049357574 0.157512411 -0.026203498 -0.068133563 -0.015643178 0.997209370
1305031126.079356 -0.042849783 -0.038720299 0.155457884 -0.029791513 -0.066757791 -0.014659757 0.997216582
1305031126.111370 -0.041746467 -0.031323202 0.154738486 -0.033918161 -0.066405714 -0.015258848 0.997099340
1305031126.147432 -0.041955445 -0.017637065 0.151941776 -0.034534309 -0.064836346 -0.013777794 0.997202992
1305031126.179384 -0.042899527 -0.005883349 0.149192825 -0.040178604 -0.064453110 -0.012989897 0.997026980
1305031126.211319 -0.040425695 -0.000116960 0.148733810 -0.045904774 -0.065963738 -0.012426204 0.996688068
1305031126.247298 -0.039090186 0.013789221 0.146371812 -0.046949565 -0.065105438 -0.011853582 0.996702850
1305031126.279363 -0.037953362 0.022856215 0.144793838 -0.051113084 -0.063742802 -0.012807852 0.996574283
1305031126.311332 -0.036255270 0.034611683 0.142520592 -0.054307621 -0.061293483 -0.014036966 0.996542394
1305031126.347363 -0.037485577 0.043240339 0.140924722 -0.058691792 -0.056786846 -0.015323897 0.996541917
1305031126.379423 -0.039037209 0.052288927 0.138572425 -0.061768971 -0.053169366 -0.016872099 0.996530473
1305031126.411465 -0.039336044 0.061989278 0.135870337 -0.065538071 -0.051372338 -0.018603597 0.996353149
1305031126.447361 -0.039854176 0.067348488 0.134298638 -0.070811629 -0.049707610 -0.017797830 0.996091425
1305031126.479533 -0.041840255 0.075259320 0.130999416 -0.072703250 -0.048886314 -0.015101157 0.996040344
1305031126.511410 -0.042467017 0.087735921 0.126407295 -0.073631614 -0.049951561 -0.013586322 0.995941103
1305031126.547374 -0.038715381 0.095253251 0.127142787 -0.079409279 -0.052334156 -0.012546272 0.995388329
1305031126.579454 -0.037011027 0.101824328 0.125744149 -0.083701104 -0.050889488 -0.010586254 0.995134354
1305031126.611528 -0.037577610 0.108759493 0.124179125 -0.088461176 -0.048581276 -0.009164467 0.994852006
1305031126.647376 -0.034865081 0.110919774 0.124349318 -0.093989648 -0.048110634 -0.006962535 0.994385660
1305031126.679479 -0.034769528 0.115896858 0.122031212 -0.095621690 -0.045686729 -0.002674055 0.994365156
1305031126.711583 -0.033765160 0.122115999 0.120846182 -0.097365364 -0.044496235 0.000408371 0.994253457
1305031126.747316 -0.033147838 0.122827053 0.119648315 -0.099696770 -0.042718403 0.003419544 0.994094551
1305031126.779379 -0.032326873 0.128269091 0.117465235 -0.098429531 -0.041983627 0.006493715 0.994236827
1305031126.811602 -0.029076235 0.131182790 0.116914667 -0.098794311 -0.041308217 0.007197942 0.994224072
1305031126.847343 -0.028352313 0.133880138 0.114799410 -0.099117510 -0.037664417 0.007884418 0.994331419
1305031126.879357 -0.029039148 0.136082977 0.112856224 -0.099562846 -0.035021789 0.008545011 0.994378030
1305031126.911364 -0.027741851 0.136883780 0.112308957 -0.099945888 -0.033410758 0.007587785 0.994402826
1305031126.947437 -0.028247461 0.138197869 0.110521898 -0.100526400 -0.031947438 0.009618768 0.994374812
1305031126.979337 -0.028031353 0.136715755 0.110196583 -0.101892181 -0.032891348 0.010893903 0.994191885
1305031127.011371 -0.027481697 0.135762975 0.109752454 -0.100876316 -0.033968419 0.010985785 0.994258225
1305031127.047297 -0.027155949 0.137138098 0.109225273 -0.099293545 -0.034410655 0.012059108 0.994389892
1305031127.079299 -0.027826205 0.136021644 0.109200031 -0.100122094 -0.034473788 0.012221280 0.994302630
1305031127.111435 -0.028981747 0.133531630 0.109175086 -0.100776918 -0.036112458 0.013295949 0.994164526
1305031127.147307 -0.029051978 0.130399242 0.109796122 -0.100554593 -0.039566129 0.014055379 0.994045138
1305031127.179349 -0.028955957 0.131255567 0.109738067 -0.097211897 -0.042454604 0.013217010 0.994269967
1305031127.211700 -0.027583871 0.129142031 0.111403614 -0.097115882 -0.044690374 0.013065185 0.994183362
1305031127.247374 -0.027088609 0.125320524 0.113163792 -0.096270338 -0.045196507 0.012347292 0.994251907
1305031127.279465 -0.027992792 0.125886396 0.112925075 -0.092761330 -0.044931170 0.011085899 0.994612336
1305031127.311362 -0.028819593 0.123054877 0.114180535 -0.093674645 -0.045585137 0.010490173 0.994503379
1305031127.347356 -0.028914666 0.117494024 0.116250813 -0.093465708 -0.047222953 0.009957702 0.994452119
1305031127.379262 -0.029236786 0.118374847 0.116666332 -0.089629330 -0.048241641 0.009652457 0.994759321
1305031127.411371 -0.030408606 0.117175676 0.117666662 -0.089237221 -0.048809018 0.008828132 0.994774580
1305031127.447333 -0.029820599 0.111834653 0.120091252 -0.090280324 -0.050640348 0.008661232 0.994590342
1305031127.479362 -0.030926004 0.113689750 0.120556369 -0.086855903 -0.051247831 0.007875741 0.994870722
1305031127.511356 -0.031401739 0.112830192 0.121450573 -0.087797664 -0.052200418 0.006593547 0.994747818
1305031127.547348 -0.030650111 0.108455122 0.123775780 -0.089098111 -0.053770386 0.006669580 0.994548023
1305031127.579345 -0.031864017 0.109257236 0.124068417 -0.086524032 -0.053594194 0.006392941 0.994786620
1305031127.611271 -0.031798404 0.110023960 0.124561943 -0.086264618 -0.054276515 0.006067893 0.994774163
1305031127.647358 -0.030884366 0.106960848 0.126702994 -0.088279933 -0.055252504 0.007631687 0.994532824
1305031127.679298 -0.031030308 0.105415262 0.126707956 -0.087188862 -0.055574149 0.008396397 0.994605005
1305031127.711375 -0.032337092 0.107537627 0.126078948 -0.085388623 -0.055610523 0.007736993 0.994764507
1305031127.747304 -0.031581346 0.105624668 0.127394408 -0.087136418 -0.056588292 0.007920232 0.994556308
1305031127.779346 -0.032143213 0.103178009 0.127914935 -0.086803392 -0.056496024 0.007921942 0.994590700
1305031127.811829 -0.032570750 0.104535699 0.127011657 -0.084564567 -0.056648519 0.006890966 0.994782507
1305031127.847366 -0.032930173 0.103695348 0.127130240 -0.085086294 -0.056612324 0.005900810 0.994746506
1305031127.879380 -0.033576980 0.102227293 0.126994014 -0.085649475 -0.056647837 0.005682790 0.994697392
1305031127.911476 -0.034702763 0.102852024 0.127475291 -0.084702291 -0.057135843 0.005101118 0.994753718
1305031127.947366 -0.035355128 0.103707671 0.127467811 -0.084914945 -0.057578731 0.004941856 0.994710863
1305031127.979371 -0.034459054 0.102524057 0.129170090 -0.087056652 -0.059035387 0.005324126 0.994438350
1305031128.011427 -0.033394121 0.103100538 0.130698875 -0.087641746 -0.059724454 0.004878373 0.994348049
1305031128.047369 -0.033025488 0.101088651 0.133180708 -0.090748101 -0.059002638 0.005898956 0.994107008
1305031128.079334 -0.033230193 0.098645270 0.134251267 -0.091509379 -0.058535878 0.006971873 0.994057834
1305031128.111391 -0.032734804 0.097699076 0.135114476 -0.091113701 -0.059040871 0.007576550 0.994059920
1305031128.147418 -0.032435406 0.097514391 0.136110783 -0.091792554 -0.059173446 0.009352411 0.993974447
1305031128.179350 -0.031291034 0.094091989 0.138001874 -0.092377655 -0.059789870 0.010560239 0.993871212
1305031128.211447 -0.032062329 0.095307067 0.137310714 -0.089695096 -0.059280239 0.010894069 0.994143844
1305031128.247480 -0.032424048 0.095632635 0.137103006 -0.089840569 -0.059555508 0.011085772 0.994112134
1305031128.279336 -0.031534005 0.093078300 0.138424963 -0.091022782 -0.060488943 0.011329155 0.993945479
1305031128.311483 -0.031920366 0.094241060 0.137903601 -0.089026876 -0.060289588 0.010606263 0.994146347
1305031128.347423 -0.032951020 0.094548963 0.137378469 -0.088791937 -0.059807949 0.009757041 0.994205117
1305031128.379404 -0.033109721 0.093069166 0.137868181 -0.089609705 -0.060301598 0.008055408 0.994117141
1305031128.411337 -0.033342823 0.092534676 0.137676358 -0.088962875 -0.060219329 0.006927303 0.994188726
1305031128.447296 -0.034090970 0.092914410 0.137531906 -0.088241838 -0.060017429 0.005694521 0.994273007
1305031128.479296 -0.034617148 0.091760986 0.137386546 -0.088841952 -0.060014471 0.004425662 0.994226217
1305031128.511433 -0.033889152 0.091025412 0.137969881 -0.088700488 -0.060368698 0.003928979 0.994219482
1305031128.547399 -0.033746548 0.090655804 0.137692258 -0.088721707 -0.059790473 0.003309979 0.994254768
1305031128.579455 -0.034064025 0.088460073 0.137763157 -0.088997640 -0.058995973 0.002831819 0.994279087
1305031128.611395 -0.035296820 0.088195480 0.136648566 -0.087671295 -0.058439132 0.003059774 0.994429111
1305031128.647352 -0.036332339 0.088794388 0.135839522 -0.086785190 -0.059141558 0.003521382 0.994463801
1305031128.679282 -0.035577871 0.087203987 0.136417449 -0.087079756 -0.061018083 0.003015109 0.994326293
1305031128.711457 -0.034455564 0.087532341 0.136906981 -0.085660182 -0.061644178 0.002382073 0.994412720
1305031128.747363 -0.033923414 0.087866016 0.136416927 -0.084731311 -0.060949478 0.001322230 0.994537055
