1341840840.169494 0.069090538 0.014762100 0.004291589 -0.019316871 -0.012938239 -0.004148073 0.999721050
1341840840.201335 0.068372950 0.031362243 0.000540885 -0.012105411 -0.012643865 -0.004362116 0.999837279
1341840840.233363 0.076654859 0.037223771 0.001952417 -0.014155887 -0.014224898 -0.001849170 0.999796867
1341840840.269407 0.082711756 0.024792571 0.005162289 -0.021237614 -0.014907319 -0.000570692 0.999663115
1341840840.294570 0.086605586 0.021945704 0.005341507 -0.021014757 -0.014859929 -0.000060213 0.999668717
1341840840.330394 0.086148009 0.018326895 0.003884912 -0.020365911 -0.013527999 0.001521362 0.999699891
1341840840.362487 0.083975352 0.028577991 -0.000230055 -0.015131076 -0.012737256 0.003541836 0.999798119
1341840840.394382 0.092033960 0.033484928 0.001459536 -0.016578227 -0.016792201 0.006188301 0.999702394
1341840840.430325 0.105815910 0.022425864 0.007610174 -0.020914229 -0.021219999 0.007907670 0.999524772
1341840840.462407 0.101729818 0.030125143 0.003134340 -0.015502484 -0.016503211 0.006788414 0.999720573
1341840840.494502 0.102576010 0.038562838 0.001626138 -0.015342982 -0.015827110 0.008592585 0.999720097
1341840840.530297 0.106104113 0.029295702 0.004218038 -0.021218166 -0.016832277 0.010410419 0.999578953
1341840840.562361 0.112253770 0.027456867 0.004760749 -0.020436339 -0.018439902 0.010689473 0.999563932
1341840840.598321 0.111954719 0.027214060 0.002478928 -0.020922821 -0.017994342 0.011589578 0.999551952
1341840840.630280 0.115343355 0.016349424 0.003930932 -0.024011739 -0.021026900 0.013843510 0.999394655
1341840840.662439 0.120878093 0.029644500 0.002342496 -0.016025392 -0.024290133 0.012647084 0.999496460
1341840840.698371 0.135096058 0.040734522 0.005479054 -0.013247074 -0.026635619 0.012527621 0.999478936
1341840840.730361 0.140703589 0.026625147 0.008002020 -0.019241394 -0.023928110 0.013295259 0.999440074
1341840840.762407 0.134359911 0.020763692 0.003061894 -0.017359901 -0.018710736 0.012113265 0.999600828
1341840840.798303 0.134615481 0.033556737 -0.000907362 -0.011266911 -0.018736688 0.011074211 0.999699652
1341840840.830375 0.150976270 0.033310462 0.005282830 -0.013645992 -0.023156133 0.012151153 0.999564886
1341840840.866393 0.157036796 0.020608913 0.006543841 -0.016888281 -0.021605089 0.012234295 0.999549091
1341840840.898320 0.151942372 0.027753808 0.001206188 -0.009916067 -0.016983949 0.010142363 0.999755144
1341840840.930454 0.152073205 0.040150911 -0.001521345 -0.006339967 -0.015800299 0.009098557 0.999813676
1341840840.966498 0.152324140 0.034742869 0.003567718 -0.012070739 -0.014541531 0.009000458 0.999780893
1341840840.998398 0.170246229 0.031110762 0.004533832 -0.013431082 -0.017109895 0.008953192 0.999723315
1341840841.034538 0.176384971 0.040319651 0.004791835 -0.010310266 -0.015305936 0.006702309 0.999807239
1341840841.066345 0.178444237 0.053207979 0.002290867 -0.009151281 -0.009723266 0.005553509 0.999895453
1341840841.098335 0.179399669 0.034818199 0.003667346 -0.022918539 -0.006948190 0.007501394 0.999685049
1341840841.134331 0.190273598 0.021640394 0.007945588 -0.025355896 -0.010865844 0.007906081 0.999588132
1341840841.166392 0.196579680 0.041751213 0.005287394 -0.015033729 -0.009358699 0.007153703 0.999817610
1341840841.198348 0.200418487 0.043048091 0.003795994 -0.018334411 -0.004478045 0.009069461 0.999780774
1341840841.234400 0.201210558 0.023867819 0.004669770 -0.026135519 -0.001988392 0.012206002 0.999581933
1341840841.266296 0.204558477 0.021428134 0.001549696 -0.020685472 -0.003488473 0.011795953 0.999710381
1341840841.302430 0.209022120 0.036495496 -0.001306368 -0.012511590 -0.004026213 0.012841752 0.999831200
1341840841.334542 0.213095531 0.034086846 -0.003331443 -0.014950013 -0.002977436 0.014297756 0.999781549
1341840841.366311 0.214786038 0.032152787 -0.004095690 -0.015550438 -0.002837861 0.013606706 0.999782503
1341840841.402475 0.214249134 0.033364385 -0.005734642 -0.014417683 -0.002265897 0.012492852 0.999815464
1341840841.434345 0.220984146 0.036736581 -0.006802285 -0.013855896 -0.004062845 0.012005337 0.999823689
1341840841.466383 0.224327281 0.037348002 -0.006168067 -0.014772031 -0.004212430 0.011800090 0.999812365
1341840841.502454 0.226719365 0.032251310 -0.006187339 -0.017478535 -0.004804374 0.011706055 0.999767184
1341840841.534696 0.232616454 0.030132411 -0.005825666 -0.017197620 -0.006965013 0.012189222 0.999753535
1341840841.570470 0.232609272 0.046192553 -0.010102125 -0.011134390 -0.005673620 0.012851702 0.999839306
1341840841.602476 0.238245592 0.041312885 -0.007077665 -0.018006351 -0.006673628 0.013050881 0.999730408
1341840841.634468 0.251019955 0.033138607 -0.000940813 -0.021382166 -0.009141616 0.012766480 0.999648035
1341840841.671032 0.242620975 0.033688817 -0.007906499 -0.019274227 -0.003469546 0.011649337 0.999740362
1341840841.702284 0.239366591 0.038409829 -0.010737512 -0.018396521 -0.003807061 0.013647528 0.999730349
1341840841.734304 0.251231194 0.040096540 -0.006655775 -0.020038502 -0.008906699 0.015278519 0.999642789
1341840841.770351 0.254780412 0.032615546 -0.004935158 -0.023755303 -0.009890658 0.017037654 0.999523699
1341840841.802313 0.246460602 0.030141836 -0.009414539 -0.023636747 -0.007903193 0.019179452 0.999505401
1341840841.838370 0.243162811 0.023043863 -0.013023574 -0.025954092 -0.011900580 0.021509927 0.999360859
1341840841.870881 0.254163474 0.032102838 -0.008220752 -0.019366296 -0.023516282 0.017237443 0.999387205
1341840841.902346 0.267544061 0.054874051 -0.003977958 -0.010685529 -0.028317939 0.013899488 0.999445200
1341840841.938375 0.265619248 0.044860110 -0.003185851 -0.019157007 -0.021606237 0.014103504 0.999483526
1341840841.970352 0.256027222 0.034749884 -0.010025755 -0.024354022 -0.017822597 0.012712630 0.999463677
1341840842.006342 0.261998445 0.045062758 -0.007748095 -0.020607047 -0.023578132 0.010002437 0.999459565
1341840842.038475 0.276394188 0.048124354 0.000048292 -0.021027613 -0.028105341 0.008340540 0.999348938
1341840842.070419 0.274047703 0.044720385 -0.003583723 -0.021561543 -0.022751909 0.006316277 0.999488652
1341840842.106404 0.266228139 0.042643126 -0.009686949 -0.023047790 -0.018104207 0.004811515 0.999558866
1341840842.138367 0.267987162 0.025925295 -0.009496950 -0.028597450 -0.021790879 0.004059769 0.999345243
1341840842.170410 0.278634578 0.035908412 -0.009657938 -0.019630853 -0.028812194 0.001865782 0.999390304
1341840842.206430 0.281978875 0.043897297 -0.012216687 -0.014246116 -0.028365234 -0.001237172 0.999495387
1341840842.238319 0.285173953 0.044954859 -0.014037962 -0.012350531 -0.027440138 -0.006141656 0.999528289
1341840842.274385 0.293823004 0.042601019 -0.012867769 -0.011095743 -0.028281774 -0.011150897 0.999476194
1341840842.306571 0.289768308 0.041165523 -0.017668983 -0.008461220 -0.023266917 -0.014972551 0.999581337
1341840842.338413 0.280178666 0.046243526 -0.026571367 -0.005330590 -0.020106217 -0.017135592 0.999636769
1341840842.374365 0.287689865 0.034201313 -0.026105145 -0.010670017 -0.024202704 -0.018247906 0.999483585
1341840842.406739 0.293233097 0.034458395 -0.025798813 -0.004200416 -0.030149065 -0.020941809 0.999317169
1341840842.438410 0.303605497 0.061882317 -0.023964096 0.007455148 -0.034058932 -0.024267912 0.999097347
1341840842.542388 0.321668714 0.038334761 -0.016740421 0.003866099 -0.004235832 -0.035123307 0.999366581
1341840842.574346 0.310741484 0.065315843 -0.029294100 0.016216110 0.004891708 -0.037932497 0.999136746
1341840842.606530 0.322251946 0.075531304 -0.026594225 0.013467746 0.007656792 -0.036623579 0.999209046
1341840842.642329 0.326741755 0.044966377 -0.019788070 -0.002886372 0.011870215 -0.031090621 0.999441922
1341840842.674386 0.304680139 0.034631040 -0.035623368 -0.002868801 0.020799784 -0.033160806 0.999229431
1341840842.706548 0.322362036 0.060959686 -0.031654593 0.008294655 0.010200342 -0.034503840 0.999318063
1341840842.810490 0.330014557 0.050207552 -0.032392018 0.012653479 0.038324431 -0.037118025 0.998495519
1341840842.842296 0.319742173 0.061253466 -0.042534389 0.012685324 0.040361580 -0.038283840 0.998370886
1341840842.874411 0.347358316 0.056374531 -0.029170554 0.005922674 0.027003920 -0.034663867 0.999016583
1341840842.910377 0.352574348 0.039885957 -0.024528725 0.001947129 0.027457217 -0.034167096 0.999037027
1341840842.942647 0.340421021 0.051943682 -0.037173856 0.010130503 0.035210080 -0.035402559 0.998701274
1341840842.974535 0.353487998 0.063394010 -0.032202139 0.013224953 0.029361786 -0.037513424 0.998777092
1341840843.010449 0.374942839 0.048155803 -0.024611577 0.006376503 0.025248345 -0.035989728 0.999012828
1341840843.042429 0.353729576 0.040837973 -0.035585739 0.005810111 0.041550525 -0.032243140 0.998599112
1341840843.078385 0.339108407 0.056893509 -0.045088083 0.011571203 0.046488445 -0.029036751 0.998429656
1341840843.110373 0.355627656 0.061089296 -0.039305195 0.009872367 0.032870878 -0.030031368 0.998959541
1341840843.210589 0.358285606 0.053957440 -0.044456646 0.012045691 0.053399444 -0.030377563 0.998038352
1341840843.246317 0.358175784 0.058907002 -0.041873321 0.011619103 0.045903973 -0.033691853 0.998309910
1341840843.278543 0.393286824 0.053236250 -0.028664839 0.008880963 0.033576641 -0.033185743 0.998845577
1341840843.310587 0.386153519 0.045029301 -0.028054653 0.010616988 0.045918837 -0.032620229 0.998355985
1341840843.346529 0.374846399 0.056770857 -0.040298715 0.017106244 0.053711556 -0.032253966 0.997888863
1341840843.385053 0.365586102 0.069296211 -0.042729788 0.017053632 0.054958325 -0.032907009 0.997800529
1341840843.411509 0.390372396 0.056653775 -0.028942199 0.006905933 0.044161290 -0.028051211 0.998606622
1341840843.447220 0.389249384 0.048304915 -0.033552334 0.004264997 0.049538855 -0.026443951 0.998412967
1341840843.478671 0.374700665 0.067234136 -0.040064465 0.011001898 0.055126656 -0.028792711 0.998003542
1341840843.515039 0.389990121 0.061332241 -0.031035628 0.003879863 0.047489010 -0.031529233 0.998366475
1341840843.548527 0.404595912 0.042925298 -0.021165323 -0.003048328 0.044660904 -0.031252645 0.998508573
1341840843.582569 0.394319743 0.046545457 -0.030552972 0.003204322 0.052745126 -0.032965306 0.998058617
1341840843.614798 0.385793418 0.068691604 -0.037163552 0.010385063 0.056769002 -0.034303848 0.997743785
1341840843.653429 0.399228066 0.052084729 -0.029236019 -0.001542339 0.049424354 -0.032829236 0.998237014
1341840843.687928 0.404105127 0.044042967 -0.023959607 -0.002671116 0.048187353 -0.033999115 0.998255908
1341840843.720258 0.405492127 0.050426558 -0.029415067 0.002129686 0.049678437 -0.034815468 0.998156011
1341840843.785505 0.411045820 0.043477807 -0.024158463 -0.003004947 0.047739044 -0.035142787 0.998236954
1341840843.814703 0.410394996 0.046187889 -0.024141105 0.000282433 0.049720384 -0.035314813 0.998138607
1341840843.846439 0.409492582 0.046212822 -0.027408490 0.000505332 0.051524397 -0.034421325 0.998078227
1341840843.882429 0.416880399 0.047859613 -0.024472248 0.000565329 0.048633009 -0.033794302 0.998244703
1341840843.914321 0.428016365 0.046876919 -0.019471008 0.000409113 0.045947026 -0.035671245 0.998306692
1341840843.946316 0.430699646 0.040577505 -0.019145537 -0.001197558 0.049084786 -0.036102165 0.998141229
1341840843.982401 0.419334143 0.048149783 -0.025732303 0.002200452 0.057741169 -0.036863882 0.997648299
1341840844.014387 0.424425423 0.045574635 -0.020987410 -0.001196392 0.054886058 -0.037236035 0.997797370
1341840844.050399 0.439798146 0.025632055 -0.015106736 -0.006555163 0.048712607 -0.039002270 0.998029530
1341840844.082349 0.439428478 0.029333632 -0.021790158 0.000266756 0.052984115 -0.040920358 0.997756541
1341840844.114393 0.428794920 0.041668061 -0.024808845 0.003883165 0.060629223 -0.040334258 0.997337520
1341840844.150523 0.439481229 0.040209647 -0.018919813 0.002126996 0.055424601 -0.040758982 0.997628331
1341840844.182299 0.452448487 0.025312034 -0.015265819 -0.002565324 0.052259322 -0.043158986 0.997697175
1341840844.218448 0.458142012 0.020841965 -0.014194004 -0.000260709 0.052648894 -0.043809332 0.997651637
1341840844.250566 0.463434100 0.025991222 -0.022318717 0.004809427 0.057110988 -0.044720441 0.997354150
1341840844.282274 0.462266773 0.030236123 -0.027059000 0.003616502 0.057519373 -0.042755850 0.997421861
1341840844.318322 0.447825313 0.019674910 -0.018830635 -0.001961793 0.056093749 -0.042712934 0.997509539
1341840844.350432 0.471384823 0.013679197 -0.021036735 0.000883825 0.050636943 -0.046490427 0.997634053
1341840844.382375 0.486253351 0.025859831 -0.022967136 0.007024056 0.046625659 -0.047555186 0.997755110
1341840844.418837 0.463738829 0.022919705 -0.021841822 0.003144079 0.055073753 -0.047766097 0.997334123
1341840844.450418 0.472104639 0.004982644 -0.023838442 -0.002043612 0.052928112 -0.049313147 0.997377872
1341840844.486330 0.489928037 0.010346264 -0.021669425 0.003370628 0.042885333 -0.050960757 0.997773767
1341840844.518335 0.495720506 0.018417057 -0.015936147 0.008439609 0.040582113 -0.051193058 0.997828186
1341840844.550458 0.494692802 0.013237483 -0.023751242 0.006055848 0.049227141 -0.053004455 0.997361779
1341840844.586351 0.492438972 0.003314208 -0.024313666 0.001080573 0.048637312 -0.051338069 0.997495711
1341840844.618382 0.502382100 0.008408309 -0.023984928 0.003812088 0.042403042 -0.050905697 0.997795582
1341840844.650334 0.506235778 0.009886922 -0.022607343 0.003492055 0.041581929 -0.052673418 0.997739553
1341840844.686320 0.506042600 0.003146627 -0.018443681 0.001615594 0.043075629 -0.055140071 0.997547686
1341840844.718495 0.514517188 0.001994179 -0.020128522 0.003315560 0.041504331 -0.055615745 0.997583747
1341840844.757582 0.512128651 0.008463577 -0.020044016 0.004354650 0.044094991 -0.055657580 0.997466266
1341840844.791011 0.512751043 -0.000488927 -0.016666163 0.000046500 0.043280572 -0.054978933 0.997549057
1341840844.818394 0.519031584 0.002444495 -0.017395569 0.003493289 0.042148199 -0.056075890 0.997530341
1341840844.854307 0.527495325 -0.004768703 -0.017420495 0.000017100 0.041363817 -0.054738846 0.997643590
1341840844.888045 0.529838204 -0.004267549 -0.018419344 0.000147113 0.041938458 -0.053125516 0.997706771
1341840844.918612 0.534274697 0.000305104 -0.018118091 0.000340610 0.040469710 -0.052141894 0.997819304
1341840844.954718 0.538624525 -0.004745080 -0.015819624 -0.002572065 0.039894413 -0.052414708 0.997824907
1341840844.986719 0.548288167 -0.009448512 -0.015761223 -0.004082157 0.038566221 -0.052942138 0.997844219
1341840845.022279 0.551745355 -0.009135489 -0.014734350 -0.003797381 0.040282212 -0.051914547 0.997831523
1341840845.054280 0.553236902 -0.008839599 -0.013897106 -0.002833886 0.042986628 -0.050089374 0.997815192
1341840845.086344 0.553924620 -0.002625827 -0.013379492 -0.001387969 0.044904269 -0.048059743 0.997833610
1341840845.123640 0.555333436 -0.015342773 -0.013392266 -0.007701726 0.043807674 -0.050667014 0.997724652
1341840845.154408 0.559372485 -0.019071385 -0.012295347 -0.005702081 0.041624058 -0.053301293 0.997694314
1341840845.186393 0.563904881 -0.001414663 -0.015011808 0.000983205 0.040759034 -0.049969159 0.997918248
1341840845.222296 0.559467077 -0.011884711 -0.013793461 -0.007291009 0.040940497 -0.047798358 0.997991025
1341840845.254440 0.569294810 -0.020727038 -0.012577534 -0.009019254 0.034419347 -0.050015315 0.998114467
1341840845.290376 0.584196627 -0.017296109 -0.012346629 -0.006313908 0.031078750 -0.052618176 0.998111010
1341840845.322289 0.574794233 -0.017975735 -0.012174822 -0.008080017 0.039109051 -0.052417021 0.997826457
1341840845.354494 0.561116815 -0.022897014 -0.010772120 -0.009664424 0.042439725 -0.053048097 0.997642934
1341840845.390309 0.566935122 -0.026669919 -0.011769580 -0.007252514 0.034879416 -0.055118281 0.997844100
1341840845.422339 0.580704331 -0.017241664 -0.011850284 0.000190367 0.028623659 -0.057105977 0.997957706
1341840845.458335 0.593183517 -0.010654829 -0.010855002 0.000940713 0.026292795 -0.058104303 0.997963786
1341840845.490264 0.597101927 -0.016732255 -0.009983134 -0.004742400 0.028859805 -0.058540445 0.997856498
1341840845.522343 0.584068358 -0.021524895 -0.010067105 -0.006924329 0.036225900 -0.057939917 0.997638583
1341840845.558310 0.576459169 -0.022712285 -0.011342175 -0.007605189 0.036491927 -0.056138847 0.997726858
1341840845.597232 0.583075881 -0.024544282 -0.011778485 -0.007719830 0.028988445 -0.055111412 0.998029470
1341840845.622577 0.598953128 -0.020473968 -0.011029636 -0.004665826 0.021352597 -0.055117872 0.998240590
1341840845.658634 0.610842645 -0.017572641 -0.012408652 -0.004669613 0.019967463 -0.055308260 0.998258710
1341840845.690353 0.615132272 -0.020852543 -0.012179869 -0.008123705 0.021413203 -0.057499919 0.998082757
1341840845.729069 0.609415233 -0.022984978 -0.008788072 -0.008728982 0.025659980 -0.058983114 0.997890949
1341840845.758375 0.610017538 -0.020771474 -0.011058949 -0.006642363 0.026165405 -0.058202639 0.997939765
1341840845.790466 0.602643907 -0.019411480 -0.013308406 -0.006447375 0.025873141 -0.058956280 0.997904420
1341840845.826375 0.617105007 -0.011868544 -0.013869663 -0.003958527 0.016095418 -0.060901735 0.998006105
1341840845.858782 0.640107393 -0.014541809 -0.009915904 -0.006806744 0.009963924 -0.062838167 0.997950792
1341840845.890417 0.636462450 -0.031783238 -0.011969297 -0.013289273 0.019637529 -0.064063117 0.997664094
1341840845.926383 0.628182650 -0.018683514 -0.014552302 -0.005137228 0.023577658 -0.065122440 0.997585475
1341840845.958390 0.640868723 -0.012276243 -0.015043353 -0.005111219 0.018202221 -0.065062687 0.997702062
1341840845.994269 0.643721819 -0.027341822 -0.014107182 -0.011974610 0.019083319 -0.064465687 0.997665584
1341840846.026558 0.646740079 -0.023351915 -0.016041728 -0.008011747 0.019456526 -0.063311271 0.997771978
1341840846.058807 0.647456646 -0.020583231 -0.018479060 -0.007958962 0.018770950 -0.063085020 0.997799873
1341840846.094265 0.659913957 -0.023292646 -0.017319538 -0.009002719 0.013992954 -0.064008199 0.997810662
1341840846.126378 0.683991432 -0.022709820 -0.018150821 -0.007300225 0.009986042 -0.063744590 0.997889578
1341840846.158446 0.671450734 -0.022535499 -0.018257644 -0.007257789 0.020833047 -0.063678056 0.997726619
1341840846.194427 0.667029560 -0.015250249 -0.019927122 -0.006543019 0.023221713 -0.062727459 0.997739017
1341840846.226385 0.675434589 -0.022092672 -0.018188091 -0.011519239 0.019825295 -0.061292965 0.997856438
1341840846.262497 0.689438999 -0.027673993 -0.017852888 -0.011520134 0.018629223 -0.058712393 0.998034596
1341840846.294419 0.687676966 -0.019069988 -0.019020652 -0.006886989 0.024620723 -0.057767119 0.998002708
1341840846.326478 0.678163528 -0.021615757 -0.020504488 -0.009425723 0.027960956 -0.057866834 0.997888148
1341840846.362426 0.695869267 -0.021845760 -0.020274922 -0.008923306 0.020573949 -0.058446348 0.998038650
1341840846.394323 0.713195443 -0.022497069 -0.021347024 -0.007669837 0.018670103 -0.057812035 0.998123407
1341840846.430454 0.700055838 -0.015040825 -0.021404963 -0.004920370 0.028606892 -0.057346597 0.997932255
1341840846.465291 0.698450267 -0.011725778 -0.021567585 -0.006712428 0.029590549 -0.057667959 0.997874618
1341840846.494473 0.711703956 -0.022612013 -0.021908801 -0.012036735 0.025269153 -0.057878155 0.997931182
1341840846.530439 0.724104106 -0.022077320 -0.022675525 -0.008300693 0.024998793 -0.055871900 0.998090386
1341840846.562569 0.712834895 -0.010541500 -0.022943851 -0.002727044 0.032312609 -0.053447351 0.998044014
1341840846.594486 0.712266982 -0.003689658 -0.025095256 -0.003703501 0.031614758 -0.054161679 0.998024702
1341840846.630509 0.728140056 -0.010157926 -0.023817170 -0.009588259 0.026685817 -0.055704851 0.998044550
1341840846.662363 0.759432852 -0.033418089 -0.026177622 -0.015847834 0.021049842 -0.055975173 0.998084426
1341840846.698323 0.737480104 -0.004137958 -0.024810398 -0.000987126 0.037351046 -0.057837788 0.997626543
1341840846.730390 0.725672424 0.004107451 -0.024138357 -0.002915763 0.041281849 -0.059818283 0.997351050
1341840846.762470 0.737957954 -0.010353010 -0.025413005 -0.011364562 0.034805540 -0.059254799 0.997571170
1341840846.798363 0.749568045 -0.005375632 -0.027822455 -0.008580417 0.033496466 -0.059404809 0.997634947
1341840846.830356 0.742623150 0.003104632 -0.024198778 -0.008964599 0.039459944 -0.060039651 0.997375429
1341840846.862350 0.745104134 -0.004626197 -0.023527592 -0.012642310 0.037484121 -0.060827456 0.997364044
1341840846.898489 0.756910563 0.010475470 -0.022433233 -0.006084119 0.034589689 -0.061960831 0.997460485
1341840846.930380 0.754493773 0.021467138 -0.023311689 -0.007651497 0.039452691 -0.062113933 0.997259617
1341840846.966358 0.748733282 0.000022870 -0.022345800 -0.019667996 0.042465873 -0.061273731 0.997023225
1341840846.998844 0.751449227 0.003032903 -0.022039454 -0.015813680 0.038903270 -0.062685288 0.997149467
1341840847.030411 0.765018463 0.017130662 -0.023934096 -0.011764211 0.033367995 -0.063770130 0.997337222
1341840847.066359 0.765791774 0.008846736 -0.024440333 -0.019341795 0.036021881 -0.063842557 0.997122109
1341840847.098410 0.757536709 0.001958433 -0.022555817 -0.022571873 0.039794125 -0.063458972 0.996935248
1341840847.130366 0.764710546 0.010778978 -0.023466948 -0.018553158 0.035608683 -0.064627156 0.997101367
1341840847.166401 0.772235513 0.013930419 -0.024621543 -0.019159609 0.033885866 -0.063471742 0.997224152
1341840847.198307 0.773965657 0.000437103 -0.024299670 -0.025060851 0.034939159 -0.063146062 0.997077644
1341840847.234496 0.760648668 -0.002078772 -0.022371098 -0.021825597 0.038818385 -0.062779047 0.997033358
1341840847.266747 0.768185318 0.010161227 -0.027121492 -0.015926896 0.033630807 -0.062833861 0.997330010
1341840847.298356 0.784583807 0.008933155 -0.026927747 -0.018397914 0.028637070 -0.062256590 0.997479558
1341840847.334573 0.777992070 0.001148784 -0.025117554 -0.020848922 0.033519644 -0.062498376 0.997264087
1341840847.366405 0.777776718 -0.000345163 -0.024242582 -0.018758859 0.032742225 -0.063394859 0.997274876
1341840847.398361 0.784756362 0.003448083 -0.027751373 -0.016381089 0.029626653 -0.065155745 0.997300684
1341840847.434625 0.797741055 0.007538880 -0.028571170 -0.016477956 0.029039500 -0.067142375 0.997184575
1341840847.466370 0.790657282 0.000913784 -0.023852915 -0.019865798 0.036630113 -0.065790795 0.996962965
1341840847.502590 0.785926640 0.004737232 -0.021681257 -0.016636262 0.038002811 -0.064687863 0.997042894
1341840847.534309 0.796453595 0.014364501 -0.022637509 -0.013930902 0.032556877 -0.065273739 0.997238874
1341840847.566354 0.805710077 0.004095244 -0.023163429 -0.020187315 0.030576680 -0.065064184 0.997208178
1341840847.603337 0.804561555 -0.001444419 -0.020387631 -0.020512428 0.034244340 -0.064712211 0.997105241
1341840847.634465 0.797833920 0.001741689 -0.019961387 -0.017636281 0.036978278 -0.065000638 0.997043908
1341840847.670420 0.807154536 0.003781468 -0.022948403 -0.016957872 0.033158608 -0.065556847 0.997153580
1341840847.702420 0.820522368 0.008361350 -0.023078628 -0.016564121 0.031230047 -0.064148799 0.997314036
1341840847.734342 0.818521798 0.001768914 -0.019110542 -0.021221172 0.035638314 -0.063463442 0.997121811
1341840847.770464 0.812336624 -0.011518801 -0.016193874 -0.024018804 0.038240403 -0.064073049 0.996922970
1341840847.802407 0.817827404 -0.003610056 -0.020128254 -0.017083982 0.035667028 -0.064946868 0.997104764
1341840847.834306 0.827930272 0.001016825 -0.021319255 -0.016477883 0.034170456 -0.066185176 0.997085929
1341840847.870532 0.828028917 -0.003825229 -0.018001333 -0.017634669 0.036319129 -0.064350426 0.997110307
1341840847.902485 0.825949132 0.001299285 -0.019172646 -0.015106245 0.036713302 -0.062972665 0.997225344
1341840847.938405 0.832807660 -0.002791984 -0.017880391 -0.018664800 0.033345085 -0.063422807 0.997254908
1341840847.970339 0.837760210 -0.015205898 -0.017780978 -0.021810725 0.031571567 -0.064153537 0.997201979
1341840848.002312 0.839890122 -0.010598423 -0.019272882 -0.017181713 0.031092379 -0.064786233 0.997266650
1341840848.038354 0.841388464 -0.010193425 -0.019213472 -0.015738260 0.029647918 -0.065122373 0.997312605
1341840848.070743 0.854314089 -0.008605336 -0.021445246 -0.014056064 0.025089761 -0.065481834 0.997439265
1341840848.102909 0.857484341 -0.009256327 -0.022599742 -0.014958098 0.026965603 -0.066124327 0.997334778
1341840848.138432 0.857313752 -0.005006687 -0.020328969 -0.014321472 0.029521415 -0.065794140 0.997293591
1341840848.170385 0.861612678 -0.016260233 -0.020989509 -0.019761764 0.028532498 -0.065068685 0.997277021
1341840848.206548 0.866688550 -0.020609446 -0.020943010 -0.019639131 0.027899167 -0.064517811 0.997333169
1341840848.238651 0.870937645 -0.013244777 -0.021622693 -0.014978546 0.027633734 -0.063468650 0.997488737
1341840848.277372 0.877687871 -0.012440506 -0.020920511 -0.015521486 0.025576746 -0.063348144 0.997542918
1341840848.313384 0.881733000 -0.018303072 -0.019693932 -0.017330484 0.024983583 -0.064087175 0.997480989
1341840848.345285 0.885802507 -0.018829316 -0.021523086 -0.015734846 0.024617480 -0.063802741 0.997534752
1341840848.377729 0.886323035 -0.014024506 -0.021840684 -0.013664420 0.026872922 -0.064596869 0.997455955
1341840848.413434 0.892479360 -0.019134521 -0.022501251 -0.016839772 0.025461625 -0.064272285 0.997465372
1341840848.446614 0.895230830 -0.024323665 -0.021902800 -0.018628061 0.026784062 -0.063436404 0.997452497
1341840848.477376 0.896919250 -0.020107089 -0.021484509 -0.015502236 0.028528914 -0.061486166 0.997579694
1341840848.514358 0.903106868 -0.015048973 -0.022184059 -0.014859742 0.026820008 -0.060362123 0.997705519
1341840848.545352 0.912390113 -0.027568007 -0.020078836 -0.020468010 0.024550086 -0.061248519 0.997610629
1341840848.581630 0.916845500 -0.040408466 -0.021781601 -0.019474333 0.027280889 -0.060931969 0.997578979
1341840848.613497 0.914569616 -0.020195171 -0.024216533 -0.008069168 0.031120609 -0.058439765 0.997773111
1341840848.645345 0.915791512 -0.015753131 -0.019311901 -0.007909408 0.029857870 -0.056477416 0.997925937
1341840848.681427 0.928487301 -0.035471328 -0.021651797 -0.013425360 0.023590652 -0.055099800 0.998111844
1341840848.713310 0.934781194 -0.037498161 -0.025884107 -0.009837803 0.025401099 -0.056232277 0.998046100
1341840848.745404 0.936124384 -0.032079138 -0.026087768 -0.004981180 0.030401180 -0.054661952 0.998029590
1341840848.774529 0.934511125 -0.024163058 -0.027123503 -0.001470564 0.033760075 -0.052107181 0.998069584
1341840848.806548 0.934805810 -0.013810187 -0.023074839 -0.000371822 0.034943085 -0.050664555 0.998104215
1341840848.842443 0.942127407 -0.039744221 -0.019565184 -0.009869442 0.031847913 -0.047090314 0.998334050
1341840848.874427 0.943730056 -0.039212748 -0.024717860 -0.004445794 0.031468183 -0.049306691 0.998277962
1341840848.910589 0.945658684 -0.026502784 -0.027080201 0.000555341 0.032427162 -0.051375724 0.998152614
1341840848.942390 0.951489747 -0.040284004 -0.022332948 -0.004717813 0.032117791 -0.051177587 0.998161852
1341840848.974342 0.939757884 -0.046209861 -0.017802402 0.000677583 0.038007133 -0.051758610 0.997935891
1341840849.010480 0.948865891 -0.024867348 -0.029853588 0.012456648 0.030386718 -0.050057802 0.998206258
1341840849.042373 0.958492875 -0.029871712 -0.029420597 0.005334741 0.025755720 -0.050739322 0.998365521
1341840849.074269 0.961237252 -0.045595776 -0.027065085 0.000071347 0.027547680 -0.050821379 0.998327732
1341840849.110433 0.958773732 -0.039859023 -0.026563033 0.005428618 0.030699465 -0.050221410 0.998251438
1341840849.142356 0.956631184 -0.039851841 -0.025478363 0.007353698 0.030522268 -0.050963067 0.998206913
1341840849.178427 0.965634763 -0.032760199 -0.028670669 0.011341699 0.025468512 -0.051308200 0.998293638
1341840849.210439 0.971365929 -0.039777137 -0.026593076 0.009805637 0.023524715 -0.048701357 0.998488188
1341840849.242309 0.970086038 -0.037217852 -0.028191898 0.014191446 0.023797875 -0.048277829 0.998449564
1341840849.278391 0.983376563 -0.026461447 -0.035945293 0.017109079 0.018584158 -0.051054716 0.998376310
1341840849.310332 1.011851072 -0.019047840 -0.029247595 0.018292163 0.012744104 -0.053042643 0.998343349
1341840849.342402 1.000566363 -0.057464913 -0.030196808 0.005351957 0.027823456 -0.048738591 0.998409629
1341840849.378339 0.987055182 -0.037880518 -0.030290976 0.018707665 0.038301833 -0.047718879 0.997950852
1341840849.410390 0.994389951 -0.017626921 -0.033115823 0.024834827 0.033706222 -0.045041300 0.998107433
1341840849.446437 1.007831335 -0.041342724 -0.033761173 0.012509709 0.029352780 -0.043841291 0.998528838
1341840849.478425 1.022325039 -0.047350112 -0.035359152 0.014946586 0.030336119 -0.042268302 0.998533785
1341840849.512199 1.020351768 -0.030544819 -0.037583292 0.022518963 0.038215045 -0.044590071 0.998020172
1341840849.546449 1.024846435 -0.018687865 -0.038558483 0.023287462 0.041042853 -0.046034720 0.997824609
1341840849.578498 1.034535646 -0.032173350 -0.038428757 0.013359907 0.041699685 -0.045639317 0.997997820
1341840849.610692 1.030459285 -0.042764846 -0.033482350 0.010140648 0.048646055 -0.043572750 0.997813702
1341840849.646317 1.032721996 -0.022670500 -0.033261649 0.018957127 0.049451753 -0.041530427 0.997732580
1341840849.685647 1.048232079 -0.012947988 -0.037637085 0.016683886 0.044851817 -0.040646564 0.998026967
1341840849.714708 1.046528697 -0.034746639 -0.031198561 0.003299087 0.051433206 -0.041532237 0.997807026
1341840849.746347 1.041191339 -0.032858420 -0.025144130 0.005966393 0.057670821 -0.040160693 0.997509718
1341840849.778359 1.053572178 -0.019408619 -0.030052654 0.009756235 0.053104326 -0.040085532 0.997736394
1341840849.814323 1.055211425 -0.027611794 -0.027105160 0.002664485 0.053966954 -0.040014073 0.997737110
1341840849.846557 1.050854206 -0.038474441 -0.021351621 -0.001261075 0.056838624 -0.040323336 0.997567952
1341840849.882256 1.060535789 -0.030242160 -0.026630886 0.005102213 0.051929824 -0.040138483 0.997830749
1341840849.921575 1.074915648 -0.013261400 -0.032726809 0.009148298 0.046830550 -0.040092669 0.998055995
1341840849.946362 1.073173285 -0.033728365 -0.023239926 -0.002405031 0.050018728 -0.040902019 0.997907519
1341840849.982476 1.072466969 -0.039051443 -0.022781760 0.000315497 0.053183705 -0.040703144 0.997754812
1341840850.014371 1.079852581 -0.015897401 -0.028154857 0.010939251 0.052371643 -0.038961995 0.997807384
1341840850.046326 1.071488976 -0.006373101 -0.022724643 0.009286667 0.054479100 -0.041053634 0.997627378
1341840850.082415 1.085426331 -0.031662434 -0.022126891 -0.002863157 0.046947841 -0.040761150 0.998061240
1341840850.121449 1.091797471 -0.033113863 -0.025524355 0.000834489 0.047328744 -0.041630298 0.998011112
1341840850.157539 1.091169119 -0.013029602 -0.026795492 0.009225011 0.049863677 -0.040815979 0.997879028
1341840850.189410 1.085925579 -0.019504812 -0.027742364 0.003109328 0.049837235 -0.041206770 0.997902095
1341840850.221491 1.101631522 -0.033500720 -0.027433574 -0.001657373 0.042687066 -0.041904327 0.998207927
1341840850.257570 1.108211160 -0.032515347 -0.032595195 0.001989455 0.043090980 -0.043241911 0.998132944
1341840850.289374 1.107581139 -0.012040094 -0.030818298 0.010423511 0.046831526 -0.043725092 0.997890949
1341840850.314521 1.106701612 -0.011072521 -0.030773714 0.008112569 0.046640534 -0.045387920 0.997847080
1341840850.350348 1.120759487 -0.020951211 -0.034815788 0.002516812 0.040907364 -0.046086550 0.998096347
1341840850.382480 1.124303818 -0.020439833 -0.035919957 0.002568935 0.043706696 -0.046846915 0.997942150
1341840850.418448 1.109740257 -0.012883919 -0.031093925 0.005470399 0.051129203 -0.047681309 0.997538149
1341840850.450229 1.124390721 -0.017124182 -0.034938373 0.003918104 0.042926762 -0.047719415 0.997930288
1341840850.482352 1.155320048 -0.029476982 -0.047162499 0.000674167 0.033609301 -0.048257001 0.998269081
1341840850.518351 1.138997674 -0.017522471 -0.043725185 0.005606991 0.052081540 -0.052351072 0.997253954
1341840850.550287 1.112112522 -0.001538292 -0.031658053 0.011006230 0.064153329 -0.051742312 0.996536970
1341840850.582563 1.114956856 -0.013553219 -0.029212028 0.007504623 0.055857912 -0.049901169 0.997162700
1341840850.618439 1.129238486 -0.018162636 -0.035471700 0.011237916 0.046269473 -0.050950821 0.997565448
1341840850.650443 1.145463824 0.000766863 -0.048573207 0.019570488 0.039854266 -0.050794009 0.997721672
1341840850.686406 1.147792220 -0.001551919 -0.044202141 0.013217927 0.040764976 -0.048283424 0.997913897
1341840850.718516 1.139219046 -0.015817892 -0.038058557 0.007973624 0.044805277 -0.047854509 0.997817039
1341840850.750308 1.147342682 -0.006221900 -0.043518424 0.014743333 0.040702660 -0.047091726 0.997952044
1341840850.786319 1.157362223 0.002842860 -0.047542837 0.016343158 0.037252806 -0.046213910 0.998102903
1341840850.818316 1.159357905 -0.009456784 -0.044192482 0.008721473 0.038999580 -0.046426974 0.998121977
1341840850.854290 1.166376710 -0.012478635 -0.046659887 0.008521791 0.039314594 -0.047216170 0.998074353
1341840850.886322 1.175660133 -0.002002737 -0.049968775 0.012110759 0.039675787 -0.045231294 0.998114884
1341840850.918358 1.161865354 -0.003647997 -0.042926960 0.008626833 0.048614774 -0.043390762 0.997837365
1341840850.954395 1.163011909 -0.013149465 -0.040252171 0.006183671 0.047321931 -0.042613231 0.997951150
1341840850.986448 1.174759269 -0.004955043 -0.044779666 0.011640686 0.042838622 -0.041497044 0.998151958
1341840851.018447 1.174260736 -0.002724498 -0.043460909 0.010680720 0.045374472 -0.040145677 0.998105943
1341840851.054395 1.168916464 -0.013017680 -0.039048910 0.007052825 0.048270568 -0.039995890 0.998008311
1341840851.086362 1.187500954 -0.009363420 -0.045050990 0.010794283 0.040293925 -0.039740108 0.998338938
1341840851.122353 1.192694068 -0.013194809 -0.044798922 0.009570145 0.041206591 -0.038002986 0.998381793
1341840851.154293 1.187573195 -0.013189446 -0.042749725 0.011068069 0.045260500 -0.037316710 0.998216629
1341840851.186482 1.182683468 -0.013551966 -0.043460339 0.010650015 0.048201330 -0.038641185 0.998033106
1341840851.222499 1.197195649 -0.016316874 -0.041219480 0.010112141 0.042981684 -0.037580077 0.998317599
1341840851.254587 1.200757742 -0.017046310 -0.039901748 0.012193266 0.043675188 -0.038261548 0.998238385
1341840851.286786 1.201105833 -0.009030593 -0.039249927 0.017101610 0.044801433 -0.038944595 0.998090029
1341840851.322525 1.213442683 -0.009875753 -0.042220425 0.015812058 0.039926495 -0.038815156 0.998323202
1341840851.354461 1.219702005 -0.020153124 -0.040209692 0.011356070 0.039095309 -0.040754292 0.998339474
1341840851.390383 1.227805614 -0.021035824 -0.042885482 0.013111413 0.039289750 -0.041638486 0.998273849
1341840851.422373 1.214584827 -0.023379698 -0.037765525 0.012934738 0.047459129 -0.041451603 0.997928917
1341840851.454333 1.208527684 -0.022829112 -0.035532840 0.016423492 0.046240691 -0.040721595 0.997964799
1341840851.490328 1.236938834 -0.022414593 -0.042500198 0.017915694 0.030503387 -0.039181639 0.998605669
1341840851.522431 1.244639158 -0.031550866 -0.043799166 0.014584953 0.030601166 -0.040564161 0.998601735
1341840851.555777 1.236349940 -0.034326632 -0.040440448 0.017587466 0.038273796 -0.041750375 0.998239815
1341840851.590800 1.240104079 -0.016059205 -0.043451682 0.026727969 0.036232170 -0.041750759 0.998113096
1341840851.622401 1.248907447 -0.022110973 -0.042218033 0.021161484 0.032449521 -0.041266445 0.998396873
1341840851.658371 1.254934311 -0.035194568 -0.041680355 0.016780077 0.032989167 -0.040949870 0.998475492
1341840851.690446 1.258688807 -0.031211885 -0.042889342 0.020094160 0.034974609 -0.039853025 0.998391092
1341840851.722387 1.253291249 -0.033276275 -0.039895181 0.019889636 0.038424615 -0.040172964 0.998255491
1341840851.758379 1.260245800 -0.038703617 -0.041434608 0.019501556 0.035625823 -0.039765868 0.998383284
1341840851.790498 1.263185859 -0.043065436 -0.040861867 0.020776169 0.036136940 -0.038674500 0.998382032
1341840851.822502 1.264388680 -0.035089046 -0.042530537 0.026527312 0.036223315 -0.036911242 0.998309433
1341840851.858469 1.278234720 -0.026779054 -0.045297090 0.027678423 0.031044783 -0.035647366 0.998498559
1341840851.890382 1.280013680 -0.051924359 -0.042016704 0.015678193 0.033794373 -0.036007755 0.998656869
1341840851.926297 1.280543566 -0.050969526 -0.040298540 0.021958431 0.037334766 -0.032951288 0.998517990
1341840851.958364 1.277091980 -0.028299576 -0.040859945 0.031456526 0.039002426 -0.031863529 0.998235464
1341840851.990589 1.290508866 -0.041714862 -0.041465022 0.022442304 0.032028548 -0.031003095 0.998753905
1341840852.026374 1.301447630 -0.057158899 -0.039682608 0.017632682 0.030773886 -0.029731123 0.998928487
1341840852.058336 1.292481661 -0.051359862 -0.039659023 0.023113362 0.038334616 -0.027030731 0.998631835
1341840852.094404 1.294022322 -0.037086055 -0.037718266 0.028907716 0.036962442 -0.025557168 0.998571455
1341840852.126392 1.308882236 -0.042622373 -0.040035721 0.023387881 0.029951988 -0.026541229 0.998925149
1341840852.158516 1.318814397 -0.067817934 -0.043663234 0.013090715 0.030970179 -0.027097236 0.999067128
1341840852.194279 1.319331646 -0.056713082 -0.038744338 0.022571981 0.039359652 -0.024947442 0.998658597
1341840852.226380 1.297687411 -0.034464497 -0.034797408 0.030396149 0.049631353 -0.024520127 0.998003781
1341840852.258313 1.304898620 -0.052998904 -0.035895146 0.019364325 0.041755304 -0.023404725 0.998665988
1341840852.294500 1.322519898 -0.077904947 -0.039357964 0.012151811 0.035695288 -0.024077348 0.998998702
1341840852.326311 1.332812667 -0.058158319 -0.041940674 0.024653485 0.037748158 -0.025767796 0.998650730
1341840852.362368 1.327294469 -0.044222988 -0.040288024 0.027314808 0.044287521 -0.025998300 0.998306870
1341840852.394489 1.330429792 -0.063407823 -0.037292220 0.017819699 0.044888999 -0.024610097 0.998529792
1341840852.426307 1.332365632 -0.068351544 -0.038581148 0.019212203 0.047246352 -0.023089675 0.998431504
1341840852.462394 1.333216071 -0.059618954 -0.039268367 0.024649853 0.049242169 -0.021008078 0.998261631
1341840852.494557 1.332270503 -0.053248521 -0.038357683 0.026437640 0.051597010 -0.019756855 0.998122454
1341840852.526348 1.347605586 -0.059058547 -0.039553568 0.022621302 0.048053075 -0.017252930 0.998439550
1341840852.562305 1.347825527 -0.057002265 -0.038000524 0.022972643 0.051488295 -0.016556902 0.998272002
1341840852.594400 1.345862269 -0.055846300 -0.037543371 0.021185359 0.054923091 -0.015207259 0.998149991
1341840852.630345 1.341325283 -0.071831457 -0.032467946 0.014761249 0.057455737 -0.015292000 0.998121798
1341840852.663508 1.344116807 -0.073187299 -0.034763053 0.018956620 0.055491537 -0.014923039 0.998167634
1341840852.694654 1.344992638 -0.053817671 -0.035357349 0.027755491 0.054059509 -0.014001948 0.998053670
1341840852.732477 1.350497961 -0.056983408 -0.034804925 0.023873253 0.050053503 -0.012746296 0.998379767
1341840852.762455 1.359797835 -0.053596899 -0.035671584 0.023373416 0.046474095 -0.012487025 0.998567939
1341840852.794631 1.363888979 -0.059864789 -0.033745401 0.017917013 0.046772942 -0.014647431 0.998637438
1341840852.830583 1.366573811 -0.077113241 -0.031654947 0.012876141 0.048558284 -0.017396938 0.998585820
1341840852.862990 1.365879774 -0.067907967 -0.032751709 0.021278802 0.050907698 -0.019516300 0.998285890
1341840852.898597 1.368740559 -0.041734137 -0.035399854 0.030050449 0.050562169 -0.018866081 0.998090446
1341840852.930367 1.363884687 -0.056176662 -0.031615913 0.017591648 0.052668378 -0.018990489 0.998276472
1341840852.962482 1.369876981 -0.075014152 -0.029427186 0.011767867 0.049943648 -0.018961590 0.998502672
1341840852.998535 1.377144933 -0.061112002 -0.033873603 0.020544106 0.047892097 -0.020315416 0.998434544
1341840853.037588 1.378174186 -0.057717402 -0.034272715 0.020332586 0.049015746 -0.021052249 0.998369098
1341840853.066770 1.377047181 -0.066512816 -0.033254147 0.017107962 0.049784295 -0.021074630 0.998391092
1341840853.098354 1.385125041 -0.062001538 -0.035783738 0.020671060 0.046393041 -0.021794673 0.998471498
1341840853.131999 1.393392324 -0.058665980 -0.037635066 0.021307454 0.044918995 -0.022918828 0.998500407
1341840853.166530 1.391844392 -0.070684709 -0.036526814 0.017388334 0.047277417 -0.025150280 0.998413742
1341840853.198406 1.392974615 -0.059204735 -0.039260201 0.025176400 0.046642985 -0.027025536 0.998228550
1341840853.231726 1.405200243 -0.040236577 -0.042517349 0.029439673 0.042293973 -0.029004222 0.998250127
1341840853.266442 1.412984252 -0.059774142 -0.040387943 0.016874101 0.042999305 -0.029979590 0.998482645
1341840853.298516 1.403228998 -0.078272641 -0.038265511 0.013559282 0.049719661 -0.031428371 0.998176515
1341840853.334385 1.405808806 -0.057194471 -0.043395072 0.027421387 0.047129963 -0.033110209 0.997963190
1341840853.366351 1.420439720 -0.043853566 -0.045976199 0.030086717 0.040791847 -0.033214483 0.998162091
1341840853.398402 1.424766064 -0.059435152 -0.044287853 0.021972556 0.041638777 -0.033710387 0.998322129
1341840853.434335 1.424335957 -0.057260185 -0.045812301 0.023844112 0.043790627 -0.035082877 0.998139799
1341840853.466387 1.424733758 -0.050888557 -0.046637148 0.025536457 0.044116274 -0.036696002 0.998025596
1341840853.498430 1.433627129 -0.058152288 -0.046542063 0.022486949 0.041228704 -0.038404252 0.998158157
1341840853.534407 1.438260078 -0.054149229 -0.047390237 0.025309229 0.042614631 -0.039378908 0.997994363
1341840853.566451 1.435220957 -0.042343762 -0.047499262 0.028535180 0.045461979 -0.039587360 0.997773409
1341840853.602691 1.442784548 -0.039698888 -0.048415907 0.024732534 0.042857707 -0.039958194 0.997975349
1341840853.634832 1.443924427 -0.057025727 -0.045162164 0.015212570 0.044277750 -0.040760629 0.998071492
1341840853.666488 1.441465735 -0.064280987 -0.045372449 0.015775125 0.045730572 -0.042542152 0.997922897
1341840853.702424 1.446486473 -0.042846486 -0.048205025 0.025950870 0.043236464 -0.043658733 0.997773051
1341840853.734353 1.451785564 -0.037174098 -0.048251808 0.023841202 0.040686201 -0.045562264 0.997847855
1341840853.766467 1.454263926 -0.059518732 -0.044434652 0.014351390 0.040625025 -0.046433382 0.997991741
1341840853.802607 1.458163500 -0.051272489 -0.047713257 0.021548610 0.040514950 -0.047271274 0.997827411
1341840853.834576 1.462167025 -0.035934143 -0.048935972 0.025706703 0.040031392 -0.049081940 0.997661054
1341840853.870615 1.465935826 -0.040329985 -0.047550902 0.020574355 0.039808311 -0.050656755 0.997710347
1341840853.902573 1.469827533 -0.045275062 -0.047288761 0.017238624 0.040279672 -0.051278148 0.997722864
1341840853.940152 1.469712377 -0.043621760 -0.047989614 0.017805343 0.041238617 -0.051955208 0.997638702
1341840853.970342 1.478222966 -0.035905592 -0.049403373 0.019314604 0.038086221 -0.053150866 0.997672975
1341840854.002413 1.486036301 -0.042613965 -0.048352592 0.014751216 0.038021304 -0.054886654 0.997659385
1341840854.034566 1.483580828 -0.047377191 -0.047921315 0.014527723 0.043031629 -0.056576889 0.997364700
1341840854.070475 1.484108686 -0.035261445 -0.050514206 0.020209298 0.044786587 -0.056450151 0.997195601
1341840854.102373 1.481737256 -0.033068679 -0.050982229 0.018992053 0.045245312 -0.056053154 0.997221231
1341840854.138343 1.493814468 -0.040065210 -0.051006973 0.015500654 0.040071089 -0.056599580 0.997472048
1341840854.170475 1.501016855 -0.045321319 -0.051075481 0.015923433 0.040240426 -0.056586005 0.997459352
1341840854.202459 1.495012164 -0.035748772 -0.054223672 0.022179944 0.044935651 -0.055986635 0.997173190
1341840854.238384 1.490621448 -0.031971894 -0.056045495 0.022136992 0.044749971 -0.056451336 0.997156262
1341840854.270355 1.500535131 -0.043395810 -0.055148859 0.018504325 0.038604181 -0.056337271 0.997493565
1341840854.306367 1.515610576 -0.040823668 -0.057483621 0.023193544 0.034771446 -0.056049872 0.997552693
1341840854.338540 1.509319901 -0.029053509 -0.058158904 0.028335251 0.041198421 -0.055821747 0.997187912
1341840854.370427 1.503902316 -0.026153877 -0.059172496 0.027207587 0.042341169 -0.054131623 0.997264624
1341840854.406491 1.514705539 -0.032474522 -0.057798911 0.023282971 0.036323540 -0.053711783 0.997623980
1341840854.438402 1.515948415 -0.029244859 -0.058468372 0.025136208 0.037789494 -0.052817430 0.997572303
1341840854.470341 1.511813760 -0.024852196 -0.059342422 0.025126979 0.038952071 -0.052375965 0.997551084
1341840854.506442 1.522949815 -0.027037125 -0.058017910 0.022413423 0.032921609 -0.053776253 0.997758448
1341840854.538722 1.536532998 -0.027917627 -0.057134274 0.022122625 0.030890331 -0.053960960 0.997819901
1341840854.574331 1.531144619 -0.022490077 -0.056544233 0.022456022 0.037943054 -0.055014364 0.997511625
1341840854.606460 1.524699688 -0.029823478 -0.055792868 0.018372485 0.041147497 -0.055868078 0.997420728
1341840854.638476 1.529821038 -0.025318075 -0.056579366 0.020170145 0.038522679 -0.053865843 0.997600913
1341840854.674312 1.536792636 -0.024652820 -0.055985004 0.018165413 0.036096610 -0.053052209 0.997773767
1341840854.706362 1.534993052 -0.033529676 -0.054371990 0.014294469 0.037081171 -0.054931171 0.997698963
1341840854.738328 1.544423461 -0.027724907 -0.054509103 0.017681496 0.034276232 -0.055561580 0.997710049
1341840854.774384 1.541247964 -0.029482290 -0.054710675 0.016056182 0.037476081 -0.056126717 0.997590899
1341840854.806396 1.543532848 -0.028924434 -0.054187417 0.015988825 0.036789034 -0.057242718 0.997554123
1341840854.842383 1.547286153 -0.033758126 -0.052697200 0.014015131 0.035988100 -0.058911998 0.997515798
1341840854.874351 1.546377897 -0.050795693 -0.051686808 0.011051063 0.036173083 -0.059044778 0.997538507
1341840854.906375 1.544409275 -0.034235615 -0.054883558 0.022844885 0.035216253 -0.058499567 0.997404516
1341840854.942414 1.550773501 -0.022953345 -0.057046589 0.025484854 0.029556366 -0.060939033 0.997378290
1341840854.974632 1.566072583 -0.041408975 -0.054444771 0.016709322 0.023371825 -0.062929884 0.997604311
1341840855.006485 1.563725591 -0.047566209 -0.052685235 0.019371089 0.027894197 -0.064413443 0.997345269
1341840855.042409 1.562272668 -0.023234338 -0.056982607 0.030377552 0.029297793 -0.065951549 0.996929884
1341840855.074380 1.586297274 -0.013639414 -0.054555029 0.027004087 0.021413602 -0.067296952 0.997137547
