1341840840.169494 0.065399438 0.013981124 0.003892370 -0.019376406 -0.012662702 -0.004080696 0.999723732
1341840840.201335 0.065351635 0.029847635 0.000460840 -0.012175302 -0.012671615 -0.004245579 0.999836564
1341840840.233363 0.073365338 0.035245594 0.001748946 -0.014290986 -0.014292325 -0.001716017 0.999794245
1341840840.269407 0.079352163 0.023528315 0.004878594 -0.021338388 -0.015078632 -0.000371131 0.999658525
1341840840.294570 0.083263680 0.020830620 0.005128661 -0.021049660 -0.015039238 0.000167418 0.999665320
1341840840.330394 0.082373679 0.016830731 0.003474816 -0.020706825 -0.013553294 0.001654475 0.999692321
1341840840.362487 0.080553882 0.026484916 -0.000533199 -0.015763566 -0.012917731 0.003785533 0.999785125
1341840840.394382 0.087543100 0.031673662 0.001156431 -0.016731001 -0.016637800 0.006304580 0.999701738
1341840840.430325 0.101349697 0.021113088 0.007130921 -0.021076383 -0.021329304 0.008041243 0.999517977
1341840840.462407 0.097655743 0.028932557 0.002762973 -0.015573994 -0.016806806 0.006999035 0.999712944
1341840840.494502 0.097738005 0.036439240 0.001207249 -0.015516993 -0.015683608 0.008709547 0.999718666
1341840840.530297 0.101495236 0.027032850 0.003935521 -0.021461777 -0.016811550 0.010573256 0.999572396
1341840840.562361 0.107405953 0.025655791 0.004262534 -0.020717612 -0.018534364 0.010951578 0.999553561
1341840840.598321 0.107307315 0.025649631 0.002025331 -0.021092981 -0.018204559 0.011771047 0.999542475
1341840840.630280 0.110162705 0.014916815 0.003289800 -0.024372254 -0.021003600 0.014042370 0.999383628
1341840840.662439 0.115970224 0.028433969 0.001616370 -0.016287144 -0.024374193 0.012889647 0.999487102
1341840840.698371 0.129371077 0.038198721 0.004866298 -0.013649777 -0.026759133 0.012816030 0.999466538
1341840840.730361 0.135160774 0.024013653 0.007637528 -0.019695951 -0.024133483 0.013610588 0.999422073
1341840840.762407 0.128383085 0.018776877 0.002615562 -0.017861938 -0.018703414 0.012290540 0.999589920
1341840840.798303 0.128213853 0.031462833 -0.001721075 -0.011802452 -0.018491006 0.011184771 0.999696791
1341840840.830375 0.143951297 0.030848984 0.004412940 -0.014100361 -0.023003815 0.012249173 0.999560893
1341840840.866393 0.148367137 0.019555110 0.006073461 -0.016610395 -0.020734860 0.012204620 0.999572515
1341840840.898320 0.145344526 0.025289161 0.000638704 -0.010518529 -0.017040964 0.010349472 0.999745905
1341840840.930454 0.144591466 0.038997836 -0.002419490 -0.006413198 -0.015423249 0.009340129 0.999816895
1341840840.966498 0.155099884 0.033499908 0.002086690 -0.012469981 -0.017292267 0.009727226 0.999725401
1341840840.998398 0.161816359 0.029042877 0.003209646 -0.013716562 -0.016668115 0.009003952 0.999726415
1341840841.034538 0.168312207 0.038551349 0.003406229 -0.010465605 -0.015053095 0.006592575 0.999810159
1341840841.066345 0.170437336 0.050230827 0.001606334 -0.009407852 -0.009700899 0.005709523 0.999892354
1341840841.098335 0.170158073 0.031734675 0.003229517 -0.023189556 -0.006392976 0.007238065 0.999684453
1341840841.134331 0.181425795 0.019421045 0.006926390 -0.026001617 -0.010637799 0.008185154 0.999571800
1341840841.166392 0.188884348 0.040819451 0.004890084 -0.015057585 -0.009681553 0.007526562 0.999811411
1341840841.198348 0.191191524 0.039986372 0.002785675 -0.018879717 -0.004289366 0.009312669 0.999769211
1341840841.234400 0.193128988 0.021391446 0.004112856 -0.026365323 -0.002412738 0.012436314 0.999572098
1341840841.266296 0.195215046 0.018932475 0.000479263 -0.021442328 -0.003303473 0.011988278 0.999692738
1341840841.302430 0.198011845 0.031643774 -0.003448774 -0.014304611 -0.002962807 0.012617315 0.999813676
1341840841.334542 0.197668001 0.029449625 -0.005668000 -0.016310111 -0.000107105 0.014364268 0.999763787
1341840841.366311 0.204761237 0.029361237 -0.005159709 -0.016127180 -0.002388953 0.013796336 0.999771893
1341840841.402475 0.205122724 0.029627779 -0.007790319 -0.015746195 -0.001990487 0.012528368 0.999795556
1341840841.434345 0.210925594 0.034063280 -0.007228149 -0.014377685 -0.003934728 0.012224744 0.999814153
1341840841.466383 0.214314952 0.032698974 -0.007470307 -0.016199371 -0.004014748 0.011840072 0.999790609
1341840841.502454 0.216272771 0.030228080 -0.006958121 -0.017642060 -0.004492913 0.011807724 0.999764562
1341840841.534696 0.221933231 0.027030200 -0.006689476 -0.018070122 -0.006737450 0.012416490 0.999736905
1341840841.570470 0.222217813 0.042547122 -0.011281542 -0.012235741 -0.005513743 0.012948548 0.999826074
1341840841.602476 0.228989914 0.039176017 -0.007146110 -0.018358566 -0.006835910 0.013387206 0.999718428
1341840841.634468 0.237252444 0.030830469 -0.002447419 -0.021761220 -0.007896748 0.013030048 0.999647081
1341840841.671032 0.231552675 0.030493526 -0.008343390 -0.020181619 -0.003510332 0.012113978 0.999716759
1341840841.702284 0.230572224 0.035291642 -0.010744385 -0.019111821 -0.004285699 0.013784145 0.999713123
1341840841.734304 0.238587424 0.036939207 -0.007362082 -0.020646548 -0.008220262 0.015306888 0.999635816
1341840841.770351 0.241884589 0.029715749 -0.005780477 -0.024198763 -0.009020801 0.016952937 0.999522746
1341840841.802313 0.234538853 0.027213825 -0.010223974 -0.024371516 -0.007484464 0.019552909 0.999483705
1341840841.838370 0.231296241 0.019868998 -0.013126599 -0.027030250 -0.011356605 0.021808140 0.999332190
1341840841.870881 0.242801398 0.029412558 -0.010096870 -0.020077078 -0.023088120 0.017174121 0.999384224
1341840841.902346 0.257909298 0.053300843 -0.003721730 -0.010721136 -0.028705074 0.013670187 0.999436915
1341840841.938375 0.254060537 0.041410241 -0.004300709 -0.019879799 -0.021581747 0.014086282 0.999470174
1341840841.970352 0.242508441 0.031724125 -0.010480849 -0.024848545 -0.017061969 0.012970028 0.999461472
1341840842.006342 0.247630090 0.042319104 -0.008999676 -0.021025570 -0.022376213 0.010322963 0.999475181
1341840842.038475 0.264201164 0.044251941 -0.000959655 -0.021902824 -0.028054833 0.008689602 0.999328613
1341840842.070419 0.261512846 0.040367790 -0.004654564 -0.022670338 -0.022497652 0.006692251 0.999467432
1341840842.106404 0.252493888 0.038702894 -0.011403323 -0.024059180 -0.017146416 0.005199421 0.999549925
1341840842.138367 0.257137388 0.023945468 -0.009552548 -0.029003574 -0.022302018 0.004448198 0.999320567
1341840842.170410 0.265012532 0.032958340 -0.011306704 -0.020487526 -0.027794998 0.002173420 0.999401331
1341840842.206430 0.270163506 0.040007826 -0.013085145 -0.015260606 -0.028316461 -0.000770494 0.999482214
1341840842.238319 0.272374570 0.040820163 -0.014873659 -0.013356289 -0.027229663 -0.005805023 0.999523103
1341840842.274385 0.280917883 0.038913593 -0.013202258 -0.011979133 -0.028357860 -0.010895275 0.999466658
1341840842.306571 0.276754797 0.037673753 -0.019146968 -0.009198173 -0.023184247 -0.014770386 0.999579787
1341840842.338413 0.271829873 0.042463630 -0.027424630 -0.006457226 -0.020655220 -0.016741883 0.999625623
1341840842.374365 0.273967236 0.030262271 -0.026798148 -0.011862283 -0.023740616 -0.018102370 0.999483824
1341840842.406739 0.280510575 0.031560630 -0.025868855 -0.004926787 -0.030129969 -0.020592967 0.999321699
1341840842.438410 0.287407845 0.058104299 -0.025697287 0.006281261 -0.031318113 -0.024219736 0.999196231
1341840842.474299 0.318746388 0.063440382 -0.017566850 -0.002167183 -0.033501528 -0.027594665 0.999055266
1341840842.542388 0.307376593 0.033478867 -0.019085774 0.002177174 -0.002925994 -0.034993228 0.999380887
1341840842.574346 0.298222363 0.063484825 -0.029346338 0.015942102 0.005127285 -0.037808627 0.999144673
1341840842.606530 0.303511202 0.071988508 -0.029697467 0.013118546 0.010863909 -0.036859158 0.999175310
1341840842.642329 0.313522577 0.039755702 -0.021146789 -0.004169539 0.012194192 -0.031221490 0.999429405
1341840842.674386 0.291994125 0.028663306 -0.036598247 -0.005077957 0.021368202 -0.033078846 0.999211371
1341840842.706548 0.311768442 0.057619933 -0.032336362 0.007365270 0.010160273 -0.034285612 0.999333322
1341840842.810490 0.318855166 0.045927282 -0.033214889 0.011299319 0.038154971 -0.036757201 0.998531640
1341840842.842296 0.310646415 0.058944382 -0.042809725 0.012370806 0.039230525 -0.037910946 0.998434126
1341840842.874411 0.335185647 0.051959053 -0.030158944 0.004739353 0.026994606 -0.034560166 0.999026716
1341840842.910377 0.342236817 0.038095839 -0.024781309 0.001679724 0.026853157 -0.033570040 0.999074161
1341840842.942647 0.329882652 0.049108416 -0.038649246 0.009442153 0.034800347 -0.035012763 0.998736143
1341840842.974535 0.343477696 0.059285715 -0.033941004 0.011904200 0.029155118 -0.037291359 0.998808086
1341840843.010449 0.364747465 0.043984320 -0.024943816 0.005068047 0.024498655 -0.035660796 0.999050736
1341840843.042429 0.342990547 0.037178066 -0.037088502 0.004572277 0.041581176 -0.031553548 0.998626292
1341840843.078385 0.323151499 0.057237245 -0.045841195 0.012682472 0.048074171 -0.029496353 0.998327613
1341840843.110373 0.347809106 0.054643869 -0.040713273 0.007429687 0.031555567 -0.029329594 0.999043941
1341840843.210589 0.344039887 0.051220771 -0.045075692 0.011798256 0.054265454 -0.030411210 0.997993588
1341840843.246317 0.352414787 0.056772809 -0.041738614 0.011141294 0.045208778 -0.033235673 0.998362362
1341840843.278543 0.383637697 0.053040907 -0.023654286 0.010138431 0.033006892 -0.033938251 0.998827279
1341840843.310587 0.378235161 0.042053830 -0.029050760 0.009699985 0.044631436 -0.031604026 0.998456359
1341840843.346529 0.362196237 0.050865088 -0.042178646 0.015021601 0.053944934 -0.032651458 0.997896850
1341840843.385053 0.358720124 0.064456880 -0.044580523 0.015363844 0.053916361 -0.032966703 0.997882843
1341840843.411509 0.384311885 0.051527575 -0.030778829 0.005063239 0.043556388 -0.027876772 0.998649120
1341840843.447220 0.379201889 0.044750612 -0.035081089 0.003185593 0.049348082 -0.026098613 0.998435497
1341840843.478671 0.368586212 0.063553810 -0.040823512 0.009865326 0.054197557 -0.028302217 0.998080313
1341840843.515039 0.386182636 0.057080459 -0.031834919 0.002534258 0.045384634 -0.030701110 0.998494506
1341840843.548527 0.397849858 0.037392832 -0.022590656 -0.005130056 0.043403145 -0.031210545 0.998556852
1341840843.582569 0.386545360 0.040987644 -0.033072047 0.001077150 0.051953010 -0.032835070 0.998108983
1341840843.614798 0.376185983 0.063701496 -0.039473902 0.008838370 0.056632452 -0.034599714 0.997756243
1341840843.653429 0.391782105 0.049614396 -0.028808082 -0.002337196 0.047710057 -0.031759556 0.998353481
1341840843.687928 0.400407642 0.038530208 -0.024438828 -0.004697255 0.045064364 -0.032857805 0.998432517
1341840843.720258 0.397118926 0.046869788 -0.030442141 0.001116204 0.048834577 -0.034395494 0.998213828
1341840843.785505 0.400591880 0.039432146 -0.025599748 -0.004415771 0.047845658 -0.034435865 0.998251200
1341840843.814703 0.402884781 0.041854911 -0.024768379 -0.001202596 0.048539188 -0.034726087 0.998216689
1341840843.846439 0.402352959 0.040420800 -0.027995147 -0.001494159 0.050039709 -0.034008577 0.998166919
1341840843.882429 0.407067180 0.043883774 -0.025881663 -0.000664658 0.048438303 -0.033417337 0.998266757
1341840843.914321 0.418306738 0.043388542 -0.020041076 -0.000527628 0.045725621 -0.035829041 0.998311162
1341840843.946316 0.422145993 0.036333442 -0.020134794 -0.002477318 0.048437528 -0.035963442 0.998175442
1341840843.982401 0.410990387 0.042050861 -0.027492143 -0.000179823 0.056577679 -0.036666173 0.997724652
1341840844.014387 0.411881596 0.042038124 -0.023113338 -0.002324827 0.056154750 -0.036786042 0.997741461
1341840844.050399 0.427880168 0.018344207 -0.017299600 -0.009519897 0.049798541 -0.039767478 0.997921884
1341840844.082349 0.428112060 0.029058216 -0.023139637 0.000461585 0.053787559 -0.040618710 0.997725785
1341840844.114393 0.416086495 0.033908509 -0.029045004 0.000994538 0.061552763 -0.041145332 0.997254908
1341840844.150523 0.429506451 0.034729987 -0.020461122 -0.000028692 0.054949407 -0.040285837 0.997676134
1341840844.182299 0.440365613 0.022912040 -0.016322739 -0.003304091 0.052335970 -0.042470463 0.997720540
1341840844.218448 0.445763260 0.016630184 -0.015826385 -0.001725800 0.053490415 -0.044025980 0.997595847
1341840844.250566 0.442370534 0.023270408 -0.022651488 0.003979417 0.057533484 -0.044370536 0.997349143
1341840844.282274 0.439117640 0.032041989 -0.026211629 0.004813223 0.058796421 -0.042326637 0.997360647
1341840844.318322 0.441164613 0.017293964 -0.019897340 -0.002582997 0.055603538 -0.042352635 0.997550905
1341840844.350432 0.451764792 0.013838814 -0.018220093 0.001104113 0.049842488 -0.046104800 0.997691751
1341840844.382375 0.462305456 0.024946216 -0.023739854 0.007003192 0.048241660 -0.048068602 0.997653842
1341840844.418837 0.459216207 0.015673565 -0.023161948 0.000441305 0.051982440 -0.047365416 0.997524023
1341840844.450418 0.441961855 -0.001900516 -0.028377151 -0.005020512 0.057549361 -0.050823733 0.997035503
1341840844.486330 0.459990829 0.006951999 -0.025918191 0.001943288 0.047448367 -0.051752258 0.997530222
1341840844.518335 0.486843228 0.012668677 -0.016099533 0.006279318 0.038332563 -0.051062211 0.997939825
1341840844.550458 0.468237311 0.009219448 -0.025336826 0.004406153 0.051721975 -0.053920075 0.997195065
1341840844.586351 0.463185608 0.000280613 -0.025556117 0.000029090 0.052302673 -0.052814770 0.997233689
1341840844.618382 0.474810660 0.008572128 -0.023202868 0.004328136 0.045042716 -0.051912747 0.997625947
1341840844.650334 0.485842496 0.010959917 -0.019589115 0.003879885 0.040571351 -0.051500764 0.997841001
1341840844.686320 0.493853539 0.007001367 -0.010816488 0.002577002 0.037636790 -0.051749516 0.997947276
1341840844.718495 0.490724206 -0.000676113 -0.020982103 0.001953979 0.042360142 -0.055473942 0.997559249
1341840844.757582 0.491754174 0.007411242 -0.021454845 0.003633081 0.043596715 -0.054027181 0.997580647
1341840844.791011 0.486731052 0.004389939 -0.014187418 0.002030933 0.044897549 -0.054824483 0.997484028
1341840844.818394 0.501572967 -0.004857124 -0.018826358 -0.000113944 0.039799970 -0.055325493 0.997674823
1341840844.854307 0.504564941 -0.003480921 -0.016954930 0.000197916 0.041374825 -0.053995755 0.997683585
1341840844.888045 0.506065488 -0.001859566 -0.017859356 0.000860272 0.042341318 -0.052060295 0.997745574
1341840844.918612 0.511457145 -0.004022507 -0.019313116 -0.001987245 0.040453430 -0.051450372 0.997853935
1341840844.954718 0.516891181 -0.008913049 -0.016503096 -0.004794861 0.039189804 -0.052025583 0.997864962
1341840844.986719 0.525891185 -0.011831771 -0.016008349 -0.005653312 0.037915405 -0.052093804 0.997906148
1341840845.022279 0.525660753 -0.007398224 -0.012829579 -0.003501563 0.041001715 -0.051084556 0.997846186
1341840845.054280 0.528721094 -0.011701872 -0.014144883 -0.004644149 0.043128330 -0.050045680 0.997804523
1341840845.086344 0.531855285 -0.007779831 -0.015735386 -0.003673975 0.044107832 -0.048554245 0.997839451
1341840845.123640 0.529957235 -0.015196743 -0.013800565 -0.008140703 0.044374596 -0.050826069 0.997687995
1341840845.154408 0.534065723 -0.019615291 -0.013183344 -0.006541695 0.042141486 -0.052937757 0.997686744
1341840845.186393 0.537327290 -0.003901836 -0.016212486 -0.000324320 0.041922968 -0.049862254 0.997875810
1341840845.222296 0.534422398 -0.013497161 -0.014447523 -0.008332153 0.041280400 -0.047612552 0.997977734
1341840845.254440 0.543621004 -0.019979078 -0.012820879 -0.009334098 0.034708075 -0.049679905 0.998118281
1341840845.290376 0.556695461 -0.014620382 -0.012829775 -0.005922417 0.032000732 -0.051832404 0.998125374
1341840845.322289 0.548765063 -0.019314162 -0.012464039 -0.009361042 0.039578129 -0.052045908 0.997816205
1341840845.354494 0.531648397 -0.019499492 -0.011191044 -0.009019797 0.044837702 -0.052378617 0.997579396
1341840845.390309 0.540300906 -0.025530377 -0.012757210 -0.007654627 0.035956454 -0.054074991 0.997859895
1341840845.422339 0.553871691 -0.017333258 -0.013766393 -0.000374920 0.029389903 -0.056828313 0.997951210
1341840845.458335 0.567820728 -0.010214028 -0.014117163 0.000727170 0.026497815 -0.057860460 0.997972727
1341840845.490264 0.566867709 -0.017408336 -0.011851966 -0.005628264 0.030924674 -0.058570296 0.997788310
1341840845.522343 0.554843545 -0.020187456 -0.010583796 -0.007089784 0.037961323 -0.057402153 0.997603953
1341840845.558310 0.548794925 -0.018539011 -0.011317441 -0.006539997 0.037860136 -0.054959610 0.997749090
1341840845.597232 0.556845844 -0.020946417 -0.011528665 -0.006886800 0.029433187 -0.054303247 0.998066843
1341840845.622577 0.574262083 -0.018552994 -0.011468530 -0.004398917 0.020819042 -0.054041039 0.998311937
1341840845.658634 0.583253324 -0.014638899 -0.012571334 -0.003858055 0.020340083 -0.054277662 0.998311222
1341840845.690353 0.586308122 -0.018711794 -0.011796430 -0.007766691 0.022306755 -0.056954958 0.998097301
1341840845.729069 0.583262563 -0.023707446 -0.009652738 -0.009752712 0.025723998 -0.058435291 0.997912049
1341840845.758375 0.581636965 -0.019970927 -0.012673639 -0.007083655 0.027153939 -0.057215005 0.997967422
1341840845.790466 0.577808201 -0.025206435 -0.014766174 -0.009877381 0.025592992 -0.057785813 0.997952044
1341840845.826375 0.589893281 -0.012659417 -0.013545688 -0.004556140 0.016306287 -0.060477030 0.998026013
1341840845.858782 0.610745132 -0.017934302 -0.012481793 -0.008942056 0.010720866 -0.062048160 0.997975528
1341840845.890417 0.609397709 -0.032007530 -0.011592181 -0.014538225 0.019467007 -0.062943928 0.997721314
1341840845.926383 0.600309551 -0.018477362 -0.015617932 -0.005824690 0.023810592 -0.064361580 0.997625530
1341840845.958390 0.610411286 -0.010965261 -0.017069466 -0.004975226 0.019430703 -0.064339519 0.997726500
1341840845.994269 0.614865839 -0.025395334 -0.013909902 -0.011863237 0.019415390 -0.063719980 0.997708380
1341840846.026558 0.618114293 -0.021666158 -0.015844798 -0.007900352 0.019538520 -0.062603951 0.997815907
1341840846.058807 0.616398335 -0.019479305 -0.018802833 -0.008242420 0.019975521 -0.062228110 0.997828007
1341840846.094265 0.631401837 -0.022973971 -0.016724147 -0.009563878 0.013818625 -0.063463457 0.997842669
1341840846.126378 0.651557207 -0.021936847 -0.016273413 -0.007562608 0.011025573 -0.063756637 0.997875929
1341840846.158446 0.641499341 -0.022883385 -0.017356582 -0.008086056 0.021143684 -0.062583014 0.997783005
1341840846.194427 0.634395897 -0.011750269 -0.017398478 -0.005604782 0.024492282 -0.061931651 0.997764111
1341840846.226385 0.644533277 -0.019679064 -0.016181450 -0.011139729 0.020212468 -0.060750507 0.997886181
1341840846.262497 0.657766581 -0.027831988 -0.017176127 -0.012300438 0.019281676 -0.058424119 0.998029828
1341840846.294419 0.655552685 -0.018821884 -0.019133715 -0.007494904 0.025496686 -0.057360217 0.997999787
1341840846.326478 0.644633472 -0.017537713 -0.017636340 -0.008111515 0.029178649 -0.057176955 0.997904599
1341840846.362426 0.660489202 -0.016201463 -0.016975772 -0.007026913 0.022323253 -0.057912350 0.998047352
1341840846.394323 0.678563237 -0.021747360 -0.020021867 -0.008234853 0.020060441 -0.057692401 0.998098850
1341840846.430454 0.669145048 -0.015713129 -0.020903081 -0.005816134 0.028795348 -0.056647290 0.997961998
1341840846.465291 0.664722860 -0.008977256 -0.019096533 -0.005689860 0.030782020 -0.057392690 0.997860789
1341840846.494473 0.675592542 -0.014365527 -0.016503608 -0.008858230 0.026749816 -0.057333808 0.997957349
1341840846.530439 0.686900735 -0.021745151 -0.021051755 -0.009011744 0.027239678 -0.055364586 0.998053849
1341840846.562569 0.676225841 -0.010326514 -0.022710765 -0.003175387 0.034948681 -0.053017668 0.997976780
1341840846.594486 0.679097116 -0.000390932 -0.020931048 -0.002138984 0.031927347 -0.054317474 0.998010874
1341840846.630509 0.692835808 -0.003723023 -0.017275937 -0.006767091 0.027285153 -0.055149477 0.998082280
1341840846.662363 0.718243897 -0.021492060 -0.024116157 -0.011034674 0.025018563 -0.056809336 0.998010516
1341840846.698323 0.704905212 -0.004450783 -0.022937547 -0.001266954 0.037544277 -0.057306785 0.997649610
1341840846.730390 0.682229519 0.010378305 -0.016737461 0.000190914 0.045455471 -0.059751436 0.997177780
1341840846.762470 0.693866253 -0.001987356 -0.017334219 -0.007644457 0.038876861 -0.058912169 0.997476578
1341840846.798363 0.713836849 -0.003210932 -0.026184237 -0.008077399 0.034734543 -0.058919672 0.997625530
1341840846.830356 0.710021317 0.006701808 -0.022956137 -0.007464619 0.039738879 -0.059962034 0.997381389
1341840846.862350 0.708415568 -0.003359787 -0.023124628 -0.012722683 0.039286010 -0.060461164 0.997316003
1341840846.898489 0.713398576 0.014121705 -0.015426043 -0.004239189 0.037814338 -0.061030284 0.997410357
1341840846.930380 0.718188405 0.019637696 -0.018627334 -0.007669024 0.040439084 -0.062591031 0.997190177
1341840846.966358 0.714954495 0.002109600 -0.018727615 -0.018685039 0.043027408 -0.061215714 0.997021616
1341840846.998844 0.712802112 -0.001406259 -0.020220086 -0.018018464 0.041155923 -0.062167883 0.997053981
1341840847.030411 0.728746355 0.018420478 -0.019949313 -0.010681158 0.034551885 -0.063477986 0.997327745
1341840847.066359 0.733258247 0.012753731 -0.019238051 -0.017037271 0.035632536 -0.062790632 0.997244895
1341840847.098410 0.723980665 0.004641085 -0.018349309 -0.021290818 0.040110346 -0.062927552 0.996984482
1341840847.130366 0.728811979 0.011493302 -0.019376922 -0.017829716 0.036687035 -0.064512238 0.997082889
1341840847.166401 0.739722073 0.015807267 -0.019687135 -0.017704692 0.033326697 -0.063506238 0.997267663
1341840847.198307 0.736121953 0.005784234 -0.019977909 -0.022763122 0.036557641 -0.062552936 0.997112095
1341840847.234496 0.726179183 0.000381908 -0.020404439 -0.020988416 0.039326783 -0.062608637 0.997042179
1341840847.266747 0.737112701 0.013679930 -0.023001377 -0.014036926 0.032669783 -0.062306389 0.997423410
1341840847.298356 0.752786279 0.014717015 -0.021483175 -0.015559570 0.027567126 -0.061722279 0.997591257
1341840847.334573 0.745971382 0.004957523 -0.022671346 -0.019348744 0.032683287 -0.061842617 0.997362971
1341840847.366405 0.742615461 0.002458944 -0.022202352 -0.017924719 0.033253204 -0.062521949 0.997328401
1341840847.398361 0.748991609 0.004803048 -0.024796216 -0.015859792 0.030196482 -0.064874008 0.997310400
1341840847.434625 0.759904027 0.008264695 -0.025267076 -0.015899248 0.030333238 -0.066038258 0.997229159
1341840847.466370 0.749440789 0.000701044 -0.022317607 -0.020436933 0.039272670 -0.065780774 0.996851444
1341840847.502590 0.745831013 0.002099779 -0.020756081 -0.018030912 0.040266778 -0.064419061 0.996947169
1341840847.534309 0.752697647 0.009803480 -0.021170303 -0.016030546 0.035982016 -0.065056771 0.997103751
1341840847.566354 0.763817728 0.003756050 -0.021273725 -0.020593001 0.033207949 -0.064632110 0.997143805
1341840847.603337 0.761889696 -0.003087904 -0.019414656 -0.021745116 0.037146196 -0.064273283 0.997003615
1341840847.634465 0.760355830 0.004531917 -0.016741958 -0.016662950 0.037873521 -0.064106956 0.997084856
1341840847.670420 0.764196873 0.002816696 -0.020544767 -0.017403185 0.036098793 -0.065066151 0.997075915
1341840847.702420 0.780009925 0.008620781 -0.020412430 -0.016325520 0.033111624 -0.063615680 0.997291386
1341840847.734342 0.779082894 0.001185369 -0.018007644 -0.021699715 0.036819033 -0.062888123 0.997105122
1341840847.770464 0.771200061 -0.010972434 -0.013556853 -0.024166364 0.040353265 -0.062979415 0.996905804
1341840847.802407 0.778534949 -0.001299143 -0.017490905 -0.016367994 0.036969014 -0.064350478 0.997107983
1341840847.834306 0.788107455 0.001534677 -0.018303871 -0.016364241 0.035573617 -0.065338895 0.997094572
1341840847.870532 0.785723329 -0.005899826 -0.016661163 -0.019071948 0.038553722 -0.063808896 0.997034729
1341840847.902485 0.785010636 0.002687629 -0.015646905 -0.014668263 0.038622953 -0.062339127 0.997199535
1341840847.938405 0.793161333 -0.002726805 -0.015924633 -0.018990258 0.034525428 -0.062688008 0.997255027
1341840847.970339 0.798483789 -0.012300126 -0.014726412 -0.020988770 0.032605547 -0.063473739 0.997229874
1341840848.002312 0.800928712 -0.006291480 -0.014518630 -0.015605251 0.031963330 -0.064240135 0.997300327
1341840848.038354 0.804431975 -0.009200375 -0.015633456 -0.015603596 0.029536154 -0.064437211 0.997362494
1341840848.070743 0.808945417 -0.008492306 -0.019054186 -0.014742515 0.028086646 -0.065160818 0.997370481
1341840848.102909 0.818493068 -0.003812220 -0.017257875 -0.012588714 0.027430093 -0.065392084 0.997403145
1341840848.138432 0.816336811 -0.004021368 -0.017402805 -0.014061386 0.030818380 -0.065127589 0.997301817
1341840848.170385 0.822882295 -0.010669853 -0.017100371 -0.017575674 0.028946767 -0.064499348 0.997342944
1341840848.206548 0.825693727 -0.014190763 -0.016476598 -0.017231135 0.029321963 -0.063714422 0.997388482
1341840848.238651 0.829184532 -0.008724378 -0.017180193 -0.013233334 0.029065035 -0.062791482 0.997515559
1341840848.277372 0.835355163 -0.008900087 -0.016618608 -0.014299237 0.027039163 -0.062662274 0.997565925
1341840848.313384 0.838495016 -0.017487271 -0.016937088 -0.017423054 0.026773699 -0.063121319 0.997494519
1341840848.345285 0.842263818 -0.018951898 -0.018602399 -0.016266096 0.026522247 -0.062933594 0.997532606
1341840848.377729 0.844749331 -0.012674505 -0.018511897 -0.013325005 0.027824538 -0.063268997 0.997519553
1341840848.413434 0.848166645 -0.015627109 -0.018796818 -0.015716933 0.027700366 -0.063301899 0.997486115
1341840848.446614 0.852712929 -0.021739772 -0.019206852 -0.018123863 0.027954495 -0.062319275 0.997500062
1341840848.477376 0.852266550 -0.018921591 -0.018962227 -0.015563950 0.030526508 -0.060519591 0.997578681
1341840848.514358 0.858915985 -0.012890471 -0.019026650 -0.014410985 0.028534453 -0.059646521 0.997707546
1341840848.545352 0.869366646 -0.026480889 -0.016714668 -0.020787857 0.025281860 -0.059900492 0.997667611
1341840848.581630 0.871608019 -0.039055180 -0.016770300 -0.020593178 0.028928585 -0.060197290 0.997554660
1341840848.613497 0.863971412 -0.014860699 -0.019601915 -0.006503109 0.035431176 -0.058613755 0.997630537
1341840848.645345 0.871655405 -0.014686067 -0.016689077 -0.007857338 0.031166513 -0.055295758 0.997952521
1341840848.681427 0.881439626 -0.034082931 -0.018778233 -0.014008867 0.025924955 -0.054345623 0.998087287
1341840848.713310 0.888824284 -0.034433249 -0.022865068 -0.009632827 0.027185485 -0.055753928 0.998027861
1341840848.745404 0.887483358 -0.028579969 -0.022088028 -0.004416821 0.033441909 -0.054186814 0.997960865
1341840848.774529 0.888650894 -0.018216016 -0.022330087 0.000568467 0.035539620 -0.051813040 0.998024046
1341840848.806548 0.890419602 -0.012228741 -0.020034827 -0.000184608 0.036051635 -0.049812503 0.998107731
1341840848.842443 0.895799458 -0.033100229 -0.014386151 -0.008122694 0.033823617 -0.046314884 0.998321056
1341840848.874427 0.897867322 -0.033732429 -0.020157002 -0.003125083 0.033010561 -0.047939163 0.998299718
1341840848.910589 0.901345789 -0.023682265 -0.024268001 0.001167607 0.033113826 -0.050333802 0.998182654
1341840848.942390 0.906101942 -0.039076563 -0.020360690 -0.005201362 0.032960959 -0.048779823 0.998251975
1341840848.974342 0.891845226 -0.039351236 -0.016645685 0.002944966 0.040034756 -0.050680291 0.997907877
1341840849.010480 0.900287330 -0.016057614 -0.022755239 0.015495002 0.033657219 -0.050565761 0.998033166
1341840849.042373 0.912255168 -0.024799710 -0.024935747 0.006788992 0.027078334 -0.049682148 0.998374879
1341840849.074269 0.914646745 -0.038280878 -0.023024447 0.002302187 0.028745880 -0.049978450 0.998333931
1341840849.110433 0.913084269 -0.034540091 -0.022496819 0.006966400 0.031856891 -0.049284358 0.998252332
1341840849.142356 0.910884619 -0.034815107 -0.021134432 0.008874507 0.031855457 -0.049436398 0.998229682
1341840849.178427 0.916266739 -0.029540673 -0.024915924 0.011801579 0.028166207 -0.050647579 0.998249590
1341840849.210439 0.919976413 -0.034112897 -0.022659240 0.011078876 0.027114058 -0.048681367 0.998384833
1341840849.242309 0.921769023 -0.032748546 -0.023168510 0.015159864 0.025953595 -0.047848821 0.998402297
1341840849.278391 0.932372332 -0.023836013 -0.031149732 0.017456723 0.021675212 -0.050170712 0.998352826
1341840849.310332 0.946674645 -0.031816483 -0.031799942 0.011084340 0.020925414 -0.050880149 0.998423994
1341840849.342402 0.953510165 -0.054676645 -0.028896593 0.005527030 0.028598798 -0.047409073 0.998450756
1341840849.378339 0.936518073 -0.032570191 -0.025823511 0.020043047 0.041112442 -0.047031593 0.997845709
1341840849.410390 0.941834033 -0.015525911 -0.029131237 0.025154142 0.037133820 -0.044550642 0.997999787
1341840849.446437 0.950123847 -0.037328035 -0.027196243 0.013161259 0.035312504 -0.043336935 0.998349488
1341840849.478425 0.966980517 -0.041341893 -0.029618733 0.016071903 0.034530070 -0.042761814 0.998359025
1341840849.512199 0.972614288 -0.027645122 -0.033010196 0.023114186 0.038672302 -0.042726241 0.998070478
1341840849.546449 0.971301138 -0.017382819 -0.034489393 0.023163596 0.044088256 -0.045728009 0.997711718
1341840849.578498 0.979839027 -0.028339468 -0.032448038 0.013986215 0.045388974 -0.045094166 0.997853041
1341840849.610692 0.978496850 -0.032393925 -0.026227370 0.013682446 0.051327419 -0.042831339 0.997669160
1341840849.646317 0.972283244 -0.022325158 -0.030616783 0.017895883 0.055737726 -0.042117469 0.997396171
1341840849.685647 0.992418587 -0.012145013 -0.032864261 0.016380168 0.048558131 -0.040052854 0.997882545
1341840849.714708 0.995704174 -0.037242219 -0.029312082 0.001207355 0.052402005 -0.039467316 0.997845173
1341840849.746347 0.983030200 -0.030149808 -0.021290630 0.005929108 0.062906593 -0.039904855 0.997203708
1341840849.778359 0.996193469 -0.016648468 -0.024990402 0.010180310 0.057509858 -0.039693311 0.997503579
1341840849.814323 0.998710930 -0.025709251 -0.023561440 0.002550946 0.057740193 -0.039414447 0.997550011
1341840849.846557 0.993742347 -0.034222793 -0.017057106 -0.000561154 0.061180912 -0.039877187 0.997329652
1341840849.882256 1.001133561 -0.028516870 -0.022740424 0.004603030 0.057062209 -0.040223736 0.997549415
1341840849.921575 1.017449260 -0.012117349 -0.028612211 0.008892556 0.050653886 -0.039559092 0.997892857
1341840849.946362 1.013231754 -0.032051381 -0.019176885 -0.003041748 0.055155873 -0.040587373 0.997647882
1341840849.982476 1.019566298 -0.035059609 -0.021146081 0.000806536 0.055215493 -0.040398438 0.997656524
1341840850.014371 1.020703197 -0.015463330 -0.024099037 0.010320882 0.056854412 -0.038463019 0.997587919
1341840850.046326 1.016664267 -0.006262790 -0.019956656 0.008907294 0.057001591 -0.039583009 0.997549295
1341840850.082415 1.024229527 -0.029116156 -0.018179290 -0.002952139 0.052317735 -0.040686004 0.997796953
1341840850.121449 1.029822946 -0.031000018 -0.023244850 0.000586160 0.052873529 -0.040763561 0.997768700
1341840850.157539 1.030901670 -0.014522492 -0.025925383 0.007741825 0.054319665 -0.039776511 0.997700989
1341840850.189410 1.025965095 -0.018440079 -0.022991255 0.002591438 0.054682910 -0.041022461 0.997657359
1341840850.221491 1.042539954 -0.031485297 -0.024223946 -0.001900611 0.046614274 -0.041037269 0.998067856
1341840850.257570 1.053715467 -0.028293189 -0.030078888 0.003116676 0.044440005 -0.041199256 0.998157322
1341840850.289374 1.050536990 -0.012820101 -0.029125966 0.009446853 0.049392071 -0.042282362 0.997839332
1341840850.314521 1.046249151 -0.010418219 -0.027445592 0.007696570 0.051116969 -0.044271260 0.997681260
1341840850.350348 1.061714292 -0.018697033 -0.032352522 0.002666160 0.044346340 -0.044764847 0.998009205
1341840850.382480 1.063414574 -0.016367652 -0.031626090 0.003463712 0.047953885 -0.046598554 0.997756004
1341840850.418448 1.051687121 -0.007714658 -0.026550986 0.007279502 0.054543633 -0.046905465 0.997382522
1341840850.450229 1.062867999 -0.012361660 -0.030016549 0.005186587 0.047617018 -0.047605500 0.997717142
1341840850.482352 1.093158364 -0.029919090 -0.044520635 -0.000880196 0.037492581 -0.047600694 0.998162150
1341840850.518351 1.075322866 -0.011086051 -0.036769472 0.007662760 0.057485007 -0.051978644 0.996962845
1341840850.550287 1.053139567 -0.002203844 -0.028962068 0.010142704 0.067581140 -0.051271267 0.996343911
1341840850.582563 1.054823995 -0.011180697 -0.024549410 0.007912708 0.060020749 -0.049104769 0.996957183
1341840850.618439 1.070537329 -0.016142227 -0.030786209 0.011454266 0.049353115 -0.050046943 0.997460961
1341840850.650443 1.086133718 0.001049290 -0.045075227 0.019411450 0.042605244 -0.049265385 0.997687817
1341840850.686406 1.085726142 0.000404857 -0.040293854 0.013912142 0.044567838 -0.047306661 0.997788668
1341840850.718516 1.078877926 -0.012671470 -0.033594899 0.008795533 0.048410319 -0.047052018 0.997679889
1341840850.750308 1.084575653 -0.002903829 -0.038356710 0.015738370 0.045353044 -0.046537977 0.997762263
1341840850.786319 1.095266700 0.004435965 -0.042884495 0.016889578 0.041124418 -0.045183964 0.997988939
1341840850.818316 1.096781373 -0.006464440 -0.039378043 0.009489262 0.043124154 -0.045614347 0.997982740
1341840850.854290 1.105703115 -0.010408567 -0.043161318 0.008845842 0.042237032 -0.045831416 0.998016655
1341840850.886322 1.112890124 0.001660996 -0.044128604 0.013402980 0.043578118 -0.044220023 0.997980893
1341840850.918358 1.098331213 -0.001267624 -0.037902080 0.009212655 0.053089324 -0.042754140 0.997631550
1341840850.954395 1.099750400 -0.010632538 -0.034984432 0.006614552 0.051704418 -0.042031165 0.997755587
1341840850.986448 1.114257097 -0.002623108 -0.041512325 0.012292413 0.045606535 -0.040276013 0.998071551
1341840851.018447 1.114508271 -0.001423202 -0.039987810 0.010858617 0.047791209 -0.038593024 0.998052418
1341840851.054395 1.109674335 -0.011501336 -0.036192298 0.007207189 0.050503772 -0.038500383 0.997955501
1341840851.086362 1.122019887 -0.006302703 -0.040021766 0.011474762 0.045205712 -0.038817469 0.998157322
1341840851.122353 1.127364874 -0.010101228 -0.040340874 0.010232212 0.045870766 -0.037468713 0.998192012
1341840851.154293 1.123744726 -0.007698976 -0.037278406 0.013002159 0.049470268 -0.036643796 0.998018444
1341840851.186482 1.133169174 -0.005614906 -0.039307412 0.014163989 0.045339637 -0.035595436 0.998236775
1341840851.222499 1.134176373 -0.011421788 -0.037522785 0.011709972 0.046665214 -0.036685586 0.998168051
1341840851.254587 1.137661576 -0.014852535 -0.036542200 0.012442184 0.047023859 -0.037371226 0.998116910
1341840851.286786 1.140263915 -0.008791905 -0.036835127 0.016524766 0.047304355 -0.037797183 0.998028338
1341840851.322525 1.146752357 -0.007184345 -0.037780114 0.016297948 0.044738423 -0.038265053 0.998132586
1341840851.354461 1.152420282 -0.018074356 -0.036320955 0.011302179 0.044123102 -0.040260483 0.998150587
1341840851.390383 1.160282016 -0.017977910 -0.039193209 0.013481675 0.044147357 -0.041193921 0.998084307
1341840851.422373 1.147271395 -0.017929664 -0.032704324 0.014365467 0.052619066 -0.041369021 0.997653961
1341840851.454333 1.141726136 -0.018991705 -0.031490579 0.017256111 0.051227842 -0.040225457 0.997727334
1341840851.490328 1.164327741 -0.016192541 -0.037611354 0.019753762 0.037588984 -0.039575584 0.998313904
1341840851.522431 1.175719142 -0.026579525 -0.039080057 0.015629252 0.035771668 -0.039762620 0.998446286
1341840851.555777 1.167398334 -0.030863443 -0.036875799 0.017774843 0.043535408 -0.041197535 0.998043835
1341840851.590800 1.168479204 -0.013569327 -0.039869148 0.026850613 0.042666394 -0.041525733 0.997864842
1341840851.622401 1.179719925 -0.019533725 -0.039590914 0.021324202 0.037509922 -0.040200617 0.998259544
1341840851.658371 1.186919212 -0.031377472 -0.038729139 0.017260024 0.037371218 -0.039562527 0.998368800
1341840851.690446 1.191186428 -0.027114814 -0.039573736 0.020818256 0.039006256 -0.038645450 0.998274326
1341840851.722387 1.182680607 -0.030765779 -0.037053235 0.019664750 0.044137429 -0.038926151 0.998073101
1341840851.758379 1.189359426 -0.034616821 -0.037570849 0.019859983 0.041303884 -0.039216142 0.998179197
1341840851.790498 1.192341685 -0.038506385 -0.036983322 0.021309817 0.041859534 -0.037876576 0.998177826
1341840851.822502 1.193785429 -0.032191664 -0.038699076 0.026412722 0.041631237 -0.036306623 0.998123765
1341840851.858469 1.208865285 -0.023090299 -0.041362826 0.028225038 0.035383970 -0.034770794 0.998369813
1341840851.890382 1.212413669 -0.042989030 -0.038120937 0.018314261 0.037390362 -0.034604993 0.998533428
1341840851.926297 1.207796931 -0.046412647 -0.036544181 0.022202220 0.043213069 -0.032870226 0.998278141
1341840851.958364 1.209136009 -0.025170103 -0.037363090 0.031754263 0.042724989 -0.031259522 0.998092711
1341840851.990589 1.221872568 -0.035674557 -0.037173629 0.023708869 0.035925042 -0.030328058 0.998612761
1341840852.026374 1.229104519 -0.049888421 -0.036393587 0.019043738 0.036060851 -0.028538877 0.998760462
1341840852.058336 1.221285939 -0.043979142 -0.035807192 0.024949731 0.043361131 -0.026228007 0.998403430
1341840852.094404 1.221564651 -0.033745240 -0.034943067 0.029091202 0.042450216 -0.024845194 0.998365879
1341840852.126392 1.235564232 -0.041001081 -0.037889969 0.022580206 0.035489619 -0.026267707 0.998769581
1341840852.158516 1.246412158 -0.060577858 -0.040160347 0.014216621 0.035923541 -0.026630234 0.998898506
1341840852.194279 1.242927074 -0.050931275 -0.036127068 0.023408838 0.046254367 -0.024398269 0.998357296
1341840852.226380 1.222969055 -0.031323947 -0.031882659 0.030472806 0.056287233 -0.023892706 0.997663379
1341840852.258313 1.233268380 -0.048483551 -0.033153400 0.019775404 0.046675727 -0.022664431 0.998457134
1341840852.294500 1.249560237 -0.065990739 -0.034150712 0.015486138 0.041019801 -0.023312809 0.998766243
1341840852.326311 1.258781433 -0.054218300 -0.039088428 0.024614075 0.043073040 -0.025051923 0.998454452
1341840852.362368 1.250760674 -0.040620428 -0.037854046 0.027411684 0.050938558 -0.025883505 0.997989953
1341840852.394489 1.256488681 -0.058513694 -0.034530841 0.018075114 0.050279390 -0.023898907 0.998285592
1341840852.426307 1.258216143 -0.062313274 -0.036140591 0.019861568 0.052694637 -0.022410627 0.998161614
1341840852.462394 1.257591605 -0.055026103 -0.037227161 0.024845110 0.055328481 -0.020573981 0.997946978
1341840852.494557 1.266589284 -0.050662801 -0.037169412 0.025939584 0.052823715 -0.018042337 0.998103857
1341840852.526348 1.270821810 -0.054833658 -0.036629379 0.022592215 0.054247025 -0.016899733 0.998128891
1341840852.562305 1.271666765 -0.053172063 -0.035631314 0.022879798 0.057401363 -0.015937254 0.997961700
1341840852.594400 1.271491647 -0.050922334 -0.035428584 0.021614764 0.060077325 -0.014539285 0.997853756
1341840852.630345 1.267610192 -0.068141840 -0.031112581 0.014202342 0.062323954 -0.014373136 0.997851431
1341840852.663508 1.269803524 -0.065638080 -0.031950511 0.020317083 0.060846549 -0.014342408 0.997837305
1341840852.694654 1.270151854 -0.049140021 -0.032516792 0.028233772 0.059479348 -0.013279487 0.997741818
1341840852.732477 1.275125861 -0.052321400 -0.032820798 0.024189824 0.055572279 -0.011944721 0.998090148
1341840852.762455 1.282942176 -0.048427388 -0.033694878 0.024041604 0.052476715 -0.011959931 0.998261094
1341840852.794631 1.288444638 -0.055802461 -0.032486625 0.017898893 0.051975965 -0.013909056 0.998391032
1341840852.830583 1.292635679 -0.071765095 -0.030777171 0.012878013 0.053009454 -0.016604451 0.998372912
1341840852.862990 1.290865898 -0.063598074 -0.031540208 0.021141838 0.055903509 -0.018618701 0.998038650
1341840852.898597 1.293297052 -0.038948715 -0.033706166 0.029815622 0.055697355 -0.018117145 0.997837961
1341840852.930367 1.289888978 -0.053289037 -0.030924082 0.017082494 0.057239681 -0.017821075 0.998055220
1341840852.962482 1.293677449 -0.069597252 -0.028006084 0.011908267 0.055414755 -0.018283088 0.998224974
1341840852.998535 1.300654769 -0.057201259 -0.032578155 0.020343253 0.053229425 -0.019755255 0.998179615
1341840853.037588 1.301865339 -0.053951327 -0.033175349 0.020178169 0.054278545 -0.020478951 0.998111844
1341840853.066770 1.300587535 -0.061383668 -0.031872958 0.017393822 0.055216037 -0.020680863 0.998108685
1341840853.098354 1.307264686 -0.056912310 -0.034269035 0.021047762 0.052223805 -0.021319758 0.998185933
1341840853.131999 1.315070987 -0.053009782 -0.035798177 0.021974491 0.050750412 -0.022214971 0.998222411
1341840853.166530 1.313091874 -0.063703991 -0.033966020 0.018350838 0.053530525 -0.024165958 0.998105049
1341840853.198406 1.315609097 -0.053851578 -0.037076242 0.025686678 0.052084658 -0.026115593 0.997970641
1341840853.231726 1.329051495 -0.035415627 -0.040191166 0.030148031 0.046885855 -0.028197559 0.998046935
1341840853.266442 1.332399607 -0.053990360 -0.037825704 0.017629696 0.049539454 -0.029774617 0.998172581
1341840853.298516 1.323730469 -0.075919434 -0.038418449 0.011986458 0.055923946 -0.030764379 0.997888982
1341840853.334385 1.327764630 -0.052575313 -0.041203268 0.027588863 0.052507110 -0.032641899 0.997705579
1341840853.366351 1.340158343 -0.038881712 -0.043947615 0.030744484 0.046913840 -0.032841038 0.997885406
1341840853.398402 1.344264269 -0.055374105 -0.043018579 0.021678070 0.047768950 -0.033044733 0.998076260
1341840853.434335 1.344529033 -0.052122150 -0.043820813 0.024169028 0.049644157 -0.034301534 0.997885108
1341840853.466387 1.344143987 -0.046410695 -0.044109069 0.025522845 0.050225154 -0.036052641 0.997760594
1341840853.498430 1.354271293 -0.053233262 -0.044549443 0.022622542 0.046576954 -0.037696239 0.997946799
1341840853.534407 1.357391000 -0.049898509 -0.045450494 0.025187619 0.048546515 -0.038747780 0.997751176
1341840853.566451 1.355974555 -0.038679887 -0.046123296 0.028505491 0.050785139 -0.038579371 0.997556984
1341840853.602691 1.362573981 -0.035676740 -0.047141269 0.025013259 0.048332747 -0.039104674 0.997752011
1341840853.634832 1.363819122 -0.051930081 -0.043435335 0.015585578 0.049751781 -0.040034927 0.997837186
1341840853.666488 1.361200213 -0.058317710 -0.043451175 0.016336100 0.051377233 -0.041677520 0.997675598
1341840853.702424 1.365861654 -0.039362133 -0.046252578 0.025809327 0.048882384 -0.042732339 0.997556210
1341840853.734353 1.368495941 -0.035283517 -0.046764918 0.023007944 0.047433008 -0.044798952 0.997604012
1341840853.766467 1.374732137 -0.055912897 -0.043610051 0.013855324 0.045496114 -0.045493133 0.997831941
1341840853.802607 1.377542496 -0.047466699 -0.045901783 0.021335267 0.045835558 -0.046507549 0.997637689
1341840853.834576 1.380911231 -0.031773757 -0.047262572 0.026024720 0.045616955 -0.048180606 0.997456968
1341840853.870615 1.386068344 -0.037331518 -0.046261370 0.020287691 0.044430900 -0.049965099 0.997555912
1341840853.902573 1.387752295 -0.040602159 -0.045396194 0.017550200 0.045900915 -0.050384030 0.997520208
1341840853.940152 1.388322353 -0.040212996 -0.046044290 0.017540233 0.046530593 -0.051213175 0.997448981
1341840853.970342 1.395270824 -0.032559879 -0.047829717 0.019239530 0.043951698 -0.052349776 0.997475624
1341840854.002413 1.403296232 -0.038825378 -0.046358109 0.014657567 0.043529339 -0.054104630 0.997478366
1341840854.034566 1.400849700 -0.043918535 -0.046467587 0.014185445 0.048621546 -0.055866484 0.997152805
1341840854.070475 1.400677443 -0.031688370 -0.048840620 0.020194840 0.050625917 -0.055712909 0.996958017
1341840854.102373 1.400238395 -0.030030530 -0.049240038 0.018808998 0.050286155 -0.055034608 0.997039974
1341840854.138343 1.410349369 -0.036072191 -0.049628556 0.015608628 0.045781396 -0.055853762 0.997266650
1341840854.170475 1.416473746 -0.041275200 -0.049652472 0.015935631 0.046386011 -0.055910178 0.997230411
1341840854.202459 1.410676003 -0.032125220 -0.052422293 0.022183953 0.051067054 -0.055594932 0.996899843
1341840854.238384 1.408158660 -0.028479449 -0.053822622 0.022230238 0.050118603 -0.055300385 0.996963322
1341840854.270355 1.416175127 -0.039817333 -0.053469501 0.018300636 0.044544592 -0.055561002 0.997293293
1341840854.306367 1.430373907 -0.037391338 -0.056067448 0.022985850 0.040704861 -0.055288255 0.997375548
1341840854.338540 1.426449299 -0.024908608 -0.056319252 0.028763568 0.046211693 -0.054609939 0.997023046
1341840854.370427 1.420174956 -0.023778342 -0.057728440 0.026794124 0.047990866 -0.053234771 0.997068226
1341840854.406491 1.429852247 -0.029836923 -0.056432076 0.022904739 0.042205252 -0.052993752 0.997439623
1341840854.438402 1.433451533 -0.027075415 -0.056837965 0.024658278 0.042479586 -0.051845673 0.997446477
1341840854.470341 1.428283572 -0.021988964 -0.057951778 0.025058299 0.044298597 -0.051438030 0.997378469
1341840854.506442 1.438195348 -0.025319938 -0.057166174 0.021652903 0.038569886 -0.052916743 0.997618854
1341840854.538722 1.450122356 -0.025449410 -0.056113038 0.021747358 0.036901470 -0.053428091 0.997652650
1341840854.574331 1.446626902 -0.019961713 -0.055406898 0.022340525 0.043203574 -0.054406587 0.997333586
1341840854.606460 1.439245105 -0.027668698 -0.054553337 0.017747905 0.046990544 -0.054998245 0.997222185
1341840854.638476 1.444291472 -0.023547586 -0.055458128 0.019467318 0.044302620 -0.053017292 0.997420430
1341840854.674312 1.451819897 -0.021231504 -0.054606691 0.018331796 0.041411612 -0.051954437 0.997622073
1341840854.706362 1.450075746 -0.030327758 -0.053267539 0.014125659 0.042468123 -0.053771727 0.997549772
1341840854.738328 1.456828237 -0.024744192 -0.053406045 0.017463453 0.040567275 -0.054840688 0.997517824
1341840854.774384 1.456100464 -0.025747301 -0.053036198 0.016190108 0.042739328 -0.055103604 0.997434139
1341840854.806396 1.457448959 -0.025000613 -0.052903652 0.016245874 0.042443104 -0.056489844 0.997368336
1341840854.842383 1.461497307 -0.030380541 -0.051754311 0.013860876 0.041321766 -0.058239844 0.997350752
1341840854.874351 1.458328366 -0.047481149 -0.051508546 0.010427102 0.042784531 -0.057871237 0.997352302
1341840854.906375 1.455282688 -0.031025974 -0.053775750 0.022546401 0.042286817 -0.057859093 0.997173905
1341840854.942414 1.461226463 -0.021003332 -0.055844419 0.024902115 0.036577053 -0.060525067 0.997185409
1341840854.974632 1.477429628 -0.035982575 -0.052824061 0.017292332 0.029756082 -0.062085930 0.997477233
1341840855.006485 1.475555182 -0.043454606 -0.051643725 0.019189011 0.034036312 -0.063508086 0.997216105
1341840855.042409 1.473540783 -0.019748662 -0.055209704 0.030523119 0.035759207 -0.065186433 0.996764958
1341840855.074380 1.498090267 -0.009773682 -0.054387815 0.027665319 0.027071688 -0.066255562 0.997051656
