1341840840.169494 0.068038486 0.018110769 0.004509767 -0.017887957 -0.011811894 -0.004509524 0.999760032
1341840840.201335 0.068301052 0.030937521 0.001280837 -0.012118783 -0.011913238 -0.005007172 0.999843061
1341840840.233363 0.065884955 0.040426485 0.004380681 -0.011823028 -0.010789211 -0.003652596 0.999865234
1341840840.269407 0.070095398 0.026134076 0.006069383 -0.020085318 -0.010712533 -0.001277433 0.999740064
1341840840.294570 0.073128149 0.025043940 0.006715818 -0.019067433 -0.010287223 -0.000724366 0.999764979
1341840840.330394 0.070324481 0.022508165 0.006244202 -0.018025137 -0.008052450 0.000365347 0.999805033
1341840840.362487 0.069064252 0.032310944 0.002694822 -0.013018770 -0.007754314 0.002499781 0.999882042
1341840840.394382 0.080989145 0.033695787 0.001916177 -0.015769146 -0.013535058 0.005919701 0.999766529
1341840840.430325 0.091367483 0.024427215 0.007501743 -0.019521335 -0.016611820 0.007611549 0.999642491
1341840840.462407 0.096675999 0.033742543 0.003559168 -0.013824723 -0.014291992 0.006354559 0.999782085
1341840840.494502 0.098514266 0.038296115 0.002704473 -0.015153117 -0.014076759 0.007843995 0.999755323
1341840840.530297 0.102050893 0.030589925 0.005640418 -0.020127766 -0.015015367 0.009449138 0.999639988
1341840840.562361 0.106926464 0.030566104 0.005877572 -0.018848710 -0.016336154 0.010048813 0.999638379
1341840840.598321 0.104926392 0.030789627 0.003593482 -0.019040676 -0.015197916 0.010677769 0.999646187
1341840840.630280 0.108528189 0.016800914 0.003214806 -0.023886496 -0.018165082 0.013655492 0.999456346
1341840840.662439 0.114756607 0.031022409 0.001705760 -0.015536535 -0.021707075 0.012590162 0.999564350
1341840840.698371 0.127453506 0.038917493 0.004946928 -0.013739884 -0.023893116 0.012641793 0.999540150
1341840840.730361 0.133275211 0.025566908 0.008012600 -0.019381939 -0.021288496 0.013629708 0.999492526
1341840840.762407 0.126109883 0.026441740 0.004504410 -0.014643814 -0.015719498 0.011303147 0.999705315
1341840840.798303 0.127406508 0.039649487 0.001118831 -0.008496244 -0.016323332 0.010478015 0.999775767
1341840840.830375 0.141733319 0.035121772 0.005653183 -0.012552666 -0.020026678 0.012056423 0.999647915
1341840840.866393 0.145379201 0.022902383 0.006853609 -0.015460690 -0.017339593 0.011984599 0.999658287
1341840840.898320 0.142259464 0.031333309 0.002172947 -0.008098748 -0.013633103 0.010134841 0.999822915
1341840840.930454 0.144469574 0.042262502 -0.001564547 -0.005406403 -0.013279672 0.009542204 0.999851644
1341840840.966498 0.164432064 0.037255920 0.003242892 -0.011664903 -0.016710917 0.008819439 0.999753416
1341840840.998398 0.168318212 0.035446435 0.003951316 -0.011769826 -0.014824496 0.008337844 0.999786079
1341840841.034538 0.163750932 0.040581085 0.002000979 -0.010099067 -0.010763003 0.007208528 0.999865055
1341840841.066345 0.170393869 0.051825237 0.001116645 -0.009075481 -0.007761767 0.005532141 0.999913394
1341840841.098335 0.168271229 0.033926416 0.002125641 -0.022523722 -0.003451067 0.006813272 0.999717176
1341840841.134331 0.178536043 0.021961968 0.005333738 -0.025191676 -0.007315750 0.008100087 0.999623060
1341840841.166392 0.181432962 0.044283103 0.002364868 -0.013750601 -0.004241393 0.007260673 0.999870062
1341840841.198348 0.181383312 0.040257439 0.001033228 -0.019005952 0.002194104 0.008469107 0.999781072
1341840841.234400 0.192749605 0.020073939 0.003455370 -0.027438793 -0.000374203 0.012133074 0.999549747
1341840841.266296 0.195739850 0.020805025 -0.000317445 -0.020958632 -0.001694624 0.011903069 0.999708056
1341840841.302430 0.204112917 0.038964380 -0.003961140 -0.011897535 -0.000915607 0.012461401 0.999851167
1341840841.334542 0.205867931 0.036340550 -0.004638601 -0.014090694 0.000891118 0.013853149 0.999804318
1341840841.366311 0.207836390 0.033754759 -0.005860682 -0.015043231 0.001024586 0.013273845 0.999798179
1341840841.402475 0.213480979 0.032936215 -0.007417040 -0.015259516 -0.001117270 0.012161845 0.999808967
1341840841.434345 0.217461318 0.038358975 -0.007930256 -0.013292759 -0.002005742 0.011749081 0.999840617
1341840841.466383 0.213187546 0.035119221 -0.008776593 -0.015513273 -0.001549192 0.011728416 0.999809682
1341840841.502454 0.215730622 0.030228605 -0.008517239 -0.018088341 -0.002199923 0.011890166 0.999763250
1341840841.534696 0.223900855 0.027092945 -0.008569742 -0.018499359 -0.005606319 0.012502405 0.999734998
1341840841.570470 0.224485725 0.043428950 -0.012916937 -0.012272294 -0.004624031 0.012900423 0.999830782
1341840841.602476 0.232400119 0.046857316 -0.004683005 -0.015205741 -0.006884811 0.013044827 0.999775589
1341840841.634468 0.240206718 0.034350723 -0.001774946 -0.020425702 -0.007590943 0.012058347 0.999689817
1341840841.671032 0.232161522 0.031316914 -0.010548503 -0.020226613 -0.001798505 0.011816341 0.999723971
1341840841.702284 0.231386319 0.038969085 -0.010801715 -0.017853698 -0.002944677 0.013604443 0.999743700
1341840841.734304 0.249061823 0.044298116 -0.006162224 -0.018202296 -0.008392745 0.014877650 0.999688447
1341840841.770351 0.252535880 0.037262511 -0.004312912 -0.021732338 -0.009328613 0.016541101 0.999583423
1341840841.802313 0.239451379 0.030757526 -0.009912215 -0.023294972 -0.008197022 0.019330250 0.999508142
1341840841.838370 0.242701054 0.025035277 -0.012447519 -0.025760928 -0.011907798 0.021566715 0.999364555
1341840841.870881 0.253256828 0.036648151 -0.006768144 -0.017928535 -0.023461767 0.017646555 0.999408185
1341840841.902346 0.265688092 0.055917773 -0.004176463 -0.010440467 -0.027933644 0.014087609 0.999455988
1341840841.938375 0.261755705 0.044140778 -0.005295705 -0.019583043 -0.020609872 0.014340997 0.999492884
1341840841.970352 0.248003364 0.032556206 -0.009580578 -0.024919011 -0.018053783 0.012692536 0.999445856
1341840842.006342 0.254361540 0.044460427 -0.008081616 -0.020476583 -0.023987744 0.010272519 0.999449730
1341840842.038475 0.271722943 0.048733287 -0.000307332 -0.020731537 -0.027158761 0.008404476 0.999380767
1341840842.070419 0.269432127 0.044663209 -0.004252360 -0.021703467 -0.021787997 0.006645923 0.999504924
1341840842.106404 0.261867315 0.042915937 -0.010444790 -0.023122299 -0.016961910 0.005220584 0.999575078
1341840842.138367 0.262180686 0.029296396 -0.010505508 -0.027593305 -0.019891374 0.004096030 0.999412894
1341840842.170410 0.269286096 0.038084555 -0.009011915 -0.018599313 -0.028755991 0.002181838 0.999411047
1341840842.206430 0.273893803 0.044311360 -0.011812784 -0.013698477 -0.028910317 -0.001247484 0.999487400
1341840842.238319 0.274246216 0.043172408 -0.014185995 -0.012695703 -0.026869727 -0.005852492 0.999541223
1341840842.274385 0.294626683 0.047149338 -0.013991352 -0.009402585 -0.025916940 -0.011573294 0.999552906
1341840842.306571 0.289065123 0.045659333 -0.019772749 -0.006759891 -0.020019159 -0.015539988 0.999655962
1341840842.338413 0.284795403 0.051151123 -0.027650420 -0.003696216 -0.017852752 -0.017474007 0.999681115
1341840842.374365 0.288839728 0.038295183 -0.026811998 -0.009543567 -0.021745989 -0.018699184 0.999543071
1341840842.406739 0.284969509 0.034770992 -0.027711166 -0.004541104 -0.027455008 -0.021021826 0.999391615
1341840842.438410 0.301818371 0.069542214 -0.023371940 0.010511138 -0.032974165 -0.024734024 0.999094784
1341840842.574346 0.313971758 0.069767937 -0.030062653 0.017602026 0.006688079 -0.038765278 0.999070883
1341840842.606530 0.342361748 0.077974230 -0.023008861 0.013824485 0.000235708 -0.033267792 0.999350846
1341840842.642329 0.327337682 0.045331914 -0.022625901 -0.003241760 0.014602206 -0.031308331 0.999397814
1341840842.674386 0.298258901 0.037715569 -0.035668984 -0.001944150 0.022816783 -0.032519851 0.999208689
1341840842.706548 0.319058448 0.062940136 -0.031443611 0.008910253 0.010859114 -0.034164950 0.999317467
1341840842.810490 0.323745191 0.050357919 -0.035064116 0.012297131 0.039744493 -0.036653850 0.998461604
1341840842.842296 0.327734679 0.068111204 -0.040532745 0.015170835 0.039886273 -0.036315545 0.998428822
1341840842.874411 0.341961980 0.062316805 -0.030357100 0.008477299 0.032573104 -0.035709336 0.998795271
1341840842.910377 0.348726541 0.038556997 -0.027300425 0.000790531 0.028284468 -0.033375040 0.999042273
1341840842.942647 0.337144285 0.052809447 -0.037630096 0.010245300 0.035523940 -0.034869801 0.998707771
1341840842.974535 0.346292347 0.061945520 -0.035118654 0.012140929 0.031684216 -0.037524339 0.998719454
1341840843.010449 0.376619935 0.043476384 -0.027477112 0.003658645 0.022438090 -0.034064490 0.999161005
1341840843.042429 0.353906572 0.038412433 -0.037006617 0.003794058 0.040020626 -0.029551838 0.998754561
1341840843.078385 0.330139428 0.055507056 -0.049451251 0.010635330 0.048430696 -0.028022163 0.998376727
1341840843.110373 0.315851361 0.046617147 -0.046283148 0.003078562 0.050472636 -0.036458258 0.998055041
1341840843.178476 0.391842574 0.046933625 -0.028114336 0.009070099 0.032070518 -0.027213933 0.999073863
1341840843.210589 0.346296459 0.054194786 -0.048180763 0.012040363 0.056718204 -0.029847343 0.997871339
1341840843.246317 0.357645780 0.057171144 -0.044075958 0.010401743 0.046394907 -0.032632858 0.998335838
1341840843.278543 0.390595138 0.059208650 -0.022815049 0.011689832 0.032970041 -0.031559519 0.998889565
1341840843.310587 0.382473201 0.053113185 -0.025037613 0.013715883 0.045497421 -0.030591784 0.998401701
1341840843.346529 0.369641423 0.050976224 -0.044733915 0.013901418 0.054248504 -0.031277984 0.997940660
1341840843.385053 0.377316743 0.076657504 -0.040969219 0.019703593 0.052955296 -0.031457253 0.997906804
1341840843.411509 0.399315685 0.063961223 -0.029794704 0.009807217 0.044469286 -0.027600843 0.998581231
1341840843.447220 0.388025194 0.057811998 -0.033307336 0.007970174 0.053255402 -0.026241997 0.998204231
1341840843.478671 0.376277983 0.072865754 -0.041031208 0.013162182 0.058768950 -0.028892433 0.997766614
1341840843.515039 0.394609898 0.069734238 -0.031774182 0.007457297 0.049498644 -0.031494018 0.998249710
1341840843.548527 0.401043892 0.054643046 -0.022839187 0.001841552 0.050071362 -0.032135170 0.998226821
1341840843.582569 0.394557059 0.055208381 -0.031939976 0.006514874 0.056091741 -0.033259042 0.997850239
1341840843.614798 0.390773147 0.069352910 -0.038626425 0.010136063 0.057891950 -0.033926010 0.997694790
1341840843.653429 0.401092231 0.059785329 -0.028526628 0.001208195 0.051533528 -0.031728663 0.998166382
1341840843.687928 0.412893772 0.046101071 -0.024394870 -0.002708603 0.047035608 -0.032463107 0.998361886
1341840843.720258 0.409735292 0.054520942 -0.030354073 0.003328308 0.050663777 -0.034296595 0.998121142
1341840843.785505 0.414072603 0.049876988 -0.024563000 -0.000766434 0.049240749 -0.034472171 0.998191535
1341840843.814703 0.412903398 0.052694548 -0.023569195 0.002638764 0.051481489 -0.034761690 0.998065293
1341840843.846439 0.410605788 0.050948378 -0.028216628 0.002050660 0.054063164 -0.034527332 0.997938335
1341840843.882429 0.418788224 0.051716037 -0.025947658 0.001607489 0.050728932 -0.033328563 0.998154879
1341840843.914321 0.428274691 0.052214552 -0.021013817 0.002318581 0.048732109 -0.035710156 0.998170614
1341840843.946316 0.433051884 0.045941617 -0.019992396 0.000697563 0.050897107 -0.036038470 0.998053193
1341840843.982401 0.430357724 0.051984616 -0.023946842 0.002821282 0.055047821 -0.034684625 0.997877121
1341840844.014387 0.432438999 0.050335668 -0.020598112 -0.000052051 0.054115348 -0.034715194 0.997931063
1341840844.050399 0.444327444 0.031100392 -0.014914323 -0.005326232 0.049579918 -0.037631758 0.998046756
1341840844.082349 0.438513756 0.039239306 -0.022693634 0.004019128 0.056669947 -0.041023344 0.997541726
1341840844.114393 0.434099913 0.050329525 -0.023658695 0.006806769 0.060563628 -0.038281389 0.997406781
1341840844.150523 0.444582433 0.042941846 -0.020468673 0.002343709 0.055568337 -0.039951671 0.997652531
1341840844.182299 0.462831199 0.032704629 -0.017806519 0.001037929 0.055977490 -0.042802647 0.997513592
1341840844.218448 0.457280099 0.031471062 -0.014306717 0.003349990 0.055577632 -0.042387489 0.997548580
1341840844.250566 0.450997442 0.035941754 -0.023243122 0.008068183 0.061030012 -0.043455031 0.997156858
1341840844.282274 0.450379699 0.032711450 -0.030048598 0.003677737 0.061175637 -0.042557720 0.997212529
1341840844.318322 0.455268741 0.027208498 -0.018039901 0.000128396 0.056342632 -0.041004967 0.997569084
1341840844.350432 0.461180985 0.018811628 -0.024660178 0.002428438 0.055305753 -0.047076494 0.997356117
1341840844.382375 0.469669074 0.036422975 -0.023664149 0.011133797 0.053894706 -0.048186693 0.997321129
1341840844.418837 0.467594773 0.025625860 -0.024825029 0.003981743 0.057272773 -0.048056014 0.997193336
1341840844.450418 0.469827563 0.006903478 -0.028901191 -0.001294874 0.058410224 -0.049880106 0.997044921
1341840844.486330 0.472849160 0.017210640 -0.026595831 0.006745324 0.055177093 -0.054032758 0.996990681
1341840844.518335 0.492583752 0.016373049 -0.020795854 0.007257610 0.045265306 -0.053143885 0.997534037
1341840844.550458 0.482755333 0.018467830 -0.027509481 0.007361798 0.054479923 -0.052964315 0.997082055
1341840844.586351 0.479198068 0.010042801 -0.027654029 0.003595140 0.054180581 -0.052678190 0.997134209
1341840844.618382 0.485404670 0.013222861 -0.028173985 0.005269940 0.049726423 -0.052604355 0.997362673
1341840844.650334 0.493074208 0.015900996 -0.024822408 0.005216436 0.046858352 -0.053038161 0.997478843
1341840844.686320 0.493749678 0.008418187 -0.020917770 0.002916513 0.048010033 -0.055732127 0.997286558
1341840844.718495 0.510335624 0.005894823 -0.025148097 0.005079009 0.047107212 -0.055968307 0.997307718
1341840844.757582 0.510368645 0.011977167 -0.025733180 0.005922426 0.048759893 -0.055317324 0.997259915
1341840844.791011 0.510108113 0.003123878 -0.021524047 0.001287773 0.048362069 -0.055028237 0.997312069
1341840844.818394 0.523633122 0.000935808 -0.021276116 0.002754924 0.044205129 -0.056325585 0.997429550
1341840844.854307 0.527298212 0.000837400 -0.019423591 0.002483585 0.045406543 -0.055182111 0.997440219
1341840844.888045 0.523012996 0.001499059 -0.023895981 0.002723048 0.048448037 -0.053830091 0.997370362
1341840844.918612 0.532530367 0.002343758 -0.020542821 0.001111156 0.045231685 -0.052532058 0.997593701
1341840844.954718 0.538586676 -0.002939123 -0.019244907 -0.001838023 0.043738369 -0.052922469 0.997638583
1341840844.986719 0.545000196 -0.003295215 -0.016710477 -0.001461233 0.043404624 -0.053555608 0.997619987
1341840845.022279 0.553227246 -0.011590872 -0.019341195 -0.004622135 0.044183247 -0.052993409 0.997606277
1341840845.054280 0.556358337 -0.010692487 -0.018996235 -0.003560475 0.046254918 -0.050922319 0.997624516
1341840845.086344 0.555198133 -0.005357720 -0.020426936 -0.002249332 0.049221046 -0.049339853 0.997565985
1341840845.123640 0.558967829 -0.018287189 -0.019995045 -0.008897129 0.047073245 -0.051077377 0.997545004
1341840845.154408 0.562209010 -0.021710210 -0.018194765 -0.006669779 0.045168433 -0.053930797 0.997500300
1341840845.186393 0.562857687 -0.006630264 -0.025944823 -0.001173403 0.046813946 -0.050985482 0.997600853
1341840845.222296 0.560926497 -0.016702479 -0.023583476 -0.009374643 0.045638286 -0.048172280 0.997751832
1341840845.254440 0.571109176 -0.015669314 -0.016681964 -0.006830402 0.038453922 -0.049807955 0.997994900
1341840845.290376 0.581363082 -0.009112391 -0.014082052 -0.002698853 0.036783516 -0.052889906 0.997919023
1341840845.322289 0.574361861 -0.013046337 -0.015760671 -0.005984442 0.044077363 -0.052514721 0.997628987
1341840845.354494 0.566926420 -0.027170155 -0.017713241 -0.011416310 0.044933770 -0.052868392 0.997524738
1341840845.390309 0.566152692 -0.026872443 -0.020355621 -0.007198784 0.040791929 -0.054981388 0.997627795
1341840845.422339 0.580540717 -0.016736595 -0.021372646 0.000344912 0.034324862 -0.057076991 0.997779548
1341840845.458335 0.596918106 -0.007510853 -0.018121010 0.002330757 0.029947093 -0.058390610 0.997841775
1341840845.490264 0.594100654 -0.016776457 -0.015268495 -0.004783165 0.035070509 -0.059585415 0.997595489
1341840845.522343 0.584706426 -0.019609516 -0.016080342 -0.005877180 0.040998176 -0.058310565 0.997438967
1341840845.558310 0.578178704 -0.017083023 -0.016300967 -0.005021380 0.040829074 -0.055987477 0.997583687
1341840845.597232 0.581285894 -0.016073355 -0.016379099 -0.004157752 0.034831416 -0.054597169 0.997892082
1341840845.622577 0.599510908 -0.017189503 -0.015981622 -0.003324329 0.026179209 -0.054675847 0.998155355
1341840845.658634 0.606959224 -0.012245388 -0.020250570 -0.002212323 0.027282698 -0.055100132 0.998105586
1341840845.690353 0.609048486 -0.013659250 -0.019355686 -0.004962642 0.029620530 -0.057147570 0.997913897
1341840845.729069 0.609027684 -0.019029407 -0.017219709 -0.007099563 0.031833854 -0.058791269 0.997737348
1341840845.758375 0.608967602 -0.019218687 -0.020691784 -0.006093764 0.032741252 -0.057715744 0.997777402
1341840845.790466 0.606780171 -0.021825815 -0.019356223 -0.008433999 0.029985070 -0.056142889 0.997936726
1341840845.826375 0.622779131 -0.015723158 -0.021407405 -0.006499440 0.019758172 -0.057753786 0.998114169
1341840845.858782 0.631118536 -0.004220341 -0.014918564 -0.002545350 0.019697983 -0.063239694 0.997800708
1341840845.890417 0.628813446 -0.017514633 -0.014459118 -0.007311664 0.028495988 -0.064592957 0.997477949
1341840845.926383 0.621050835 -0.011862276 -0.019638505 -0.002337208 0.032336634 -0.065620683 0.997317791
1341840845.958390 0.629985213 -0.001089000 -0.018968772 -0.000505863 0.028431006 -0.065826073 0.997425854
1341840845.994269 0.637225270 -0.014478788 -0.017429685 -0.006484909 0.027535513 -0.064388290 0.997523844
1341840846.026558 0.638599455 -0.011350614 -0.019205553 -0.002928216 0.028551957 -0.063588902 0.997563362
1341840846.058807 0.638859808 -0.008700549 -0.020460717 -0.003164783 0.027963618 -0.063210167 0.997603357
1341840846.094265 0.650845349 -0.009463415 -0.018226523 -0.003159653 0.023429520 -0.064424939 0.997642457
1341840846.126378 0.666262805 -0.003502251 -0.014790207 0.000970667 0.022589643 -0.064619929 0.997653782
1341840846.158446 0.660082757 -0.006274026 -0.017915491 -0.000511264 0.031090088 -0.064229831 0.997450590
1341840846.194427 0.660478115 -0.005748630 -0.023080694 -0.002504452 0.031804625 -0.062770016 0.997518003
1341840846.226385 0.670879781 -0.008836503 -0.021026257 -0.005788029 0.027667232 -0.061051212 0.997734308
1341840846.262497 0.681252420 -0.008844668 -0.016655676 -0.003096534 0.027934492 -0.059115820 0.997855365
1341840846.294419 0.678543508 -0.005336934 -0.019192168 -0.001052721 0.034215275 -0.057749152 0.997744024
1341840846.326478 0.669551134 -0.010258113 -0.023672663 -0.004385626 0.037456952 -0.058019310 0.997602880
1341840846.362426 0.686175287 -0.009336586 -0.023628576 -0.003717691 0.030643512 -0.058586411 0.997804999
1341840846.394323 0.701533616 -0.009227633 -0.022653747 -0.002153500 0.029400546 -0.058095787 0.997875690
1341840846.430454 0.692806482 -0.002981623 -0.023378564 0.000349897 0.037594482 -0.057311777 0.997648180
1341840846.465291 0.694058239 -0.003566067 -0.027866658 -0.003426392 0.037754357 -0.057454050 0.997628152
1341840846.494473 0.705480576 -0.011415286 -0.028148171 -0.007404329 0.034100361 -0.057183124 0.997753739
1341840846.530439 0.712841451 -0.011271846 -0.027143976 -0.003758972 0.035701960 -0.056182712 0.997774899
1341840846.562569 0.702043116 -0.004449009 -0.028480910 -0.000216160 0.043065853 -0.053826779 0.997621179
1341840846.594486 0.707561076 0.004281658 -0.031335495 -0.000678379 0.039791130 -0.054021675 0.997746408
1341840846.630509 0.725658000 -0.005441148 -0.032970361 -0.007728894 0.034481045 -0.055230319 0.997848153
1341840846.662363 0.751701057 -0.025641972 -0.036583513 -0.012474960 0.031125117 -0.055661283 0.997886479
1341840846.698323 0.731158078 0.001952488 -0.035498150 0.001187885 0.046555515 -0.057487328 0.997259438
1341840846.730390 0.717910349 0.013455436 -0.028147921 0.000937462 0.050507471 -0.060281847 0.996902287
1341840846.762470 0.730643392 0.000581421 -0.028811224 -0.006557684 0.043892689 -0.059747174 0.997226477
1341840846.798363 0.745892584 0.006007554 -0.033838823 -0.003905733 0.041647982 -0.059220485 0.997368097
1341840846.830356 0.737751961 0.014334432 -0.029929206 -0.004426198 0.048090607 -0.059707630 0.997046947
1341840846.862350 0.731338680 0.002593539 -0.030371349 -0.010305378 0.049466863 -0.060959883 0.996860445
1341840846.898489 0.747737110 0.016586326 -0.031076796 -0.004649449 0.044876952 -0.060968909 0.997119486
1341840846.930380 0.761346221 0.029211057 -0.030664776 -0.004430735 0.043851446 -0.062695153 0.997059047
1341840846.966358 0.745759606 0.006816157 -0.030058168 -0.016917763 0.050341047 -0.061613128 0.996686220
1341840846.998844 0.745227516 0.007938388 -0.030052621 -0.014091400 0.047938924 -0.062496830 0.996793628
1341840847.030411 0.760095894 0.025072597 -0.031071860 -0.008792852 0.042030372 -0.063962393 0.997028112
1341840847.066359 0.764516890 0.020205826 -0.029783767 -0.014243348 0.043350551 -0.063415490 0.996943533
1341840847.098410 0.754232883 0.011933826 -0.028681960 -0.018404828 0.047906380 -0.063662931 0.996651053
1341840847.130366 0.757793605 0.015526834 -0.030614857 -0.016788283 0.044987738 -0.064402916 0.996768057
1341840847.166401 0.769613147 0.024474757 -0.030149963 -0.014646599 0.041692864 -0.064057007 0.996967316
1341840847.198307 0.766058803 0.011397860 -0.029514663 -0.020461788 0.044769917 -0.062978119 0.996800244
1341840847.234496 0.753682196 0.004597373 -0.030130174 -0.019183472 0.048174534 -0.062847249 0.996675193
1341840847.266747 0.761960387 0.018501494 -0.033000082 -0.012330265 0.042850520 -0.062834330 0.997027457
1341840847.298356 0.780682564 0.020282438 -0.031008177 -0.013428642 0.036974050 -0.062162656 0.997290552
1341840847.334573 0.772055209 0.010364193 -0.031138740 -0.016981874 0.042456135 -0.062522955 0.996995509
1341840847.366405 0.769340217 0.007540831 -0.031429850 -0.015526632 0.042615857 -0.062848963 0.996991932
1341840847.398361 0.779269099 0.013861302 -0.033055119 -0.012033386 0.038523912 -0.065587774 0.997030258
1341840847.434625 0.794174790 0.025186300 -0.031677388 -0.008652987 0.037522692 -0.067298040 0.996989548
1341840847.466370 0.783312917 0.011052327 -0.029688373 -0.015605529 0.046344753 -0.065528005 0.996651769
1341840847.502590 0.771963239 0.010683005 -0.028870501 -0.014519690 0.049960107 -0.064874589 0.996536255
1341840847.534309 0.783407211 0.021168163 -0.029161382 -0.011282469 0.044237316 -0.065561950 0.996803582
1341840847.566354 0.795899987 0.016176188 -0.028448507 -0.015033538 0.041294791 -0.065088138 0.996911347
1341840847.603337 0.791836321 0.004255921 -0.027518962 -0.018498573 0.045741633 -0.064189546 0.996717215
1341840847.634465 0.791648686 0.010921090 -0.025913388 -0.013990556 0.046159223 -0.064901650 0.996725321
1341840847.670420 0.801282048 0.014534108 -0.027030453 -0.012472223 0.042446490 -0.065345459 0.996881485
1341840847.702420 0.813614488 0.021335267 -0.026674617 -0.011005668 0.040967606 -0.064084262 0.997042537
1341840847.734342 0.812405467 0.014153231 -0.023204103 -0.015990594 0.044814494 -0.063218117 0.996864796
1341840847.770464 0.809518516 -0.006855336 -0.023820303 -0.022237239 0.046370000 -0.063537836 0.996653497
1341840847.802407 0.813850045 0.003477289 -0.026844561 -0.014086592 0.044302490 -0.065303251 0.996782005
1341840847.834306 0.822116911 0.016706180 -0.024379287 -0.009711144 0.043418318 -0.065748245 0.996843874
1341840847.870532 0.817352474 0.008905750 -0.021605920 -0.012469284 0.047515534 -0.064064749 0.996735930
1341840847.902485 0.818280697 0.015042524 -0.023069941 -0.009403916 0.046630785 -0.062672026 0.996899903
1341840847.938405 0.824707389 0.010440074 -0.021878388 -0.013262185 0.043488644 -0.063072711 0.996972799
1341840847.970339 0.825686097 -0.001908234 -0.022730079 -0.016548777 0.043054517 -0.063496582 0.996915579
1341840848.002312 0.828786552 0.003697697 -0.023485374 -0.011484885 0.042232562 -0.064247727 0.996973813
1341840848.038354 0.834588230 0.003317894 -0.023489363 -0.010175239 0.039157245 -0.064710513 0.997083604
1341840848.070743 0.844729722 0.005670116 -0.025337603 -0.008262434 0.035737578 -0.065205194 0.997197449
1341840848.102909 0.851075530 0.008041590 -0.025855351 -0.007548671 0.036432050 -0.065361664 0.997167766
1341840848.138432 0.849982262 0.002271160 -0.028102357 -0.011509849 0.039476905 -0.065600157 0.996998370
1341840848.170385 0.856640399 -0.002402591 -0.026277006 -0.013740368 0.037749030 -0.064833120 0.997087181
1341840848.206548 0.860823214 -0.008828140 -0.027106255 -0.014557429 0.037282418 -0.063361928 0.997187734
1341840848.238651 0.860366225 0.005118886 -0.023784809 -0.007261329 0.038825553 -0.062893428 0.997238338
1341840848.277372 0.868008435 -0.001561036 -0.026865594 -0.011021944 0.036493655 -0.062848493 0.997294724
1341840848.313384 0.873007655 -0.008296777 -0.026055414 -0.013103078 0.035486612 -0.063369527 0.997272909
1341840848.345285 0.876325548 -0.006381830 -0.027096838 -0.010454770 0.035611615 -0.063349433 0.997301042
1341840848.377729 0.876579583 -0.004485779 -0.028430119 -0.009706065 0.037585471 -0.063759558 0.997210026
1341840848.413434 0.882438004 -0.005424894 -0.027839672 -0.010962821 0.036652822 -0.063622534 0.997240484
1341840848.446614 0.885647118 -0.009920311 -0.028162256 -0.012518961 0.037644252 -0.062331367 0.997266769
1341840848.477376 0.886729717 -0.006395877 -0.027124375 -0.009740353 0.039682396 -0.060522698 0.997330189
1341840848.514358 0.893163085 0.000197869 -0.026860438 -0.008305956 0.037878145 -0.059773702 0.997458458
1341840848.545352 0.901146233 -0.019207999 -0.027442887 -0.017037593 0.035385396 -0.059726041 0.997441888
1341840848.581630 0.904932976 -0.026378889 -0.029387530 -0.013730349 0.038470581 -0.059250522 0.997407079
1341840848.613497 0.901296437 -0.012233594 -0.031170052 -0.005006776 0.042704299 -0.056966394 0.997449815
1341840848.645345 0.895126283 -0.002886152 -0.022641812 -0.002412492 0.043948125 -0.056258198 0.997445583
1341840848.681427 0.906749368 -0.022899734 -0.024945203 -0.008443861 0.038082153 -0.055141795 0.997716308
1341840848.713310 0.915039897 -0.023924578 -0.030891966 -0.004064274 0.038661938 -0.055041116 0.997726977
1341840848.745404 0.914913237 -0.015329304 -0.028093506 0.002148143 0.044713598 -0.054479085 0.997510970
1341840848.774529 0.912820578 -0.005204806 -0.027995650 0.006629435 0.048507161 -0.052547798 0.997417569
1341840848.806548 0.915633321 -0.000359219 -0.025842004 0.005462589 0.048300885 -0.050118059 0.997559726
1341840848.842443 0.920360625 -0.024789697 -0.021580435 -0.003530768 0.046534821 -0.046947367 0.997806609
1341840848.874427 0.923331141 -0.023484986 -0.027116217 0.002397949 0.045516800 -0.048506804 0.997782350
1341840848.910589 0.925813973 -0.007931407 -0.027667172 0.008710992 0.046452716 -0.050807308 0.997589529
1341840848.942390 0.934560418 -0.020045834 -0.022919200 0.004288818 0.045126338 -0.050283074 0.997705758
1341840848.974342 0.924790025 -0.034250241 -0.024298586 0.006521021 0.049121857 -0.049130861 0.997562349
1341840849.010480 0.922146142 -0.008550313 -0.030774467 0.019041767 0.047589239 -0.051856712 0.997338235
1341840849.042373 0.936414659 -0.013277649 -0.031348359 0.012443410 0.040738162 -0.050822787 0.997798860
1341840849.074269 0.940450072 -0.029451502 -0.030414548 0.007283031 0.041711375 -0.050473690 0.997827411
1341840849.110433 0.935756922 -0.022626907 -0.029124171 0.012885982 0.045974161 -0.050578844 0.997578084
1341840849.142356 0.939073980 -0.020188609 -0.028416373 0.016291870 0.043302964 -0.050309516 0.997661471
1341840849.178427 0.941609025 -0.015215439 -0.030741483 0.018948430 0.041237038 -0.051635206 0.997634351
1341840849.210439 0.944680929 -0.025234036 -0.030748826 0.015944514 0.040129948 -0.049025815 0.997863591
1341840849.242309 0.946610212 -0.022592202 -0.032253575 0.020493753 0.038937323 -0.047983717 0.997878492
1341840849.278391 0.961970210 -0.007731047 -0.036379106 0.025530258 0.033326056 -0.050217625 0.997855544
1341840849.310332 0.977309942 -0.033754956 -0.048872560 0.011402236 0.031040385 -0.049065851 0.998247921
1341840849.342402 0.988826334 -0.046916116 -0.040459231 0.010692229 0.037340052 -0.045981746 0.998186886
1341840849.378339 0.960762799 -0.021178819 -0.034882836 0.026048066 0.054910086 -0.047613122 0.997015238
1341840849.410390 0.971275568 -0.000854082 -0.036482692 0.032259993 0.048872586 -0.044636797 0.997285485
1341840849.446437 0.735360384 -0.025982432 -0.027985863 0.013065784 0.032016858 -0.040918924 0.998563886
1341840849.478425 0.738749087 -0.028604312 -0.029211061 0.014069357 0.034136798 -0.040288113 0.998505652
1341840849.512199 0.737757504 -0.009595483 -0.030149858 0.022749266 0.041703925 -0.042079132 0.997984290
1341840849.546449 0.742550552 -0.018905090 -0.029658759 0.023744335 0.040922999 -0.043829855 0.997918069
1341840849.578498 0.745220900 -0.030095581 -0.026301473 0.014696012 0.044710021 -0.043101802 0.997961581
1341840849.610692 0.742043614 -0.025015455 -0.026462067 0.012261189 0.052115556 -0.041921828 0.997685432
1341840849.646317 0.744120538 -0.018538436 -0.027279567 0.021424374 0.051117428 -0.040320002 0.997648358
1341840849.685647 0.748316646 -0.017136475 -0.029048756 0.016957894 0.046932604 -0.038004778 0.998030782
1341840849.714708 0.751111209 -0.042484347 -0.026676141 0.002207582 0.050914228 -0.037884496 0.997981787
1341840849.746347 0.747414410 -0.022768117 -0.025121626 0.007099960 0.058357213 -0.038215868 0.997538745
1341840849.778359 0.749651730 -0.017905951 -0.026087616 0.011747253 0.055899482 -0.038029432 0.997642696
1341840849.814323 0.752682924 -0.018744089 -0.024441190 0.003282607 0.059520755 -0.037950758 0.997500002
1341840849.846557 0.750591993 -0.022063555 -0.020453051 0.001646971 0.062410206 -0.038778946 0.997295558
1341840849.882256 0.754875660 -0.019711290 -0.023437306 0.005936357 0.058296066 -0.038420960 0.997542083
1341840849.921575 0.760844171 -0.017087488 -0.030347575 0.006266255 0.050237719 -0.036666099 0.998044372
1341840849.946362 0.755315840 -0.025633829 -0.023060523 -0.003612250 0.057714161 -0.039367087 0.997550130
1341840849.982476 0.756790102 -0.027080655 -0.024732254 -0.001009604 0.057281192 -0.039926983 0.997558832
1341840850.014371 0.758761704 -0.017760355 -0.026155520 0.011410327 0.055550631 -0.037196495 0.997697532
1341840850.046326 0.755945146 -0.014137253 -0.023965184 0.010848119 0.056229152 -0.038153578 0.997629642
1341840850.082415 0.758197963 -0.024592850 -0.023190454 -0.002021592 0.052665882 -0.040544793 0.997786760
1341840850.121449 0.762474895 -0.023027979 -0.025509015 0.001737386 0.048860103 -0.038029000 0.998079896
1341840850.157539 0.763343573 -0.015737031 -0.026608001 0.009903907 0.049776066 -0.037144564 0.998020351
1341840850.189410 0.761909962 -0.015911963 -0.024625894 0.006615587 0.049759436 -0.038566552 0.997994423
1341840850.221491 0.763666153 -0.024600074 -0.026329469 -0.003102263 0.050309405 -0.041947298 0.997847557
1341840850.257570 0.767326653 -0.022484792 -0.027417753 0.003089739 0.046062361 -0.040891200 0.998096526
1341840850.289374 0.767650187 -0.016175333 -0.027695313 0.009855223 0.049122471 -0.040831815 0.997909129
1341840850.314521 0.767316997 -0.015261560 -0.026388522 0.010163153 0.047971301 -0.042591076 0.997888505
1341840850.350348 0.771134257 -0.018395893 -0.028203964 0.004317953 0.043038242 -0.043520186 0.998115778
1341840850.382480 0.771694183 -0.017692251 -0.027787577 0.004899622 0.046695255 -0.045255240 0.997871459
1341840850.418448 0.768900514 -0.015244199 -0.026204664 0.008529902 0.051527966 -0.045051064 0.997618377
1341840850.450229 0.772910297 -0.018130889 -0.028505158 0.005015100 0.044722103 -0.045995191 0.997927427
1341840850.482352 0.781392038 -0.022201370 -0.032670021 0.000678942 0.036088131 -0.045879722 0.998294652
1341840850.518351 0.776417375 -0.014619973 -0.028880980 0.010004789 0.053998053 -0.049291432 0.997273505
1341840850.550287 0.769172788 -0.011640494 -0.026015550 0.013856746 0.065273382 -0.050084919 0.996513367
1341840850.582563 0.768558502 -0.015811918 -0.024850607 0.010406458 0.059188642 -0.048609499 0.997008324
1341840850.618439 0.774779141 -0.017950170 -0.028291911 0.012651899 0.046845969 -0.048264734 0.997655213
1341840850.650443 0.781716168 -0.009616448 -0.033238731 0.022790207 0.038980976 -0.047859140 0.997832954
1341840850.686406 0.779283464 -0.011708456 -0.030332740 0.015897498 0.043383043 -0.046346847 0.997856259
1341840850.718516 0.776269019 -0.016741322 -0.028085865 0.011053170 0.047238726 -0.045711547 0.997775912
1341840850.750308 0.780040026 -0.013341956 -0.030472737 0.017335227 0.041891865 -0.044597551 0.997975826
1341840850.786319 0.783198476 -0.010924134 -0.032027788 0.017763209 0.038959421 -0.043944985 0.998115957
1341840850.818316 0.783128858 -0.014731541 -0.030840788 0.010534247 0.041175693 -0.044102062 0.998122513
1341840850.854290 0.784787953 -0.015661031 -0.031223211 0.010398107 0.042525202 -0.045198038 0.998018324
1341840850.886322 0.787920833 -0.011910989 -0.032317083 0.014653518 0.042427421 -0.043066431 0.998063326
1341840850.918358 0.783160269 -0.012565806 -0.029346522 0.011056218 0.051466934 -0.041814640 0.997737646
1341840850.954395 0.784648895 -0.015663179 -0.028695282 0.008729828 0.049567372 -0.040266026 0.997920573
1341840850.986448 0.788991034 -0.012595072 -0.030833330 0.014617374 0.044504594 -0.039052054 0.998138607
1341840851.018447 0.788596928 -0.012448846 -0.030416969 0.012887109 0.046460114 -0.037528183 0.998131752
1341840851.054395 0.787365556 -0.015422484 -0.028726295 0.010090313 0.048623540 -0.037239287 0.998071730
1341840851.086362 0.791609824 -0.014078795 -0.030522488 0.013490057 0.043134827 -0.037299633 0.998281598
1341840851.122353 0.793252349 -0.015412848 -0.030355681 0.012150249 0.044105921 -0.036034666 0.998302817
1341840851.154293 0.793136597 -0.015068158 -0.029491305 0.014491949 0.047166321 -0.034744948 0.998177409
1341840851.186482 0.794701755 -0.013514822 -0.030036144 0.016604347 0.044160094 -0.034538683 0.998289168
1341840851.222499 0.796209216 -0.016227107 -0.029677670 0.013227819 0.043753546 -0.034904387 0.998344839
1341840851.254587 0.796797574 -0.016878288 -0.028998088 0.014810508 0.045321248 -0.035982773 0.998214364
1341840851.286786 0.797772825 -0.014903509 -0.029437643 0.018570380 0.044973772 -0.036253240 0.998157382
1341840851.322525 0.799717069 -0.014433583 -0.029655866 0.018161573 0.042893864 -0.036953434 0.998230815
1341840851.354461 0.801722169 -0.018486483 -0.029495783 0.013029696 0.042468105 -0.038847852 0.998257220
1341840851.390383 0.803648233 -0.017712954 -0.030138608 0.015764980 0.042922676 -0.039825454 0.998159826
1341840851.422373 0.799441457 -0.018131357 -0.028219391 0.016040172 0.050879326 -0.040205985 0.997766256
1341840851.454333 0.797424734 -0.018768843 -0.027435973 0.018892892 0.050978567 -0.039317030 0.997746646
1341840851.490328 0.806109011 -0.017817251 -0.029875193 0.021414684 0.036207397 -0.038158979 0.998385847
1341840851.522431 0.809148848 -0.020713875 -0.030397002 0.017610343 0.034046274 -0.038625672 0.998518288
1341840851.555777 0.806253731 -0.021014433 -0.028942809 0.021412598 0.042042229 -0.039974663 0.998086154
1341840851.590800 0.806810081 -0.015870240 -0.029921304 0.029560834 0.041272096 -0.040178601 0.997902036
1341840851.622401 0.810801148 -0.018355915 -0.030209754 0.023324903 0.035217971 -0.038981352 0.998346686
1341840851.658371 0.814213574 -0.022531088 -0.030041572 0.019266773 0.033769395 -0.038112372 0.998516858
1341840851.690446 0.814279556 -0.020588804 -0.030146958 0.023364248 0.037490968 -0.037591487 0.998316288
1341840851.722387 0.812391341 -0.022163838 -0.029271729 0.021879809 0.041077618 -0.037623845 0.998207569
1341840851.758379 0.814594924 -0.023384091 -0.029681005 0.021935521 0.038125556 -0.037814029 0.998316288
1341840851.790498 0.815616250 -0.024386154 -0.029341202 0.023804622 0.038754880 -0.036607038 0.998294175
1341840851.822502 0.816289425 -0.021964237 -0.029669713 0.029566677 0.038620088 -0.034871172 0.998207569
1341840851.858469 0.820847869 -0.018976770 -0.030635383 0.031025741 0.033358973 -0.033847623 0.998388171
1341840851.890382 0.821636081 -0.027180271 -0.029964440 0.018701520 0.035110828 -0.033211756 0.998656332
1341840851.926297 0.820171237 -0.027159328 -0.029259454 0.024332810 0.040763739 -0.031015070 0.998390853
1341840851.958364 0.819397807 -0.020146528 -0.029352341 0.033901621 0.042780206 -0.029943170 0.998060107
1341840851.990589 0.824694574 -0.024096558 -0.029291077 0.025565559 0.034646418 -0.028551603 0.998664498
1341840852.026374 0.826970279 -0.028663695 -0.029470474 0.020756990 0.034066759 -0.027351007 0.998829544
1341840852.058336 0.824378371 -0.026633071 -0.029118873 0.026383363 0.041216362 -0.025187537 0.998484194
1341840852.094404 0.823766589 -0.023251303 -0.028629977 0.030680692 0.041955370 -0.023724642 0.998366475
1341840852.126392 0.829623163 -0.024218399 -0.028921098 0.026544387 0.033700693 -0.024489993 0.998779237
1341840852.158516 0.832977712 -0.031596653 -0.030291559 0.016844293 0.033582520 -0.024533238 0.998992801
1341840852.194279 0.830625534 -0.028559370 -0.029112745 0.025422677 0.045371272 -0.023851693 0.998361766
1341840852.226380 0.824669838 -0.021774309 -0.027030967 0.033299599 0.055350043 -0.022435341 0.997659326
1341840852.258313 0.827212930 -0.027737919 -0.027684908 0.022079419 0.046676271 -0.021570873 0.998433053
1341840852.294500 0.835918248 -0.034698550 -0.029141901 0.016072867 0.035785537 -0.021162031 0.999006152
1341840852.326311 0.836342275 -0.029653160 -0.029717475 0.026603196 0.041459374 -0.024032336 0.998496830
1341840852.362368 0.834042430 -0.024568228 -0.029266339 0.030354774 0.049169537 -0.024168819 0.998036504
1341840852.394489 0.835508764 -0.030741157 -0.028034918 0.020739036 0.049102001 -0.022234440 0.998330832
1341840852.426307 0.836094737 -0.032553777 -0.028911628 0.021650022 0.051275127 -0.021485068 0.998218656
1341840852.462394 0.837320566 -0.029780054 -0.029164292 0.027163027 0.051803716 -0.019289136 0.998101413
1341840852.494557 0.839251041 -0.028101850 -0.029275604 0.028551051 0.050824065 -0.016873674 0.998156786
1341840852.526348 0.842037022 -0.029348379 -0.029264726 0.025445396 0.050200626 -0.015308073 0.998297572
1341840852.562305 0.839619815 -0.029145949 -0.028507218 0.025145808 0.057494536 -0.014509162 0.997923613
1341840852.594400 0.840271533 -0.027719788 -0.028279364 0.025080264 0.059228934 -0.012741228 0.997847974
1341840852.630345 0.839912832 -0.033985220 -0.027080096 0.016759321 0.059923157 -0.012850106 0.997979581
1341840852.663508 0.840784073 -0.034000773 -0.027533956 0.021562342 0.058042258 -0.013125212 0.997994959
1341840852.694654 0.839291096 -0.027741009 -0.027420491 0.030626623 0.059472568 -0.012040048 0.997687340
1341840852.732477 0.842400014 -0.029381536 -0.027918093 0.025748279 0.053231087 -0.010696973 0.998192847
1341840852.762455 0.844527364 -0.027271457 -0.027373534 0.026917201 0.050965253 -0.010268354 0.998284817
1341840852.794631 0.846725523 -0.030295955 -0.027756862 0.019791627 0.049597338 -0.012720997 0.998492181
1341840852.830583 0.848357797 -0.035725053 -0.026770584 0.014484630 0.050281674 -0.014845491 0.998519659
1341840852.862990 0.846876860 -0.032192964 -0.027139947 0.024066476 0.054456662 -0.017560583 0.998071611
1341840852.898597 0.846899033 -0.024169113 -0.027312741 0.032729995 0.055634025 -0.017000178 0.997769833
1341840852.930367 0.846663535 -0.029321792 -0.027101971 0.019185653 0.055659961 -0.016735692 0.998125136
1341840852.962482 0.848328054 -0.035083368 -0.026233174 0.013503987 0.053192761 -0.017057568 0.998347223
1341840852.998535 0.850998044 -0.030547466 -0.027515315 0.022582302 0.050510060 -0.018606830 0.998294830
1341840853.037588 0.851068437 -0.029478412 -0.027563043 0.022459181 0.052066132 -0.019171314 0.998206973
1341840853.066770 0.850628734 -0.032361254 -0.027231626 0.019019354 0.052992441 -0.019211954 0.998228908
1341840853.098354 0.852728546 -0.030431055 -0.027894754 0.023314238 0.050140988 -0.019976484 0.998270154
1341840853.131999 0.855630994 -0.028803065 -0.028166991 0.024622412 0.048235860 -0.020866342 0.998314381
1341840853.166530 0.855263710 -0.032364093 -0.027580068 0.021110870 0.050602641 -0.022593455 0.998240113
1341840853.198406 0.855815411 -0.029724009 -0.029106349 0.027446218 0.049548011 -0.024775008 0.998087108
1341840853.231726 0.859583616 -0.023848677 -0.029735722 0.031753026 0.045168139 -0.027231267 0.998103201
1341840853.266442 0.862025917 -0.029398263 -0.029242307 0.019905802 0.046022147 -0.028439892 0.998337030
1341840853.298516 0.858712435 -0.035530958 -0.029190045 0.016018698 0.053099070 -0.029186295 0.998034060
1341840853.334385 0.860127091 -0.028955102 -0.030372232 0.029974151 0.049523022 -0.031272139 0.997833192
1341840853.366351 0.863732398 -0.025132680 -0.031332172 0.031913981 0.044571400 -0.031706389 0.997992754
1341840853.398402 0.865154266 -0.030310147 -0.031038675 0.023286592 0.045344688 -0.031949185 0.998188794
1341840853.434335 0.864727855 -0.029373096 -0.031425484 0.025581116 0.047960084 -0.033405330 0.997962713
1341840853.466387 0.865275443 -0.027317321 -0.031519607 0.027310451 0.047625948 -0.034847405 0.997883558
1341840853.498430 0.867977381 -0.029422974 -0.031424701 0.024608372 0.044926088 -0.036575567 0.998017192
1341840853.534407 0.869594276 -0.028054813 -0.031704728 0.027590225 0.046025954 -0.037634593 0.997849703
1341840853.566451 0.868605673 -0.024533642 -0.031647071 0.030623360 0.048976652 -0.037606329 0.997621834
1341840853.602691 0.870012462 -0.023399200 -0.032165438 0.027109439 0.047749411 -0.038232494 0.997759163
1341840853.634832 0.871331692 -0.028981421 -0.031169955 0.017469557 0.047830403 -0.038828380 0.997947633
1341840853.666488 0.871293604 -0.030755825 -0.031142451 0.018789882 0.048246875 -0.040296465 0.997845352
1341840853.702424 0.872361124 -0.024300421 -0.031773452 0.028521067 0.046447631 -0.041495357 0.997650862
1341840853.734353 0.872845709 -0.023938760 -0.032387234 0.024084343 0.045616210 -0.043662470 0.997713745
1341840853.766467 0.874944270 -0.029904712 -0.030925963 0.016328350 0.043610331 -0.044336889 0.997930765
1341840853.802607 0.876086533 -0.027238429 -0.031789351 0.023651104 0.043649457 -0.045296323 0.997739255
1341840853.834576 0.876893818 -0.022632560 -0.032545790 0.027437199 0.043773297 -0.047282532 0.997544706
1341840853.870615 0.878870666 -0.024203768 -0.032120120 0.022168577 0.042234767 -0.048610553 0.997678220
1341840853.902573 0.879595816 -0.025558569 -0.032009184 0.019024020 0.043418732 -0.049151607 0.997665763
1341840853.940152 0.879063249 -0.025048625 -0.032094572 0.019442856 0.045150917 -0.050142970 0.997531474
1341840853.970342 0.881397367 -0.022129312 -0.032393783 0.021776300 0.042413574 -0.051364232 0.997541249
1341840854.002413 0.884306014 -0.024931166 -0.032198690 0.016116958 0.041611526 -0.053067688 0.997593343
1341840854.034566 0.883885562 -0.026175957 -0.032056581 0.016306842 0.046216410 -0.054539796 0.997308135
1341840854.070475 0.883002102 -0.022185935 -0.033013165 0.022164252 0.049413074 -0.054759264 0.997029841
1341840854.102373 0.883636832 -0.021388859 -0.032927465 0.021261459 0.047983874 -0.053815939 0.997170687
1341840854.138343 0.886759341 -0.023531556 -0.033111900 0.017766623 0.043753289 -0.054533999 0.997394621
1341840854.170475 0.888774991 -0.025916366 -0.033294477 0.016990773 0.044285521 -0.054884035 0.997365475
1341840854.202459 0.886736989 -0.022154134 -0.033995982 0.024464294 0.049228251 -0.054080490 0.997022271
1341840854.238384 0.886006474 -0.020835102 -0.034421589 0.024691520 0.048148260 -0.054419279 0.997050941
1341840854.270355 0.889062941 -0.024757776 -0.034314249 0.020544885 0.041880295 -0.054473221 0.997425020
1341840854.306367 0.893167377 -0.023778221 -0.035138685 0.025331929 0.039124601 -0.054087795 0.997447789
1341840854.338540 0.892246783 -0.019771958 -0.035272248 0.031070029 0.044006944 -0.053497318 0.997113883
1341840854.370427 0.890383661 -0.019036161 -0.035498615 0.029706083 0.045389008 -0.051922709 0.997176707
1341840854.406491 0.893362999 -0.020987675 -0.035223510 0.025831781 0.039882835 -0.051713761 0.997530818
1341840854.438402 0.894515932 -0.020538718 -0.035435319 0.026855065 0.040313892 -0.050623279 0.997542441
1341840854.470341 0.892862380 -0.018606724 -0.035625096 0.027619369 0.041901741 -0.050212584 0.997476876
1341840854.506442 0.895723999 -0.019771598 -0.035561655 0.024132926 0.036772843 -0.051939011 0.997681141
1341840854.538722 0.899724364 -0.020319786 -0.035249032 0.023426298 0.035131898 -0.052298773 0.997738361
1341840854.574331 0.899036944 -0.018560013 -0.035025869 0.023958262 0.040733095 -0.052953176 0.997478187
1341840854.606460 0.896514356 -0.020450918 -0.034581639 0.020401901 0.044644058 -0.053833473 0.997342765
1341840854.638476 0.898288071 -0.018983928 -0.034808073 0.022283109 0.041707698 -0.051766854 0.997539043
1341840854.674312 0.900060833 -0.018711977 -0.034662664 0.020346917 0.039909344 -0.051172920 0.997684598
1341840854.706362 0.900035322 -0.021412773 -0.034115925 0.016650438 0.040169086 -0.052766174 0.997659743
1341840854.738328 0.902647138 -0.019898660 -0.034223340 0.019526092 0.037804194 -0.053579211 0.997656643
1341840854.774384 0.901847541 -0.019799568 -0.034008250 0.018849637 0.040801641 -0.054049678 0.997526228
1341840854.806396 0.902315319 -0.020043515 -0.034090456 0.018171346 0.040480077 -0.055224448 0.997487545
1341840854.842383 0.904223442 -0.021685697 -0.033648148 0.016070757 0.038561624 -0.056695670 0.997517049
1341840854.874351 0.903036416 -0.027023148 -0.033394504 0.012959783 0.040040370 -0.056965735 0.997488737
1341840854.906375 0.901711524 -0.021614557 -0.034344736 0.025100961 0.040143616 -0.056965481 0.997252941
1341840854.942414 0.903678060 -0.017877020 -0.035176106 0.028068468 0.034472156 -0.059300967 0.997249842
1341840854.974632 0.909256101 -0.024396656 -0.034485161 0.018197902 0.027141001 -0.061086323 0.997597456
1341840855.006485 0.908481777 -0.025599878 -0.033697400 0.021920370 0.031725258 -0.062374137 0.997307599
1341840855.042409 0.908476293 -0.017750258 -0.034770817 0.033279430 0.032595173 -0.063647710 0.996884644
1341840855.074380 0.914618790 -0.015443820 -0.034444153 0.028682116 0.026651021 -0.065784678 0.997065425
