1341840840.169494 0.061914563 0.020017188 0.006120772 -0.016541176 -0.010702860 -0.005275190 0.999791980
1341840840.201335 0.062189862 0.032852270 0.002926185 -0.010772519 -0.010807874 -0.005779324 0.999866843
1341840840.233363 0.066489421 0.040052384 0.004457508 -0.012014262 -0.011074746 -0.003541894 0.999860227
1341840840.269407 0.070095398 0.026134076 0.006069383 -0.020085318 -0.010712533 -0.001277433 0.999740064
1341840840.294570 0.073128149 0.025043940 0.006715818 -0.019067433 -0.010287223 -0.000724366 0.999764979
1341840840.330394 0.070324481 0.022508165 0.006244202 -0.018025137 -0.008052450 0.000365347 0.999805033
1341840840.362487 0.069064252 0.032310944 0.002694822 -0.013018770 -0.007754314 0.002499781 0.999882042
1341840840.394382 0.080989145 0.033695787 0.001916177 -0.015769146 -0.013535058 0.005919701 0.999766529
1341840840.430325 0.091367483 0.024427215 0.007501743 -0.019521335 -0.016611820 0.007611549 0.999642491
1341840840.462407 0.090626016 0.035681751 0.005158540 -0.012435922 -0.013224565 0.005580197 0.999819636
1341840840.494502 0.092411600 0.040163405 0.004306890 -0.013793099 -0.012984269 0.007071015 0.999795556
1341840840.530297 0.095942713 0.032443803 0.007214099 -0.018766867 -0.013921356 0.008680396 0.999689281
1341840840.562361 0.100819558 0.032378897 0.007390228 -0.017503254 -0.015247430 0.009280897 0.999687433
1341840840.598321 0.098816276 0.032616016 0.005111810 -0.017691556 -0.014110596 0.009911601 0.999694765
1341840840.630280 0.104803607 0.021836916 0.006470711 -0.021074189 -0.018107465 0.012577704 0.999534786
1341840840.662439 0.111045286 0.036061309 0.005033827 -0.012722260 -0.021648161 0.011496467 0.999618590
1341840840.698371 0.124908157 0.046974715 0.008900014 -0.009478319 -0.024295321 0.011068468 0.999598622
1341840840.730361 0.130933791 0.033781432 0.012178417 -0.015044328 -0.021814493 0.012090742 0.999575734
1341840840.762407 0.120591573 0.024333619 0.004193787 -0.015157280 -0.014757624 0.010996442 0.999715686
1341840840.798303 0.121966742 0.037608501 0.000884875 -0.008961134 -0.015392881 0.010261451 0.999788702
1341840840.830375 0.133728772 0.040022120 0.009083143 -0.009634091 -0.018286875 0.010522193 0.999731004
1341840840.866393 0.141186759 0.022165017 0.007627736 -0.015258771 -0.017079465 0.011206218 0.999674857
1341840840.898320 0.136042073 0.030214800 0.002585039 -0.008021716 -0.012407715 0.009036448 0.999849975
1341840840.930454 0.136147290 0.043260653 -0.000099280 -0.004423184 -0.011251359 0.008589238 0.999890029
1341840840.966498 0.145628586 0.035876606 0.003957251 -0.011228597 -0.012509504 0.008535754 0.999822259
1341840840.998398 0.152995303 0.035449777 0.005334528 -0.010655873 -0.012285452 0.008346193 0.999832928
1341840841.034538 0.158815205 0.045965578 0.005423821 -0.007011220 -0.010345172 0.006497876 0.999900758
1341840841.066345 0.162320942 0.053314272 0.003021766 -0.007890751 -0.005531202 0.004874468 0.999941707
1341840841.098335 0.162063166 0.036261320 0.004486043 -0.020959204 -0.002151802 0.006335563 0.999757946
1341840841.134331 0.170355499 0.025704727 0.008164172 -0.022957185 -0.004980683 0.007269328 0.999697626
1341840841.166392 0.177355736 0.045927219 0.004079821 -0.012412537 -0.003808170 0.006167560 0.999896705
1341840841.198348 0.176909551 0.041503690 0.002441164 -0.017922863 0.002765793 0.007481370 0.999807537
1341840841.234400 0.177719846 0.022111107 0.002192281 -0.025796451 0.005322054 0.010928781 0.999593318
1341840841.266296 0.189661860 0.023733389 0.001497525 -0.018992098 -0.000136474 0.010831254 0.999760985
1341840841.302430 0.193458602 0.037188448 -0.002134217 -0.011604211 -0.000185468 0.011683921 0.999864399
1341840841.334542 0.197111949 0.033774417 -0.003006374 -0.014296009 0.000739512 0.013440128 0.999807179
1341840841.366311 0.197279155 0.034060240 -0.004759870 -0.013779936 0.001505322 0.013008784 0.999819279
1341840841.402475 0.199000075 0.035193048 -0.005992384 -0.013032561 0.001100043 0.011656233 0.999846518
1341840841.434345 0.202972099 0.038946744 -0.007182512 -0.011893949 0.000209537 0.011240970 0.999866068
1341840841.466383 0.204342544 0.039693084 -0.006781243 -0.012816363 0.001037191 0.010602462 0.999861121
1341840841.502454 0.210858762 0.030726638 -0.007772368 -0.017316163 -0.001353881 0.011253061 0.999785841
1341840841.534696 0.213803515 0.028291369 -0.008222973 -0.017311109 -0.002330504 0.011583582 0.999780297
1341840841.570470 0.218832761 0.048163544 -0.009939250 -0.009573634 -0.003495386 0.012031302 0.999875665
1341840841.602476 0.226797521 0.044270717 -0.006409895 -0.015980817 -0.005128582 0.012857581 0.999776483
1341840841.634468 0.235102758 0.033130430 -0.002913759 -0.020550478 -0.006138620 0.012072128 0.999697089
1341840841.671032 0.225866467 0.033016145 -0.009482015 -0.018820489 -0.000068582 0.011028112 0.999762058
1341840841.702284 0.225653097 0.037959989 -0.012212475 -0.017662907 -0.001126411 0.012605081 0.999763906
1341840841.734304 0.237811238 0.041715913 -0.005981143 -0.018338909 -0.007111816 0.014172791 0.999706089
1341840841.770351 0.241591319 0.035844281 -0.003998599 -0.021250511 -0.008230575 0.015738266 0.999616444
1341840841.802313 0.233299553 0.033586077 -0.009305180 -0.021328107 -0.006319030 0.018252363 0.999585927
1341840841.838370 0.233248249 0.024434518 -0.011496805 -0.024764683 -0.011572902 0.020602930 0.999413967
1341840841.870881 0.243497536 0.034526445 -0.007191622 -0.017693577 -0.022861186 0.016488025 0.999446094
1341840841.902346 0.253623694 0.055713732 -0.002964612 -0.009424903 -0.026540060 0.013658805 0.999509990
1341840841.938375 0.250517994 0.043813083 -0.002939987 -0.018680379 -0.019753860 0.014241584 0.999528885
1341840841.970352 0.239772350 0.036261179 -0.009565894 -0.022518110 -0.015115758 0.011436553 0.999566734
1341840842.006342 0.246161312 0.047405399 -0.007843900 -0.018526241 -0.020991100 0.009263206 0.999565065
1341840842.038475 0.261242062 0.049641669 0.001026569 -0.019203559 -0.026167851 0.007509077 0.999444902
1341840842.070419 0.257873505 0.046880532 -0.002373031 -0.019564118 -0.020363100 0.005571015 0.999585688
1341840842.106404 0.253118515 0.045304537 -0.008598326 -0.020826107 -0.016789803 0.003983657 0.999634206
1341840842.138367 0.255484521 0.031614199 -0.008311355 -0.025325103 -0.020750506 0.003285350 0.999458492
1341840842.170410 0.264542371 0.040035289 -0.008964919 -0.017119432 -0.026946243 0.000834254 0.999489963
1341840842.206430 0.269557297 0.048031162 -0.010867706 -0.011432392 -0.027411025 -0.002191211 0.999556482
1341840842.238319 0.272393614 0.046476822 -0.012571772 -0.010639754 -0.026506623 -0.007184658 0.999566197
1341840842.274385 0.279842228 0.044108044 -0.012642462 -0.009371860 -0.026965775 -0.012424231 0.999515176
1341840842.306571 0.276260436 0.044994839 -0.016203932 -0.005699431 -0.022192564 -0.016246885 0.999605417
1341840842.338413 0.270895302 0.049249746 -0.024985019 -0.003075200 -0.019464985 -0.018629719 0.999632239
1341840842.374365 0.271668553 0.036039829 -0.024738226 -0.008951878 -0.022447610 -0.019323707 0.999521196
1341840842.406739 0.269406766 0.034098610 -0.026042771 -0.003744303 -0.024392173 -0.022132596 0.999450386
1341840842.438410 0.282705247 0.066323683 -0.024575146 0.010153641 -0.028550521 -0.025268611 0.999221325
1341840842.474299 0.297990441 0.082070984 -0.008035304 0.017838936 -0.035736587 -0.024680644 0.998897195
1341840842.542388 0.296246529 0.090942144 0.002042657 0.022167623 -0.035891462 -0.026947597 0.998746336
1341840842.574346 0.314170331 0.069971159 -0.000086550 0.010825041 -0.043926135 -0.025278302 0.998656273
1341840842.642329 0.309750468 0.038457979 -0.024047857 -0.004870205 0.014521866 -0.031419087 0.999388933
1341840842.674386 0.281432182 0.036034469 -0.036162712 -0.001378660 0.024567377 -0.033351745 0.999140739
1341840842.706548 0.291836083 0.064136297 -0.032767229 0.010817680 0.017646618 -0.036158420 0.999131680
1341840842.810490 0.305001527 0.049476475 -0.036357239 0.012852888 0.043656368 -0.038032316 0.998239696
1341840842.842296 0.300407857 0.057918560 -0.041796677 0.012054576 0.042476743 -0.037264287 0.998329520
1341840842.874411 0.313795686 0.050981391 -0.031138577 0.004712238 0.035660312 -0.036035296 0.998702943
1341840842.910377 0.330647439 0.040692326 -0.025482124 0.002792728 0.031286832 -0.034259699 0.998919189
1341840842.942647 0.316287190 0.054508563 -0.038571611 0.011981199 0.039877102 -0.036613930 0.998461664
1341840842.974535 0.327552497 0.064711779 -0.033754185 0.014371424 0.035239186 -0.038980387 0.998514950
1341840843.010449 0.350441217 0.046364903 -0.027270718 0.005938971 0.029736124 -0.035607286 0.998905659
1341840843.042429 0.335659891 0.045323465 -0.034009241 0.007852919 0.043104839 -0.029275648 0.998610675
1341840843.078385 0.326306909 0.059054781 -0.049681611 0.013121743 0.051852718 -0.030324988 0.998107970
1341840843.110373 0.335423052 0.067583963 -0.039895635 0.013403136 0.042537242 -0.033002008 0.998459756
1341840843.178476 0.367604911 0.044401307 -0.030349685 0.009026613 0.038225666 -0.028855972 0.998811603
1341840843.210589 0.324826628 0.050817542 -0.050296329 0.011502018 0.061750744 -0.031487975 0.997528493
1341840843.246317 0.330225468 0.049677234 -0.045958731 0.008482919 0.053782709 -0.035394859 0.997889102
1341840843.278543 0.369642496 0.046223380 -0.030157505 0.006860430 0.037791982 -0.033121798 0.998713017
1341840843.310587 0.363407373 0.039161537 -0.032163985 0.008520304 0.049155027 -0.032805294 0.998215914
1341840843.346529 0.348067790 0.048528545 -0.044293653 0.014036415 0.058321200 -0.032201294 0.997679651
1341840843.385053 0.351999015 0.060839940 -0.044931188 0.013873497 0.054569799 -0.031628545 0.997912467
1341840843.411509 0.369116247 0.050456557 -0.033693478 0.004819864 0.048474837 -0.027591230 0.998431563
1341840843.447220 0.363487452 0.041757446 -0.037311129 0.001888809 0.054497689 -0.026022824 0.998172939
1341840843.478671 0.360550612 0.064034060 -0.043214884 0.010147101 0.056928579 -0.027874084 0.997937500
1341840843.515039 0.372194767 0.058984239 -0.034165747 0.003536849 0.050302342 -0.030300904 0.998268008
1341840843.548527 0.397566229 0.044064429 -0.023871850 -0.002360764 0.046514813 -0.030675627 0.998443723
1341840843.582569 0.393421322 0.048663739 -0.031713381 0.004198509 0.051514205 -0.030810038 0.998188078
1341840843.614798 0.373004705 0.067851380 -0.034919053 0.010607428 0.056506135 -0.032710977 0.997809887
1341840843.653429 0.380335808 0.055964615 -0.027748514 0.000863787 0.051764049 -0.032189447 0.998140037
1341840843.687928 0.404333681 0.043226004 -0.024401296 -0.002976271 0.045970630 -0.031195935 0.998451114
1341840843.720258 0.394526452 0.048891623 -0.029169545 0.001850492 0.048560970 -0.033099789 0.998269916
1341840843.785505 0.394059628 0.039400086 -0.027631324 -0.004382167 0.049629893 -0.033980794 0.998179853
1341840843.814703 0.396652699 0.041638542 -0.025922703 -0.001397116 0.050023582 -0.033485126 0.998185575
1341840843.846439 0.394415975 0.040477075 -0.029709507 -0.001745476 0.052517824 -0.033090144 0.998070061
1341840843.882429 0.402996600 0.042900126 -0.027672533 -0.001108797 0.049093869 -0.032469667 0.998265624
1341840843.914321 0.410981774 0.044857536 -0.020543505 0.000337250 0.047804799 -0.035227053 0.998235226
1341840843.946316 0.411175728 0.044346232 -0.018782841 0.001302490 0.052116197 -0.035553828 0.998007059
1341840843.982401 0.409798771 0.043104135 -0.025544897 0.000104867 0.055422474 -0.034994043 0.997849584
1341840844.014387 0.409750283 0.041272461 -0.022983335 -0.002534399 0.055491339 -0.036241822 0.997797966
1341840844.050399 0.423415333 0.035232518 -0.014797417 -0.002360368 0.054455183 -0.037798841 0.997797728
1341840844.082349 0.426736385 0.035759348 -0.023777571 0.003071934 0.057183314 -0.039907470 0.997561038
1341840844.114393 0.419065624 0.038344692 -0.029601540 0.002656688 0.063125618 -0.039723951 0.997211158
1341840844.150523 0.415485829 0.030798631 -0.030863525 -0.001510279 0.065256983 -0.044033114 0.996895373
1341840844.182299 0.454063952 0.024828592 -0.020937799 -0.002133609 0.055108763 -0.043602463 0.997525632
1341840844.218448 0.457009345 0.030322252 -0.014994770 0.004515128 0.056660134 -0.043120712 0.997451663
1341840844.250566 0.434423655 0.024529420 -0.028322812 0.004346925 0.064589426 -0.044846948 0.996894181
1341840844.282274 0.453570992 0.025800945 -0.034183394 0.002282135 0.061094489 -0.043845594 0.997165859
1341840844.318322 0.448374838 0.022302346 -0.021887533 -0.000509095 0.059776407 -0.041816995 0.997335374
1341840844.350432 0.451614350 0.021479014 -0.021582142 0.004605859 0.057278074 -0.046361148 0.997270644
1341840844.382375 0.454265743 0.029036647 -0.022666004 0.008230262 0.050464626 -0.047061551 0.997582495
1341840844.418837 0.449338287 0.022377018 -0.020583844 0.003023762 0.054923479 -0.046995882 0.997379422
1341840844.450418 0.457568049 0.012130240 -0.025166303 0.001070748 0.056626245 -0.047745880 0.997252524
1341840844.486330 0.459008753 0.015476236 -0.025352854 0.005838963 0.054223415 -0.052736234 0.997118115
1341840844.518335 0.493875116 0.014532729 -0.020467518 0.007711770 0.040429119 -0.052298218 0.997783005
1341840844.550458 0.480908632 0.014842580 -0.027370829 0.006900268 0.050707996 -0.052845716 0.997290552
1341840844.586351 0.455768466 0.009635186 -0.025327502 0.004150127 0.054505579 -0.051526383 0.997174501
1341840844.618382 0.475247145 0.005456223 -0.031439167 0.003453458 0.052079368 -0.054061405 0.997172594
1341840844.650334 0.487500429 0.008021209 -0.026253652 0.002941901 0.047062472 -0.053174306 0.997471273
1341840844.686320 0.489782631 0.017328577 -0.014750112 0.007358902 0.048105907 -0.052699674 0.997423887
1341840844.718495 0.483587831 0.004077482 -0.019963795 0.003792382 0.044647690 -0.054315966 0.997517884
1341840844.757582 0.480120987 0.006762209 -0.026520776 0.003399082 0.048440631 -0.055155937 0.997296214
1341840844.791011 0.483136207 0.002441266 -0.017451309 0.000877769 0.046043351 -0.053744651 0.997492254
1341840844.818394 0.493216157 0.001607479 -0.017363185 0.002472488 0.042842206 -0.054241195 0.997605324
1341840844.854307 0.497473329 0.002655090 -0.015952602 0.002786301 0.043846123 -0.053126898 0.997620821
1341840844.888045 0.500302494 0.001145747 -0.017667154 0.002253543 0.044247698 -0.051540729 0.997687638
1341840844.918612 0.503165424 -0.000428710 -0.018771287 -0.000672119 0.043580301 -0.050619479 0.997766495
1341840844.954718 0.508331120 -0.006962860 -0.017689912 -0.004130264 0.042597909 -0.051165357 0.997772753
1341840844.986719 0.512106061 -0.007489408 -0.017548846 -0.003864231 0.043384273 -0.052134223 0.997689784
1341840845.022279 0.515533745 -0.009341161 -0.016970987 -0.004541405 0.045118209 -0.051326178 0.997651875
1341840845.054280 0.534491003 -0.021578470 -0.024860116 -0.008340673 0.046602882 -0.050504498 0.997601032
1341840845.086344 0.537695110 -0.012777951 -0.026275670 -0.005573669 0.047663514 -0.047818102 0.997702599
1341840845.123640 0.515857637 -0.014206727 -0.017857060 -0.007791904 0.050625447 -0.050481427 0.997410595
1341840845.154408 0.517294526 -0.018251825 -0.017055143 -0.005833253 0.049530759 -0.053684305 0.997311711
1341840845.186393 0.557190359 -0.006085379 -0.019446289 -0.000342488 0.038625393 -0.050884381 0.997957289
1341840845.222296 0.550648093 -0.011001232 -0.017636403 -0.006457262 0.039522599 -0.048447430 0.998022556
1341840845.254440 0.540139794 -0.020912796 -0.016885452 -0.009620269 0.038488012 -0.049630575 0.997979403
1341840845.290376 0.560635746 -0.019762676 -0.023132071 -0.007566082 0.036790431 -0.052609425 0.997908533
1341840845.322289 0.556612134 -0.018837785 -0.022977320 -0.008631688 0.042649876 -0.051713727 0.997713447
1341840845.354494 0.539773643 -0.029288236 -0.023067325 -0.012565646 0.047382656 -0.052857943 0.997398078
1341840845.390309 0.544193923 -0.033688545 -0.023356404 -0.010612288 0.040425889 -0.054714587 0.997626901
1341840845.422339 0.565348983 -0.019145263 -0.017272357 -0.000324270 0.030052925 -0.058589764 0.997829616
1341840845.458335 0.583886683 -0.010183359 -0.016963035 0.001633554 0.025427463 -0.058601074 0.997956276
1341840845.490264 0.584391832 -0.021307722 -0.015815180 -0.006353121 0.029217057 -0.059299618 0.997792363
1341840845.522343 0.573666811 -0.023410542 -0.013163507 -0.007270437 0.035501041 -0.058820788 0.997610629
1341840845.558310 0.568534315 -0.016793603 -0.012741953 -0.004587414 0.035047662 -0.055488911 0.997833431
1341840845.597232 0.572854757 -0.018434843 -0.012485821 -0.004791602 0.028461616 -0.054370068 0.998103619
1341840845.622577 0.576958179 -0.023109840 -0.023525486 -0.005959320 0.026603596 -0.054429132 0.998145342
1341840845.658634 0.587439120 -0.018463043 -0.024212971 -0.005021553 0.025701892 -0.054730985 0.998157620
1341840845.690353 0.588017702 -0.020097267 -0.023113547 -0.008060643 0.028576136 -0.056862310 0.997940421
1341840845.729069 0.588512659 -0.030412229 -0.023222115 -0.012295170 0.030251261 -0.058832731 0.997733593
1341840845.758375 0.588695347 -0.030750545 -0.026468318 -0.011382485 0.031067248 -0.057560179 0.997793555
1341840845.790466 0.570917487 -0.030487848 -0.031306796 -0.011635944 0.030244969 -0.059501145 0.997702122
1341840845.826375 0.583304644 -0.023850648 -0.032482278 -0.009515751 0.021350009 -0.061634921 0.997825027
1341840845.858782 0.616658330 -0.021694394 -0.025187692 -0.010368187 0.015752476 -0.062222019 0.997884095
1341840845.890417 0.611304581 -0.035016835 -0.024064437 -0.014982416 0.025442477 -0.064081013 0.997507751
1341840845.926383 0.591364563 -0.021147504 -0.026632667 -0.006514433 0.029349372 -0.065623172 0.997391462
1341840845.958390 0.614964843 -0.014712786 -0.026365586 -0.006128350 0.024213169 -0.065434955 0.997544229
1341840845.994269 0.606683373 -0.021986751 -0.025703423 -0.010252479 0.029078133 -0.063856624 0.997482657
1341840846.026558 0.614492774 -0.024528958 -0.028852968 -0.008889435 0.027460905 -0.063046165 0.997593105
1341840846.058807 0.611807942 -0.017709021 -0.030131694 -0.007388102 0.028198805 -0.062555142 0.997615695
1341840846.094265 0.622226954 -0.017451975 -0.026948279 -0.006919725 0.023873247 -0.063759938 0.997655630
1341840846.126378 0.629751921 -0.011046195 -0.020358628 -0.002082115 0.021333769 -0.065681040 0.997610390
1341840846.158446 0.623171687 -0.012796838 -0.023199737 -0.003295042 0.030205885 -0.064700313 0.997442067
1341840846.194427 0.625277042 -0.014249451 -0.029579706 -0.006300579 0.030102221 -0.063553333 0.997504473
1341840846.226385 0.635019898 -0.017583763 -0.026737044 -0.009821760 0.025952281 -0.062050611 0.997687161
1341840846.262497 0.645026565 -0.013803843 -0.018615134 -0.005002525 0.025836695 -0.060229082 0.997837603
1341840846.294419 0.635065615 -0.010423314 -0.022711894 -0.003165074 0.035337031 -0.059763446 0.997581840
1341840846.326478 0.638509393 -0.020447616 -0.029825918 -0.008908794 0.033684541 -0.058994006 0.997650087
1341840846.362426 0.653232694 -0.018047387 -0.028061362 -0.007440963 0.027166603 -0.059683889 0.997819841
1341840846.394323 0.665720522 -0.015782367 -0.026041377 -0.004821145 0.026800394 -0.059337612 0.997866511
1341840846.430454 0.655263722 -0.013024186 -0.027849507 -0.003912971 0.036091093 -0.058869492 0.997605383
1341840846.465291 0.654605806 -0.009986447 -0.029039251 -0.005727913 0.036678988 -0.059524719 0.997536302
1341840846.494473 0.664669275 -0.016060127 -0.027495781 -0.009169583 0.033263702 -0.059383225 0.997638762
1341840846.530439 0.673805535 -0.017218523 -0.029671187 -0.006446857 0.034031317 -0.056859676 0.997781157
1341840846.562569 0.665402889 -0.012832127 -0.032361016 -0.004044899 0.040526461 -0.054616652 0.997676432
1341840846.594486 0.663541615 -0.005881222 -0.032584388 -0.004631543 0.040201478 -0.056190643 0.997599602
1341840846.630509 0.678431988 -0.005210959 -0.029140687 -0.006874637 0.035465922 -0.057122033 0.997713387
1341840846.662363 0.694309056 -0.014519015 -0.028199904 -0.007747858 0.035643317 -0.057949312 0.997652948
1341840846.698323 0.684226811 -0.000906901 -0.028200332 0.000884455 0.047095053 -0.059005585 0.997145772
1341840846.730390 0.671861470 0.005506967 -0.030485887 -0.001528109 0.051918734 -0.062081080 0.996718645
1341840846.762470 0.684380949 -0.004897595 -0.029953539 -0.008575469 0.044972256 -0.060797080 0.997099638
1341840846.798363 0.695217609 0.000448928 -0.031363428 -0.005627987 0.043661617 -0.060786292 0.997179508
1341840846.830356 0.690066159 0.003236866 -0.028860472 -0.008268007 0.049012586 -0.061965406 0.996839821
1341840846.862350 0.693337560 -0.002781375 -0.030505009 -0.011645574 0.046622373 -0.061820529 0.996929765
1341840846.898489 0.707781613 0.011471572 -0.029436411 -0.005199268 0.042460538 -0.063238546 0.997081220
1341840846.930380 0.711655140 0.018079547 -0.034668267 -0.008517355 0.044897966 -0.063971430 0.996904850
1341840846.966358 0.702221990 -0.000330315 -0.033106133 -0.019740598 0.049382761 -0.061686069 0.996677697
1341840846.998844 0.695558608 0.001151552 -0.029339399 -0.016542951 0.049485929 -0.064255558 0.996568441
1341840847.030411 0.708831429 0.018522263 -0.029053695 -0.010271017 0.043949880 -0.066360645 0.996774375
1341840847.066359 0.711475551 0.012221651 -0.028857362 -0.016830377 0.045816246 -0.065536417 0.996655703
1341840847.098410 0.701644719 0.003871108 -0.027878512 -0.021335706 0.050375905 -0.065630622 0.996343136
1341840847.130366 0.709585190 0.009158403 -0.029684395 -0.018629700 0.045729965 -0.066087864 0.996591210
1341840847.166401 0.721477747 0.015299886 -0.030610006 -0.017587518 0.041927032 -0.065615885 0.996808589
1341840847.198307 0.716387391 0.001014928 -0.030621838 -0.024598977 0.045737781 -0.063912787 0.996603251
1341840847.234496 0.707663655 -0.002586481 -0.030893706 -0.021873733 0.048032377 -0.064266935 0.996536076
1341840847.266747 0.713860273 0.012472488 -0.030430000 -0.013915049 0.043224212 -0.064845249 0.996861637
1341840847.298356 0.728380442 0.010405372 -0.031371206 -0.016963130 0.038536072 -0.063605130 0.997086585
1341840847.334573 0.723994792 0.002462829 -0.030978747 -0.019880487 0.042657692 -0.063869573 0.996847928
1341840847.366405 0.719465375 -0.002126183 -0.031640064 -0.019506836 0.043810397 -0.064396515 0.996771395
1341840847.398361 0.728019059 0.007056832 -0.031692140 -0.014135189 0.039736863 -0.066662163 0.996883810
1341840847.434625 0.742105722 0.011815037 -0.032914054 -0.013506177 0.038485605 -0.068209097 0.996836960
1341840847.466370 0.731163740 -0.000795113 -0.031192873 -0.020442098 0.047698624 -0.066949949 0.996405900
1341840847.502590 0.722529292 0.000602145 -0.030181780 -0.018498784 0.050963085 -0.066193715 0.996332765
1341840847.534309 0.733898222 0.012287275 -0.029221088 -0.014200228 0.044913657 -0.066656664 0.996663451
1341840847.566354 0.740702271 0.006726117 -0.026784837 -0.018478157 0.043667618 -0.066692345 0.996646285
1341840847.603337 0.739254057 -0.001543723 -0.025193043 -0.020517645 0.047333259 -0.065908283 0.996491194
1341840847.634465 0.735445797 0.003263880 -0.025070999 -0.016434506 0.049097430 -0.066419058 0.996447623
1341840847.670420 0.743350685 0.006114396 -0.026300710 -0.015199527 0.045722447 -0.066986196 0.996589839
1341840847.702420 0.761000037 0.010769262 -0.027745739 -0.014646244 0.042041883 -0.065645292 0.996849358
1341840847.734342 0.758616269 0.002961652 -0.025471546 -0.020346925 0.046512622 -0.064707987 0.996611953
1341840847.770464 0.756931126 -0.011719487 -0.025346722 -0.024186691 0.047582451 -0.064415745 0.996494591
1341840847.802407 0.761403263 -0.002284904 -0.028695971 -0.016215555 0.045168940 -0.066300392 0.996644914
1341840847.834306 0.765149534 0.002302072 -0.027645886 -0.015435294 0.045865253 -0.066758581 0.996594906
1341840847.870532 0.761641145 -0.004389371 -0.024711013 -0.018087698 0.049614567 -0.065153487 0.996476948
1341840847.902485 0.763660014 0.002861508 -0.025309760 -0.014024814 0.048369467 -0.063767813 0.996693194
1341840847.938405 0.769870162 -0.001849565 -0.025060333 -0.018138934 0.044919237 -0.063678913 0.996793985
1341840847.970339 0.771250069 -0.011854039 -0.025357198 -0.020926138 0.044383988 -0.064776048 0.996692657
1341840848.002312 0.772534311 -0.009597039 -0.026366577 -0.017111193 0.044169284 -0.064876035 0.996768475
1341840848.038354 0.777075887 -0.006391488 -0.026083522 -0.014228060 0.041385815 -0.066178441 0.996847630
1341840848.070743 0.792500436 -0.005806865 -0.028731074 -0.012836616 0.035884596 -0.066265531 0.997073889
1341840848.102909 0.795741320 -0.005367653 -0.029349543 -0.013147566 0.037734997 -0.066730000 0.996970594
1341840848.138432 0.791032135 -0.002731637 -0.026266713 -0.013247531 0.041879244 -0.066556260 0.996815383
1341840848.170385 0.800399005 -0.009371039 -0.027113516 -0.016618066 0.039066039 -0.065687858 0.996936679
1341840848.206548 0.802823603 -0.014399394 -0.028008722 -0.017159704 0.039326292 -0.064487666 0.996995628
1341840848.238651 0.808084786 -0.008509581 -0.028363928 -0.012901287 0.038495965 -0.063957043 0.997126400
1341840848.277372 0.811455548 -0.010786938 -0.028689384 -0.015060584 0.037612040 -0.064175777 0.997115791
1341840848.313384 0.814554334 -0.013744821 -0.027092606 -0.015590299 0.037212219 -0.064357467 0.997110963
1341840848.345285 0.819975257 -0.015026383 -0.028520145 -0.014236417 0.036456808 -0.064421594 0.997154951
1341840848.377729 0.821737170 -0.008965657 -0.028355535 -0.011353089 0.038046900 -0.064918682 0.997100353
1341840848.413434 0.827775896 -0.010383643 -0.027778443 -0.012860579 0.036711525 -0.064555600 0.997155666
1341840848.446614 0.830144346 -0.017052049 -0.028578602 -0.015605441 0.038026948 -0.063567452 0.997130692
1341840848.477376 0.828664839 -0.014530756 -0.028714154 -0.013236998 0.040977664 -0.062019739 0.997145534
1341840848.514358 0.835373104 -0.007162382 -0.027687330 -0.011187322 0.039028913 -0.060689531 0.997330606
1341840848.545352 0.841488481 -0.027343618 -0.029460557 -0.020846453 0.037390806 -0.060373817 0.997257411
1341840848.581630 0.834113896 -0.041090015 -0.027066723 -0.022047807 0.046499889 -0.062389396 0.996724248
1341840848.613497 0.841660798 -0.025372110 -0.034486886 -0.011077248 0.044700857 -0.058286700 0.997237086
1341840848.645345 0.846230447 -0.018155877 -0.030812826 -0.009160299 0.042025052 -0.055663720 0.997522712
1341840848.681427 0.857320428 -0.039351661 -0.033662334 -0.016131839 0.035982095 -0.054132950 0.997754812
1341840848.713310 0.864102006 -0.038007740 -0.038217366 -0.010735067 0.037426341 -0.054764837 0.997739851
1341840848.745404 0.863603830 -0.029097531 -0.036093272 -0.004129757 0.043558557 -0.054191090 0.997571528
1341840848.774529 0.862152696 -0.020264877 -0.036343776 -0.000069451 0.046816092 -0.052357148 0.997530460
1341840848.806548 0.865513384 -0.012773919 -0.033308975 -0.000099515 0.046806306 -0.050718848 0.997615576
1341840848.842443 0.870619297 -0.034692593 -0.028818939 -0.008527477 0.044530567 -0.047028087 0.997864068
1341840848.874427 0.871851027 -0.032925673 -0.032944553 -0.002437281 0.044459332 -0.048877463 0.997811794
1341840848.910589 0.875197113 -0.021767482 -0.036005866 0.002367522 0.044638187 -0.050962199 0.997699678
1341840848.942390 0.882664204 -0.032387100 -0.030237246 -0.001678154 0.043471664 -0.050033767 0.997799575
1341840848.974342 0.873504579 -0.044040430 -0.029957581 0.001556385 0.047859009 -0.049181815 0.997641325
1341840849.010480 0.876621127 -0.021361090 -0.037842836 0.014063915 0.043484587 -0.049769480 0.997714520
1341840849.042373 0.871821940 -0.030089874 -0.041170064 0.004280047 0.041623950 -0.050063241 0.997869134
1341840849.074269 0.877980292 -0.044188969 -0.039009124 -0.000431383 0.041647974 -0.049500257 0.997905314
1341840849.110433 0.876043916 -0.037189201 -0.037514251 0.005862625 0.044861007 -0.048835158 0.997781694
1341840849.142356 0.887998343 -0.035293654 -0.035336256 0.008934502 0.041395728 -0.050251797 0.997838318
1341840849.178427 0.890279770 -0.028119149 -0.037929118 0.012972072 0.039327752 -0.051154416 0.997831821
1341840849.210439 0.894502223 -0.036473554 -0.037304334 0.010333902 0.037707154 -0.048873264 0.998039484
1341840849.242309 0.896303594 -0.035090435 -0.038492415 0.014492142 0.036468089 -0.048122808 0.998070240
1341840849.278391 0.906383455 -0.022059640 -0.042734496 0.018862518 0.032823522 -0.050219625 0.998020411
1341840849.310332 0.909363449 -0.038400687 -0.049940232 0.008290175 0.033309635 -0.049565025 0.998180866
1341840849.342402 0.918167770 -0.049351677 -0.041919958 0.007931803 0.040451158 -0.047170088 0.998035908
1341840849.378339 0.895571530 -0.038510334 -0.043198507 0.017152395 0.055538036 -0.047662530 0.997170806
1341840849.410390 0.933976591 -0.019190017 -0.048779298 0.024410538 0.037950300 -0.044926740 0.997970700
1341840849.446437 0.940251350 -0.045156568 -0.049931448 0.009938137 0.036430389 -0.044343989 0.998302400
1341840849.478425 0.948475063 -0.052740857 -0.051864199 0.010916162 0.039702035 -0.044184670 0.998174489
1341840849.512199 0.953560948 -0.037303127 -0.056915518 0.018841911 0.043883160 -0.044182483 0.997881353
1341840849.546449 0.960764170 -0.025556292 -0.056514818 0.019976102 0.045608092 -0.047284991 0.997639716
1341840849.578498 0.954847097 -0.034144338 -0.049733028 0.011187376 0.054023635 -0.048725676 0.997287333
1341840849.610692 0.957442760 -0.042474814 -0.045368120 0.008943993 0.057785116 -0.045811001 0.997237325
1341840849.646317 0.964378893 -0.025052654 -0.048539042 0.017296735 0.056308772 -0.044161309 0.997286260
1341840849.685647 0.977550864 -0.023140999 -0.053587116 0.011761311 0.051779240 -0.041745014 0.997716367
1341840849.714708 0.977511108 -0.042477172 -0.048262767 -0.001186737 0.057547566 -0.042037860 0.997456610
1341840849.746347 0.934183419 -0.034722805 -0.037335940 0.003467015 0.080864221 -0.042335812 0.995819569
1341840849.778359 0.980753422 -0.023409463 -0.045334443 0.007629549 0.061135869 -0.041755069 0.997226536
1341840849.814323 0.985030830 -0.030517790 -0.043638617 0.000831082 0.060482845 -0.041841641 0.997291565
1341840849.846557 0.980007350 -0.039090287 -0.035815999 -0.002178466 0.064261094 -0.041934699 0.997049272
1341840849.882256 0.986677289 -0.034468725 -0.040973805 0.002532478 0.060437564 -0.041684322 0.997298002
1341840849.921575 1.001897693 -0.019009542 -0.049041979 0.006420567 0.054080617 -0.041527633 0.997651994
1341840849.946362 0.994822979 -0.036645763 -0.038862698 -0.004798602 0.060172893 -0.043319378 0.997236013
1341840849.982476 1.005154490 -0.044571061 -0.042042159 -0.003157937 0.057948515 -0.041595135 0.997447670
1341840850.014371 1.004936934 -0.022218965 -0.045523696 0.008077912 0.060449746 -0.039424736 0.997359633
1341840850.046326 0.998145044 -0.017904183 -0.040154152 0.004181537 0.061978530 -0.040413480 0.997250199
1341840850.082415 1.006019115 -0.040853627 -0.040474325 -0.007974496 0.056799930 -0.041866142 0.997475564
1341840850.121449 1.020175099 -0.038220041 -0.045122296 -0.001937932 0.053197183 -0.041321475 0.997726858
1341840850.157539 1.020663261 -0.019604161 -0.046721786 0.006542305 0.055185854 -0.040630192 0.997627616
1341840850.189410 1.015988946 -0.018611316 -0.041708887 0.003717995 0.055665448 -0.042360120 0.997543573
1341840850.221491 1.026483178 -0.037813962 -0.045458652 -0.004157360 0.049978487 -0.043147676 0.997809172
1341840850.257570 1.033121943 -0.034631237 -0.049707174 0.000641737 0.050120804 -0.043963846 0.997774839
1341840850.289374 1.035902858 -0.020547470 -0.050617892 0.006833355 0.052012064 -0.043269020 0.997685254
1341840850.314521 1.035483360 -0.018448640 -0.049420137 0.005214215 0.051779393 -0.044387586 0.997658014
1341840850.350348 1.046584964 -0.024745589 -0.053395078 0.000563829 0.047032002 -0.046920050 0.997790635
1341840850.382480 1.045940161 -0.022227269 -0.050917029 0.001415541 0.051860560 -0.049061775 0.997447431
1341840850.418448 1.037408829 -0.014698465 -0.046450332 0.004936267 0.056881219 -0.048765313 0.997177064
1341840850.450229 1.048492432 -0.021955226 -0.052573185 0.001474365 0.049644746 -0.049480002 0.997539461
1341840850.482352 1.076637745 -0.030047208 -0.062744737 -0.000266043 0.040823236 -0.049924750 0.997918308
1341840850.518351 1.061279893 -0.019640833 -0.059168257 0.004361125 0.059157237 -0.054665137 0.996741235
1341840850.550287 1.041154861 -0.005334163 -0.047541745 0.009850735 0.069053076 -0.053406667 0.996133685
1341840850.582563 1.040336728 -0.017264236 -0.044064179 0.005800897 0.062570572 -0.051470783 0.996695518
1341840850.618439 1.051275134 -0.028093457 -0.054638021 0.006503598 0.053714719 -0.051661178 0.997197866
1341840850.650443 1.071538210 -0.004028436 -0.064868495 0.017916657 0.044900239 -0.051928446 0.997480035
1341840850.686406 1.066920161 -0.005734347 -0.058180377 0.011559749 0.049277477 -0.051026851 0.997413814
1341840850.718516 1.057334304 -0.019858701 -0.054239482 0.006032832 0.053997815 -0.049541187 0.997293115
1341840850.750308 1.071894884 -0.010818816 -0.060295276 0.013130384 0.046347946 -0.048056249 0.997682333
1341840850.786319 1.080780268 -0.004292049 -0.065380901 0.013809639 0.042942602 -0.046832029 0.997883737
1341840850.818316 1.081075907 -0.014459416 -0.061567664 0.006561595 0.045639049 -0.047622077 0.997800648
1341840850.854290 1.086049557 -0.015856123 -0.062633373 0.007055710 0.046817303 -0.048446126 0.997703016
1341840850.886322 1.094489932 -0.007395297 -0.066128150 0.010093750 0.047204401 -0.046851214 0.997734845
1341840850.918358 1.082049251 -0.007532300 -0.057806447 0.007094158 0.056097683 -0.045438364 0.997365594
1341840850.954395 1.082879543 -0.017565873 -0.055878922 0.004208275 0.054937135 -0.044115078 0.997505903
1341840850.986448 1.095670104 -0.009718617 -0.061973032 0.009947216 0.049395241 -0.042451348 0.997827172
1341840851.018447 1.098086476 -0.008509113 -0.061554912 0.008698532 0.050463468 -0.040832371 0.997852921
1341840851.054395 1.097218394 -0.017300449 -0.057444308 0.005710731 0.051353350 -0.040221293 0.997853935
1341840851.086362 1.103712797 -0.014995885 -0.061797615 0.008375205 0.048730455 -0.040864803 0.997940540
1341840851.122353 1.108528495 -0.018856326 -0.061982132 0.006988155 0.049512438 -0.039531298 0.997966409
1341840851.154293 1.105970860 -0.017637525 -0.059144165 0.009294223 0.052614097 -0.038408585 0.997832716
1341840851.186482 1.112030268 -0.012138845 -0.059656732 0.012090046 0.050146852 -0.038154520 0.997939527
1341840851.222499 1.118824720 -0.020354165 -0.059080176 0.008443329 0.048503753 -0.038531594 0.998043776
1341840851.254587 1.120056868 -0.021315688 -0.058158565 0.010368041 0.050217081 -0.039784323 0.997891724
1341840851.286786 1.124453902 -0.016221412 -0.058634337 0.014149709 0.049355749 -0.039788097 0.997888088
1341840851.322525 1.128653049 -0.015062719 -0.059561063 0.013585121 0.047762156 -0.040741008 0.997935057
1341840851.354461 1.134180903 -0.024147563 -0.058521066 0.009466060 0.047171567 -0.042163096 0.997951686
1341840851.390383 1.141812086 -0.025827333 -0.061083682 0.010784857 0.047250845 -0.043426380 0.997880340
1341840851.422373 1.129446030 -0.025971245 -0.054250896 0.011566629 0.055673402 -0.043567933 0.997430921
1341840851.454333 1.119280696 -0.027475568 -0.053497471 0.013875754 0.056610987 -0.042883553 0.997378409
1341840851.490328 1.146479487 -0.024225738 -0.060597181 0.016982568 0.040412623 -0.041794118 0.998164117
1341840851.522431 1.158405304 -0.034830291 -0.061539218 0.012610515 0.038131621 -0.041907195 0.998313963
1341840851.555777 1.151641488 -0.037657764 -0.058673449 0.015476601 0.045325857 -0.043209784 0.997917295
1341840851.590800 1.155216217 -0.020121854 -0.060801443 0.024965795 0.043267161 -0.043220177 0.997815967
1341840851.622401 1.163485885 -0.028004378 -0.061007112 0.018207500 0.039207906 -0.042772226 0.998149157
1341840851.658371 1.173516393 -0.038611114 -0.060872957 0.014791501 0.037571009 -0.041518517 0.998321474
1341840851.690446 1.171663165 -0.035614245 -0.061296284 0.017650353 0.042327475 -0.041450929 0.998087525
1341840851.722387 1.166924477 -0.037175175 -0.058418214 0.017670853 0.045716945 -0.041192204 0.997948349
1341840851.758379 1.174141288 -0.042932510 -0.060040634 0.016855726 0.042356756 -0.041354209 0.998104036
1341840851.790498 1.178710341 -0.046786148 -0.059408307 0.018298410 0.042076197 -0.039949313 0.998147666
1341840851.822502 1.179869413 -0.038506430 -0.060479585 0.024466293 0.042107236 -0.038293764 0.998079181
1341840851.858469 1.192852139 -0.030482015 -0.063308209 0.025746023 0.036791574 -0.037292387 0.998294950
1341840851.890382 1.196138263 -0.051153012 -0.060167737 0.015246775 0.038899932 -0.036846738 0.998447120
1341840851.926297 1.192870736 -0.053264014 -0.058850046 0.019890312 0.044137951 -0.034635589 0.998226702
1341840851.958364 1.191417456 -0.033489402 -0.059788208 0.028822336 0.044915330 -0.033449527 0.998014510
1341840851.990589 1.201544285 -0.045202617 -0.060469534 0.020079881 0.039208755 -0.032681838 0.998494565
1341840852.026374 1.210156083 -0.059966847 -0.059171975 0.015105500 0.038703065 -0.031219039 0.998648703
1341840852.058336 1.205786347 -0.052459572 -0.057897899 0.021808829 0.044445243 -0.028311521 0.998372376
1341840852.094404 1.202486634 -0.042034604 -0.057053648 0.026027080 0.045176946 -0.027402773 0.998263836
1341840852.126392 1.217855215 -0.047859378 -0.059946127 0.020173423 0.037387531 -0.028339097 0.998695195
1341840852.158516 1.233396411 -0.065966539 -0.062052552 0.012598056 0.035411403 -0.028077060 0.998898864
1341840852.194279 1.225867271 -0.059727836 -0.058632694 0.020095110 0.047797129 -0.026816089 0.998294771
1341840852.226380 1.206656337 -0.039209247 -0.054047100 0.027865108 0.057748422 -0.026185485 0.997598588
1341840852.258313 1.213128090 -0.056328960 -0.054807559 0.016738527 0.049724195 -0.025344893 0.998301029
1341840852.294500 1.237791300 -0.074757822 -0.057555962 0.012022893 0.039816499 -0.024435427 0.998835862
1341840852.326311 1.240270734 -0.061424952 -0.061499935 0.021974679 0.045027994 -0.027248500 0.998372257
1341840852.362368 1.233091593 -0.050218392 -0.060653672 0.023753861 0.052619141 -0.028096288 0.997936666
1341840852.394489 1.236609459 -0.064865157 -0.056315295 0.015785098 0.052857365 -0.026217526 0.998133063
1341840852.426307 1.241657734 -0.068896435 -0.057664715 0.017506732 0.053614005 -0.024752239 0.998101413
1341840852.462394 1.242401242 -0.061299749 -0.058421902 0.022771468 0.055720210 -0.022869075 0.997924685
1341840852.494557 1.249533772 -0.056860983 -0.059283815 0.023962015 0.054022502 -0.020315187 0.998045444
1341840852.526348 1.256159067 -0.060118195 -0.059124574 0.021130605 0.054267313 -0.018514717 0.998131156
1341840852.562305 1.256723523 -0.060434029 -0.058594540 0.020433271 0.057536524 -0.017786447 0.997975826
1341840852.594400 1.254944324 -0.057837501 -0.057225861 0.019365573 0.060989901 -0.016763914 0.997809708
1341840852.630345 1.250147104 -0.074333176 -0.052512482 0.012153500 0.063830085 -0.016578320 0.997749090
1341840852.663508 1.254910707 -0.073476247 -0.053782687 0.017464902 0.060940389 -0.016306566 0.997855365
1341840852.694654 1.251508951 -0.057618380 -0.055841014 0.025070172 0.061278582 -0.015818778 0.997680426
1341840852.732477 1.257617116 -0.060264915 -0.054802887 0.021318054 0.056979727 -0.014317755 0.998045027
1341840852.762455 1.265673161 -0.057008810 -0.055767767 0.020950051 0.053374972 -0.014148837 0.998254478
1341840852.794631 1.268994451 -0.062490709 -0.053837880 0.015730834 0.054029014 -0.016536342 0.998278499
1341840852.830583 1.272814393 -0.080091015 -0.052022822 0.009576726 0.055287134 -0.018906521 0.998245537
1341840852.862990 1.270490050 -0.070232205 -0.052971222 0.018866492 0.058520608 -0.021197995 0.997882783
1341840852.898597 1.271738052 -0.043985877 -0.053255059 0.028763510 0.058914144 -0.020844346 0.997630835
1341840852.930367 1.270677447 -0.060137533 -0.052302420 0.014909524 0.059232872 -0.020450855 0.997923315
1341840852.962482 1.277039170 -0.076574579 -0.049880989 0.009312232 0.055806197 -0.020310938 0.998191595
1341840852.998535 1.283926845 -0.064745665 -0.054969661 0.017676167 0.053930178 -0.022043340 0.998144865
1341840853.037588 1.284059167 -0.062003132 -0.055267975 0.017349949 0.055443358 -0.022973029 0.998046696
1341840853.066770 1.283184528 -0.069614679 -0.053831466 0.014339022 0.056245483 -0.022727858 0.998055279
1341840853.098354 1.287960172 -0.065489620 -0.055855557 0.017886046 0.054014765 -0.023767840 0.998097003
1341840853.131999 1.297430634 -0.061754774 -0.057928160 0.018770630 0.051654253 -0.024604162 0.998185456
1341840853.166530 1.296173930 -0.072404139 -0.056707948 0.015070419 0.053969607 -0.026474183 0.998077810
1341840853.198406 1.297441959 -0.062348723 -0.059011541 0.022619514 0.053341027 -0.028413659 0.997915685
1341840853.231726 1.307090282 -0.044347245 -0.061680652 0.027280089 0.049696222 -0.030280834 0.997932434
1341840853.266442 1.315466285 -0.061596058 -0.060181998 0.015012601 0.049888879 -0.031740282 0.998137414
1341840853.298516 1.308632493 -0.081695721 -0.059196234 0.010010424 0.055405781 -0.032430813 0.997886896
1341840853.334385 1.309895396 -0.060701337 -0.063545279 0.024837263 0.053329717 -0.034676105 0.997665584
1341840853.366351 1.320893407 -0.047984570 -0.066226654 0.027583813 0.048259761 -0.035142463 0.997835219
1341840853.398402 1.326384902 -0.063324705 -0.065098710 0.018929698 0.048342567 -0.035363048 0.998025119
1341840853.434335 1.325490236 -0.060863581 -0.066405088 0.021088399 0.050736412 -0.036743216 0.997813165
1341840853.466387 1.326689482 -0.054643828 -0.066690601 0.022877131 0.050707471 -0.038367771 0.997714043
1341840853.498430 1.335857868 -0.061070114 -0.066365838 0.020103864 0.047392376 -0.039976466 0.997873604
1341840853.534407 1.338389039 -0.057750721 -0.067144886 0.022697108 0.049413968 -0.041169994 0.997671366
1341840853.566451 1.335187793 -0.047177002 -0.067964531 0.025800217 0.052613541 -0.041248392 0.997429073
1341840853.602691 1.341971040 -0.044314858 -0.069304287 0.022195956 0.050007232 -0.041678183 0.997631967
1341840853.634832 1.343929410 -0.060967356 -0.065658130 0.012348669 0.051168427 -0.042318366 0.997716606
1341840853.666488 1.344531655 -0.066148557 -0.065482289 0.013718265 0.051305912 -0.043902796 0.997623205
1341840853.702424 1.345971227 -0.046453059 -0.068067186 0.023696093 0.050302193 -0.045364574 0.997421801
1341840853.734353 1.350547791 -0.043401267 -0.069136076 0.020457026 0.047903351 -0.047098618 0.997531176
1341840853.766467 1.356394291 -0.063473031 -0.065615349 0.011334039 0.046068858 -0.047917388 0.997723997
1341840853.802607 1.359056711 -0.055087671 -0.068120129 0.018923907 0.046435092 -0.048831534 0.997547567
1341840853.834576 1.361106515 -0.041217618 -0.070116505 0.022880472 0.046720270 -0.050753515 0.997355402
1341840853.870615 1.367882133 -0.045772724 -0.068907827 0.017629292 0.044859584 -0.052096747 0.997478187
1341840853.902573 1.370062590 -0.049830288 -0.068333685 0.014502809 0.046039648 -0.052613873 0.997447610
1341840853.940152 1.367646813 -0.048001334 -0.068388313 0.015045562 0.048097167 -0.053597085 0.997290134
1341840853.970342 1.376798511 -0.040313359 -0.069757685 0.016945980 0.044382218 -0.054595113 0.997377753
1341840854.002413 1.384174466 -0.048444845 -0.069612667 0.011433818 0.044137742 -0.056501277 0.997360885
1341840854.034566 1.381573915 -0.052378111 -0.068326898 0.011435661 0.049314879 -0.058017410 0.997031212
1341840854.070475 1.380917788 -0.039763998 -0.071049370 0.017805601 0.051592883 -0.058235031 0.996809840
1341840854.102373 1.381425261 -0.038499996 -0.071514748 0.016241772 0.050867099 -0.057478931 0.996917725
1341840854.138343 1.391598821 -0.044183243 -0.071795247 0.013147636 0.046114504 -0.058258183 0.997149229
1341840854.170475 1.397637248 -0.051011316 -0.072444715 0.012544053 0.046665862 -0.058332138 0.997127056
1341840854.202459 1.391526103 -0.040629953 -0.074638896 0.019598944 0.051664252 -0.057736471 0.996801496
1341840854.238384 1.388992190 -0.037416790 -0.076484956 0.019476686 0.050712429 -0.057921682 0.996841967
1341840854.270355 1.398345590 -0.049130596 -0.075996272 0.015236861 0.044384263 -0.057922885 0.997217536
1341840854.306367 1.411499858 -0.045664113 -0.077809878 0.020499162 0.040901929 -0.057513107 0.997295856
1341840854.338540 1.407544851 -0.033524737 -0.078918919 0.026300639 0.046572719 -0.057069175 0.996936500
1341840854.370427 1.401757240 -0.030607354 -0.079366490 0.025259182 0.048139147 -0.055536289 0.996975601
1341840854.406491 1.410611987 -0.037814151 -0.078519002 0.020697098 0.042538114 -0.055274192 0.997349918
1341840854.438402 1.414671063 -0.034799259 -0.078926846 0.022563780 0.042653553 -0.054140590 0.997366726
1341840854.470341 1.409971118 -0.028517608 -0.079326972 0.023645636 0.044286191 -0.053646784 0.997297168
1341840854.506442 1.419376373 -0.031923711 -0.078786686 0.020178683 0.038697891 -0.055250801 0.997518241
1341840854.538722 1.430835962 -0.035272144 -0.078699693 0.018696215 0.037083704 -0.055615809 0.997588158
1341840854.574331 1.426754951 -0.029072803 -0.077958338 0.019660655 0.043776162 -0.056616127 0.997242033
1341840854.606460 1.420173645 -0.034932062 -0.076526150 0.015936336 0.047287162 -0.057202365 0.997114778
1341840854.638476 1.424935818 -0.029622708 -0.077147722 0.018326804 0.044648658 -0.055236433 0.997306168
1341840854.674312 1.430138230 -0.029241288 -0.076713696 0.016178936 0.042855848 -0.054548014 0.997459829
1341840854.706362 1.430306911 -0.038192697 -0.075306594 0.011976849 0.042946797 -0.056256715 0.997420311
1341840854.738328 1.438484311 -0.032479096 -0.075419992 0.015541906 0.040385902 -0.057059221 0.997432530
1341840854.774384 1.436655521 -0.034170292 -0.075437605 0.013871260 0.043057539 -0.057484467 0.997321010
1341840854.806396 1.437710166 -0.034121417 -0.075255513 0.013532245 0.042809121 -0.058794882 0.997259974
1341840854.842383 1.441948414 -0.038750026 -0.074130714 0.011467610 0.041654214 -0.060354583 0.997241557
1341840854.874351 1.439229965 -0.057046209 -0.073766716 0.007185540 0.042702533 -0.060303099 0.997240365
1341840854.906375 1.436049342 -0.040429685 -0.076047152 0.019640470 0.042382125 -0.060260434 0.997089148
1341840854.942414 1.441422701 -0.027974868 -0.078237496 0.023323555 0.036985673 -0.062462732 0.997088969
1341840854.974632 1.457041621 -0.045927472 -0.076260380 0.014116958 0.030120334 -0.064678565 0.997351587
1341840855.006485 1.456116676 -0.051653601 -0.074041948 0.016732974 0.034000393 -0.065830246 0.997111022
1341840855.042409 1.455003977 -0.026227226 -0.076990448 0.029194063 0.035353027 -0.067499116 0.996665299
1341840855.074380 1.473641992 -0.019464793 -0.076642290 0.024721235 0.029379686 -0.068966664 0.996879756
