1305031103.011215 -0.015648004 0.041924216 0.237849474 -0.046026673 -0.016230954 -0.002789734 0.998804450
1305031103.043227 -0.015861202 0.044581123 0.247057408 -0.047634829 -0.022392932 0.000093008 0.998613775
1305031103.075319 -0.011544708 0.042827446 0.263301253 -0.050549615 -0.027479550 0.003271571 0.998338044
1305031103.111240 -0.012567937 0.048812531 0.268932104 -0.047860105 -0.026616637 0.004129881 0.998490810
1305031103.143318 -0.011440234 0.049981967 0.277714550 -0.050099909 -0.027467517 0.005925209 0.998348832
1305031103.175452 -0.012369581 0.054596119 0.282957435 -0.049755666 -0.025507284 0.006153803 0.998416662
1305031103.211220 -0.012176895 0.060137711 0.286695898 -0.052678030 -0.026082665 0.007472697 0.998242855
1305031103.243216 -0.011067454 0.061978541 0.292452902 -0.060058247 -0.026712948 0.011412608 0.997772098
1305031103.275370 -0.015979923 0.062332023 0.293541849 -0.069593295 -0.026749009 0.014631684 0.997109413
1305031103.311210 -0.015565870 0.059530754 0.301371455 -0.076992609 -0.037048843 0.015212419 0.996226966
1305031103.343223 -0.010238368 0.060821876 0.304979473 -0.077478424 -0.043743789 0.015439010 0.995914280
1305031103.375327 -0.008845609 0.060128301 0.305409580 -0.081095316 -0.042815078 0.017202243 0.995637715
1305031103.411260 -0.011050659 0.055724699 0.304024845 -0.084146626 -0.040961813 0.017956249 0.995449185
1305031103.443280 -0.012783892 0.054732975 0.300380081 -0.083623268 -0.042387355 0.017287809 0.995445430
1305031103.475274 -0.011789411 0.051029488 0.297292292 -0.084209003 -0.045623705 0.015587584 0.995281041
1305031103.511333 -0.011964038 0.047030017 0.292178750 -0.082244754 -0.046813540 0.013001045 0.995427191
1305031103.543444 -0.011869457 0.042938791 0.286130041 -0.078526020 -0.047999546 0.010885175 0.995696366
1305031103.575474 -0.012937158 0.040850766 0.276762903 -0.073921166 -0.048698496 0.010985378 0.996013761
1305031103.611223 -0.014226063 0.036668919 0.268289864 -0.072067775 -0.051051255 0.012089428 0.996019006
1305031103.643445 -0.013777452 0.033245564 0.259435952 -0.069218166 -0.055045974 0.012401980 0.996004522
1305031103.675523 -0.011385914 0.029469345 0.250581503 -0.066970259 -0.058308683 0.012583896 0.995970249
1305031103.711610 -0.009307845 0.027024157 0.241293684 -0.064229436 -0.059882779 0.012596472 0.996057212
1305031103.743326 -0.008420290 0.021367947 0.231578067 -0.062563375 -0.059463765 0.011174716 0.996205330
1305031103.775342 -0.008085240 0.019678129 0.218889639 -0.058873363 -0.058694493 0.007702268 0.996508718
1305031103.811242 -0.007397449 0.019690692 0.207293376 -0.058096960 -0.057575040 0.004722682 0.996638119
1305031103.843251 -0.010437890 0.019568035 0.193502843 -0.060238943 -0.055703081 0.001463142 0.996627450
1305031103.875361 -0.011545567 0.011031218 0.184973478 -0.068172634 -0.058320958 -0.001567682 0.995966256
1305031103.911221 -0.009814515 0.004904512 0.174344391 -0.067971662 -0.062787600 -0.003107102 0.995704770
1305031103.943211 -0.008507237 0.002990281 0.162510231 -0.065505832 -0.065562204 -0.003969018 0.995688140
1305031103.975373 -0.005997930 -0.001809280 0.152339667 -0.064262830 -0.068157546 -0.004871292 0.995590866
1305031104.011232 -0.002902253 -0.006679162 0.144256964 -0.060559083 -0.069169164 -0.006238413 0.995745599
1305031104.043249 -0.000096921 -0.007515231 0.132842585 -0.052667588 -0.066760592 -0.008185428 0.996344388
1305031104.075425 0.001700588 -0.007236246 0.121080004 -0.047999140 -0.062390827 -0.011037232 0.996835828
1305031104.111235 0.004744614 -0.013649218 0.112567902 -0.046858393 -0.057289947 -0.011941303 0.997185826
1305031104.143230 0.002516992 -0.017057374 0.099385977 -0.042117815 -0.050208449 -0.013375017 0.997760653
1305031104.175424 0.002124055 -0.019044837 0.087079294 -0.037888911 -0.046567198 -0.014287654 0.998094082
1305031104.211283 0.002785405 -0.022727108 0.076627932 -0.034161929 -0.044056099 -0.014267117 0.998342872
1305031104.243196 0.002830825 -0.023861835 0.066462845 -0.029090334 -0.041607689 -0.014504259 0.998605132
1305031104.275546 0.003736245 -0.025106199 0.056387704 -0.024552673 -0.039132871 -0.015294067 0.998815238
1305031104.311219 0.005139521 -0.026406819 0.047569565 -0.020854371 -0.036344778 -0.015434508 0.999002457
1305031104.343342 0.006591748 -0.025524449 0.038881198 -0.017009601 -0.032632403 -0.015810924 0.999197602
1305031104.375837 0.005888073 -0.025884077 0.029899033 -0.014916051 -0.027338069 -0.015506225 0.999394655
1305031104.411509 0.004127461 -0.026978379 0.020234795 -0.013678951 -0.022859650 -0.015047346 0.999531806
1305031104.443288 -0.000607010 -0.025646631 0.010313991 -0.012399831 -0.019699112 -0.014691556 0.999621093
1305031104.475456 -0.003474452 -0.027896959 0.001957368 -0.013347277 -0.020238934 -0.014055077 0.999607265
1305031104.511329 -0.004142673 -0.031555172 -0.004136601 -0.013361202 -0.022739114 -0.012795575 0.999570251
1305031104.543368 -0.001973207 -0.033552065 -0.011524506 -0.010367107 -0.025390714 -0.012045728 0.999551237
1305031104.575343 0.003242666 -0.037656672 -0.017115476 -0.006756981 -0.026716929 -0.011368127 0.999555528
1305031104.611336 0.010146310 -0.045241639 -0.020550301 0.000907666 -0.024683259 -0.009951079 0.999645352
1305031104.643243 0.011930337 -0.040626552 -0.028378794 0.014766380 -0.017355142 -0.009364486 0.999696493
1305031104.675525 0.014548357 -0.047825903 -0.037230752 0.023822479 -0.009996599 -0.008541599 0.999629736
1305031104.711277 0.013780477 -0.048530795 -0.048339177 0.037739489 -0.001875580 -0.006145664 0.999266922
1305031104.743280 0.015454616 -0.046375759 -0.055561453 0.051357802 0.004893242 -0.004009745 0.998660266
1305031104.775327 0.012622340 -0.042258494 -0.066790305 0.064544238 0.013545450 -0.002926115 0.997818589
1305031104.811465 0.014981247 -0.037779361 -0.071825422 0.076270573 0.019623119 0.000228230 0.996894002
1305031104.843258 0.014660159 -0.034062229 -0.076660372 0.085084043 0.026287060 0.002839214 0.996022880
1305031104.875350 0.011033745 -0.028908778 -0.080634281 0.091411643 0.030232100 0.004942878 0.995341897
1305031104.911534 0.012258587 -0.025870001 -0.080571204 0.093942180 0.030755289 0.007388141 0.995075047
1305031104.943262 0.012408119 -0.024339180 -0.080437005 0.094940528 0.031568632 0.007895628 0.994950950
1305031104.975202 0.011986455 -0.018221892 -0.077567711 0.095054112 0.030820457 0.008912534 0.994954944
1305031105.011290 0.012829252 -0.015693828 -0.072239466 0.090621531 0.030029878 0.009492395 0.995387256
1305031105.043373 0.011886097 -0.013330276 -0.066374749 0.085156538 0.029665159 0.008074431 0.995893121
1305031105.075320 0.011909936 -0.013240558 -0.058935184 0.077809803 0.028796362 0.006385404 0.996531785
1305031105.111299 0.008997068 -0.015167509 -0.049889576 0.071498774 0.028493838 0.004395187 0.997023880
1305031105.143106 0.004832543 -0.005195562 -0.041817036 0.067702211 0.026851689 0.002118184 0.997341871
1305031105.175159 0.001807598 -0.001078683 -0.031075142 0.055383127 0.024208218 -0.001286381 0.998170853
1305031105.211268 0.001641374 -0.011910108 -0.018808190 0.039944980 0.019504778 -0.002556059 0.999008179
1305031105.243270 -0.002620806 -0.009854243 -0.009085305 0.031994760 0.014873588 -0.004647255 0.999366522
1305031105.275288 -0.006153433 -0.006655930 0.002309929 0.022384902 0.009105888 -0.005933170 0.999690354
1305031105.311290 -0.009447998 -0.007806365 0.012569063 0.011715315 0.002401585 -0.006740550 0.999905765
1305031105.343302 -0.009316158 -0.011453461 0.024580508 0.002376786 -0.004642630 -0.007162350 0.999960780
1305031105.375338 -0.010275039 -0.013235087 0.034752265 -0.001911908 -0.009601580 -0.006922259 0.999928117
1305031105.411286 -0.011295537 -0.007491306 0.044915736 -0.006049540 -0.014203163 -0.007450318 0.999853075
1305031105.443316 -0.011294473 -0.010234297 0.058135614 -0.013767025 -0.018753335 -0.007969278 0.999697566
1305031105.475280 -0.013846304 -0.009521474 0.070025638 -0.017178638 -0.021586211 -0.008562088 0.999582708
1305031105.511332 -0.012419618 -0.006983888 0.081998743 -0.021266367 -0.025127584 -0.008230386 0.999424160
1305031105.543282 -0.012300530 -0.008339995 0.094339706 -0.026122781 -0.026227815 -0.007172889 0.999288857
1305031105.575449 -0.013980761 -0.006443187 0.104852684 -0.028487334 -0.026996357 -0.007173059 0.999203801
1305031105.611378 -0.012139784 -0.008414088 0.118156195 -0.032206792 -0.028974239 -0.006292087 0.999041378
1305031105.643273 -0.013864363 -0.006939616 0.128299966 -0.032598685 -0.028740525 -0.003519083 0.999049008
1305031105.675166 -0.010759296 -0.004603044 0.140939683 -0.034145277 -0.031156104 -0.002122066 0.998928905
1305031105.711309 -0.006594516 -0.006680807 0.156176269 -0.034559689 -0.030845253 -0.001980615 0.998924553
1305031105.743312 -0.007113766 -0.000641868 0.166169003 -0.031182732 -0.026630163 -0.001819082 0.999157250
1305031105.775339 -0.004280407 -0.001130812 0.179851100 -0.032501597 -0.023229240 -0.001573445 0.999200463
1305031105.811283 -0.004979801 0.000135293 0.190329567 -0.031005476 -0.017740434 -0.000991060 0.999361277
1305031105.843271 -0.001740088 0.001475371 0.201026008 -0.029896799 -0.015289104 0.000372841 0.999436021
1305031105.875337 0.000064994 0.007536535 0.211107343 -0.028031116 -0.010848887 0.003018725 0.999543607
1305031105.911262 0.000768530 0.010486962 0.221432090 -0.030583443 -0.006993908 0.007827645 0.999477088
1305031105.943272 -0.002583985 0.013742548 0.222412348 -0.032824811 -0.001397181 0.009557031 0.999414444
1305031105.975329 -0.002939798 0.016750187 0.232646108 -0.037270486 0.000902882 0.011152273 0.999242544
1305031106.011285 -0.001312211 0.020661458 0.242832169 -0.041073631 0.002247544 0.013141275 0.999067128
1305031106.043355 -0.002979570 0.023862241 0.252189308 -0.045408588 0.005173199 0.014346207 0.998852074
1305031106.075330 -0.003887945 0.026862983 0.261075616 -0.049415831 0.006243864 0.016235687 0.998626828
1305031106.111327 -0.005723037 0.031642128 0.268021494 -0.053214286 0.006919845 0.016365984 0.998425007
1305031106.143355 -0.007221012 0.033134177 0.277687550 -0.060455624 0.005580684 0.018452743 0.997984707
1305031106.175534 -0.007904516 0.034543589 0.285883605 -0.064704850 0.003935554 0.019597488 0.997704208
1305031106.211275 -0.008604897 0.034374051 0.293919533 -0.068768650 0.002400996 0.020288764 0.997423410
1305031106.243267 -0.009431828 0.036698114 0.299620688 -0.068699121 0.000969837 0.023733303 0.997354627
1305031106.276385 -0.010106375 0.041351605 0.304319233 -0.068913616 -0.000643754 0.024795227 0.997314215
1305031106.311238 -0.009677495 0.044232454 0.308750868 -0.072317600 -0.002461870 0.028244419 0.996978581
1305031106.343258 -0.010579851 0.052954141 0.314227879 -0.073325522 -0.003676427 0.028552016 0.996892452
1305031106.375388 -0.008308104 0.054309927 0.316684574 -0.081870012 -0.004561370 0.021097297 0.996409237
1305031106.411320 -0.007750860 0.048703805 0.318928212 -0.090517521 0.000393365 0.015118252 0.995779991
1305031106.443278 -0.010811692 0.045998082 0.317892939 -0.092077881 0.005351397 0.010682447 0.995680094
1305031106.475345 -0.012057886 0.043988429 0.314776540 -0.092194341 0.004618509 0.009783933 0.995682240
1305031106.511129 -0.013849260 0.039771747 0.310179353 -0.091592677 0.002034350 0.009384570 0.995750248
1305031106.543302 -0.012662594 0.037856329 0.302399635 -0.088089459 -0.002661336 0.008247571 0.996074855
1305031106.575282 -0.015027819 0.032672994 0.290359408 -0.087167338 -0.002726997 0.006425148 0.996169209
1305031106.611151 -0.016189754 0.032244153 0.280795783 -0.086149409 -0.005369580 0.003698295 0.996260881
1305031106.643207 -0.015811883 0.026767362 0.272182614 -0.087098487 -0.008411969 0.001302456 0.996163368
1305031106.675279 -0.017196583 0.025643498 0.260943443 -0.084461421 -0.011146021 0.001660878 0.996363044
1305031106.711508 -0.019119209 0.021929260 0.250242621 -0.086574666 -0.016143724 0.000650720 0.996114314
1305031106.743341 -0.019398104 0.018953579 0.238378853 -0.085057326 -0.022582781 0.000867695 0.996119738
1305031106.775390 -0.018012792 0.015977489 0.225694522 -0.084259287 -0.029016035 0.000755670 0.996021032
1305031106.811289 -0.017485917 0.016411038 0.213740006 -0.083553702 -0.033075511 0.000504510 0.995954096
1305031106.843416 -0.017824695 0.008225106 0.202603787 -0.086161643 -0.036789514 -0.001203069 0.995600939
1305031106.875905 -0.014397726 0.003944166 0.189241916 -0.080906168 -0.040624514 -0.004534732 0.995883167
1305031106.911243 -0.014089696 0.005946727 0.174225122 -0.075313814 -0.040030811 -0.008662296 0.996318340
1305031106.943439 -0.011006919 0.001200585 0.170920789 -0.074335635 -0.040902112 -0.012559709 0.996314943
1305031106.975547 -0.010424428 -0.004236922 0.155588895 -0.068921052 -0.038924623 -0.016133765 0.996731877
1305031107.011576 -0.010825487 -0.000219135 0.138634622 -0.060036313 -0.035828363 -0.019612506 0.997360170
1305031107.043281 -0.011369980 -0.005849403 0.126454100 -0.061387438 -0.032976776 -0.021836644 0.997330070
1305031107.075432 -0.013888067 -0.012193178 0.112323843 -0.057827234 -0.030950882 -0.022933500 0.997583151
1305031107.111229 -0.013258697 -0.011459763 0.098968551 -0.052009996 -0.031797752 -0.023744266 0.997857749
1305031107.143260 -0.010751730 -0.010839070 0.087606721 -0.049509805 -0.031712428 -0.023810184 0.997986078
1305031107.175399 -0.009995983 -0.017300677 0.077923238 -0.048797309 -0.030179113 -0.024540711 0.998050988
1305031107.211358 -0.007820847 -0.021818001 0.067290492 -0.043114405 -0.028489564 -0.026203685 0.998320043
1305031107.243378 -0.007409175 -0.020637229 0.056475732 -0.035869405 -0.025189051 -0.026462616 0.998688459
1305031107.275398 -0.004290362 -0.025375720 0.046987634 -0.031480193 -0.022736901 -0.026373513 0.998897612
1305031107.311226 -0.004131939 -0.030376185 0.038102195 -0.025203712 -0.018924642 -0.027555376 0.999123275
1305031107.343509 -0.000604288 -0.034315422 0.028975613 -0.014782318 -0.016083807 -0.027359867 0.999386907
1305031107.375413 0.001617486 -0.030558972 0.019272875 -0.004375101 -0.011400530 -0.027016435 0.999560416
1305031107.411271 0.003610124 -0.030792188 0.013417390 0.002237973 -0.006947776 -0.027665643 0.999590576
1305031107.443419 0.007026945 -0.029640909 0.007654789 0.007709873 -0.003024995 -0.026881427 0.999604344
1305031107.475377 0.009054803 -0.030305978 0.004390877 0.010584785 0.001403043 -0.025833635 0.999609232
1305031107.511352 0.009737977 -0.025112869 0.004213572 0.013426783 0.005169716 -0.025549648 0.999570012
1305031107.543605 0.012721142 -0.026662771 0.004633362 0.010254626 0.007300487 -0.023341393 0.999648273
1305031107.575454 0.014223664 -0.030323431 0.005753440 0.009104807 0.009337749 -0.020729207 0.999700069
1305031107.611271 0.015912645 -0.023446681 0.004391420 0.011565208 0.010716310 -0.019097675 0.999693274
1305031107.643323 0.016598919 -0.023539903 0.006589944 0.007853421 0.012111080 -0.017940708 0.999734879
1305031107.675568 0.016022811 -0.023158792 0.007922516 0.006728353 0.012842709 -0.017573368 0.999740422
1305031107.711307 0.014917271 -0.020001085 0.008658054 0.006067413 0.013042322 -0.016589284 0.999758899
1305031107.743538 0.012736199 -0.015842389 0.009732475 0.003735760 0.012359366 -0.015989844 0.999788761
1305031107.775802 0.012463242 -0.016790021 0.011960586 0.000492428 0.009675323 -0.017405704 0.999801576
1305031107.811596 0.014494904 -0.015518184 0.014100231 -0.001687116 0.007134791 -0.017197046 0.999825180
1305031107.843332 0.016262976 -0.014085626 0.016424170 -0.003884985 0.006256418 -0.017725073 0.999815762
1305031107.875358 0.020274593 -0.016592763 0.019751465 -0.005277741 0.006367423 -0.021333629 0.999738216
1305031107.911541 0.023197176 -0.016982388 0.021776909 -0.004531548 0.009076789 -0.023552515 0.999671102
1305031107.943122 0.028018489 -0.018003792 0.024061467 -0.002825096 0.011964601 -0.023912553 0.999638438
1305031107.975807 0.033560824 -0.018345851 0.026464861 -0.000361464 0.015927719 -0.023348937 0.999600410
1305031108.011320 0.041499309 -0.017242797 0.029072789 0.003827649 0.019801512 -0.025131091 0.999480724
1305031108.043418 0.053420611 -0.016497305 0.032009516 0.006362582 0.024965940 -0.023082638 0.999401510
1305031108.075352 0.062827155 -0.017971927 0.034142897 0.007041180 0.033489820 -0.017565135 0.999259889
1305031108.111378 0.066284798 -0.017604226 0.037627403 0.010099370 0.040756904 -0.017432787 0.998965979
1305031108.143334 0.075712815 -0.015726898 0.038439799 0.012365929 0.043794293 -0.016420953 0.998829067
1305031108.176058 0.084074534 -0.009718988 0.040336706 0.012403690 0.047365844 -0.013198487 0.998713374
1305031108.211475 0.092328146 -0.012471543 0.043453082 0.006545749 0.048856441 -0.013768635 0.998689473
1305031108.243347 0.106156670 -0.017667165 0.048574351 0.004265194 0.050394915 -0.015422771 0.998601139
1305031108.275358 0.113784112 -0.011462850 0.049931969 0.006402099 0.055085171 -0.015127135 0.998346567
1305031108.311332 0.117759429 -0.008037202 0.052173030 0.003383285 0.057828557 -0.013798147 0.998225451
1305031108.343278 0.124745905 -0.005881033 0.055555910 -0.001642517 0.056853928 -0.011942800 0.998309731
1305031108.375410 0.131290451 -0.005364210 0.057775289 -0.006942508 0.054655645 -0.007013565 0.998456478
1305031108.411361 0.143212572 -0.006914619 0.057463005 -0.012642895 0.049630258 -0.000712636 0.998687387
1305031108.443610 0.153158307 -0.005474689 0.059679762 -0.016629001 0.048254617 0.005686507 0.998680472
1305031108.475471 0.164762527 -0.008791259 0.062128671 -0.020720767 0.046949316 0.012932590 0.998598576
1305031108.511378 0.182117686 -0.013535300 0.062915444 -0.021738401 0.047797024 0.017570339 0.998465896
1305031108.543737 0.187462747 -0.016250027 0.062542222 -0.018565986 0.055870052 0.016711909 0.998125494
1305031108.575414 0.194488913 -0.009209671 0.062286191 -0.012950816 0.061398227 0.015124730 0.997914732
1305031108.611407 0.208055153 -0.008403876 0.063998595 -0.012946014 0.065854460 0.016370496 0.997610927
1305031108.643303 0.213468730 -0.004654253 0.065679930 -0.011872428 0.072679371 0.017799053 0.997125864
1305031108.675375 0.227103829 0.001981118 0.066992559 -0.012297913 0.075953357 0.023094254 0.996767998
1305031108.711411 0.231579319 -0.000236454 0.070259526 -0.017391322 0.084945709 0.026650393 0.995877266
1305031108.743502 0.249937445 -0.000489207 0.069081299 -0.018373232 0.085419707 0.028422665 0.995770097
1305031108.775493 0.256480634 0.001578643 0.069170535 -0.018810676 0.088929169 0.030868083 0.995381773
1305031108.811244 0.258024544 -0.000379046 0.069647446 -0.021084694 0.093092807 0.035803702 0.994790018
1305031108.843264 0.257723898 -0.002590060 0.069651566 -0.020940797 0.094224438 0.041352376 0.994471312
1305031108.876515 0.258299053 -0.001760500 0.067899495 -0.018509315 0.091609597 0.047561396 0.994486272
1305031108.911364 0.258724421 -0.006352700 0.067411765 -0.017164648 0.088409498 0.052568354 0.994547963
1305031108.943243 0.254482895 -0.009132983 0.063937619 -0.013185260 0.086153924 0.052898545 0.994789124
1305031108.975268 0.251931489 -0.003771202 0.059223738 -0.007736067 0.080037884 0.050870132 0.995462894
1305031109.011269 0.252732456 -0.002732338 0.059217859 -0.007677881 0.075157002 0.049828093 0.995896399
1305031109.043277 0.247076139 -0.003215076 0.056249138 -0.006972849 0.074665785 0.047885992 0.996033788
1305031109.075410 0.239910185 0.000954724 0.053398788 -0.007376886 0.072404616 0.041567884 0.996481478
1305031109.111282 0.233547732 -0.000497588 0.054835465 -0.011509218 0.070949905 0.039081186 0.996647537
1305031109.143334 0.220152810 -0.004084127 0.053455923 -0.013331520 0.070135988 0.035823021 0.996804893
1305031109.175464 0.213010177 0.001663324 0.052248873 -0.011398439 0.062813357 0.033094596 0.997411311
1305031109.211379 0.204361752 0.006298837 0.049962118 -0.015451118 0.058355365 0.034597367 0.997576535
1305031109.243290 0.193394437 0.004615626 0.051136039 -0.024587058 0.056332402 0.039485078 0.997327924
1305031109.275308 0.170981333 -0.005137211 0.053661659 -0.030145722 0.056752361 0.042951185 0.997008324
1305031109.311329 0.157430544 -0.001826405 0.051497985 -0.026508022 0.048812207 0.043985758 0.997486830
1305031109.343248 0.154751897 0.002071131 0.048206162 -0.028036943 0.036574535 0.042359803 0.998039007
1305031109.375397 0.146956921 -0.001664414 0.047770761 -0.031919423 0.027414743 0.041699450 0.998243809
1305031109.411329 0.137133747 0.001075959 0.046807766 -0.031438183 0.020143591 0.038664736 0.998554409
1305031109.443302 0.128730029 0.003835288 0.045012236 -0.033974331 0.014068065 0.033095349 0.998775482
1305031109.475363 0.119499870 0.001752628 0.045182519 -0.037423834 0.011484525 0.029440019 0.998799682
1305031109.511273 0.103968658 -0.001651024 0.046839699 -0.038423173 0.011628824 0.025165852 0.998876929
1305031109.543294 0.094111882 -0.000077559 0.043929148 -0.035048593 0.009406087 0.022852423 0.999080002
1305031109.575362 0.083922215 0.001442906 0.041299269 -0.034363069 0.008987375 0.022470998 0.999116361
1305031109.611310 0.072205231 0.002241520 0.039960772 -0.034330178 0.007939511 0.020140143 0.999176025
1305031109.643229 0.064219400 0.003731033 0.038754772 -0.034500808 0.006106170 0.019199278 0.999201596
1305031109.675263 0.051448487 0.005499198 0.036766190 -0.036306430 0.006704078 0.021038383 0.999096751
1305031109.711312 0.039947622 0.008901483 0.036481075 -0.038020216 0.004094813 0.020728340 0.999053538
1305031109.743274 0.030257149 0.009301177 0.037334383 -0.042528298 0.000886321 0.019934086 0.998896003
1305031109.775277 0.021705849 0.008286696 0.039191309 -0.045889471 -0.001277162 0.019976929 0.998745918
1305031109.811371 0.010096701 0.010421053 0.038807042 -0.047490515 -0.001783227 0.019169597 0.998686135
1305031109.843296 -0.000276651 0.010935610 0.039688595 -0.050896980 -0.004248247 0.018619519 0.998521268
1305031109.875306 -0.013976953 0.012342665 0.041491412 -0.054121725 -0.006517590 0.016799605 0.998371780
1305031109.911265 -0.024811387 0.010050260 0.045029152 -0.056166090 -0.012154778 0.011940466 0.998276055
1305031109.943299 -0.032881357 0.016595662 0.046696510 -0.055821188 -0.016384847 0.007935188 0.998274803
1305031109.975258 -0.044752285 0.015083052 0.049435355 -0.060878929 -0.017946124 0.002712648 0.997980118
1305031110.011256 -0.054331698 0.016731050 0.051913224 -0.062475260 -0.020301597 -0.004317777 0.997830689
1305031110.043299 -0.063205644 0.016833523 0.054252643 -0.065082155 -0.021842994 -0.011199083 0.997577965
1305031110.075319 -0.074652150 0.018700588 0.055519685 -0.066707909 -0.021514589 -0.016464692 0.997404695
1305031110.111325 -0.087074175 0.020415144 0.058350336 -0.070660666 -0.022128273 -0.021447834 0.997024298
1305031110.143432 -0.096831143 0.016444143 0.060842991 -0.073243432 -0.025794245 -0.025167659 0.996662736
1305031110.175641 -0.103872105 0.022586834 0.061535642 -0.072787352 -0.030113937 -0.026141826 0.996549904
1305031110.211637 -0.113894016 0.021140609 0.064808697 -0.077030726 -0.032888874 -0.027931675 0.996094584
1305031110.243323 -0.124432057 0.018579217 0.065393366 -0.078294225 -0.035860818 -0.028060740 0.995889843
1305031110.279321 -0.131125420 0.018464804 0.066315375 -0.076589249 -0.040117424 -0.029029459 0.995832324
1305031110.311404 -0.140434325 0.019116413 0.065847956 -0.073897243 -0.043063127 -0.030439349 0.995870590
1305031110.343355 -0.149786726 0.021998648 0.065419644 -0.071994916 -0.047310621 -0.031625777 0.995780230
1305031110.379281 -0.159059495 0.019448629 0.062412050 -0.072450086 -0.052497409 -0.034676850 0.995385587
1305031110.411469 -0.168298706 0.024329547 0.060260676 -0.070743978 -0.058560666 -0.037456159 0.995069325
1305031110.443260 -0.176551655 0.026914578 0.061247438 -0.074481539 -0.064564250 -0.040437970 0.994308174
1305031110.479331 -0.188013330 0.026031092 0.062911734 -0.077295512 -0.070529871 -0.047047015 0.993396938
1305031110.511429 -0.196807668 0.025981681 0.062767565 -0.077990167 -0.077888608 -0.051067170 0.992594123
1305031110.543408 -0.204310358 0.030798428 0.061876312 -0.078081846 -0.084513985 -0.054167662 0.991880238
1305031110.579426 -0.204379231 0.036264852 0.066219300 -0.080574445 -0.093909785 -0.059137363 0.990551114
1305031110.611307 -0.210852265 0.031728640 0.068986967 -0.086415477 -0.097944312 -0.063210785 0.989415824
1305031110.643418 -0.217798293 0.029498868 0.068031892 -0.085693307 -0.100046784 -0.066464514 0.989054978
1305031110.679606 -0.222853288 0.036792152 0.066830382 -0.083097041 -0.102663882 -0.068670817 0.988857567
1305031110.711412 -0.227304786 0.034951329 0.068244040 -0.087304421 -0.104794361 -0.069937803 0.988182545
1305031110.743249 -0.231429368 0.033165276 0.068065345 -0.088467926 -0.106584512 -0.071429193 0.987780809
1305031110.779193 -0.233871326 0.034495711 0.066925704 -0.088068411 -0.108408757 -0.072452530 0.987543464
1305031110.811386 -0.236339256 0.035222467 0.066814333 -0.088529050 -0.108619384 -0.074109435 0.987356186
1305031110.843218 -0.239405215 0.034835108 0.067049690 -0.090260804 -0.110037871 -0.076264322 0.986878097
1305031110.879313 -0.237611428 0.033265579 0.066786282 -0.091011629 -0.113085926 -0.076253615 0.986465335
1305031110.911333 -0.237273231 0.035368070 0.067206100 -0.090771124 -0.114095002 -0.076433487 0.986357331
1305031110.943862 -0.233223170 0.035029355 0.067942336 -0.090903275 -0.117200918 -0.077537701 0.985894740
1305031110.979345 -0.223633796 0.036776431 0.068409458 -0.090318985 -0.118968897 -0.077136375 0.985768139
1305031111.011431 -0.216217607 0.035898633 0.071537673 -0.092182755 -0.115664989 -0.076303408 0.986053586
1305031111.043327 -0.211402878 0.036672719 0.071735173 -0.090794921 -0.109986648 -0.073727630 0.987027586
1305031111.079283 -0.208230019 0.039442591 0.071066052 -0.091646932 -0.105943859 -0.071772225 0.987535059
1305031111.111508 -0.199885026 0.035622276 0.074069135 -0.094502255 -0.104909390 -0.068098843 0.987636507
1305031111.143257 -0.193244189 0.033100914 0.074467205 -0.093670763 -0.102206677 -0.067107812 0.988066852
1305031111.179326 -0.179508969 0.033819906 0.076342151 -0.090625659 -0.101166628 -0.066458024 0.988501668
1305031111.211433 -0.171893701 0.034317181 0.075605661 -0.088689156 -0.092596196 -0.062868409 0.989751339
1305031111.243236 -0.171800435 0.031255845 0.074841663 -0.089180455 -0.086313456 -0.063575298 0.990229785
1305031111.279308 -0.155919999 0.027932148 0.078274526 -0.086056978 -0.088219747 -0.060816992 0.990511358
1305031111.311547 -0.150644407 0.032201119 0.072481945 -0.080915935 -0.081198387 -0.057267930 0.991755903
1305031111.343397 -0.147335306 0.034084700 0.073345803 -0.083630174 -0.082097836 -0.057234380 0.991458595
1305031111.379134 -0.131699502 0.024967739 0.077607229 -0.086477548 -0.087285854 -0.053411420 0.990984380
1305031111.411296 -0.127963871 0.027130980 0.072558761 -0.080952607 -0.085638076 -0.052992582 0.991617143
1305031111.443386 -0.111200377 0.028051853 0.078200832 -0.080557458 -0.094252460 -0.057193138 0.990634084
1305031111.479259 -0.085290186 0.023941297 0.086806849 -0.078424223 -0.095501617 -0.056146361 0.990745544
1305031111.511264 -0.079647973 0.022648999 0.082534939 -0.074543722 -0.082071625 -0.055899914 0.992261410
1305031111.543250 -0.073156334 0.021496871 0.086734794 -0.071055062 -0.074908182 -0.053995680 0.993188977
1305031111.579237 -0.062950306 0.026200699 0.084604643 -0.065219253 -0.065138981 -0.047648221 0.994601905
1305031111.611271 -0.061208125 0.021746978 0.076563790 -0.068091966 -0.056570772 -0.041544959 0.995207131
1305031111.643395 -0.042958539 0.015136632 0.085872293 -0.067099065 -0.061656799 -0.033891331 0.995262563
1305031111.679320 -0.026682071 0.022077767 0.085461058 -0.059363134 -0.056360401 -0.025266131 0.996323824
1305031111.711760 -0.015322870 0.020641819 0.086051479 -0.059703700 -0.048777539 -0.023124015 0.996755481
1305031111.743386 0.005402253 0.017931459 0.093066715 -0.056223091 -0.042213973 -0.019789256 0.997329116
1305031111.779423 0.017964369 0.023638524 0.095321164 -0.050411452 -0.025707940 -0.015658859 0.998274803
1305031111.811406 0.019897683 0.018195966 0.089164719 -0.050097018 -0.007302899 -0.014941112 0.998605847
1305031111.843299 0.027135935 0.019358601 0.086388133 -0.045914307 0.003890996 -0.013183724 0.998850822
1305031111.879442 0.034087021 0.017852580 0.080226049 -0.047422562 0.012287246 -0.008782160 0.998760760
1305031111.911354 0.037414473 0.013051681 0.080529518 -0.048270140 0.014365030 -0.003324867 0.998725474
1305031111.943300 0.047802098 0.011940739 0.075916275 -0.047078110 0.010569845 0.005902100 0.998817801
1305031111.979449 0.064826742 0.014549316 0.079582222 -0.044759795 0.009396781 0.012701467 0.998872817
1305031112.011433 0.076514989 0.010890283 0.077051051 -0.044496849 0.016635899 0.012658731 0.998790801
1305031112.043270 0.088569850 0.010639038 0.076406330 -0.040753514 0.023830742 0.010277645 0.998832107
1305031112.079339 0.102357954 0.008851837 0.073788598 -0.039503712 0.034222215 0.010443764 0.998578608
1305031112.111423 0.104049347 0.008122584 0.072937183 -0.037175789 0.045247961 0.005450317 0.998268962
1305031112.144342 0.122449361 0.010984747 0.073235027 -0.035681225 0.046242293 -0.000228799 0.998292744
1305031112.179390 0.137256116 0.010512708 0.071365133 -0.038031757 0.057169888 -0.002699229 0.997636139
1305031112.211254 0.142927855 0.001867814 0.073681220 -0.041280001 0.068310507 -0.008933181 0.996769667
1305031112.243369 0.160661250 -0.002791168 0.074151151 -0.036565717 0.074900143 -0.013734246 0.996425748
1305031112.279353 0.163631827 -0.002276893 0.075965382 -0.031107904 0.083282851 -0.016918167 0.995896637
1305031112.311312 0.164505914 -0.005496303 0.078733183 -0.026034918 0.087730929 -0.018296756 0.995635808
1305031112.343323 0.186370417 0.001560435 0.077742428 -0.015561819 0.082735948 -0.014616350 0.996342778
1305031112.379360 0.194186285 0.002870918 0.077521175 -0.010859631 0.081562787 -0.010453816 0.996554196
1305031112.411442 0.205399886 0.003629836 0.076634079 -0.008147485 0.078348286 -0.005910252 0.996875226
1305031112.443391 0.215236455 0.000994205 0.076642931 -0.006673001 0.077028885 0.000699805 0.997006297
1305031112.479418 0.218152389 0.000254701 0.075072229 -0.003853030 0.077634014 0.009628118 0.996927977
1305031112.511504 0.224571347 -0.001051833 0.074530005 -0.002235645 0.074623361 0.017201263 0.997060895
1305031112.543212 0.231420740 -0.002361008 0.074248530 -0.000346883 0.071767747 0.020843497 0.997203469
1305031112.579252 0.239505589 -0.001096227 0.072468922 0.002353071 0.068186991 0.027162449 0.997299969
1305031112.611261 0.253494620 0.001985556 0.070932940 0.003307338 0.065594018 0.033752296 0.997269928
1305031112.643246 0.261011660 0.002581915 0.071351834 0.000674467 0.071161829 0.041278899 0.996610045
1305031112.679952 0.261564761 0.001705530 0.072839506 -0.001785206 0.078535400 0.043692827 0.995951772
1305031112.711251 0.264065146 0.003960070 0.072711945 -0.003063170 0.082608625 0.045538485 0.995536387
1305031112.743245 0.269731045 0.015346322 0.073606879 -0.003681700 0.084001541 0.049963932 0.995205402
1305031112.779310 0.267135262 0.010852743 0.076771617 -0.012782651 0.089169182 0.052022692 0.994574845
1305031112.811310 0.256545514 0.005665961 0.077062845 -0.016713662 0.092475265 0.050364457 0.994299948
1305031112.843286 0.255955040 0.013209361 0.078973025 -0.016168488 0.086198434 0.048389848 0.994970739
1305031112.879421 0.253670752 0.010294714 0.077198014 -0.020972075 0.083378166 0.050805185 0.995001018
1305031112.911411 0.246179596 0.010774574 0.079748526 -0.023660468 0.081564784 0.052265923 0.995015383
1305031112.943321 0.241172314 0.009142967 0.079509668 -0.025972409 0.076354414 0.051261097 0.995423377
1305031112.979278 0.238488674 0.010805488 0.080108017 -0.025770545 0.069645785 0.049370620 0.996015966
1305031113.011353 0.234828874 0.014583157 0.078836076 -0.026022838 0.065767422 0.049432460 0.996270001
1305031113.043231 0.225913882 0.011796757 0.077206455 -0.031281680 0.065417655 0.046605993 0.996277988
1305031113.079251 0.212259859 0.002226202 0.077653758 -0.035391595 0.065691240 0.040218949 0.996400774
1305031113.111316 0.205417886 0.007191041 0.074624911 -0.030827578 0.059470825 0.035708763 0.997114718
1305031113.143306 0.198915750 0.012216274 0.073706932 -0.031498931 0.055933163 0.033951532 0.997359812
1305031113.179343 0.187214494 0.005631187 0.073897369 -0.036367752 0.055575307 0.035195746 0.997170985
1305031113.211259 0.171940655 0.004319107 0.071111664 -0.034865320 0.052274648 0.036234416 0.997365952
1305031113.243227 0.160796002 0.008959657 0.069390833 -0.034925297 0.045655925 0.036741711 0.997670174
1305031113.279312 0.151161507 0.001985976 0.070723377 -0.039449099 0.040168390 0.038181916 0.997683525
1305031113.311452 0.137280732 -0.004313182 0.067929149 -0.036501724 0.034357801 0.042178601 0.997851729
1305031113.343252 0.121749990 0.003383121 0.067321680 -0.028733028 0.025733681 0.040570810 0.998431861
1305031113.379312 0.110945635 0.003994472 0.065851063 -0.031544998 0.016466776 0.037499812 0.998662889
1305031113.411625 0.100619212 -0.002513647 0.066709027 -0.033072446 0.008899873 0.038186617 0.998683512
1305031113.443266 0.086712070 0.002569710 0.066066824 -0.029477857 0.002882035 0.033634584 0.998995245
1305031113.479311 0.068478100 0.004205931 0.066620216 -0.031965636 -0.001795286 0.026728185 0.999129891
1305031113.511523 0.056018054 0.002045033 0.066929936 -0.036493961 -0.007521651 0.024691524 0.999000490
1305031113.543242 0.042276811 -0.001094115 0.068153128 -0.039178934 -0.012966665 0.021270171 0.998921633
1305031113.579301 0.029906094 0.002458686 0.067488164 -0.037603531 -0.017544555 0.016519899 0.999002099
1305031113.611268 0.017517190 -0.000977484 0.066606067 -0.042148747 -0.020053705 0.011409554 0.998844922
1305031113.643222 0.008437683 -0.001696822 0.067337401 -0.045132995 -0.021189975 0.008051323 0.998723745
1305031113.679288 -0.003955258 -0.002387123 0.067656189 -0.046302848 -0.020031201 0.004417715 0.998716831
1305031113.711931 -0.013212258 -0.003341793 0.069267415 -0.046822153 -0.020427905 -0.000306104 0.998694301
1305031113.743590 -0.023318402 -0.001433149 0.070015036 -0.045297842 -0.018125525 -0.005461473 0.998794138
1305031113.779320 -0.036950264 -0.002970309 0.070126243 -0.044679321 -0.014402519 -0.010178258 0.998845696
1305031113.811237 -0.047417093 -0.000700513 0.070220619 -0.042779624 -0.013391858 -0.012024763 0.998922408
1305031113.843295 -0.057978485 0.001254644 0.070531242 -0.042935386 -0.011170790 -0.015297509 0.998898268
1305031113.879281 -0.072626337 -0.005097963 0.071357816 -0.043748192 -0.009222398 -0.020460425 0.998790443
1305031113.911290 -0.080621667 -0.000660126 0.072086386 -0.039175678 -0.011533740 -0.020498088 0.998955488
1305031113.943291 -0.088651039 -0.001186428 0.073715165 -0.037069570 -0.010476896 -0.022523500 0.999003887
1305031113.979293 -0.102257475 -0.000094674 0.073572859 -0.033253800 -0.007396720 -0.028076997 0.999025106
1305031114.011257 -0.116832264 0.001961774 0.073195018 -0.029325806 -0.005122990 -0.033615522 0.998991370
1305031114.043301 -0.131600097 0.001588470 0.073042274 -0.028316315 -0.006468839 -0.035817217 0.998936176
1305031114.079285 -0.142931625 0.000703210 0.072831817 -0.026306683 -0.011805728 -0.036445908 0.998919547
1305031114.111263 -0.153775498 0.005609785 0.074122630 -0.022340234 -0.017309329 -0.039863866 0.998805344
1305031114.143284 -0.162909955 0.006042074 0.076356329 -0.022275586 -0.022874175 -0.043008506 0.998564363
1305031114.179337 -0.170014083 0.002413506 0.078375012 -0.021061596 -0.026376059 -0.044987127 0.998417199
1305031114.211303 -0.180991963 0.011372479 0.077398196 -0.016258229 -0.026191344 -0.047551692 0.998392999
1305031114.243337 -0.195266500 0.010540202 0.079791047 -0.018965872 -0.027352344 -0.051676948 0.998109043
1305031114.279390 -0.208983690 0.009977975 0.079249084 -0.019176131 -0.032186434 -0.053815719 0.997847795
1305031114.311429 -0.217293710 0.013200866 0.081484869 -0.019339383 -0.040832408 -0.053942487 0.997521400
1305031114.343331 -0.221408010 0.013409594 0.084482178 -0.020234847 -0.048397090 -0.056386214 0.997030020
1305031114.379320 -0.228331566 0.011578064 0.085335888 -0.020811088 -0.050940536 -0.060619820 0.996642947
1305031114.411397 -0.239599466 0.012050126 0.085362807 -0.019718682 -0.051568016 -0.065404400 0.996330380
1305031114.443345 -0.250510633 0.014280723 0.086297967 -0.019182244 -0.054761048 -0.066964634 0.996066809
1305031114.479332 -0.260908544 0.012301708 0.086841688 -0.020366911 -0.061117362 -0.068315871 0.995581627
1305031114.511266 -0.263941377 0.015836284 0.087739155 -0.019586174 -0.070639670 -0.069989920 0.994850636
1305031114.543236 -0.260438353 0.013261336 0.088533923 -0.023385357 -0.077866964 -0.068643801 0.994322836
1305031114.579237 -0.264273256 0.011601143 0.089034781 -0.025145520 -0.078846253 -0.065309726 0.994427264
1305031114.611391 -0.268985868 0.014721765 0.089226909 -0.026347535 -0.079306610 -0.062768310 0.994523227
1305031114.644136 -0.277439475 0.014171609 0.090510704 -0.031339765 -0.079840638 -0.062431742 0.994356871
1305031114.679251 -0.281908363 0.011275854 0.091302559 -0.035118688 -0.085747048 -0.063594662 0.993664861
1305031114.711306 -0.280498981 0.008235595 0.091712713 -0.036728028 -0.091928162 -0.062011849 0.993153989
1305031114.743200 -0.280463308 0.006306331 0.091907024 -0.036435097 -0.095696114 -0.065573521 0.992579937
1305031114.779289 -0.278499216 0.006744031 0.089943245 -0.034047212 -0.098175712 -0.068854287 0.992200315
1305031114.811303 -0.277419984 0.009817777 0.089527428 -0.032968182 -0.098187543 -0.069440171 0.992194772
1305031114.843208 -0.276044190 0.008758266 0.089172602 -0.033499479 -0.099188045 -0.072035387 0.991892338
1305031114.879281 -0.271807611 0.012234767 0.089111209 -0.032673419 -0.100214548 -0.071388893 0.991863489
1305031114.912879 -0.268942177 0.014662413 0.088995099 -0.032981731 -0.100502759 -0.071699768 0.991801679
1305031114.943234 -0.260414422 0.017056150 0.089792475 -0.034656204 -0.102252230 -0.073108926 0.991462827
1305031114.979280 -0.255306035 0.019716553 0.090620533 -0.035912026 -0.100029454 -0.073701195 0.991601050
1305031115.011300 -0.248294443 0.023320880 0.091056377 -0.039007988 -0.099530108 -0.074566275 0.991469622
1305031115.043508 -0.238662347 0.019438170 0.095105283 -0.044340596 -0.098752104 -0.074776888 0.991307437
1305031115.079238 -0.230088592 0.024371115 0.096215397 -0.043757357 -0.096023321 -0.075217530 0.991568029
1305031115.111230 -0.217371851 0.021617278 0.099030547 -0.048378780 -0.093922153 -0.073151134 0.991709173
1305031115.143275 -0.208737448 0.018705152 0.100720808 -0.050993044 -0.085174054 -0.070787162 0.992539287
1305031115.179440 -0.205538005 0.021649100 0.102112070 -0.051230080 -0.079234898 -0.070089102 0.993068397
1305031115.211374 -0.190253362 0.016115893 0.108372301 -0.053674474 -0.079746716 -0.066879399 0.993119657
1305031115.243297 -0.179130122 0.012730713 0.110465571 -0.050311096 -0.074867040 -0.063309662 0.993909240
1305031115.279966 -0.167541787 0.019475445 0.112607002 -0.046535995 -0.072707288 -0.058893319 0.994524837
1305031115.311704 -0.147398517 0.013708413 0.121923238 -0.048750870 -0.072218165 -0.051573776 0.994860828
1305031115.343235 -0.135745734 0.017490515 0.121416211 -0.043153483 -0.062983841 -0.048698705 0.995891213
1305031115.379166 -0.137461826 0.023321753 0.115394220 -0.045718167 -0.053573091 -0.044501040 0.996523678
1305031115.411237 -0.113833681 0.020634206 0.125899464 -0.052633338 -0.065938324 -0.041771326 0.995558619
1305031115.443159 -0.103421234 0.019053165 0.125792235 -0.056892894 -0.066719204 -0.035211828 0.995525956
1305031115.479241 -0.092082188 0.020736551 0.126404896 -0.060473736 -0.065710753 -0.029335355 0.995572448
1305031115.511253 -0.070314363 0.019355223 0.137143105 -0.063539520 -0.068665929 -0.024302252 0.995317578
1305031115.543604 -0.049281634 0.018592935 0.143312827 -0.063592419 -0.059771754 -0.017003136 0.996039271
1305031115.579315 -0.042725626 0.016374016 0.136911646 -0.063331001 -0.043922339 -0.012568070 0.996946394
1305031115.611424 -0.030891158 0.015493559 0.137120798 -0.062676817 -0.037467632 -0.007059192 0.997305334
1305031115.643254 -0.016477089 0.012806088 0.136223957 -0.062186643 -0.031167885 0.000657649 0.997577548
1305031115.679241 -0.004241624 0.011196291 0.130552292 -0.061428066 -0.027507126 0.011608289 0.997664869
1305031115.711320 0.010029040 0.016255360 0.136005700 -0.058376200 -0.029071193 0.019922035 0.997672379
1305031115.743250 0.032183599 0.015675185 0.140024737 -0.058695558 -0.026298914 0.027280673 0.997556508
1305031115.779425 0.044701483 0.014654820 0.137179583 -0.056870572 -0.016337747 0.033652972 0.997680485
1305031115.811277 0.058571704 0.015760273 0.136123180 -0.056479502 -0.008065222 0.041071862 0.997525990
1305031115.843224 0.071336485 0.015756506 0.134052277 -0.059023991 0.001918869 0.049667619 0.997018337
1305031115.879198 0.080277607 0.010919622 0.131355241 -0.060155556 0.009374254 0.057497688 0.996487617
1305031115.911118 0.094548568 0.014023586 0.130639821 -0.057005875 0.011248348 0.063159361 0.996310532
1305031115.943311 0.103948027 0.017175097 0.133040115 -0.056648795 0.018371740 0.069548331 0.995799422
1305031115.980740 0.114418298 0.019633615 0.133724272 -0.057363700 0.023987645 0.075301088 0.995220423
1305031116.011379 0.130581692 0.020010823 0.135206565 -0.060428895 0.030143097 0.079170339 0.994571149
1305031116.043164 0.140448213 0.023686890 0.137923881 -0.061798818 0.042620178 0.080261633 0.993942916
1305031116.080030 0.145892903 0.028841786 0.138022229 -0.064261384 0.054368518 0.084329017 0.992876232
1305031116.111300 0.155408263 0.029469829 0.140838310 -0.070715614 0.063962355 0.087527312 0.991588175
1305031116.143441 0.159899414 0.027539190 0.144775704 -0.075886548 0.074477471 0.090327092 0.990219891
1305031116.179572 0.174860716 0.029291404 0.142177150 -0.077824213 0.077010646 0.093589038 0.989572585
1305031116.211299 0.180907652 0.030055963 0.144741565 -0.081919223 0.083780691 0.096042521 0.988456309
1305031116.243320 0.194230586 0.025478560 0.146494851 -0.087009519 0.087076351 0.099305935 0.987413466
1305031116.279385 0.203414515 0.028252333 0.145826682 -0.085850596 0.095695533 0.103153817 0.986322105
1305031116.311336 0.209795132 0.029035110 0.145489305 -0.088662803 0.104087658 0.106814526 0.984832644
1305031116.343292 0.213291317 0.021494448 0.146183953 -0.093152449 0.110996373 0.110242657 0.983284771
1305031116.379384 0.218925640 0.020634655 0.145667717 -0.087936401 0.113459095 0.110588945 0.983445108
1305031116.411333 0.221028402 0.022646356 0.140490294 -0.083572805 0.115009211 0.114053942 0.983249784
1305031116.443369 0.220630497 0.024420761 0.139680356 -0.085328311 0.117902994 0.122980192 0.981679082
1305031116.479850 0.220557377 0.022551734 0.138638556 -0.085627206 0.119226791 0.127559960 0.980908453
1305031116.511205 0.218483999 0.021962773 0.136004224 -0.083804689 0.118163280 0.123809114 0.981674850
1305031116.543262 0.212059408 0.022782683 0.133712187 -0.080735154 0.119445704 0.119330049 0.982331336
1305031116.579313 0.202532575 0.020380754 0.131265402 -0.082593322 0.119071893 0.115810171 0.982643485
1305031116.611261 0.187077388 0.018609820 0.130674541 -0.081999883 0.117760271 0.108862378 0.983645022
1305031116.643355 0.175582513 0.020924365 0.130088851 -0.078839399 0.110463329 0.099987678 0.985689938
1305031116.679281 0.171145365 0.020646485 0.127844378 -0.078823872 0.100009933 0.091622919 0.987618387
1305031116.711634 0.159888312 0.020896979 0.125922769 -0.077984728 0.095963828 0.082338460 0.988903284
1305031116.743291 0.144276172 0.025503211 0.125769407 -0.076750949 0.092952825 0.070432998 0.990206182
1305031116.779298 0.133630738 0.024172902 0.124354124 -0.079801030 0.087951049 0.059907783 0.991114259
1305031116.811318 0.114142463 0.022837240 0.124618344 -0.079702228 0.088375248 0.052086029 0.991526306
1305031116.846089 0.094824709 0.026946232 0.124672562 -0.075414412 0.082166508 0.043970473 0.992787957
1305031116.880165 0.084063701 0.027628962 0.123847999 -0.076636001 0.070460163 0.037934195 0.993842721
1305031116.912044 0.072027504 0.026853845 0.122763671 -0.076456688 0.058825120 0.032960981 0.994790196
1305031116.943296 0.049236797 0.031313390 0.124362372 -0.075138576 0.049667925 0.026253162 0.995589316
1305031116.979351 0.036503714 0.029955108 0.122954868 -0.075380139 0.037193730 0.015677851 0.996337652
1305031117.011382 0.027238619 0.031195678 0.120427892 -0.073682249 0.023427125 0.007005746 0.996981978
1305031117.043261 0.013382200 0.032757197 0.114144787 -0.074023597 0.014054697 0.001750720 0.997155905
1305031117.079520 0.000639065 0.035860866 0.112573460 -0.075064674 0.005253354 -0.004094072 0.997156441
1305031117.111238 -0.008451032 0.032783765 0.106293514 -0.079219423 -0.005998817 -0.005977334 0.996821225
1305031117.143218 -0.016597645 0.038713112 0.108951680 -0.079405606 -0.017012632 -0.006076412 0.996678710
1305031117.179264 -0.024827763 0.040898781 0.109829821 -0.081585363 -0.025628442 -0.011575226 0.996269584
1305031117.211361 -0.026792962 0.041995563 0.111287072 -0.083133087 -0.034092616 -0.015107859 0.995840490
1305031117.243277 -0.026825953 0.045700550 0.112266429 -0.085290864 -0.038199227 -0.016855661 0.995480895
1305031117.279299 -0.027608966 0.044031702 0.114574566 -0.090630569 -0.038316190 -0.021314604 0.994918942
1305031117.311200 -0.030654576 0.041635972 0.115466818 -0.094846942 -0.036164906 -0.023034198 0.994568050
1305031117.343243 -0.033009432 0.038347952 0.115934730 -0.097194619 -0.036048818 -0.023995647 0.994322836
1305031117.379454 -0.033732798 0.034874726 0.116009578 -0.097190343 -0.036183864 -0.024300817 0.994310915
1305031117.411221 -0.036082838 0.029873807 0.115454659 -0.096805289 -0.036881741 -0.023615835 0.994339347
1305031117.443274 -0.035435665 0.028235756 0.115321532 -0.093471400 -0.039043564 -0.022310827 0.994605958
1305031117.479403 -0.036430467 0.022900267 0.114496112 -0.092484429 -0.039447587 -0.020874852 0.994713426
1305031117.511325 -0.036177598 0.016420517 0.115325093 -0.090239547 -0.041394465 -0.018934011 0.994879305
1305031117.544285 -0.037787825 0.013384815 0.115174837 -0.084870227 -0.041646976 -0.018638713 0.995346785
1305031117.579155 -0.039460622 0.008186062 0.114923671 -0.082227722 -0.042622179 -0.020629114 0.995488048
1305031117.611159 -0.039875701 0.003212724 0.116713956 -0.081236914 -0.044476870 -0.019969173 0.995501697
1305031117.643252 -0.040956438 -0.003071977 0.118902661 -0.079826720 -0.046297733 -0.018833917 0.995554864
1305031117.679262 -0.041796546 -0.007326718 0.120273374 -0.079210922 -0.048761174 -0.018382639 0.995494902
1305031117.711184 -0.040911444 -0.015199713 0.123997487 -0.080546103 -0.051924035 -0.015931191 0.995270014
1305031117.743184 -0.041156966 -0.023485629 0.126670122 -0.081115238 -0.053987708 -0.012764445 0.995159626
1305031117.779467 -0.041325618 -0.028277166 0.129951984 -0.080288947 -0.056563016 -0.010673171 0.995108247
1305031117.811320 -0.039406948 -0.039206382 0.134817064 -0.082953498 -0.059623111 -0.008359218 0.994733095
1305031117.843291 -0.036105268 -0.046718981 0.138771757 -0.080902241 -0.060814913 -0.007409682 0.994837403
1305031117.879451 -0.036030766 -0.052507091 0.141756013 -0.079341799 -0.057960972 -0.007419835 0.995133340
1305031117.911407 -0.038582511 -0.062333792 0.145828426 -0.079612993 -0.055205971 -0.007820167 0.995265245
1305031117.943253 -0.038581833 -0.067695551 0.148118198 -0.077828638 -0.053299680 -0.008162875 0.995507479
1305031117.979228 -0.042656064 -0.073233433 0.151283458 -0.078802638 -0.050061543 -0.009389103 0.995588183
1305031118.011228 -0.041099828 -0.084495775 0.157601207 -0.082120061 -0.050855450 -0.009046165 0.995282948
1305031118.043521 -0.040922493 -0.093536556 0.163696960 -0.081984609 -0.050032105 -0.008564314 0.995340109
1305031118.079334 -0.039651718 -0.099444792 0.168046787 -0.081418969 -0.049488995 -0.010000591 0.995400310
1305031118.111217 -0.036409069 -0.108465970 0.173309669 -0.081528373 -0.046808660 -0.010873875 0.995511889
1305031118.143256 -0.040318809 -0.115390435 0.175720572 -0.079922378 -0.040749941 -0.012878025 0.995884538
1305031118.179323 -0.040326975 -0.124325052 0.181007370 -0.079921335 -0.038266230 -0.014811267 0.995956302
1305031118.211202 -0.044544119 -0.134330079 0.182941824 -0.077871300 -0.034166668 -0.013808888 0.996282101
1305031118.243173 -0.046188075 -0.144459650 0.186723590 -0.076293692 -0.034885809 -0.014046269 0.996375918
1305031118.279194 -0.044632256 -0.154238179 0.191366509 -0.073570728 -0.036026388 -0.014487646 0.996533751
1305031118.311299 -0.045799002 -0.159930274 0.192861870 -0.066739082 -0.035857871 -0.015085221 0.997011781
1305031118.343324 -0.042597998 -0.163271129 0.196917757 -0.061589748 -0.036436044 -0.015783634 0.997311354
1305031118.379208 -0.046911724 -0.169881687 0.196794018 -0.057856426 -0.032869153 -0.017357592 0.997632682
1305031118.411296 -0.048464753 -0.170349225 0.198401913 -0.053937018 -0.034332711 -0.017190740 0.997805834
1305031118.445692 -0.046098024 -0.171586663 0.201249316 -0.053165469 -0.035405524 -0.013934623 0.997860551
1305031118.479285 -0.046231903 -0.174396515 0.202910185 -0.053035449 -0.035765272 -0.011618725 0.997884274
1305031118.511255 -0.043762095 -0.171344325 0.203377739 -0.049929179 -0.036809575 -0.010202946 0.998022020
1305031118.544414 -0.043510415 -0.166766524 0.202985063 -0.050034516 -0.036022063 -0.011010884 0.998036921
1305031118.579285 -0.041817911 -0.165472105 0.204212427 -0.052180625 -0.035632547 -0.011240739 0.997938454
1305031118.616142 -0.039930727 -0.161014244 0.203711480 -0.052075718 -0.034236874 -0.013220238 0.997968495
1305031118.645325 -0.040998779 -0.153374821 0.200991988 -0.051843479 -0.031470817 -0.015799072 0.998034179
1305031118.679295 -0.042044535 -0.148591921 0.199157014 -0.054961361 -0.029834749 -0.017755246 0.997884750
1305031118.711421 -0.043401808 -0.148000717 0.197096899 -0.057466589 -0.029655419 -0.020905824 0.997687876
1305031118.746770 -0.046885807 -0.139255062 0.192042038 -0.054443922 -0.030590799 -0.020575924 0.997835994
1305031118.779277 -0.043743409 -0.121700257 0.188047260 -0.053300865 -0.035719331 -0.019495912 0.997748971
1305031118.811221 -0.041676350 -0.123133510 0.188070521 -0.060528766 -0.038662765 -0.021402944 0.997187734
1305031118.846753 -0.037377443 -0.117084049 0.185157955 -0.057282656 -0.040249273 -0.019951038 0.997346818
1305031118.879208 -0.036270931 -0.099078953 0.176530734 -0.053005502 -0.038124856 -0.021667749 0.997630894
1305031118.911177 -0.037833951 -0.095711090 0.173071146 -0.057109263 -0.036279239 -0.024561241 0.997406185
1305031118.946974 -0.036461618 -0.081639111 0.165890962 -0.053785782 -0.035224397 -0.025545003 0.997604012
1305031118.979374 -0.038702421 -0.068911634 0.159531578 -0.053379942 -0.033337314 -0.029509073 0.997581303
1305031119.011363 -0.040202569 -0.060216650 0.154460773 -0.056774560 -0.033052769 -0.031786978 0.997333288
1305031119.047172 -0.041725904 -0.053072929 0.150135472 -0.058965210 -0.033222295 -0.032407910 0.997180581
1305031119.079223 -0.044506531 -0.044774953 0.144259542 -0.059256829 -0.034444399 -0.032527089 0.997117937
1305031119.111328 -0.044427294 -0.037115961 0.139463052 -0.059574801 -0.038211495 -0.031865705 0.996983111
1305031119.147616 -0.046443246 -0.027050283 0.133855328 -0.059014581 -0.040773358 -0.030606059 0.996954441
1305031119.179226 -0.045193672 -0.022982167 0.130632758 -0.060475186 -0.045790397 -0.030685596 0.996646583
1305031119.211364 -0.043822050 -0.012348988 0.124981388 -0.056686081 -0.048015099 -0.028875817 0.996818662
1305031119.247399 -0.045035180 -0.003572626 0.120487347 -0.055617187 -0.048723914 -0.028132150 0.996865690
1305031119.279212 -0.043682717 0.004835743 0.116507843 -0.055132236 -0.050258327 -0.028015928 0.996819794
1305031119.311212 -0.044561040 0.011484310 0.112740293 -0.055515420 -0.050245341 -0.025488544 0.996867001
1305031119.347741 -0.045332465 0.017793521 0.109700918 -0.054903664 -0.051806126 -0.023147492 0.996878088
1305031119.379239 -0.044187658 0.028476313 0.105786115 -0.053181812 -0.054450687 -0.022509985 0.996845067
1305031119.411484 -0.040724713 0.035789341 0.103869572 -0.054039620 -0.055717189 -0.021856286 0.996743500
1305031119.447706 -0.041114457 0.043333039 0.100841440 -0.054522246 -0.052897979 -0.021683246 0.996874571
1305031119.479267 -0.041945159 0.053316534 0.097246781 -0.052064385 -0.050622512 -0.022249136 0.997111619
1305031119.511240 -0.044508997 0.061867736 0.093448333 -0.053161882 -0.048287570 -0.022040568 0.997174203
1305031119.547382 -0.044534996 0.071742073 0.090834156 -0.053623948 -0.048330158 -0.020318905 0.997183919
1305031119.579559 -0.043434490 0.085569888 0.089335345 -0.053252425 -0.047739457 -0.020226300 0.997234166
1305031119.615017 -0.045088232 0.090628102 0.087549925 -0.058037315 -0.045124698 -0.019890366 0.997095704
1305031119.647903 -0.046574492 0.103108086 0.085191190 -0.058732577 -0.044093575 -0.018903598 0.997120261
1305031119.679208 -0.043714829 0.113872588 0.084683165 -0.061772712 -0.043220799 -0.020785151 0.996937335
1305031119.715232 -0.044374455 0.119899943 0.083684400 -0.068202995 -0.038466897 -0.018676503 0.996754646
1305031119.747193 -0.049068835 0.125486001 0.080569357 -0.072386347 -0.034677058 -0.014326685 0.996670723
1305031119.779169 -0.050144516 0.133558795 0.079999261 -0.074845113 -0.036106184 -0.011758107 0.996471882
1305031119.814537 -0.047989484 0.141456351 0.079530500 -0.076525100 -0.038195092 -0.007732234 0.996305823
1305031119.847429 -0.047463235 0.149366021 0.078661561 -0.078727581 -0.037473802 -0.003184353 0.996186495
1305031119.879214 -0.048741236 0.156192750 0.077389419 -0.078688078 -0.034875952 -0.003349107 0.996283412
1305031119.911401 -0.050445538 0.168765798 0.074185580 -0.075425059 -0.032187741 -0.002815312 0.996627867
1305031119.947392 -0.049549941 0.174306408 0.073287845 -0.079832621 -0.031110831 -0.002657249 0.996319115
1305031119.979537 -0.049589824 0.179201186 0.071861386 -0.081824809 -0.027852938 -0.003872263 0.996249974
1305031120.015264 -0.052717485 0.190985844 0.069027096 -0.082401529 -0.023012519 -0.002142987 0.996331155
1305031120.047290 -0.055284709 0.186566651 0.068639874 -0.093512893 -0.021139842 -0.001380752 0.995392680
1305031120.079418 -0.056136686 0.187013999 0.068113610 -0.095345929 -0.023081478 0.001279298 0.995175779
1305031120.115232 -0.056428447 0.191495836 0.067533255 -0.094900697 -0.025386328 0.002999794 0.995158494
1305031120.148157 -0.054495223 0.187457174 0.068955988 -0.098673649 -0.027107785 0.003888965 0.994742990
1305031120.179246 -0.052793182 0.181843728 0.069639713 -0.099507660 -0.027365064 0.006751024 0.994637549
1305031120.215249 -0.053368296 0.177512154 0.069753915 -0.095673636 -0.027055914 0.006797205 0.995021820
1305031120.248003 -0.051869020 0.175052449 0.070216879 -0.091536246 -0.027823495 0.004962201 0.995400608
1305031120.279430 -0.051220272 0.169895679 0.071742043 -0.088602208 -0.027392481 0.003070701 0.995685637
1305031120.315196 -0.051087469 0.162542850 0.073216319 -0.087017149 -0.026958037 0.000911192 0.995841563
1305031120.347787 -0.050849564 0.155541569 0.075556405 -0.083859108 -0.026612347 -0.001126805 0.996121526
1305031120.379437 -0.050038662 0.146524236 0.079168141 -0.083506823 -0.027411947 -0.001495439 0.996128976
1305031120.415445 -0.048317645 0.131776705 0.084191948 -0.080798902 -0.029022940 -0.001258031 0.996306956
1305031120.447417 -0.048846655 0.128536031 0.086059213 -0.072026834 -0.029302880 -0.001899887 0.996970356
1305031120.479432 -0.047853880 0.116771005 0.090449087 -0.071192153 -0.030484786 -0.001208455 0.996995926
1305031120.514819 -0.048732061 0.106484458 0.094008923 -0.065712214 -0.031949386 0.000631019 0.997326791
1305031120.547736 -0.048987884 0.099913254 0.097278647 -0.058931120 -0.034869295 0.002524794 0.997649670
1305031120.579551 -0.049691461 0.094028369 0.099995852 -0.055348605 -0.038341369 0.005859750 0.997713447
1305031120.615236 -0.047984593 0.084467813 0.105391786 -0.053186323 -0.043514155 0.008446635 0.997600317
1305031120.647354 -0.046302717 0.077724174 0.108509056 -0.048116490 -0.046822980 0.008717534 0.997705579
1305031120.679318 -0.044721819 0.072050780 0.112813577 -0.045384698 -0.048916172 0.009714204 0.997723937
1305031120.714522 -0.045261923 0.064518668 0.115583494 -0.043546926 -0.049075492 0.010205194 0.997793138
1305031120.747369 -0.044830136 0.053766116 0.119437493 -0.044222325 -0.051664084 0.010756510 0.997626901
1305031120.779894 -0.041766372 0.044236470 0.124215461 -0.043059014 -0.055162083 0.010932109 0.997488618
1305031120.814944 -0.042715997 0.040063210 0.125089109 -0.039261136 -0.054702062 0.009871756 0.997681737
1305031120.847921 -0.041962497 0.031251676 0.129189149 -0.040846914 -0.056125563 0.008262067 0.997553647
1305031120.883435 -0.038983688 0.021953721 0.133100972 -0.039452836 -0.057098363 0.006808127 0.997565508
1305031120.915444 -0.040957727 0.017052783 0.133292720 -0.037289035 -0.054535735 0.004609924 0.997804642
1305031120.947488 -0.041243237 0.008341198 0.136411309 -0.038093027 -0.054255586 0.002501817 0.997797072
1305031120.983366 -0.042457063 0.000306661 0.139014900 -0.037908670 -0.053879350 0.000103878 0.997827590
1305031121.015019 -0.041931190 -0.008701680 0.140854955 -0.037117001 -0.054768190 -0.000883300 0.997808576
1305031121.047498 -0.042702526 -0.013492498 0.142737612 -0.035872187 -0.054404065 -0.001751088 0.997872889
1305031121.083099 -0.044712648 -0.025181988 0.144774601 -0.036452916 -0.054868959 -0.003314013 0.997822404
1305031121.114696 -0.044338539 -0.031221494 0.145799026 -0.033672847 -0.056306690 -0.002922320 0.997841239
1305031121.147331 -0.044994369 -0.038346119 0.147616148 -0.031992465 -0.056871898 -0.003626381 0.997862160
1305031121.183271 -0.044520281 -0.047019675 0.149461433 -0.031009216 -0.058556944 -0.004052485 0.997794092
1305031121.211420 -0.041464075 -0.055630200 0.153105453 -0.029204335 -0.059630726 -0.003891592 0.997785628
1305031121.247194 -0.046113715 -0.060627446 0.152860343 -0.026537506 -0.056307562 -0.005241178 0.998046935
1305031121.282876 -0.046104856 -0.070719220 0.155923739 -0.027873056 -0.057886772 -0.004165750 0.997925282
1305031121.313568 -0.044519849 -0.079802960 0.159635738 -0.025879603 -0.058797222 -0.003167627 0.997929394
1305031121.347517 -0.048051357 -0.085268222 0.160631895 -0.023549423 -0.058563944 -0.002187864 0.998003483
1305031121.383226 -0.044564754 -0.096809700 0.165323973 -0.023577182 -0.061471954 -0.001553098 0.997829080
1305031121.414318 -0.045139700 -0.102812871 0.166813850 -0.018760119 -0.060282603 -0.002783094 0.998001158
1305031121.447319 -0.045007110 -0.107875563 0.169295028 -0.017181132 -0.060099360 -0.001703704 0.998043120
1305031121.482964 -0.042825721 -0.119494155 0.174883917 -0.017171744 -0.059123423 -0.000271142 0.998102963
1305031121.514107 -0.046498448 -0.123033032 0.172842950 -0.012973447 -0.055769473 0.000633472 0.998359203
1305031121.547270 -0.045840930 -0.127937794 0.174754679 -0.014029508 -0.055994086 0.001079700 0.998331904
1305031121.583204 -0.045059904 -0.138370812 0.178843409 -0.016807513 -0.055114370 0.000271837 0.998338521
1305031121.614700 -0.044646069 -0.143310308 0.181735411 -0.015026015 -0.053627845 -0.000710621 0.998447657
1305031121.647183 -0.044725794 -0.146277934 0.182007387 -0.013372811 -0.049245164 -0.004011476 0.998689115
1305031121.683200 -0.049109895 -0.153617933 0.182664186 -0.016229991 -0.043866333 -0.005993085 0.998887599
1305031121.714520 -0.051940378 -0.160547256 0.183929160 -0.017276447 -0.042199127 -0.005150468 0.998946548
1305031121.747145 -0.050975628 -0.163132131 0.186486006 -0.018402519 -0.042549137 -0.004600632 0.998914301
1305031121.782835 -0.050569125 -0.170020178 0.189495206 -0.020973857 -0.042297825 -0.002381922 0.998882055
1305031121.811540 -0.048257571 -0.172962755 0.191700697 -0.021994255 -0.041946683 -0.000194190 0.998877764
1305031121.847335 -0.049216554 -0.175241292 0.192839339 -0.023857575 -0.039907232 0.002837799 0.998914480
1305031121.882060 -0.049641110 -0.178805187 0.193324238 -0.027121166 -0.039476201 0.008940415 0.998812377
1305031121.914931 -0.050585285 -0.179766953 0.192867517 -0.028960783 -0.040840633 0.010716871 0.998688400
1305031121.947288 -0.047898754 -0.179673433 0.194616184 -0.028885940 -0.043998551 0.010649639 0.998557150
1305031121.982926 -0.047256343 -0.174337626 0.194384560 -0.027652834 -0.043817524 0.010472929 0.998601854
1305031122.014256 -0.049311839 -0.172975779 0.192627907 -0.028536305 -0.042982839 0.007883735 0.998637080
1305031122.047306 -0.049192786 -0.167508200 0.190711096 -0.026727593 -0.044410728 0.004247238 0.998646736
1305031122.082959 -0.048104353 -0.161941618 0.189335421 -0.025722168 -0.045310806 0.000759647 0.998641431
1305031122.114672 -0.049039938 -0.152509689 0.185281321 -0.023300661 -0.044904046 -0.002749174 0.998715758
1305031122.150725 -0.047344957 -0.145248234 0.183464065 -0.023532728 -0.045934398 -0.007781405 0.998636901
1305031122.183042 -0.046256490 -0.135555193 0.180371955 -0.020909827 -0.045258351 -0.012401396 0.998679459
1305031122.214959 -0.047333840 -0.117896922 0.175681308 -0.020356162 -0.043420956 -0.018050158 0.998686373
1305031122.251319 -0.048666690 -0.115742549 0.174146026 -0.027849676 -0.042367749 -0.021841859 0.998475015
1305031122.283560 -0.050204638 -0.103861876 0.169041097 -0.027395120 -0.042549107 -0.022512345 0.998464942
1305031122.314289 -0.052838329 -0.086881690 0.162978008 -0.030019451 -0.043740019 -0.028206283 0.998193383
1305031122.351327 -0.052870404 -0.081813164 0.160884395 -0.037339468 -0.046185959 -0.031055003 0.997751594
1305031122.382630 -0.055206448 -0.071368791 0.154789448 -0.041338935 -0.047202833 -0.031817850 0.997522235
1305031122.414997 -0.056208584 -0.066700265 0.151903957 -0.046476200 -0.051252589 -0.030940918 0.997123778
1305031122.451257 -0.056956835 -0.056414347 0.146155864 -0.047545128 -0.055504687 -0.029762669 0.996881545
1305031122.483360 -0.056503259 -0.048976444 0.142604485 -0.050813433 -0.060698569 -0.029476229 0.996426046
1305031122.515097 -0.054142963 -0.040316574 0.139381617 -0.051819332 -0.065614626 -0.030147389 0.996042490
1305031122.551490 -0.051588550 -0.031054024 0.135355532 -0.052832052 -0.067421056 -0.031610399 0.995823264
1305031122.583208 -0.051981471 -0.023165319 0.131313831 -0.054061115 -0.065899119 -0.033199463 0.995807469
1305031122.614980 -0.055404983 -0.017031984 0.128004894 -0.055204593 -0.064864092 -0.032575563 0.995833278
1305031122.648788 -0.055194315 -0.007693508 0.122932382 -0.053337727 -0.066743702 -0.031377032 0.995849311
1305031122.683402 -0.055369794 0.001077365 0.118858278 -0.052609596 -0.067871004 -0.030385818 0.995842576
1305031122.715208 -0.057851668 0.009425008 0.114826135 -0.052341551 -0.069444053 -0.027721850 0.995826006
1305031122.751298 -0.055648759 0.022108842 0.111435413 -0.050421473 -0.072944619 -0.027270265 0.995687246
1305031122.783423 -0.055244774 0.034288682 0.108308911 -0.052095387 -0.073241405 -0.027830239 0.995563745
1305031122.812555 -0.053267773 0.040012769 0.107684545 -0.057668921 -0.073382080 -0.028414788 0.995229602
1305031122.851418 -0.049099140 0.047884338 0.107349232 -0.059077993 -0.071445674 -0.030461436 0.995227337
1305031122.883754 -0.050847180 0.057031155 0.103518508 -0.061423890 -0.064254254 -0.029773084 0.995596349
1305031122.914571 -0.055188425 0.061116725 0.101630360 -0.065680571 -0.059851002 -0.029177207 0.995616674
1305031122.951341 -0.055530883 0.067702271 0.099940203 -0.066274442 -0.059116066 -0.028148206 0.995650887
1305031122.982815 -0.058285285 0.076508105 0.096031085 -0.066895634 -0.057805829 -0.024935190 0.995771945
1305031123.015450 -0.057201222 0.080950335 0.095110320 -0.069881484 -0.059571341 -0.021746995 0.995537460
1305031123.051827 -0.055926576 0.085435249 0.093431994 -0.069757320 -0.059626885 -0.020458816 0.995570183
1305031123.082975 -0.056887757 0.095821165 0.089674599 -0.067639761 -0.058124837 -0.018125141 0.995850325
1305031123.113873 -0.056680031 0.105138548 0.087553144 -0.069592804 -0.057056718 -0.015837969 0.995816529
1305031123.150822 -0.057866041 0.111561432 0.086138546 -0.072359860 -0.055743560 -0.015692877 0.995695949
1305031123.182155 -0.054526016 0.122270197 0.085925907 -0.072965041 -0.055691857 -0.014807609 0.995668232
1305031123.214704 -0.053423624 0.130936608 0.085062131 -0.076534085 -0.051501267 -0.014911063 0.995624363
1305031123.250618 -0.055310056 0.143459439 0.082960367 -0.079534583 -0.046722829 -0.016106846 0.995606244
1305031123.282347 -0.053962767 0.151951343 0.083466843 -0.087009788 -0.044233099 -0.013816625 0.995129049
1305031123.311327 -0.053558871 0.159365177 0.083469093 -0.091957353 -0.040269870 -0.012753815 0.994866610
1305031123.350481 -0.052458555 0.166117221 0.083322227 -0.096642390 -0.036707897 -0.012076091 0.994568765
1305031123.382255 -0.050689511 0.178411245 0.081653014 -0.097798057 -0.032595798 -0.008317287 0.994637549
1305031123.411363 -0.052159581 0.182639182 0.080861121 -0.101692826 -0.026856819 -0.006552391 0.994431674
1305031123.451255 -0.053005505 0.191783175 0.079044692 -0.102000423 -0.023760395 -0.005248817 0.994486690
1305031123.483594 -0.051423829 0.198461413 0.078154922 -0.105901100 -0.022651693 -0.000505345 0.994118512
1305031123.511360 -0.051246870 0.202758908 0.077802375 -0.109548219 -0.020950183 0.002144940 0.993758380
1305031123.551513 -0.050638881 0.209933579 0.076576501 -0.110271640 -0.021170348 0.004332908 0.993666530
1305031123.579583 -0.048537146 0.214424834 0.076303437 -0.113110729 -0.021734504 0.007670751 0.993315041
1305031123.611335 -0.046646200 0.224664390 0.075941443 -0.111109845 -0.021209361 0.009213998 0.993539035
1305031123.652411 -0.044466484 0.231496856 0.075634718 -0.114198275 -0.020102825 0.009250428 0.993211508
1305031123.683753 -0.043661475 0.237763181 0.074982896 -0.117252067 -0.016724860 0.010542063 0.992905378
1305031123.711323 -0.042420663 0.242441818 0.074192896 -0.121453844 -0.013583977 0.011761114 0.992434442
1305031123.751723 -0.044132285 0.241506860 0.073326103 -0.127269313 -0.010299917 0.013444898 0.991723597
1305031123.783858 -0.043922681 0.243055105 0.072450101 -0.129189029 -0.010773767 0.015147761 0.991445720
1305031123.811608 -0.042761896 0.245845467 0.071725488 -0.129143879 -0.011584724 0.016207995 0.991425753
1305031123.851444 -0.043049157 0.245330930 0.070924073 -0.130831763 -0.011399285 0.018374361 0.991168737
1305031123.883786 -0.043680232 0.239621073 0.070259377 -0.133920878 -0.012187547 0.019460864 0.990725994
1305031123.911243 -0.042377647 0.237588838 0.070121579 -0.131080896 -0.014412008 0.018527737 0.991093755
1305031123.951442 -0.042509504 0.239808872 0.070213541 -0.128738374 -0.014808966 0.019641308 0.991373479
1305031123.983415 -0.043806687 0.229858920 0.070987150 -0.134691253 -0.016207488 0.021888549 0.990513265
1305031124.011302 -0.043137055 0.221315697 0.072398216 -0.132204458 -0.020564279 0.021882730 0.990767479
1305031124.051505 -0.044367172 0.222194210 0.073536061 -0.124887116 -0.022897828 0.021761691 0.991667926
1305031124.083837 -0.044055033 0.216324151 0.076028869 -0.124621257 -0.025976537 0.022670824 0.991605163
1305031124.111331 -0.041844673 0.203177303 0.079390883 -0.122640587 -0.030227609 0.021715891 0.991752982
1305031124.147446 -0.043439049 0.205338567 0.081099004 -0.112815268 -0.030687930 0.019530546 0.992949903
1305031124.182694 -0.044097714 0.195729837 0.083197370 -0.113896355 -0.031365443 0.017692260 0.992839813
1305031124.211396 -0.039903339 0.184086770 0.087416366 -0.110234357 -0.035185933 0.015997982 0.993153751
1305031124.249327 -0.042591002 0.181072548 0.087433651 -0.103018157 -0.034874346 0.015259501 0.993950784
1305031124.282545 -0.044328943 0.174663991 0.089575261 -0.102609083 -0.038196940 0.015075218 0.993873775
1305031124.311361 -0.040962502 0.162171021 0.092834458 -0.101446368 -0.044163410 0.015460270 0.993740022
1305031124.350354 -0.042044342 0.156245828 0.093974046 -0.095749736 -0.046714410 0.014094818 0.994208753
1305031124.382420 -0.039831169 0.146403864 0.096387595 -0.093630962 -0.050116275 0.013281951 0.994256139
1305031124.411439 -0.039498053 0.136229426 0.098569460 -0.089628354 -0.051713113 0.012362506 0.994555056
1305031124.450245 -0.039504383 0.126721650 0.099930234 -0.083440371 -0.052822828 0.010295443 0.995058537
1305031124.480099 -0.039460387 0.115774982 0.101401865 -0.078570358 -0.053984296 0.007966069 0.995413959
1305031124.511324 -0.040716495 0.109314814 0.102501407 -0.071066469 -0.055046875 0.005757587 0.995934904
1305031124.550437 -0.040710740 0.099719033 0.104385346 -0.067678228 -0.056844421 0.003426882 0.996080637
1305031124.579404 -0.041354816 0.089439228 0.106771566 -0.064524069 -0.059104238 0.000873883 0.996163964
1305031124.611358 -0.040772058 0.079197049 0.110128030 -0.060169246 -0.062000979 -0.000843818 0.996260464
1305031124.651271 -0.041088261 0.069997832 0.112094685 -0.056641236 -0.064061038 -0.002970295 0.996332884
1305031124.679362 -0.038806047 0.058262996 0.116980456 -0.053818814 -0.067170352 -0.004475843 0.996278942
1305031124.711251 -0.038815133 0.050153930 0.119337976 -0.049233966 -0.067181244 -0.006394092 0.996504843
1305031124.749890 -0.039929196 0.038091894 0.122776896 -0.048365448 -0.066858850 -0.008337057 0.996554673
1305031124.779365 -0.039853696 0.028141953 0.126175538 -0.045301400 -0.068303607 -0.009077292 0.996594191
1305031124.811360 -0.039743312 0.019866880 0.130477756 -0.043055084 -0.069490463 -0.009408631 0.996608675
1305031124.850535 -0.040297501 0.008103875 0.135119438 -0.043902244 -0.070693582 -0.010129085 0.996480048
1305031124.879355 -0.035516024 -0.002738294 0.141551524 -0.042406853 -0.073021300 -0.010108539 0.996377110
1305031124.911448 -0.038133521 -0.007128824 0.143441066 -0.039218646 -0.068875626 -0.010608566 0.996797621
1305031124.950730 -0.037862290 -0.016636197 0.149737313 -0.042385679 -0.068029352 -0.010636723 0.996725798
1305031124.979438 -0.040136427 -0.032341104 0.155372620 -0.043326013 -0.066318765 -0.009109051 0.996815801
1305031125.011454 -0.043419987 -0.039806731 0.156854019 -0.038281623 -0.067332350 -0.008485203 0.996959805
1305031125.050763 -0.038698465 -0.044186164 0.160376027 -0.035577979 -0.071442649 -0.006907963 0.996786058
1305031125.079364 -0.039896332 -0.053886298 0.165169492 -0.037059098 -0.069997177 -0.004257310 0.996849477
1305031125.111364 -0.041084982 -0.064153194 0.169495240 -0.036924392 -0.070885278 -0.003285911 0.996795416
1305031125.151013 -0.038625360 -0.069464102 0.173237249 -0.032195330 -0.072390504 -0.005107410 0.996843517
1305031125.179353 -0.040403754 -0.071323201 0.174828947 -0.031256650 -0.069113635 -0.003934325 0.997111261
1305031125.211320 -0.042585880 -0.082475491 0.178807884 -0.035786804 -0.067154884 -0.004084282 0.997092187
1305031125.250632 -0.044484515 -0.093765475 0.181734040 -0.034947451 -0.066511340 -0.006961591 0.997149169
1305031125.279467 -0.044859476 -0.095921315 0.183225960 -0.030936737 -0.066526085 -0.007651946 0.997275591
1305031125.311493 -0.044426717 -0.105787516 0.187267214 -0.031980433 -0.065208435 -0.007408303 0.997331560
1305031125.348880 -0.047215201 -0.109470166 0.187736362 -0.027409168 -0.063051559 -0.010919362 0.997574031
1305031125.379401 -0.042493008 -0.111127585 0.194045618 -0.026598169 -0.063446522 -0.013795519 0.997535348
1305031125.411335 -0.043635704 -0.116216958 0.194600791 -0.026846822 -0.056384224 -0.015417385 0.997929037
1305031125.451195 -0.046142712 -0.121670716 0.196453512 -0.030092284 -0.050275657 -0.017524965 0.998128116
1305031125.479424 -0.046175867 -0.129986823 0.199024096 -0.030867202 -0.046531536 -0.019196620 0.998255253
1305031125.511316 -0.047207896 -0.128739119 0.199202523 -0.029031791 -0.042422522 -0.019622831 0.998485029
1305031125.551020 -0.046641264 -0.131294519 0.200032935 -0.030155262 -0.039589118 -0.021372033 0.998532236
1305031125.579308 -0.045480751 -0.133112669 0.201415613 -0.031695649 -0.036638640 -0.023565633 0.998547792
1305031125.611533 -0.047724094 -0.138754338 0.200968161 -0.032250721 -0.032405280 -0.024196165 0.998661280
1305031125.650575 -0.053442556 -0.141593978 0.195991412 -0.028487107 -0.029781587 -0.021824906 0.998912036
1305031125.679328 -0.056760583 -0.134590089 0.190602392 -0.022937467 -0.032676090 -0.020795755 0.998986363
1305031125.711443 -0.053080641 -0.136046216 0.190813974 -0.022573458 -0.039722752 -0.018749379 0.998779774
1305031125.751260 -0.050369777 -0.124758236 0.186986610 -0.015679501 -0.042970873 -0.016805047 0.998811901
1305031125.779348 -0.048724882 -0.119250059 0.184513554 -0.015818393 -0.044444777 -0.019565383 0.998694956
1305031125.811573 -0.047170669 -0.110277459 0.181290656 -0.014439991 -0.044185851 -0.020447867 0.998709679
1305031125.847412 -0.047626600 -0.105274454 0.178496242 -0.016997430 -0.042521611 -0.022470595 0.998698175
1305031125.879318 -0.050787479 -0.098234862 0.173456326 -0.016718853 -0.041742161 -0.023301197 0.998716712
1305031125.911305 -0.053585432 -0.087571047 0.168754756 -0.019241914 -0.043853994 -0.022168541 0.998606622
1305031125.947343 -0.055769414 -0.084748313 0.166114658 -0.023769999 -0.049834467 -0.019931022 0.998275638
1305031125.979324 -0.053764559 -0.073798649 0.162363619 -0.023121510 -0.057871893 -0.016187772 0.997924924
1305031126.011333 -0.049217708 -0.062753268 0.161664262 -0.024576947 -0.065214366 -0.015903495 0.997441769
1305031126.047324 -0.044050209 -0.051198065 0.160917059 -0.026743975 -0.068463519 -0.014524509 0.997189343
1305031126.079356 -0.043189578 -0.040632084 0.156963795 -0.030477948 -0.066886172 -0.014082571 0.997195601
1305031126.111370 -0.042282972 -0.032700561 0.156828970 -0.034408282 -0.066485718 -0.014714357 0.997085333
1305031126.147432 -0.042633768 -0.019504715 0.155047804 -0.035425108 -0.065053411 -0.013206874 0.997165322
1305031126.179384 -0.043458745 -0.006120977 0.151296124 -0.040470839 -0.064557672 -0.012136756 0.997019112
1305031126.211319 -0.040378556 -0.000341979 0.151887208 -0.046265263 -0.066513099 -0.011769429 0.996642828
1305031126.247298 -0.038622458 0.014100132 0.148534209 -0.047150701 -0.065685220 -0.011151113 0.996663392
1305031126.279363 -0.037841909 0.023232022 0.147832260 -0.051403265 -0.064300500 -0.012207441 0.996531069
1305031126.311332 -0.035983205 0.035656374 0.145229012 -0.054526769 -0.061839025 -0.013193823 0.996508241
1305031126.347363 -0.036040552 0.043090589 0.143627375 -0.059407655 -0.058025725 -0.014683967 0.996437728
1305031126.379423 -0.037941441 0.052625634 0.141436771 -0.062433977 -0.054270219 -0.015922103 0.996445298
1305031126.411465 -0.039631508 0.062522069 0.139289111 -0.066051833 -0.051792320 -0.018304193 0.996302962
1305031126.447361 -0.039734241 0.068058074 0.137952656 -0.071329199 -0.050410859 -0.017490299 0.996024609
1305031126.479533 -0.041925091 0.075886384 0.134701580 -0.073271260 -0.049456272 -0.014987260 0.995972276
1305031126.511410 -0.041560452 0.088019937 0.131143123 -0.074697994 -0.051265653 -0.012967513 0.995803118
1305031126.547374 -0.038354658 0.095718913 0.131077811 -0.080369443 -0.053139146 -0.012009979 0.995275199
1305031126.579454 -0.037357524 0.104069695 0.129555166 -0.083816022 -0.051267833 -0.010528475 0.995105863
1305031126.611528 -0.037954565 0.110842980 0.127337724 -0.088803522 -0.048876289 -0.009249972 0.994806230
1305031126.647376 -0.034612365 0.113748834 0.127834246 -0.093929209 -0.048765153 -0.007121120 0.994358361
1305031126.679479 -0.034460984 0.118680954 0.125621110 -0.095657609 -0.046364047 -0.002687273 0.994330287
1305031126.711583 -0.033619035 0.124995112 0.123398878 -0.097527996 -0.044930235 0.000524678 0.994217932
1305031126.747316 -0.031794094 0.125452027 0.122894466 -0.100129232 -0.043966845 0.003604746 0.993995965
1305031126.779379 -0.031706184 0.131475106 0.120172337 -0.098545007 -0.042703748 0.006707217 0.994193256
1305031126.811602 -0.028395202 0.134119868 0.119383559 -0.099168167 -0.042021260 0.007620565 0.994153798
1305031126.847343 -0.028379386 0.137382120 0.116758749 -0.099052854 -0.037862577 0.007902931 0.994330168
1305031126.879357 -0.028499071 0.139319167 0.115363739 -0.099730566 -0.035654984 0.008537808 0.994338810
1305031126.911364 -0.027320225 0.139719009 0.114322349 -0.100409046 -0.033863712 0.007780774 0.994339347
1305031126.947437 -0.028289491 0.141664207 0.112256482 -0.100472063 -0.032112516 0.009529838 0.994375825
1305031126.979337 -0.027916506 0.140286759 0.111853398 -0.101748824 -0.033092462 0.010904337 0.994199753
1305031127.011371 -0.027180562 0.139627621 0.111721173 -0.100594126 -0.034323614 0.011105290 0.994273305
1305031127.047297 -0.026784340 0.140886948 0.111165360 -0.099124014 -0.034820978 0.012051261 0.994392633
1305031127.079299 -0.027508248 0.139664203 0.111303955 -0.099985920 -0.034899388 0.012231010 0.994301379
1305031127.111435 -0.028886173 0.137202501 0.110998526 -0.100558758 -0.036349542 0.013224334 0.994178951
1305031127.147307 -0.029514104 0.134698704 0.111638620 -0.099805385 -0.039508831 0.013872216 0.994125485
1305031127.179349 -0.029465757 0.134806722 0.111838773 -0.097145863 -0.042363897 0.013532792 0.994276047
1305031127.211700 -0.027733004 0.133643180 0.113937229 -0.096429974 -0.044891048 0.013168354 0.994239748
1305031127.247374 -0.027160034 0.129158407 0.115316190 -0.095933527 -0.045420989 0.012485381 0.994272470
1305031127.279465 -0.028798081 0.129394919 0.115058690 -0.092581861 -0.044702370 0.011191735 0.994638145
1305031127.311362 -0.029829804 0.127153784 0.116408683 -0.093074873 -0.045181677 0.010535218 0.994577646
1305031127.347356 -0.029132240 0.120983168 0.118988678 -0.093231790 -0.047426231 0.010207533 0.994461894
1305031127.379262 -0.029989522 0.121575028 0.118932024 -0.089490928 -0.048051763 0.009718764 0.994780362
1305031127.411371 -0.030545443 0.120732635 0.120377727 -0.088967882 -0.049018145 0.009002298 0.994786859
1305031127.447333 -0.030397872 0.115331493 0.122887366 -0.089908697 -0.050609972 0.008748701 0.994624853
1305031127.479362 -0.031796616 0.116829038 0.122873552 -0.086637869 -0.050946262 0.007834849 0.994905531
1305031127.511356 -0.032291364 0.115815729 0.124047861 -0.087675527 -0.051973555 0.006661130 0.994770050
1305031127.547348 -0.031476535 0.111598566 0.126509324 -0.088860258 -0.053537082 0.006742413 0.994581401
1305031127.579345 -0.032701839 0.112420194 0.126629829 -0.086205542 -0.053396378 0.006227022 0.994825959
1305031127.611271 -0.032637469 0.112910062 0.127093032 -0.086185031 -0.054054782 0.005990427 0.994793653
1305031127.647358 -0.031905130 0.110104546 0.128958017 -0.087936021 -0.054822411 0.007243503 0.994590044
1305031127.679298 -0.032263018 0.108686835 0.129470810 -0.086766772 -0.055164177 0.008144639 0.994666815
1305031127.711375 -0.033369653 0.110474296 0.128709286 -0.085190386 -0.055279031 0.007493485 0.994801819
1305031127.747304 -0.032093801 0.108323157 0.130072728 -0.087132886 -0.056560796 0.007847997 0.994558811
1305031127.779346 -0.032468989 0.105560109 0.130510718 -0.087010123 -0.056564048 0.008094625 0.994567394
1305031127.811829 -0.033648498 0.107144468 0.129687309 -0.084571891 -0.056311857 0.006847243 0.994801342
1305031127.847366 -0.033707097 0.106544919 0.129920334 -0.084915005 -0.056476109 0.005854327 0.994769156
1305031127.879380 -0.034621578 0.105504379 0.130105883 -0.085168600 -0.056399222 0.005391282 0.994754434
1305031127.911476 -0.035445750 0.105452776 0.130065888 -0.084708937 -0.056966960 0.004911945 0.994763851
1305031127.947366 -0.035966709 0.106822699 0.130450830 -0.084661052 -0.057580974 0.005043757 0.994731903
1305031127.979371 -0.035703473 0.105525091 0.131849170 -0.086777084 -0.058595877 0.005072753 0.994490087
1305031128.011427 -0.034467399 0.105742067 0.133447945 -0.087631106 -0.059389587 0.004743025 0.994369745
1305031128.047369 -0.033835214 0.103983991 0.135801867 -0.090576179 -0.058795884 0.005848534 0.994135201
1305031128.079334 -0.033754021 0.101188712 0.137520939 -0.091500901 -0.058571033 0.006830920 0.994057536
1305031128.111391 -0.033795223 0.100447156 0.138138860 -0.090949066 -0.058744926 0.007372401 0.994094074
1305031128.147418 -0.033034645 0.100253403 0.139314890 -0.091627553 -0.059217561 0.009163747 0.993988812
1305031128.179350 -0.031781510 0.096199423 0.141074285 -0.092517346 -0.059809696 0.010458144 0.993858099
1305031128.211447 -0.032792464 0.097862758 0.140483290 -0.089554332 -0.059197512 0.010666073 0.994163930
1305031128.247480 -0.033061396 0.098651782 0.140341699 -0.089506768 -0.059496772 0.011023501 0.994146466
1305031128.279336 -0.032204516 0.095709935 0.141722083 -0.090790473 -0.060397107 0.011092135 0.993974984
1305031128.311483 -0.032912824 0.096632794 0.141176254 -0.088957749 -0.060025744 0.010366825 0.994171023
1305031128.347423 -0.033927005 0.096918650 0.140757695 -0.088763386 -0.059622742 0.009485248 0.994221449
1305031128.379404 -0.033925239 0.095451176 0.141153425 -0.089540206 -0.060186349 0.007890385 0.994131744
1305031128.411337 -0.034111183 0.095040664 0.141117424 -0.088827819 -0.060161564 0.006694428 0.994205892
1305031128.447296 -0.035097353 0.094905317 0.140442953 -0.088359080 -0.059711676 0.005374121 0.994282842
1305031128.479296 -0.034968108 0.093923427 0.140573367 -0.088887900 -0.060172718 0.004180245 0.994213641
1305031128.511433 -0.034571804 0.093281277 0.140929908 -0.088596262 -0.060251240 0.003605034 0.994237185
1305031128.547399 -0.034383096 0.092993498 0.141052306 -0.088665798 -0.059857309 0.003220856 0.994256079
1305031128.579455 -0.034336179 0.090771258 0.141131833 -0.089003354 -0.059277646 0.002978130 0.994261384
1305031128.611395 -0.035927281 0.090280339 0.140182108 -0.087746948 -0.058516774 0.003072775 0.994417846
1305031128.647352 -0.037026223 0.090931423 0.139418393 -0.086841166 -0.059221379 0.003311948 0.994454861
1305031128.679282 -0.036431648 0.089647032 0.139716610 -0.086928114 -0.060944825 0.002911009 0.994344354
1305031128.711457 -0.034723952 0.089316502 0.140095294 -0.085963927 -0.061873820 0.002332843 0.994372368
1305031128.747363 -0.034912586 0.090137690 0.139291748 -0.084695347 -0.060690399 0.001099816 0.994556248
