1341840840.133310 0.060117144 0.030688956 0.007827250 -0.013457749 -0.010940770 -0.006233057 0.999830186
1341840840.169494 0.067074217 0.016830238 0.003818813 -0.018257109 -0.012485605 -0.004387266 0.999745727
1341840840.201335 0.056954216 0.029793907 0.003708291 -0.012567318 -0.008144450 -0.005685695 0.999871671
1341840840.233363 0.075885519 0.039057191 0.001594024 -0.012995828 -0.014398800 -0.001840555 0.999810159
1341840840.269407 0.070484087 0.031871680 0.007984439 -0.017624680 -0.010116509 -0.002718644 0.999789774
1341840840.294570 0.073325180 0.030153571 0.008473567 -0.016843019 -0.009637623 -0.002498731 0.999808609
1341840840.330394 0.074429780 0.018791487 0.003453120 -0.019906461 -0.009038107 0.001186882 0.999760270
1341840840.362487 0.071490377 0.028169472 -0.001235918 -0.015287350 -0.007956231 0.002920116 0.999847233
1341840840.394382 0.086814873 0.030556532 -0.000092368 -0.017610496 -0.015091648 0.006243464 0.999711514
1341840840.430325 0.096211426 0.021942763 0.005368288 -0.020945230 -0.017489828 0.007947936 0.999596059
1341840840.462407 0.083222531 0.037531815 0.005804868 -0.011840722 -0.009245018 0.004657792 0.999876320
1341840840.494502 0.092599928 0.033478659 -0.000409373 -0.017139301 -0.012075046 0.007608994 0.999751270
1341840840.530297 0.105321102 0.028064050 0.004211029 -0.021312525 -0.016992114 0.010195700 0.999576449
1341840840.562361 0.108161822 0.027164910 0.003644847 -0.020333838 -0.017293194 0.010632808 0.999587119
1341840840.598321 0.107509702 0.027641883 0.001264479 -0.020510126 -0.016678765 0.011462761 0.999584794
1341840840.630280 0.111405149 0.016005244 0.002261791 -0.024184113 -0.019902864 0.014199812 0.999408543
1341840840.662439 0.118198760 0.029974904 0.000985190 -0.016055817 -0.023651227 0.012951416 0.999507427
1341840840.698371 0.132439390 0.036666017 0.003767372 -0.014929381 -0.026136570 0.013261371 0.999458909
1341840840.730361 0.138739631 0.022353964 0.006841500 -0.020864841 -0.023699248 0.014515899 0.999395967
1341840840.762407 0.126335502 0.022880578 0.002328032 -0.016198670 -0.016000269 0.012088841 0.999667704
1341840840.798303 0.126704231 0.036483303 -0.001451440 -0.009857169 -0.016111603 0.010901868 0.999762177
1341840840.830375 0.142485201 0.029031256 0.002722098 -0.015361169 -0.020254126 0.012648948 0.999596834
1341840840.866393 0.147388667 0.018346669 0.005056305 -0.017438509 -0.018233420 0.012522294 0.999603271
1341840840.898320 0.140717804 0.031157617 0.000783472 -0.008022776 -0.013052489 0.009704498 0.999835551
1341840840.930454 0.143268973 0.038029835 -0.004146839 -0.007416910 -0.012740417 0.009844180 0.999842882
1341840840.966498 0.148757398 0.037923533 0.003158889 -0.010550335 -0.012395207 0.008234052 0.999833643
1341840840.998398 0.158834964 0.031547636 0.003101294 -0.012996141 -0.013050036 0.008986914 0.999790013
1341840841.034538 0.172696665 0.043263316 0.003161881 -0.008915231 -0.014360756 0.006675620 0.999834836
1341840841.066345 0.176332742 0.049326692 0.000662033 -0.010562683 -0.009844551 0.006350018 0.999875605
1341840841.098335 0.173807278 0.033435345 0.002730599 -0.022744566 -0.005549855 0.007055937 0.999701023
1341840841.134331 0.179976344 0.021193439 0.003171201 -0.025403474 -0.007150952 0.007842917 0.999620914
1341840841.166392 0.192626089 0.039167397 0.001488903 -0.016329560 -0.008349613 0.007302450 0.999805152
1341840841.198348 0.192253441 0.039575767 0.001262078 -0.019421360 -0.001952314 0.008650206 0.999772072
1341840841.234400 0.194938391 0.017540142 -0.000143369 -0.028424954 -0.000198582 0.012021897 0.999523640
1341840841.266296 0.198617712 0.017220972 -0.003815892 -0.022359382 -0.001766563 0.011894732 0.999677718
1341840841.302430 0.202105895 0.032647986 -0.005989804 -0.014376856 -0.001795967 0.013168813 0.999808371
1341840841.334542 0.206034258 0.030511593 -0.007053065 -0.016381035 -0.000897561 0.014959683 0.999753475
1341840841.366311 0.208091497 0.029838169 -0.008170558 -0.016361428 -0.000697088 0.013947476 0.999768615
1341840841.402475 0.208085299 0.028878145 -0.010422972 -0.016495274 -0.000312467 0.012683281 0.999783456
1341840841.434345 0.212636277 0.032309704 -0.009902321 -0.015605934 -0.001513137 0.012538771 0.999798477
1341840841.466383 0.213638917 0.033900291 -0.011091156 -0.016144283 -0.000382758 0.012024528 0.999797344
1341840841.502454 0.218362659 0.027697247 -0.011431276 -0.019269895 -0.002062879 0.012232493 0.999737382
1341840841.534696 0.221498519 0.026038902 -0.011551473 -0.018789325 -0.003067457 0.012258255 0.999743640
1341840841.570470 0.230304435 0.042788420 -0.013416671 -0.012852507 -0.005728423 0.013512191 0.999809682
1341840841.602476 0.236368403 0.040653594 -0.009309062 -0.018282881 -0.006525991 0.013779084 0.999716580
1341840841.634468 0.245471820 0.030042650 -0.005220025 -0.022694064 -0.007835616 0.013455389 0.999621212
1341840841.671032 0.237837344 0.031363782 -0.010728080 -0.020283217 -0.002730669 0.012437440 0.999713182
1341840841.702284 0.238106221 0.037275881 -0.012439226 -0.018818518 -0.004090935 0.014489547 0.999709547
1341840841.734304 0.245882958 0.038155187 -0.010205742 -0.020763690 -0.007615236 0.015481247 0.999635518
1341840841.770351 0.248977542 0.030223183 -0.008516919 -0.024390249 -0.008404943 0.017129159 0.999520421
1341840841.802313 0.241068304 0.027431164 -0.014483971 -0.024730844 -0.006594139 0.019661773 0.999478996
1341840841.838370 0.242434323 0.019481605 -0.015322819 -0.027665082 -0.012766977 0.022458088 0.999283373
1341840841.870881 0.251138091 0.030221984 -0.011231003 -0.020328604 -0.023195948 0.018374460 0.999355316
1341840841.902346 0.267818272 0.053420503 -0.005591552 -0.011462211 -0.029250361 0.014361202 0.999403238
1341840841.938375 0.263565451 0.041277554 -0.005946349 -0.020666234 -0.021958755 0.014818734 0.999435425
1341840841.970352 0.252672583 0.030079411 -0.013981197 -0.026161784 -0.017736914 0.013362795 0.999410987
1341840842.006342 0.258059412 0.041977745 -0.011877917 -0.021864049 -0.023048662 0.010578828 0.999439240
1341840842.038475 0.272991747 0.042534165 -0.004162094 -0.023375124 -0.027894232 0.009079465 0.999296308
1341840842.070419 0.264159739 0.036501538 -0.009780934 -0.024968874 -0.019586008 0.006934775 0.999472320
1341840842.106404 0.258856565 0.038039353 -0.015038170 -0.024909751 -0.016113045 0.005791471 0.999543071
1341840842.138367 0.263036638 0.022064511 -0.014320794 -0.030259395 -0.020705020 0.004639351 0.999316812
1341840842.170410 0.275552303 0.032552805 -0.014422350 -0.021272739 -0.028311390 0.002356373 0.999369979
1341840842.206430 0.280466765 0.038785618 -0.016546555 -0.016524851 -0.028632175 -0.000159500 0.999453366
1341840842.238319 0.283754110 0.039176933 -0.018136788 -0.014821600 -0.027990222 -0.005178066 0.999484897
1341840842.274385 0.293870240 0.035632256 -0.016821196 -0.014195926 -0.029641483 -0.010074127 0.999409020
1341840842.306571 0.287691563 0.035248674 -0.022488354 -0.010950100 -0.023661599 -0.014272382 0.999558210
1341840842.338413 0.276353896 0.039872989 -0.032476466 -0.008245597 -0.018496267 -0.016352996 0.999661207
1341840842.374365 0.279837251 0.027454033 -0.032459579 -0.013674651 -0.022065971 -0.017570641 0.999508560
1341840842.406739 0.287103325 0.028297547 -0.029571926 -0.007012234 -0.028513573 -0.020092379 0.999366820
1341840842.438410 0.302845091 0.068436936 -0.028051265 0.009578935 -0.033189330 -0.024253048 0.999108851
1341840842.474299 0.332246244 0.062962428 -0.019165996 -0.002710556 -0.034739174 -0.028824033 0.998977005
1341840842.542388 0.335264444 0.047137357 -0.026298897 -0.008733979 -0.036744710 -0.032088105 0.998771191
1341840842.574346 0.314230293 0.069853023 -0.020972168 0.001885491 -0.028263859 -0.034859709 0.998990715
1341840842.642329 0.326107472 0.035812367 -0.025334800 -0.006720649 0.011674123 -0.030344302 0.999448717
1341840842.674386 0.306911051 0.030354971 -0.037858833 -0.004860332 0.019353952 -0.031538941 0.999303281
1341840842.706548 0.324903935 0.055723976 -0.035994329 0.005604640 0.009155490 -0.033270575 0.999388695
1341840842.810490 0.328528672 0.046188265 -0.038750406 0.010487349 0.039180458 -0.036435418 0.998512566
1341840842.842296 0.328879565 0.061479472 -0.043987244 0.012185230 0.036058079 -0.034475204 0.998680532
1341840842.874411 0.347253740 0.050506189 -0.033884551 0.003006417 0.027121196 -0.033383358 0.999070048
1341840842.910377 0.350142598 0.032862831 -0.031306680 -0.001175808 0.029205168 -0.033991512 0.998994589
1341840842.942647 0.338479608 0.047291365 -0.042638712 0.007959704 0.036252372 -0.035053086 0.998695970
1341840842.974535 0.354159683 0.054244753 -0.039470665 0.008770378 0.029816277 -0.037430666 0.998815775
1341840843.010449 0.377084821 0.042803854 -0.028979156 0.003536904 0.024863536 -0.033740863 0.999114990
1341840843.042429 0.356580228 0.035189230 -0.039904211 0.002871069 0.040839531 -0.030821903 0.998686075
1341840843.078385 0.333876908 0.051360033 -0.054154217 0.008775614 0.048589800 -0.028068593 0.998385787
1341840843.110373 0.361093968 0.050678160 -0.043738261 0.004794722 0.031054342 -0.028781343 0.999091685
1341840843.178476 0.402804941 0.039922968 -0.029629298 0.006054789 0.030120537 -0.027299017 0.999155104
1341840843.210589 0.352301776 0.043141380 -0.052651573 0.007381270 0.056365795 -0.031287018 0.997892559
1341840843.246317 0.366082460 0.055099394 -0.047058225 0.009423478 0.044731390 -0.031973518 0.998442769
1341840843.278543 0.404391944 0.052352220 -0.027938992 0.008391233 0.029982762 -0.031217566 0.999027550
1341840843.310587 0.399632365 0.043046206 -0.029304443 0.009154301 0.040719260 -0.030479396 0.998663723
1341840843.346529 0.372602522 0.047716767 -0.048049174 0.012545347 0.055163339 -0.032010704 0.997885227
1341840843.385053 0.380953252 0.065803573 -0.045663167 0.014492237 0.049584117 -0.030344088 0.998203695
1341840843.411509 0.403129488 0.052829217 -0.033189505 0.004358361 0.041288983 -0.025752142 0.998805821
1341840843.447220 0.395284921 0.042998668 -0.037741896 0.001446865 0.048197012 -0.024511658 0.998535991
1341840843.478671 0.387615621 0.063204557 -0.043464974 0.008396091 0.051517561 -0.026620684 0.998281896
1341840843.515039 0.407900810 0.058467615 -0.033984967 0.001899820 0.041762479 -0.028648632 0.998714924
1341840843.548527 0.415969878 0.043612640 -0.022835447 -0.003385285 0.041671298 -0.029240677 0.998697639
1341840843.582569 0.404276848 0.045328822 -0.033828683 0.002124788 0.050133489 -0.031265747 0.998250782
1341840843.614798 0.400725394 0.066268370 -0.037720069 0.008289633 0.051228348 -0.031312421 0.998161554
1341840843.653429 0.407114118 0.051224370 -0.030825291 -0.002447766 0.047251090 -0.030824499 0.998404324
1341840843.687928 0.422324002 0.039526239 -0.024201129 -0.005440276 0.041398227 -0.030242156 0.998670101
1341840843.720258 0.414747924 0.047973514 -0.031081289 0.000499939 0.047208868 -0.032826979 0.998345375
1341840843.785505 0.418476999 0.042224791 -0.027012672 -0.003853793 0.046292130 -0.033157788 0.998369992
1341840843.814703 0.423737884 0.041012883 -0.024885086 -0.002721523 0.045361083 -0.032267693 0.998445630
1341840843.846439 0.417052090 0.040029380 -0.031157654 -0.002563706 0.050036550 -0.033073545 0.998196363
1341840843.882429 0.422122180 0.044136554 -0.028721597 -0.001216881 0.048482329 -0.032991264 0.998278260
1341840843.914321 0.439141333 0.044791374 -0.020749411 -0.001129731 0.042944670 -0.033325501 0.998520851
1341840843.946316 0.440616488 0.037957709 -0.020407345 -0.002770077 0.046796620 -0.034074090 0.998319268
1341840843.982401 0.430330575 0.042558476 -0.029511984 -0.000888103 0.054555513 -0.034826092 0.997902811
1341840844.014387 0.435843557 0.041005936 -0.024877254 -0.003660872 0.052009612 -0.034816585 0.998032808
1341840844.050399 0.452958405 0.019157628 -0.017820926 -0.010402353 0.045341715 -0.035720095 0.998278499
1341840844.082349 0.450356603 0.026170440 -0.025944091 -0.001901533 0.050793059 -0.038445976 0.997967064
1341840844.114393 0.436320484 0.038960077 -0.027758904 0.002384329 0.058980655 -0.038878921 0.997498870
1341840844.150523 0.448089004 0.029509492 -0.026282078 -0.003198681 0.053986914 -0.039413154 0.997758389
1341840844.182299 0.459310800 0.023923598 -0.019302512 -0.003817582 0.051473904 -0.040088084 0.997862101
1341840844.218448 0.461040467 0.020508140 -0.018365681 -0.000978335 0.054083854 -0.041559372 0.997670710
1341840844.250566 0.455464959 0.018466355 -0.027937040 0.001152035 0.058988072 -0.043461844 0.997311413
1341840844.282274 0.452085048 0.026797211 -0.031779032 0.001921245 0.060447898 -0.042213220 0.997276485
1341840844.318322 0.458536625 0.015802369 -0.022865910 -0.003981931 0.055443972 -0.040559288 0.997629702
1341840844.350432 0.464665920 0.010304244 -0.023868335 -0.000870154 0.051745459 -0.045575276 0.997619450
1341840844.382375 0.475477636 0.028022086 -0.025596675 0.007487851 0.049864940 -0.046698682 0.997635543
1341840844.418837 0.467045844 0.018051300 -0.025658559 0.001054434 0.055883329 -0.047230791 0.997318983
1341840844.450418 0.475612730 0.006526016 -0.024635591 -0.002342945 0.049436864 -0.044654127 0.997775793
1341840844.486330 0.482775718 0.013677094 -0.021832930 0.003742021 0.044269599 -0.047748439 0.997870862
1341840844.518335 0.501530647 0.010968963 -0.022669142 0.005005008 0.040225547 -0.049837787 0.997934341
1341840844.550458 0.490311831 0.014602405 -0.024467578 0.005915594 0.049193252 -0.050058786 0.997516453
1341840844.586351 0.490159154 0.007443796 -0.022259366 0.002340670 0.047113474 -0.048445228 0.997711301
1341840844.618382 0.492447466 0.014767908 -0.022406055 0.005863494 0.044566251 -0.048226837 0.997824430
1341840844.650334 0.503158331 0.014340590 -0.019896248 0.004356848 0.040497519 -0.048563141 0.997989237
1341840844.686320 0.510752738 0.007034116 -0.013113713 0.002021458 0.038264640 -0.050185766 0.998004556
1341840844.718495 0.515914261 -0.003356946 -0.019916696 0.000065828 0.038493101 -0.052568007 0.997875154
1341840844.757582 0.514742792 -0.009303564 -0.029180486 -0.004045860 0.041473273 -0.053393900 0.997703731
1341840844.791011 0.516028702 -0.007574694 -0.019435031 -0.004071043 0.039728150 -0.051830914 0.997857034
1341840844.818394 0.516958296 -0.008813698 -0.023368217 -0.001990376 0.041235242 -0.054959770 0.997634768
1341840844.854307 0.521454215 -0.004878450 -0.020707048 -0.000411477 0.041973487 -0.053769469 0.997670710
1341840844.888045 0.521585763 -0.008884949 -0.024162428 -0.002232180 0.043742821 -0.052390877 0.997665644
1341840844.918612 0.524924159 -0.001675605 -0.021187084 -0.001300548 0.042667791 -0.050375205 0.997817636
1341840844.954718 0.530071497 -0.006897431 -0.019094501 -0.004224377 0.041751586 -0.050867103 0.997823358
1341840844.986719 0.540613413 -0.011625482 -0.019028226 -0.005551967 0.039900344 -0.051586308 0.997855663
1341840845.022279 0.542692423 -0.013323061 -0.018568473 -0.006144729 0.042355146 -0.050664749 0.997798264
1341840845.054280 0.548377097 -0.014479245 -0.017747430 -0.005848400 0.043009825 -0.049037620 0.997853339
1341840845.086344 0.548916399 -0.009029138 -0.019629333 -0.004721602 0.045302074 -0.046621170 0.997873724
1341840845.123640 0.548133135 -0.016382841 -0.016894855 -0.008909841 0.044974707 -0.048400495 0.997775137
1341840845.154408 0.551563263 -0.021638671 -0.015308980 -0.007377295 0.042990696 -0.051792961 0.997704804
1341840845.186393 0.555806518 -0.006032573 -0.020052684 -0.001422855 0.042571791 -0.049026180 0.997888803
1341840845.222296 0.549806118 -0.012170823 -0.018459370 -0.008036078 0.043356504 -0.046159744 0.997960389
1341840845.254440 0.557763338 -0.023894679 -0.019331353 -0.011064630 0.037837915 -0.049074426 0.998016775
1341840845.290376 0.572657526 -0.019905221 -0.018916018 -0.008171934 0.034348186 -0.051443446 0.998051584
1341840845.322289 0.564184844 -0.021627979 -0.018899444 -0.010309434 0.042054847 -0.051601335 0.997728586
1341840845.354494 0.551491499 -0.031983480 -0.019495513 -0.014177825 0.045251444 -0.052250747 0.997507513
1341840845.390309 0.557361186 -0.035093956 -0.018581793 -0.011392085 0.037563741 -0.054656748 0.997733355
1341840845.422339 0.570341706 -0.018439183 -0.016489340 -0.001100085 0.031281620 -0.055867735 0.997947395
1341840845.458335 0.585110486 -0.009132812 -0.016326770 0.001135594 0.027956683 -0.056901820 0.997987628
1341840845.490264 0.584613323 -0.016805517 -0.014167590 -0.005476323 0.032211591 -0.057120435 0.997832477
1341840845.522343 0.574206471 -0.020563906 -0.013708824 -0.007226419 0.038563203 -0.056398176 0.997637153
1341840845.558310 0.566251516 -0.020121465 -0.013787217 -0.006949718 0.039107110 -0.054356802 0.997731268
1341840845.597232 0.573540926 -0.023509119 -0.015363265 -0.008121154 0.031237375 -0.052965946 0.998074591
1341840845.622577 0.589745283 -0.020084372 -0.014513196 -0.005128606 0.023312477 -0.053242430 0.998296261
1341840845.658634 0.599908948 -0.016214084 -0.014451526 -0.004627496 0.022379072 -0.054017596 0.998278439
1341840845.690353 0.600632548 -0.014109334 -0.013350278 -0.005829455 0.025332525 -0.055817857 0.998102546
1341840845.729069 0.594157636 -0.025037292 -0.014944538 -0.010407967 0.030498071 -0.058493149 0.997767508
1341840845.758375 0.595912397 -0.025756769 -0.017352985 -0.009577629 0.030502511 -0.057368319 0.997841060
1341840845.790466 0.593120933 -0.019690301 -0.014827536 -0.006925077 0.027980965 -0.057675716 0.997919142
1341840845.826375 0.612473309 -0.017585341 -0.017853379 -0.006813957 0.016098581 -0.059570830 0.998071015
1341840845.858782 0.635134995 -0.013821774 -0.013578086 -0.007073133 0.009964193 -0.060987815 0.998063684
1341840845.890417 0.632081628 -0.032476686 -0.013223073 -0.014207087 0.018965159 -0.062644228 0.997754514
1341840845.926383 0.622617722 -0.022665581 -0.019140325 -0.007529627 0.024023803 -0.063150123 0.997686446
1341840845.958390 0.633666158 -0.015392983 -0.018635234 -0.007072297 0.019021425 -0.063380726 0.997783124
1341840845.994269 0.636428893 -0.027946316 -0.017794393 -0.012828379 0.019952258 -0.062845074 0.997741401
1341840846.026558 0.640789747 -0.026306808 -0.020155083 -0.009871679 0.019880693 -0.061705858 0.997847557
1341840846.058807 0.638403118 -0.021124521 -0.022030335 -0.008965538 0.020559086 -0.061127566 0.997877955
1341840846.094265 0.650160134 -0.023951225 -0.021273497 -0.009986942 0.015791686 -0.062536255 0.997867763
1341840846.126378 0.671864212 -0.026459031 -0.020632150 -0.009661832 0.012505325 -0.062538095 0.997917473
1341840846.158446 0.661171079 -0.021693129 -0.021860816 -0.007912776 0.022899657 -0.061784953 0.997795403
1341840846.194427 0.656147361 -0.013375316 -0.020746354 -0.006303002 0.025350260 -0.061128866 0.997788012
1341840846.226385 0.664480984 -0.020054456 -0.019674597 -0.011239366 0.022013552 -0.060302649 0.997874081
1341840846.262497 0.680805027 -0.024772901 -0.019631259 -0.010788655 0.019842166 -0.056890666 0.998124957
1341840846.294419 0.679562390 -0.017764132 -0.020644821 -0.007013476 0.025631839 -0.055721357 0.998092651
1341840846.326478 0.671166778 -0.019343335 -0.022891575 -0.008985616 0.028662698 -0.056013476 0.997978032
1341840846.362426 0.684814572 -0.018035104 -0.019958543 -0.007854351 0.022552958 -0.057043225 0.998086035
1341840846.394323 0.696438491 -0.019955110 -0.020981763 -0.007405141 0.022810325 -0.056554157 0.998111486
1341840846.430454 0.691693604 -0.011693880 -0.020466970 -0.003913511 0.029564690 -0.055491779 0.998013675
1341840846.465291 0.690431237 -0.009814993 -0.021827849 -0.006377950 0.030477967 -0.056115672 0.997938573
1341840846.494473 0.699034095 -0.017210668 -0.021362165 -0.010257969 0.027823074 -0.056383766 0.997968733
1341840846.530439 0.707151294 -0.018557770 -0.020169707 -0.007627612 0.028925704 -0.054786079 0.998049855
1341840846.562569 0.701880932 -0.007924371 -0.021458924 -0.002317904 0.034164764 -0.051816311 0.998069346
1341840846.594486 0.699577570 -0.002849399 -0.024375733 -0.004153958 0.034086782 -0.052677505 0.998021007
1341840846.630509 0.715634108 -0.008669924 -0.024928926 -0.009679135 0.029211415 -0.054187372 0.998056531
1341840846.662363 0.748460531 -0.023398183 -0.022437481 -0.012391573 0.022796722 -0.054740775 0.998163402
1341840846.698323 0.725158691 -0.001315119 -0.022946481 -0.000553856 0.039595865 -0.056345914 0.997625649
1341840846.730390 0.707766235 0.006594942 -0.024427556 -0.002669429 0.045967441 -0.058784056 0.997208297
1341840846.762470 0.721816957 -0.007848283 -0.024504691 -0.010836461 0.038805697 -0.058159869 0.997493982
1341840846.798363 0.735904932 0.000523343 -0.026523039 -0.006807144 0.036590520 -0.057772160 0.997635782
1341840846.830356 0.730332673 0.008767404 -0.023185711 -0.007201287 0.042135671 -0.058648776 0.997363091
1341840846.862350 0.730801821 -0.001018304 -0.021422740 -0.011728105 0.040657524 -0.059470043 0.997332811
1341840846.898489 0.744577825 0.011916700 -0.023706917 -0.006651460 0.037017975 -0.060331099 0.997469604
1341840846.930380 0.747463226 0.025592562 -0.021003820 -0.006097040 0.039961074 -0.061397430 0.997294486
1341840846.966358 0.732314229 0.004842207 -0.019190375 -0.018036054 0.046537943 -0.060724728 0.996905923
1341840846.998844 0.733432770 0.006634232 -0.019906759 -0.014788045 0.043436099 -0.061808679 0.997032762
1341840847.030411 0.754577756 0.025455547 -0.021093972 -0.008432639 0.035039023 -0.062449951 0.997397184
1341840847.066359 0.753878653 0.016311938 -0.020232335 -0.016098041 0.038292140 -0.062330328 0.997190833
1341840847.098410 0.742334127 0.007623932 -0.019267619 -0.020295991 0.043326359 -0.062657021 0.996887684
1341840847.130366 0.748281777 0.013125950 -0.020521507 -0.017824568 0.039498098 -0.063579820 0.997035503
1341840847.166401 0.761520982 0.020208353 -0.021051921 -0.016559465 0.035574540 -0.062435616 0.997277319
1341840847.198307 0.756899655 0.005937180 -0.020868853 -0.023005750 0.039101455 -0.061533451 0.997073412
1341840847.234496 0.750677705 0.002720497 -0.019565400 -0.020175749 0.040112264 -0.061622705 0.997089028
1341840847.266747 0.759433985 0.015882509 -0.022563739 -0.013625749 0.034452986 -0.061364364 0.997427523
1341840847.298356 0.769401252 0.013770659 -0.022625752 -0.016657360 0.031871621 -0.060611967 0.997513354
1341840847.334573 0.759964108 0.005076670 -0.023124155 -0.019742867 0.037959378 -0.061488852 0.997190237
1341840847.366405 0.756201565 0.004665557 -0.022290405 -0.017308241 0.038763769 -0.062248852 0.997157395
1341840847.398361 0.769439816 0.006442548 -0.024504865 -0.015699852 0.032809824 -0.063444458 0.997322321
1341840847.434625 0.784302771 0.015334474 -0.024421031 -0.013262809 0.031589698 -0.065299153 0.997277379
1341840847.466370 0.771793544 0.006285020 -0.020288784 -0.018022280 0.041171156 -0.064385191 0.996912539
1341840847.502590 0.762627125 0.003560496 -0.021463893 -0.018140895 0.044149783 -0.063135721 0.996862888
1341840847.534309 0.773774803 0.016807111 -0.020099510 -0.013385187 0.038645174 -0.063997015 0.997111738
1341840847.566354 0.785184741 0.007408330 -0.019880094 -0.019359808 0.035781760 -0.063457981 0.997154891
1341840847.603337 0.785383224 -0.000336390 -0.018345028 -0.020911038 0.038721304 -0.062869854 0.997051060
1341840847.634465 0.774449170 0.005384040 -0.017906222 -0.016791359 0.043319769 -0.064267017 0.996850610
1341840847.670420 0.787527442 0.009641146 -0.019122303 -0.014718116 0.038154632 -0.064031161 0.997109592
1341840847.702420 0.803173780 0.014228296 -0.018133011 -0.014245159 0.035202265 -0.062688060 0.997310400
1341840847.734342 0.800509512 0.007597130 -0.015107535 -0.019114096 0.039742820 -0.062220510 0.997087598
1341840847.770464 0.795513690 -0.007900417 -0.013860896 -0.023146769 0.041749418 -0.062205654 0.996921062
1341840847.802407 0.802576542 0.003998025 -0.016790643 -0.014296804 0.038651362 -0.063710101 0.997117162
1341840847.834306 0.809814394 0.008221187 -0.016624901 -0.013624580 0.038338736 -0.064197689 0.997107387
1341840847.870532 0.805784523 -0.001293317 -0.015496369 -0.017366061 0.041963328 -0.063004106 0.996979415
1341840847.902485 0.808790147 0.011571483 -0.013692226 -0.010821018 0.040627241 -0.061524484 0.997219682
1341840847.938405 0.812268972 0.001956726 -0.014886659 -0.017436875 0.038450986 -0.062087424 0.997177303
1341840847.970339 0.815385640 -0.008817712 -0.015371311 -0.019979794 0.037290405 -0.062995665 0.997116745
1341840848.002312 0.817752600 -0.003082457 -0.015838072 -0.014735417 0.036532573 -0.063320540 0.997215509
1341840848.038354 0.824810565 -0.004317239 -0.016492445 -0.013883093 0.032835979 -0.063898034 0.997319460
1341840848.070743 0.830827355 -0.002483540 -0.017975625 -0.012327157 0.031130850 -0.064448342 0.997359157
1341840848.102909 0.837092996 0.000746928 -0.017551515 -0.011124992 0.031681981 -0.064432122 0.997357011
1341840848.138432 0.837181211 -0.000308641 -0.017382707 -0.012967497 0.034336556 -0.063843884 0.997284710
1341840848.170385 0.843878150 -0.005508957 -0.016570520 -0.015615709 0.032226264 -0.063354313 0.997348428
1341840848.206548 0.847366691 -0.009036367 -0.016839113 -0.015330271 0.032329701 -0.062939607 0.997375727
1341840848.238651 0.849211097 -0.007472504 -0.018883318 -0.013087158 0.032583565 -0.061023083 0.997518539
1341840848.277372 0.855003238 -0.004543389 -0.016528759 -0.012680301 0.031262044 -0.061192874 0.997555673
1341840848.313384 0.861413062 -0.011177008 -0.016810693 -0.014874555 0.029479343 -0.061952662 0.997532725
1341840848.345285 0.863180697 -0.011992835 -0.018017665 -0.013616982 0.030310584 -0.062164523 0.997512579
1341840848.377729 0.864589691 -0.007268094 -0.018747620 -0.011244808 0.031666666 -0.061531637 0.997539282
1341840848.413434 0.870761991 -0.008248063 -0.016980007 -0.012434464 0.030713659 -0.061417010 0.997562051
1341840848.446614 0.880716860 -0.016535737 -0.016906619 -0.015656639 0.029053282 -0.061397061 0.997567654
1341840848.477376 0.879105747 -0.014167445 -0.017141711 -0.013376809 0.032053322 -0.059502605 0.997623742
1341840848.514358 0.884492397 -0.010428402 -0.017864477 -0.013223982 0.030587742 -0.057879366 0.997767270
1341840848.545352 0.893208563 -0.024985876 -0.016519383 -0.020257367 0.028319726 -0.059290007 0.997633398
1341840848.581630 0.898141742 -0.027783271 -0.016121771 -0.015073798 0.031433132 -0.060201436 0.997577310
1341840848.613497 0.890813887 -0.014980388 -0.020403374 -0.006536045 0.037242413 -0.057002626 0.997657776
1341840848.645345 0.895741642 -0.013527416 -0.017271411 -0.007521458 0.033905122 -0.054498307 0.997909725
1341840848.681427 0.909587026 -0.030373970 -0.017325535 -0.012359587 0.027119508 -0.053978942 0.998097181
1341840848.713310 0.916446388 -0.031485796 -0.021941474 -0.007861785 0.028679684 -0.053579133 0.998120666
1341840848.745404 0.915289700 -0.019830829 -0.019319672 -0.000153224 0.034973577 -0.053574920 0.997951150
1341840848.774529 0.913070798 -0.015851401 -0.020616852 0.001565963 0.038553327 -0.050551444 0.997975826
1341840848.806548 0.912800848 -0.009465213 -0.018937171 0.000630903 0.039946251 -0.049312595 0.997984052
1341840848.842443 0.922478616 -0.029702550 -0.013715606 -0.006463005 0.035761993 -0.045278806 0.998313189
1341840848.874427 0.920120001 -0.032909978 -0.020522978 -0.002860222 0.036990114 -0.047451343 0.998184264
1341840848.910589 0.924743354 -0.017343283 -0.021210030 0.003914377 0.036836568 -0.049728006 0.998075604
1341840848.942390 0.936545312 -0.024069611 -0.013645351 0.001929091 0.033984210 -0.048095215 0.998262584
1341840848.974342 0.918332160 -0.042126723 -0.013718255 0.001184894 0.042190585 -0.048934497 0.997909844
1341840849.010480 0.916308820 -0.015029276 -0.023460861 0.015197120 0.040120129 -0.050897669 0.997781992
1341840849.042373 0.935223699 -0.019850550 -0.022349086 0.008899224 0.030969283 -0.049347386 0.998261750
1341840849.074269 0.939426064 -0.031897105 -0.019843444 0.005041798 0.032132860 -0.049734794 0.998232722
1341840849.110433 0.938243508 -0.026691824 -0.019240763 0.010403108 0.034657516 -0.048570294 0.998164058
1341840849.142356 0.932223558 -0.030044541 -0.020050112 0.010608673 0.036232717 -0.049326245 0.998068929
1341840849.178427 0.938733160 -0.022340704 -0.022576887 0.014844026 0.032249387 -0.050724756 0.998081505
1341840849.210439 0.943433344 -0.031023033 -0.019736227 0.012470312 0.030683549 -0.047382053 0.998327553
1341840849.242309 0.945753872 -0.030129367 -0.021904707 0.016301094 0.029259587 -0.046293534 0.998366177
1341840849.278391 0.960463762 -0.018685108 -0.029900216 0.019773917 0.023027614 -0.049016062 0.998336673
1341840849.310332 0.983743548 -0.040041920 -0.038008008 0.007813170 0.018008607 -0.047842447 0.998661995
1341840849.342402 0.980401754 -0.040942241 -0.022524372 0.011252114 0.031787999 -0.049326006 0.998213351
1341840849.378339 0.964321375 -0.026859727 -0.024059087 0.022672018 0.042654458 -0.045693342 0.997786880
1341840849.410390 0.962118626 -0.007707765 -0.024705764 0.028080147 0.042577885 -0.044845171 0.997691095
1341840849.446437 0.975989342 -0.029691221 -0.023157291 0.016462466 0.038040094 -0.042530194 0.998234987
1341840849.478425 0.993792474 -0.038449064 -0.028669406 0.017344099 0.037572537 -0.042011168 0.998259723
1341840849.512199 0.999004066 -0.033473864 -0.036490452 0.020166904 0.041449625 -0.041477423 0.998075604
1341840849.546449 1.005039096 -0.010374570 -0.032159403 0.026121367 0.044286810 -0.045407217 0.997644484
1341840849.578498 1.008334517 -0.018896166 -0.027051657 0.017915143 0.047906507 -0.045267500 0.997664690
1341840849.610692 1.010954857 -0.028202485 -0.023570083 0.015361666 0.051683854 -0.042317670 0.997648239
1341840849.646317 1.000651598 -0.010644777 -0.024923772 0.023054408 0.057873525 -0.041704156 0.997186005
1341840849.685647 1.029224634 -0.006898223 -0.032675162 0.018697381 0.047082707 -0.038298562 0.997981369
1341840849.714708 1.022759318 -0.026675140 -0.023808822 0.005806533 0.056072716 -0.040271033 0.997597277
1341840849.746347 1.014365554 -0.027583243 -0.021745473 0.006499384 0.064244345 -0.040439766 0.997093320
1341840849.778359 1.018860698 -0.009363715 -0.021274500 0.012943856 0.063216493 -0.041530393 0.997051358
1341840849.814323 1.031379104 -0.018187117 -0.020188138 0.005946977 0.058339845 -0.038465440 0.997537732
1341840849.846557 1.017757893 -0.024574136 -0.013568200 0.003427789 0.066349208 -0.041213918 0.996939063
1341840849.882256 1.026280880 -0.015315155 -0.015111238 0.010762958 0.060686149 -0.039424226 0.997319937
1341840849.921575 1.038615346 -0.001167476 -0.020432986 0.013290473 0.057305850 -0.040997978 0.997425973
1341840849.946362 1.038595319 -0.024624363 -0.015191637 0.000388798 0.058340114 -0.039200768 0.997526705
1341840849.982476 1.041930199 -0.023298008 -0.012861148 0.006125922 0.060251672 -0.039904319 0.997366428
1341840850.014371 1.040788531 -0.012349503 -0.024554901 0.011372929 0.062648699 -0.038023975 0.997246206
1341840850.046326 1.037604332 -0.008801041 -0.022277892 0.006673333 0.063200183 -0.039616473 0.997191906
1341840850.082415 1.048595071 -0.020525919 -0.013656408 0.000913867 0.056184679 -0.038893264 0.997662127
1341840850.121449 1.060538769 -0.021514198 -0.019726686 0.004761445 0.054598793 -0.040176407 0.997688413
1341840850.157539 1.051828504 -0.007237954 -0.022562206 0.010230893 0.061196513 -0.041430656 0.997213006
1341840850.189410 1.053155065 -0.007255128 -0.019142509 0.007394513 0.058189511 -0.041026134 0.997434795
1341840850.221491 1.061449409 -0.028289823 -0.021846011 -0.001361234 0.054049231 -0.043226928 0.997601271
1341840850.257570 1.078932166 -0.019834427 -0.024808086 0.006645349 0.048897766 -0.042241331 0.997888029
1341840850.289374 1.066185474 -0.009687755 -0.028096840 0.009738320 0.058677498 -0.044411030 0.997241080
1341840850.314521 1.067377210 -0.013418878 -0.030615404 0.005418645 0.057246495 -0.044667929 0.997345626
1341840850.350348 1.097087860 -0.009196110 -0.030246206 0.006883255 0.044526219 -0.043934010 0.998017967
1341840850.382480 1.097624660 -0.007938092 -0.029317088 0.007275773 0.048767261 -0.045860074 0.997730255
1341840850.418448 1.087621808 -0.005223006 -0.029917218 0.008175994 0.053964429 -0.045487083 0.997472763
1341840850.450229 1.101710200 -0.008040651 -0.031380139 0.007118222 0.045633126 -0.045996670 0.997873366
1341840850.482352 1.132501960 -0.018641468 -0.041767076 0.004549569 0.036071274 -0.045520484 0.998301566
1341840850.518351 1.104704022 -0.011804443 -0.040480211 0.006593365 0.060192298 -0.052472502 0.996784866
1341840850.550287 1.090597630 0.004245105 -0.030584097 0.012847145 0.066334799 -0.048749741 0.996523023
1341840850.582563 1.087262511 -0.002928535 -0.022284232 0.011134292 0.061431963 -0.048432212 0.996873379
1341840850.618439 1.098061562 -0.011811539 -0.029442504 0.012596130 0.053037170 -0.050290797 0.997245848
1341840850.650443 1.112765193 0.013069180 -0.038903050 0.024257567 0.047547791 -0.050292291 0.997307122
1341840850.686406 1.118285179 0.010264687 -0.036463708 0.017678129 0.046650585 -0.046940945 0.997651100
1341840850.718516 1.113502502 -0.004399753 -0.032764129 0.012169326 0.048987970 -0.045516331 0.997687519
1341840850.750308 1.120630860 0.003991733 -0.037973147 0.018479764 0.045127690 -0.044970091 0.997797430
1341840850.786319 1.126238585 0.012253353 -0.040496338 0.019661002 0.043689668 -0.044800945 0.997846484
1341840850.818316 1.128517628 0.002557182 -0.037642553 0.013048445 0.045226987 -0.045189418 0.997868776
1341840850.854290 1.138712645 0.002766796 -0.039657298 0.014579490 0.043837808 -0.044921190 0.997921705
1341840850.886322 1.142535686 0.010563372 -0.040929832 0.016808027 0.046731196 -0.043955065 0.997798383
1341840850.918358 1.128736138 0.007024904 -0.033825718 0.012328090 0.056052145 -0.042352315 0.997452974
1341840850.954395 1.128721595 0.000498186 -0.030401684 0.011070598 0.055477530 -0.042133190 0.997509122
1341840850.986448 1.142577529 0.005271627 -0.037533067 0.015319633 0.049567889 -0.039961524 0.997853398
1341840851.018447 1.136147738 0.012163311 -0.034152970 0.016444456 0.055114824 -0.039590545 0.997559249
1341840851.054395 1.140411019 -0.000983499 -0.031845488 0.011576588 0.053256858 -0.037432808 0.997811854
1341840851.086362 1.152650714 0.000705027 -0.037587754 0.014074632 0.047991395 -0.037981022 0.998026133
1341840851.122353 1.159918427 -0.005949019 -0.040004238 0.011605225 0.047508724 -0.036790047 0.998125613
1341840851.154293 1.155474663 -0.005344582 -0.037708424 0.013385992 0.051442567 -0.035512157 0.997954607
1341840851.186482 1.159447074 0.005683677 -0.034233876 0.018676857 0.050404917 -0.035753977 0.997913897
1341840851.222499 1.168880939 -0.005514354 -0.035035484 0.013850922 0.047271319 -0.035577215 0.998152196
1341840851.254587 1.163746834 -0.003007316 -0.031813197 0.017357739 0.052418064 -0.036899939 0.997792304
1341840851.286786 1.163917542 0.001746319 -0.034753978 0.020687141 0.053760357 -0.038124055 0.997611344
1341840851.322525 1.169311404 0.000499604 -0.036831751 0.019141300 0.051523190 -0.038506232 0.997745574
1341840851.354461 1.178342819 -0.011527563 -0.035595693 0.013646652 0.049117237 -0.039726641 0.997909367
1341840851.390383 1.191269279 -0.008624113 -0.036451690 0.017310111 0.046841338 -0.040116463 0.997946382
1341840851.422373 1.175373673 -0.012624046 -0.033225976 0.016165702 0.056630354 -0.040882073 0.997426867
1341840851.454333 1.162244558 -0.012566369 -0.031356558 0.019257402 0.059027489 -0.040442266 0.997250855
1341840851.490328 1.196562290 -0.006372918 -0.034865387 0.023859831 0.040413115 -0.039245214 0.998126924
1341840851.522431 1.208272099 -0.018029867 -0.034624863 0.019240607 0.038542297 -0.039791085 0.998279035
1341840851.555777 1.199662328 -0.018566675 -0.032306276 0.023212356 0.046360694 -0.041617058 0.997787535
1341840851.590800 1.200378418 -0.001883033 -0.035952650 0.031839300 0.045786433 -0.041033357 0.997600198
1341840851.622401 1.210234404 -0.013787160 -0.036874302 0.023439875 0.041060545 -0.040555898 0.998058021
1341840851.658371 1.225129724 -0.021281637 -0.035566751 0.021907346 0.037406679 -0.038631059 0.998312831
1341840851.690446 1.221549511 -0.016711881 -0.035812713 0.025146419 0.042906098 -0.039082725 0.997997642
1341840851.722387 1.212849498 -0.019323053 -0.033357903 0.024679042 0.047968697 -0.039316978 0.997769594
1341840851.758379 1.220085859 -0.026049536 -0.035472326 0.023507850 0.044938345 -0.039271358 0.997940719
1341840851.790498 1.226697564 -0.028585108 -0.032794140 0.025568390 0.043758806 -0.038157754 0.997985661
1341840851.822502 1.224340796 -0.022153713 -0.036217906 0.030718494 0.045336649 -0.036547914 0.997830272
1341840851.858469 1.238519192 -0.013083701 -0.037094217 0.032325126 0.039818231 -0.034926202 0.998072982
1341840851.890382 1.246333241 -0.037717767 -0.034693845 0.020549841 0.039770346 -0.034602713 0.998398066
1341840851.926297 1.243530393 -0.039421037 -0.034665182 0.025295904 0.044703905 -0.032472003 0.998151898
1341840851.958364 1.238862872 -0.015332429 -0.033975646 0.035908408 0.046936136 -0.031125739 0.997766912
1341840851.990589 1.252008915 -0.027660415 -0.033824265 0.027066708 0.040107984 -0.029729931 0.998386145
1341840852.026374 1.261262894 -0.039148018 -0.031581715 0.024059583 0.039352614 -0.028937908 0.998516440
1341840852.058336 1.256442666 -0.036830500 -0.032325573 0.028098617 0.045220122 -0.026359536 0.998233855
1341840852.094404 1.250063181 -0.027986184 -0.034120575 0.031356268 0.047443241 -0.024790924 0.998073816
1341840852.126392 1.266788006 -0.028948700 -0.033420473 0.027835779 0.039279915 -0.026010949 0.998501718
1341840852.158516 1.281114101 -0.050471131 -0.036135979 0.019039901 0.038383573 -0.025582537 0.998754084
1341840852.194279 1.277035356 -0.038408376 -0.031452291 0.029169735 0.048861098 -0.024744589 0.998072863
1341840852.226380 1.260267258 -0.020188168 -0.027820662 0.035353925 0.056979716 -0.023759793 0.997466207
1341840852.258313 1.265967607 -0.038623080 -0.029528759 0.024137771 0.049672458 -0.022690333 0.998215973
1341840852.294500 1.284129024 -0.058651056 -0.031854898 0.018975031 0.043512758 -0.023221124 0.998602748
1341840852.326311 1.293481827 -0.043562464 -0.034208409 0.029453659 0.045389168 -0.025314761 0.998214126
1341840852.362368 1.286174893 -0.030211691 -0.033852950 0.032129247 0.053005286 -0.025693515 0.997746468
1341840852.394489 1.288693786 -0.048630551 -0.029873461 0.022574030 0.053865761 -0.024192564 0.997999847
1341840852.426307 1.291707039 -0.053027678 -0.031499632 0.024202207 0.055653419 -0.022556981 0.997901857
1341840852.462394 1.290206552 -0.045827143 -0.032582328 0.029035389 0.058632355 -0.021039767 0.997635484
1341840852.494557 1.299442172 -0.042584229 -0.034630351 0.029563539 0.056197584 -0.018167064 0.997816503
1341840852.526348 1.306606531 -0.046603855 -0.034270748 0.026404396 0.056267913 -0.016898513 0.997923434
1341840852.562305 1.304318428 -0.043215979 -0.032350883 0.027394492 0.060843773 -0.016496548 0.997634947
1341840852.594400 1.308756709 -0.039908256 -0.030592471 0.026688965 0.061454549 -0.014066418 0.997653842
1341840852.630345 1.301848531 -0.056919772 -0.027479365 0.019603070 0.065087616 -0.014123304 0.997587025
1341840852.663508 1.306993723 -0.053690955 -0.027429864 0.025922040 0.062191848 -0.013919330 0.997630417
1341840852.694654 1.307763696 -0.037349708 -0.028840154 0.033581566 0.060587451 -0.012440374 0.997520268
1341840852.732477 1.313324451 -0.042548772 -0.029244609 0.028711425 0.056626610 -0.011216899 0.997919440
1341840852.762455 1.318622589 -0.037003845 -0.028675564 0.029211661 0.054698907 -0.011521539 0.998008966
1341840852.794631 1.325097680 -0.043304309 -0.027593657 0.023744749 0.053836752 -0.013453849 0.998176694
1341840852.830583 1.325757384 -0.060935121 -0.025283620 0.018097635 0.056393839 -0.017172527 0.998096824
1341840852.862990 1.323959589 -0.049393449 -0.025939554 0.027878363 0.059582338 -0.018363854 0.997665048
1341840852.898597 1.328078032 -0.025958665 -0.028795004 0.035511516 0.058619101 -0.017760688 0.997490466
1341840852.930367 1.323982716 -0.041741118 -0.027067557 0.022453297 0.060282204 -0.017700663 0.997771800
1341840852.962482 1.329645872 -0.057974242 -0.024831191 0.017634897 0.057604462 -0.018047297 0.998020589
1341840852.998535 1.337154865 -0.046474781 -0.028836548 0.025349306 0.055354640 -0.019050531 0.997963130
1341840853.037588 1.337281585 -0.044493042 -0.029694937 0.024533307 0.056901604 -0.019611292 0.997885585
1341840853.066770 1.335817575 -0.051511131 -0.028050929 0.022108490 0.057923891 -0.019945754 0.997876823
1341840853.098354 1.344434023 -0.047065713 -0.031248212 0.025607208 0.054068495 -0.020560678 0.997997046
1341840853.131999 1.348404884 -0.044268854 -0.032648042 0.025920248 0.054573152 -0.022004062 0.997930706
1341840853.166530 1.347548962 -0.054108232 -0.030447282 0.022822032 0.056734085 -0.023945637 0.997841179
1341840853.198406 1.350203872 -0.046067681 -0.034986824 0.029082200 0.055343028 -0.025775196 0.997710884
1341840853.231726 1.363027692 -0.025564790 -0.037435114 0.034317303 0.050504234 -0.027712243 0.997749329
1341840853.266442 1.370920062 -0.044188123 -0.035063803 0.021979231 0.051078100 -0.028459031 0.998047113
1341840853.298516 1.366373658 -0.064208448 -0.034486152 0.017730653 0.055408884 -0.029876418 0.997859120
1341840853.334385 1.364174604 -0.041623708 -0.037518263 0.032483008 0.054857548 -0.032001439 0.997452438
1341840853.366351 1.374109864 -0.030576536 -0.040047422 0.034164883 0.050540436 -0.033019964 0.997591138
1341840853.398402 1.380117059 -0.045026004 -0.038688622 0.026319452 0.050536260 -0.032819744 0.997835815
1341840853.434335 1.384341002 -0.043367445 -0.040603861 0.028132237 0.050566837 -0.033762190 0.997753322
1341840853.466387 1.381445050 -0.035416681 -0.041242659 0.030480161 0.052304447 -0.035770327 0.997524798
1341840853.498430 1.390466332 -0.042201977 -0.040087074 0.027698429 0.049187489 -0.037478566 0.997701764
1341840853.534407 1.395989895 -0.038342651 -0.040727220 0.030548520 0.050218754 -0.038249150 0.997537911
1341840853.566451 1.392755032 -0.025765579 -0.041920260 0.034200769 0.053322375 -0.038254213 0.997258067
1341840853.602691 1.397483945 -0.025369819 -0.042694941 0.029163761 0.051873151 -0.038790107 0.997473836
1341840853.634832 1.403173447 -0.041810658 -0.039617851 0.020057362 0.051130913 -0.039462738 0.997710407
1341840853.666488 1.403056383 -0.049374022 -0.040163673 0.020354595 0.051610589 -0.041030176 0.997616410
1341840853.702424 1.403983712 -0.027158028 -0.042320073 0.031140247 0.050960023 -0.042668086 0.997302771
1341840853.734353 1.406609178 -0.024339166 -0.043363228 0.027650312 0.049573846 -0.044165999 0.997410238
1341840853.766467 1.415037274 -0.043965258 -0.038706504 0.019235030 0.046497814 -0.045027025 0.997717679
1341840853.802607 1.415466189 -0.036478553 -0.042869821 0.026265748 0.048057593 -0.046301853 0.997425020
1341840853.834576 1.412277937 -0.018511435 -0.044083402 0.031682145 0.050987739 -0.048519388 0.997016728
1341840853.870615 1.419936538 -0.028946267 -0.043782733 0.023689253 0.048720412 -0.049962725 0.997280717
1341840853.902573 1.424193740 -0.031338152 -0.042360894 0.021540940 0.048899353 -0.050545920 0.997291327
1341840853.940152 1.427485704 -0.029600875 -0.042652078 0.022138763 0.048323829 -0.050367940 0.997315288
1341840853.970342 1.431934595 -0.020703813 -0.044346020 0.024333198 0.047043599 -0.052473094 0.997216821
1341840854.002413 1.443157911 -0.029411644 -0.043740243 0.018699432 0.045129329 -0.053914521 0.997349918
1341840854.034566 1.441448689 -0.033741228 -0.042961352 0.018597629 0.049776625 -0.055479787 0.997044802
1341840854.070475 1.439074516 -0.021921732 -0.045176677 0.024267968 0.052890498 -0.055531945 0.996759653
1341840854.102373 1.439200640 -0.019588720 -0.045533918 0.023274038 0.052319940 -0.054767352 0.996855795
1341840854.138343 1.450338602 -0.026597472 -0.046719000 0.019604206 0.047399018 -0.055303011 0.997151256
1341840854.170475 1.456545353 -0.033383198 -0.046984091 0.019195039 0.047886409 -0.055612203 0.997118711
1341840854.202459 1.449702382 -0.022194386 -0.049005665 0.026356490 0.053044703 -0.055173509 0.996718347
1341840854.238384 1.446416140 -0.017050877 -0.050845772 0.026942460 0.052514188 -0.055142470 0.996732533
1341840854.270355 1.456058979 -0.028154384 -0.050660454 0.023289390 0.046214852 -0.054948382 0.997147202
1341840854.306367 1.471586227 -0.026966864 -0.051749408 0.027527606 0.041975804 -0.054945767 0.997226775
1341840854.338540 1.464806199 -0.014812556 -0.052225426 0.033006381 0.048725896 -0.054871615 0.996757448
1341840854.370427 1.457905769 -0.013575785 -0.054371826 0.031071089 0.050681520 -0.052911345 0.996828139
1341840854.406491 1.469106436 -0.019459095 -0.053121574 0.027228212 0.044180643 -0.052712321 0.997260273
1341840854.438402 1.473940492 -0.015708705 -0.053249083 0.029479317 0.043981053 -0.051575903 0.997264564
1341840854.470341 1.469167590 -0.009283435 -0.053810120 0.030498857 0.045617599 -0.050922453 0.997193933
1341840854.506442 1.478062510 -0.014662112 -0.053954881 0.026072402 0.040274639 -0.052485533 0.997468531
1341840854.538722 1.490209699 -0.016888797 -0.053073484 0.025272788 0.038634177 -0.053011816 0.997526169
1341840854.574331 1.486767411 -0.009465601 -0.051246010 0.026659317 0.045000028 -0.053983182 0.997171044
1341840854.606460 1.478426695 -0.017894980 -0.051983535 0.021691352 0.049187336 -0.054872025 0.997045219
1341840854.638476 1.484341383 -0.011479922 -0.050967224 0.024734274 0.046110280 -0.053067096 0.997219086
1341840854.674312 1.490338683 -0.009928979 -0.050712809 0.023104781 0.043998167 -0.051910099 0.997414529
1341840854.706362 1.489624858 -0.018503558 -0.049993984 0.019028615 0.044512011 -0.053622078 0.997387230
1341840854.738328 1.496511579 -0.013357878 -0.049155988 0.022297811 0.042535979 -0.054774702 0.997343063
1341840854.774384 1.496789455 -0.012876053 -0.048886977 0.021781841 0.044441320 -0.054791901 0.997270465
1341840854.806396 1.498431563 -0.014533001 -0.048664868 0.020634545 0.043864094 -0.056126263 0.997246206
1341840854.842383 1.501316905 -0.020854075 -0.048197202 0.017755287 0.043404661 -0.057711076 0.997231245
1341840854.874351 1.498603106 -0.038687315 -0.048882380 0.014101575 0.044657268 -0.058073208 0.997213304
1341840854.906375 1.498213053 -0.021561706 -0.051120616 0.026439985 0.043044373 -0.057208546 0.997083366
1341840854.942414 1.500558019 -0.007503542 -0.051263940 0.030524360 0.039050508 -0.059803568 0.996978879
1341840854.974632 1.516264319 -0.026466794 -0.049448173 0.021280713 0.032415919 -0.062285174 0.997304797
1341840855.006485 1.517107487 -0.033785529 -0.048590627 0.023261884 0.035656363 -0.063079499 0.997100055
1341840855.042409 1.516080976 -0.006850324 -0.050116260 0.036068060 0.036812846 -0.064475030 0.996587634
1341840855.074380 1.531696081 0.000410281 -0.050772283 0.031235404 0.032211430 -0.067129560 0.996734858
