1305031102.911185 -0.007538864 0.036399309 0.222404942 -0.044793092 -0.006046240 -0.004688454 0.998966992
1305031102.943229 -0.014356492 0.036054835 0.227049753 -0.045776691 -0.002855470 -0.006937707 0.998923540
1305031102.975203 -0.018434940 0.041211747 0.238972262 -0.044914186 -0.008658945 -0.006449483 0.998932481
1305031103.011215 -0.016313033 0.044081114 0.253213525 -0.046543531 -0.016429121 -0.002743196 0.998777390
1305031103.043227 -0.017150739 0.047184508 0.262787431 -0.047861256 -0.022221863 -0.000101840 0.998606741
1305031103.075319 -0.013074821 0.046718109 0.273392707 -0.048531901 -0.027092339 0.002198784 0.998451710
1305031103.111240 -0.014255937 0.053266473 0.279205561 -0.045540683 -0.026212189 0.002992682 0.998614073
1305031103.143318 -0.012826943 0.051241599 0.282599568 -0.049622081 -0.027128156 0.005263872 0.998385668
1305031103.175452 -0.012900590 0.059750658 0.294411570 -0.047235180 -0.026135005 0.005766354 0.998525202
1305031103.211220 -0.014605042 0.061386090 0.294535398 -0.052989069 -0.025168987 0.006898049 0.998254001
1305031103.243216 -0.014542408 0.064179234 0.300617933 -0.059690349 -0.025164884 0.010605464 0.997843325
1305031103.275370 -0.020450782 0.062816747 0.300175279 -0.069929436 -0.024118824 0.012687989 0.997179627
1305031103.311210 -0.019652901 0.060186803 0.308155119 -0.077383891 -0.034642857 0.013963348 0.996301472
1305031103.343223 -0.013365944 0.061980501 0.312633812 -0.077616908 -0.042150859 0.014300208 0.995989144
1305031103.375327 -0.011931096 0.061027739 0.313341767 -0.081411004 -0.041260883 0.015996857 0.995697677
1305031103.411260 -0.014162918 0.056969736 0.312527508 -0.084185541 -0.039528206 0.016864549 0.995522916
1305031103.443280 -0.016028835 0.055761162 0.308500826 -0.083686210 -0.040821664 0.016089149 0.995525658
1305031103.475274 -0.015000879 0.051919337 0.305275619 -0.084356308 -0.044067632 0.014512638 0.995354891
1305031103.511333 -0.014461075 0.047632724 0.300282389 -0.082552955 -0.045851756 0.011898471 0.995460212
1305031103.543444 -0.014461171 0.043159932 0.293641031 -0.078966208 -0.046869554 0.009622523 0.995728374
1305031103.575474 -0.015828252 0.041447099 0.284703791 -0.074064814 -0.047547147 0.009895251 0.996070147
1305031103.611223 -0.016572449 0.037397228 0.276183099 -0.072124243 -0.050291345 0.011250998 0.996063352
1305031103.643445 -0.016289003 0.033285722 0.266773373 -0.069699936 -0.054135032 0.011619478 0.996030271
1305031103.675523 -0.013883390 0.029520487 0.257370800 -0.067354463 -0.057338681 0.011693562 0.996011496
1305031103.711610 -0.012106046 0.026523530 0.247217372 -0.064875185 -0.058565121 0.011469275 0.996107340
1305031103.743326 -0.011038952 0.020528710 0.237110779 -0.063360952 -0.058259986 0.010242370 0.996236026
1305031103.775342 -0.010320108 0.019505221 0.224460632 -0.059349816 -0.057746790 0.007066524 0.996540487
1305031103.811242 -0.009690035 0.018666217 0.211909339 -0.058885336 -0.056484401 0.003690919 0.996658623
1305031103.843251 -0.012976228 0.019454468 0.198741183 -0.060712904 -0.054715905 0.001011002 0.996653914
1305031103.875361 -0.014131047 0.009851297 0.189694300 -0.068947591 -0.057250075 -0.002292501 0.995973587
1305031103.911221 -0.012513575 0.003126934 0.178600565 -0.069078662 -0.061544795 -0.003705166 0.995704055
1305031103.943211 -0.012049884 0.001073187 0.165805146 -0.066589512 -0.063847929 -0.004938154 0.995723307
1305031103.975373 -0.009822211 -0.004736040 0.154437795 -0.065692000 -0.066191487 -0.006159465 0.995623052
1305031104.011232 -0.004670924 -0.011150192 0.144882366 -0.062750891 -0.067970961 -0.006948641 0.995687664
1305031104.043249 -0.001979506 -0.013088100 0.132204831 -0.055333085 -0.065357924 -0.008954576 0.996286273
1305031104.075425 -0.000643638 -0.011138246 0.121007219 -0.049882002 -0.060885947 -0.011617019 0.996829808
1305031104.111235 0.004267822 -0.015725853 0.112374671 -0.047492079 -0.056518894 -0.012787088 0.997189343
1305031104.143230 0.002100151 -0.019017261 0.099147953 -0.042688563 -0.049508799 -0.014090548 0.997761488
1305031104.175424 0.001551543 -0.020580970 0.087323971 -0.038269259 -0.045967598 -0.015039213 0.998096287
1305031104.211283 0.002559756 -0.024613298 0.076424986 -0.034646310 -0.043550394 -0.014858425 0.998339713
1305031104.243196 0.002555639 -0.025825616 0.065495797 -0.029632278 -0.041030001 -0.014983468 0.998606026
1305031104.275546 0.002758945 -0.027195228 0.055217590 -0.025021901 -0.038273413 -0.016294535 0.998821080
1305031104.311219 0.003933579 -0.028360959 0.046152893 -0.021381389 -0.035348076 -0.015974123 0.999018610
1305031104.343342 0.005414445 -0.028276881 0.036584944 -0.017748017 -0.031520989 -0.016657811 0.999206662
1305031104.375837 0.004721843 -0.029000584 0.027101399 -0.015837720 -0.026230188 -0.016373711 0.999396324
1305031104.411509 0.002034416 -0.029513573 0.017469104 -0.014271604 -0.021490846 -0.016079456 0.999537885
1305031104.443288 -0.002439409 -0.028872102 0.007775578 -0.013372250 -0.018582046 -0.015728388 0.999614179
1305031104.475456 -0.005413113 -0.030678403 -0.001086521 -0.014089826 -0.019044308 -0.014909253 0.999608159
1305031104.511329 -0.006550197 -0.033700846 -0.007583855 -0.013773857 -0.021494055 -0.013758178 0.999579430
1305031104.543368 -0.005072661 -0.034804512 -0.013930045 -0.010336394 -0.024086200 -0.013301961 0.999567926
1305031104.575343 0.002603663 -0.039864637 -0.018301779 -0.007569992 -0.026272438 -0.011618601 0.999558628
1305031104.611336 0.009879366 -0.050715275 -0.025038647 -0.000933147 -0.023800373 -0.010461825 0.999661565
1305031104.643243 0.011141823 -0.046228919 -0.034341909 0.012806498 -0.016158311 -0.010008339 0.999737322
1305031104.675525 0.012014934 -0.052806705 -0.044934083 0.022424599 -0.008051169 -0.009819046 0.999667883
1305031104.711277 0.014025399 -0.054494202 -0.054229815 0.035718244 -0.001158743 -0.006920230 0.999337256
1305031104.743280 0.016666871 -0.052958004 -0.062129915 0.049199328 0.005286803 -0.004813370 0.998763382
1305031104.775327 0.016902108 -0.050972432 -0.068563163 0.061732166 0.012388665 -0.002707285 0.998012185
1305031104.811465 0.018338948 -0.046716355 -0.075478666 0.073251359 0.018843036 0.000128885 0.997135460
1305031104.843258 0.017043728 -0.042303413 -0.080087237 0.082338452 0.025862331 0.002537784 0.996265590
1305031104.875350 0.012915365 -0.036071658 -0.083593555 0.088958308 0.029945157 0.004916982 0.995572925
1305031104.911534 0.015848938 -0.028644357 -0.081476159 0.093061730 0.029673910 0.008180747 0.995184422
1305031104.943262 0.015811253 -0.026538286 -0.080457650 0.094280399 0.030470701 0.008775555 0.995040596
1305031104.975202 0.014806859 -0.020903982 -0.077250198 0.094189994 0.029828094 0.009696720 0.995060027
1305031105.011290 0.015871536 -0.018120943 -0.071932830 0.089795180 0.028983617 0.010295708 0.995485187
1305031105.043373 0.014934180 -0.015796196 -0.066381328 0.084368221 0.028636077 0.008763644 0.995984495
1305031105.075320 0.014495349 -0.015408912 -0.057696421 0.077229209 0.027840076 0.006922367 0.996600568
1305031105.111299 0.011679556 -0.017429566 -0.048972115 0.070866808 0.027482480 0.005028026 0.997094452
1305031105.143106 0.008884523 -0.008543608 -0.038647089 0.066705100 0.025127837 0.003325783 0.997450709
1305031105.175159 0.006715623 -0.006270816 -0.027828250 0.053446703 0.021986414 0.000175455 0.998328626
1305031105.211268 0.002104051 -0.011830361 -0.017044531 0.040002890 0.019026926 -0.002641787 0.999014914
1305031105.243270 -0.002364771 -0.008934240 -0.006981761 0.032405179 0.014496803 -0.004586766 0.999359131
1305031105.275288 -0.005707935 -0.006814037 0.004937440 0.022181824 0.008506241 -0.005787487 0.999701023
1305031105.311290 -0.009057858 -0.009241544 0.013593958 0.011126714 0.002085384 -0.007220977 0.999909818
1305031105.343302 -0.009422164 -0.012888775 0.025499681 0.001870943 -0.004720913 -0.007968239 0.999955356
1305031105.375338 -0.010103872 -0.015015314 0.035813749 -0.002672387 -0.009732611 -0.007399546 0.999921679
1305031105.411286 -0.011557594 -0.008125731 0.045869660 -0.006294600 -0.014208365 -0.008150671 0.999846041
1305031105.443316 -0.012309845 -0.011401669 0.059012342 -0.014126434 -0.018470116 -0.009192093 0.999687374
1305031105.475280 -0.013353120 -0.009986318 0.072247580 -0.017294049 -0.021884933 -0.008865568 0.999571562
1305031105.511332 -0.012213949 -0.007476884 0.083827585 -0.021449530 -0.025207775 -0.008628650 0.999414861
1305031105.543282 -0.012425583 -0.009693808 0.095896609 -0.026545757 -0.026040476 -0.007808200 0.999277830
1305031105.575449 -0.014121641 -0.007362663 0.106921308 -0.028847255 -0.026902672 -0.007530504 0.999193370
1305031105.611378 -0.011644561 -0.009755782 0.120309874 -0.032778382 -0.029121187 -0.006582240 0.999016643
1305031105.643273 -0.013698956 -0.008070918 0.131188348 -0.033099808 -0.028850563 -0.003883544 0.999027967
1305031105.675166 -0.010654677 -0.005478328 0.144051403 -0.034553539 -0.031179916 -0.002368731 0.998913527
1305031105.711309 -0.007139416 -0.007896382 0.158019364 -0.035064127 -0.030239750 -0.002391600 0.998924613
1305031105.743312 -0.006977953 -0.002286148 0.168024272 -0.031991709 -0.026250346 -0.002242719 0.999140859
1305031105.775339 -0.003122665 -0.003261718 0.180027246 -0.033633880 -0.023129558 -0.001578272 0.999165297
1305031105.811283 -0.003935933 -0.000826781 0.191735163 -0.031739011 -0.017765187 -0.000604906 0.999338090
1305031105.843271 -0.002221105 0.000636905 0.203936234 -0.030460650 -0.014724686 0.000264411 0.999427497
1305031105.875337 0.000057106 0.006823128 0.214139491 -0.028699223 -0.010435082 0.003226497 0.999528408
1305031105.911262 -0.000439900 0.010209179 0.225612894 -0.031014174 -0.006070749 0.007549675 0.999472022
1305031105.943272 -0.001512697 0.015038351 0.229689866 -0.032529719 -0.001781768 0.009599157 0.999423087
1305031105.975329 -0.001398819 0.018801352 0.240338206 -0.036638774 0.000232886 0.011354632 0.999264061
1305031106.011285 -0.000257190 0.022074874 0.250502646 -0.040779028 0.001869682 0.013053143 0.999081194
1305031106.043355 -0.002172810 0.025461664 0.260825366 -0.044962332 0.004812310 0.013924903 0.998880029
1305031106.075330 -0.003186869 0.028967999 0.270391226 -0.048666995 0.005759287 0.015893320 0.998672009
1305031106.111327 -0.005071554 0.033948757 0.278668880 -0.053033091 0.006460791 0.016247727 0.998439670
1305031106.143355 -0.006766019 0.035588194 0.288306296 -0.060147941 0.005303832 0.018192343 0.998009562
1305031106.175534 -0.007742094 0.037183467 0.296498626 -0.064230576 0.003803419 0.019175483 0.997743607
1305031106.211275 -0.008460454 0.037330728 0.305020899 -0.068000525 0.002250025 0.019662904 0.997488976
1305031106.243267 -0.009011306 0.039424405 0.310315937 -0.068074323 0.000784651 0.023397349 0.997405529
1305031106.276385 -0.009749771 0.043942373 0.314851344 -0.068432733 -0.000834785 0.024462618 0.997355402
1305031106.311238 -0.009381291 0.046831276 0.319392174 -0.071845651 -0.002567566 0.028002460 0.997019291
1305031106.343258 -0.011700111 0.054462805 0.325851411 -0.073721185 -0.002993677 0.027849384 0.996885478
1305031106.375388 -0.009413747 0.056153446 0.328053087 -0.082089327 -0.003710166 0.020350946 0.996410251
1305031106.411320 -0.007770702 0.049899776 0.330924183 -0.091151267 0.000420731 0.014961861 0.995724559
1305031106.443278 -0.010751582 0.047377244 0.332526088 -0.092723340 0.005123809 0.010540025 0.995622933
1305031106.475345 -0.013154814 0.045331828 0.329178870 -0.092706576 0.005271175 0.009090201 0.995638013
1305031106.511129 -0.013906050 0.041496854 0.324533582 -0.091861859 0.001886460 0.009201395 0.995727479
1305031106.543302 -0.012866210 0.039208680 0.316884339 -0.088578016 -0.002732518 0.007970220 0.996033609
1305031106.575282 -0.012698925 0.036836453 0.308166653 -0.085734546 -0.004724218 0.007043810 0.996281922
1305031106.611151 -0.015025184 0.037217222 0.298448116 -0.084116034 -0.006601438 0.003937460 0.996426284
1305031106.643207 -0.014064005 0.031435981 0.289502472 -0.085246846 -0.009959782 0.001802243 0.996308446
1305031106.675279 -0.016438894 0.030964589 0.278081954 -0.082034022 -0.012109844 0.001456847 0.996554852
1305031106.711508 -0.018746376 0.026608901 0.266125917 -0.084551834 -0.016771566 0.000442743 0.996277809
1305031106.743341 -0.018428076 0.023983933 0.254111677 -0.082816504 -0.023589700 0.000954572 0.996285081
1305031106.775390 -0.016744519 0.020924501 0.241087794 -0.082127735 -0.030131010 0.000931455 0.996165752
1305031106.811289 -0.016049974 0.020826336 0.227406964 -0.081317469 -0.034241710 0.000544265 0.996099710
1305031106.843416 -0.016206149 0.012472138 0.215962932 -0.083979204 -0.038056787 -0.001001411 0.995739996
1305031106.875905 -0.012994022 0.007681048 0.201933995 -0.078926146 -0.041698821 -0.004532561 0.995997667
1305031106.911243 -0.012768741 0.010167003 0.186602503 -0.073105298 -0.040989362 -0.008701859 0.996443570
1305031106.943439 -0.012437258 0.002877478 0.173646942 -0.073116161 -0.039955202 -0.013279117 0.996434271
1305031106.975547 -0.010417078 -0.006105686 0.161520600 -0.069781095 -0.038761843 -0.016543575 0.996671677
1305031107.011576 -0.011052432 -0.001323219 0.144250736 -0.060501870 -0.035544749 -0.020049574 0.997333527
1305031107.043281 -0.012985243 -0.003779635 0.131490022 -0.059751473 -0.032064669 -0.022487286 0.997444689
1305031107.075432 -0.015032438 -0.011915039 0.118427493 -0.057389759 -0.030489236 -0.023631558 0.997606337
1305031107.111229 -0.013952011 -0.011922665 0.104322232 -0.051975328 -0.031532615 -0.024184067 0.997857392
1305031107.143260 -0.011218228 -0.011600420 0.092025846 -0.049595740 -0.031390689 -0.024180645 0.997983038
1305031107.175399 -0.010731433 -0.018649196 0.082202584 -0.049114879 -0.029781243 -0.025111042 0.998033226
1305031107.211358 -0.008314137 -0.023239732 0.071097381 -0.043390900 -0.028177088 -0.026721742 0.998303175
1305031107.243378 -0.007863230 -0.022042867 0.059444737 -0.036120195 -0.024820413 -0.027058640 0.998672664
1305031107.275398 -0.005132856 -0.026662461 0.049892522 -0.031649522 -0.022239188 -0.026923371 0.998888791
1305031107.311226 -0.004895059 -0.031181825 0.039883062 -0.025333496 -0.018310104 -0.028052961 0.999117613
1305031107.343509 -0.000760865 -0.036408074 0.031063708 -0.015436427 -0.015809024 -0.027899880 0.999366522
1305031107.375413 0.000308206 -0.031143334 0.021543464 -0.004443946 -0.010708645 -0.027578829 0.999552369
1305031107.411271 0.002575383 -0.032318138 0.015381583 0.001761789 -0.006300414 -0.028187970 0.999581218
1305031107.443419 0.005573779 -0.029551174 0.010416174 0.007949014 -0.002265479 -0.027447768 0.999589086
1305031107.475377 0.008486340 -0.030420151 0.006852916 0.010582409 0.001674531 -0.026344623 0.999595523
1305031107.511352 0.009375954 -0.025547193 0.003856053 0.013431594 0.005456906 -0.025881613 0.999559879
1305031107.543605 0.012335796 -0.025902271 0.004865366 0.010758672 0.007509189 -0.023654019 0.999634087
1305031107.575454 0.014521240 -0.030132927 0.005601084 0.009334150 0.009318144 -0.020839075 0.999695837
1305031107.611271 0.015998360 -0.023703797 0.005025081 0.011541325 0.010678282 -0.019221440 0.999691606
1305031107.643323 0.018836945 -0.025678763 0.006792056 0.007356056 0.011447179 -0.018008517 0.999745250
1305031107.675568 0.017727325 -0.025365282 0.007941836 0.006139907 0.012427329 -0.017587895 0.999749184
1305031107.711307 0.017271804 -0.022423238 0.009470518 0.005354697 0.012222078 -0.016682805 0.999771774
1305031107.743538 0.014849362 -0.018547228 0.010321146 0.002905437 0.011681375 -0.016094049 0.999798000
1305031107.775802 0.014776480 -0.019333402 0.012663555 -0.000315010 0.008930983 -0.017304314 0.999810338
1305031107.811596 0.016034376 -0.017804939 0.014456614 -0.002288979 0.006757523 -0.017405873 0.999823034
1305031107.843332 0.017995190 -0.016590925 0.016712504 -0.004676235 0.005814615 -0.017909592 0.999811769
1305031107.875358 0.021806479 -0.019272126 0.019594859 -0.006168870 0.006085428 -0.021264508 0.999736309
1305031107.911541 0.024740446 -0.019427037 0.021466943 -0.005238650 0.008858744 -0.023633974 0.999667704
1305031107.943122 0.029759508 -0.020613465 0.024106547 -0.003682039 0.011634936 -0.023842365 0.999641240
1305031107.975807 0.036014594 -0.021751542 0.026043247 -0.001508703 0.015413216 -0.023519298 0.999603391
1305031108.011320 0.044502426 -0.020857811 0.027641276 0.002703748 0.019310277 -0.025343837 0.999488652
1305031108.043418 0.056508914 -0.018691208 0.031491112 0.005853459 0.024409929 -0.023499696 0.999408662
1305031108.075352 0.065677300 -0.020565402 0.032419145 0.006291318 0.033184297 -0.017534712 0.999275625
1305031108.111378 0.070172943 -0.021009300 0.035521187 0.008929819 0.040087596 -0.017539982 0.999002337
1305031108.143334 0.081382401 -0.018228984 0.037896119 0.011731295 0.042450890 -0.016410986 0.998894870
1305031108.176058 0.089707546 -0.011296357 0.041374803 0.011997743 0.046090629 -0.013078062 0.998779595
1305031108.211475 0.097816132 -0.013317726 0.045303803 0.006468918 0.047799490 -0.013566497 0.998743892
1305031108.243347 0.115240902 -0.020509776 0.046389177 0.003511219 0.048142206 -0.015637027 0.998711944
1305031108.275358 0.122486770 -0.013811139 0.048239194 0.005799317 0.052983668 -0.015263510 0.998461902
1305031108.311332 0.126290902 -0.010498935 0.051868550 0.002731799 0.055772211 -0.014236275 0.998338282
1305031108.343278 0.136836544 -0.006247035 0.054834962 -0.001542127 0.053321067 -0.011684760 0.998507917
1305031108.375410 0.143428713 -0.004273213 0.059056450 -0.006241530 0.050975218 -0.006587441 0.998658717
1305031108.411361 0.153963923 -0.005422429 0.060861029 -0.011767904 0.046773735 -0.000480000 0.998836100
1305031108.443610 0.164644077 -0.004579316 0.062070586 -0.016172808 0.045147128 0.006326706 0.998829424
1305031108.475471 0.175581545 -0.007284936 0.064725474 -0.019997943 0.044248816 0.013562531 0.998728275
1305031108.511378 0.190308318 -0.013927732 0.065341868 -0.021738771 0.046163358 0.017619586 0.998541951
1305031108.543737 0.209848002 -0.013594698 0.068599850 -0.016870033 0.050297156 0.016811024 0.998450279
1305031108.575414 0.218242392 -0.006213102 0.068301588 -0.011214174 0.055202696 0.015584641 0.998290539
1305031108.611407 0.232239187 -0.004708163 0.070201017 -0.010990097 0.059626158 0.016525710 0.998023450
1305031108.643303 0.238468766 -0.001038954 0.071104586 -0.010016199 0.066070028 0.018088108 0.997600734
1305031108.675375 0.253440797 0.003124017 0.070252985 -0.011531002 0.069062307 0.022190733 0.997298837
1305031108.711411 0.258068442 0.000795181 0.073116660 -0.016650038 0.077997930 0.026120218 0.996472239
1305031108.743502 0.261052996 -0.002329981 0.074410416 -0.019502204 0.084393486 0.026206899 0.995896876
1305031108.775493 0.273135453 0.001765571 0.074206039 -0.018696103 0.085761316 0.029910905 0.995691121
1305031108.811244 0.272947222 -0.000436912 0.075796187 -0.021297118 0.090740316 0.033920925 0.995068848
1305031108.843264 0.272684306 -0.003194766 0.076032966 -0.021377867 0.091783740 0.039128061 0.994780242
1305031108.876515 0.273454785 -0.003204517 0.074559808 -0.019251121 0.089168310 0.045431077 0.994793653
1305031108.911364 0.272902668 -0.008218431 0.074054837 -0.018096302 0.086320095 0.049998380 0.994847476
1305031108.943243 0.267985284 -0.010222585 0.071290039 -0.013783244 0.084376194 0.050234098 0.995071411
1305031108.975268 0.266525120 -0.004156952 0.067001969 -0.008058708 0.077688552 0.048991922 0.995740592
1305031109.011269 0.268751591 -0.003035142 0.065641820 -0.008026462 0.072336726 0.048372444 0.996174216
1305031109.043277 0.262086362 -0.005178657 0.063389286 -0.007940433 0.072152011 0.045670412 0.996315837
1305031109.075410 0.255303830 0.001072699 0.061457518 -0.007469676 0.069746085 0.040318888 0.996721685
1305031109.111282 0.249201491 -0.000704748 0.061621327 -0.011706674 0.068115532 0.037454426 0.996905446
1305031109.143334 0.230715677 -0.005828965 0.060758114 -0.014253617 0.069115810 0.033562470 0.996942043
1305031109.175464 0.224460483 0.000216275 0.058827076 -0.012201124 0.061303031 0.030999834 0.997563064
1305031109.211379 0.221379176 0.011525272 0.058575831 -0.013124879 0.054239027 0.034604490 0.997841895
1305031109.243290 0.209349975 0.009266551 0.059096649 -0.022645887 0.052518826 0.039646372 0.997575641
1305031109.275308 0.192190081 -0.002128704 0.060038235 -0.028476397 0.051152404 0.042529803 0.997378469
1305031109.311329 0.179811344 0.002303156 0.058627732 -0.024399014 0.042876042 0.043755177 0.997823596
1305031109.343248 0.167575046 0.007945781 0.057014387 -0.025194429 0.033694979 0.042641476 0.998204172
1305031109.375397 0.152834475 0.002443504 0.057164542 -0.030051053 0.026861299 0.041694123 0.998317063
1305031109.411329 0.145032212 0.003860933 0.054287601 -0.030153014 0.018734552 0.038321458 0.998634696
1305031109.443302 0.134995997 0.006914296 0.051540229 -0.032750346 0.013315881 0.032552589 0.998844564
1305031109.475363 0.125765458 0.005250207 0.052199665 -0.035882469 0.010622459 0.029453104 0.998865426
1305031109.511273 0.115832686 0.002033534 0.050596699 -0.036620572 0.008210450 0.025041932 0.998981714
1305031109.543294 0.097975560 0.002427981 0.048483256 -0.034033276 0.008941206 0.022893637 0.999118507
1305031109.575362 0.087710030 0.004784199 0.046459690 -0.032954216 0.008416268 0.022608187 0.999165714
1305031109.611310 0.075662397 0.005662031 0.044741873 -0.032865435 0.007324667 0.020384423 0.999225080
1305031109.643229 0.067918122 0.006936402 0.042959590 -0.033292498 0.005273960 0.019687152 0.999237835
1305031109.675263 0.053821329 0.008224221 0.041518990 -0.035322078 0.006297627 0.021517834 0.999124467
1305031109.711312 0.043080699 0.011019222 0.039919794 -0.037350912 0.003123056 0.021003414 0.999076605
1305031109.743274 0.032336049 0.011468103 0.040569119 -0.041759286 0.000333881 0.019949494 0.998928487
1305031109.775277 0.024117228 0.010247730 0.042184848 -0.045233898 -0.002013944 0.020181248 0.998770535
1305031109.811371 0.011480455 0.012980308 0.041979384 -0.046530284 -0.002316130 0.019096140 0.998731673
1305031109.843296 -0.000112746 0.012857668 0.042459976 -0.050147895 -0.004389069 0.018274046 0.998564959
1305031109.875306 -0.014444843 0.013260835 0.043464016 -0.053766444 -0.006484831 0.016251680 0.998400211
1305031109.911265 -0.024170432 0.010043852 0.046694901 -0.056214113 -0.012869720 0.011290099 0.998271942
1305031109.943299 -0.034425866 0.018027699 0.047472518 -0.055248756 -0.015893023 0.007182140 0.998320282
1305031109.975258 -0.046190310 0.016812429 0.051246855 -0.060205918 -0.017756928 0.002183620 0.998025656
1305031110.011256 -0.055942338 0.018116755 0.053789556 -0.062077679 -0.020484511 -0.004684778 0.997850060
1305031110.043299 -0.066470757 0.018422673 0.056087423 -0.064527959 -0.021233950 -0.011859199 0.997619510
1305031110.075319 -0.077224664 0.020152431 0.057286561 -0.066282503 -0.021377955 -0.016885854 0.997428954
1305031110.111325 -0.088969678 0.020345012 0.059789930 -0.070949167 -0.022558881 -0.021762514 0.996987343
1305031110.143432 -0.101952866 0.016992632 0.061766960 -0.073165871 -0.024769709 -0.025820272 0.996677756
1305031110.175641 -0.110034868 0.022992343 0.061703891 -0.072829485 -0.028601339 -0.027193122 0.996563315
1305031110.211637 -0.119015753 0.020037688 0.064226083 -0.077719361 -0.031783633 -0.029072855 0.996044338
1305031110.243323 -0.127871230 0.018745627 0.066405989 -0.078497671 -0.036085546 -0.028441556 0.995854914
1305031110.279321 -0.136686891 0.017667722 0.065619983 -0.077351123 -0.039629310 -0.029082106 0.995791435
1305031110.311404 -0.147252306 0.017918434 0.064931393 -0.074824370 -0.042114712 -0.030911924 0.995827377
1305031110.343355 -0.156209826 0.020386498 0.064320177 -0.073145561 -0.046672139 -0.032074645 0.995712161
1305031110.379281 -0.167265132 0.020183947 0.063184321 -0.072409652 -0.051459875 -0.035817824 0.995402336
1305031110.411469 -0.176683694 0.024771955 0.060818240 -0.070983052 -0.057626385 -0.038286779 0.995075226
1305031110.443260 -0.186093137 0.027305536 0.061193168 -0.074603349 -0.063102864 -0.042152077 0.994321644
1305031110.479331 -0.197647154 0.026318409 0.063394725 -0.077526271 -0.069145396 -0.048484042 0.993407190
1305031110.511429 -0.215102449 0.030299831 0.064469323 -0.076654010 -0.073463768 -0.052178252 0.992977679
1305031110.543408 -0.223014995 0.034388937 0.063035496 -0.077227131 -0.079936519 -0.055456676 0.992255330
1305031110.579426 -0.228961974 0.037781004 0.063033849 -0.080963239 -0.086676620 -0.059824765 0.991137266
1305031110.611307 -0.235432014 0.031655665 0.065535828 -0.087498493 -0.091238230 -0.063350946 0.989952624
1305031110.643418 -0.242804334 0.030340046 0.065731511 -0.086443804 -0.093353301 -0.066372417 0.989650071
1305031110.679606 -0.247825623 0.036976866 0.063270889 -0.084297977 -0.095912367 -0.068419173 0.989451110
1305031110.711412 -0.254746348 0.035964660 0.065680325 -0.088205621 -0.097085446 -0.070027620 0.988883376
1305031110.743249 -0.259140402 0.034769654 0.065942630 -0.089056797 -0.098827220 -0.071546219 0.988525748
1305031110.779193 -0.260405242 0.036785245 0.065559909 -0.088254154 -0.101219416 -0.072085962 0.988316476
1305031110.811386 -0.263189733 0.036298625 0.064406753 -0.089337915 -0.101278126 -0.073925793 0.988077104
1305031110.843218 -0.266038835 0.036888398 0.065316200 -0.090626121 -0.102834471 -0.075974584 0.987643540
1305031110.879313 -0.263703018 0.035593990 0.065463416 -0.091213904 -0.106117904 -0.075620271 0.987269223
1305031110.911333 -0.263946265 0.037646420 0.065500550 -0.091056913 -0.106835283 -0.076395109 0.987146676
1305031110.943862 -0.259303391 0.037240967 0.066365987 -0.091186687 -0.110240422 -0.077164449 0.986700356
1305031110.979345 -0.250701010 0.039551854 0.067549974 -0.090413138 -0.111280926 -0.077225611 0.986649990
1305031111.011431 -0.241793662 0.037798751 0.070525095 -0.092547067 -0.108724445 -0.075919598 0.986838520
1305031111.043327 -0.235971332 0.037082784 0.068423189 -0.091886140 -0.103288621 -0.073396236 0.987674773
1305031111.079283 -0.233326003 0.041114680 0.068379663 -0.092160329 -0.098894477 -0.071326360 0.988250434
1305031111.111508 -0.224437654 0.036003686 0.070980981 -0.095556512 -0.097996175 -0.067930825 0.988256633
1305031111.143257 -0.216920942 0.034358185 0.071996614 -0.094200797 -0.095606044 -0.067075826 0.988679171
1305031111.179326 -0.203070715 0.036192469 0.075693250 -0.090654314 -0.094405033 -0.066222854 0.989183545
1305031111.211433 -0.195091873 0.036702346 0.074111536 -0.088757962 -0.085737720 -0.062522456 0.990384758
1305031111.243236 -0.194642738 0.032853439 0.072945505 -0.089587756 -0.079609498 -0.062982127 0.990792453
1305031111.279308 -0.179051921 0.030202996 0.077318005 -0.086000919 -0.081289962 -0.060999267 0.991097808
1305031111.311547 -0.175520316 0.034251194 0.069480985 -0.081156962 -0.073288329 -0.057212334 0.992355347
1305031111.343397 -0.170022041 0.035747565 0.070101194 -0.084076688 -0.075086191 -0.057166480 0.991980433
1305031111.379134 -0.153114080 0.027509762 0.075712241 -0.086269066 -0.080765113 -0.052806944 0.991587639
1305031111.411296 -0.149852648 0.030731976 0.071097888 -0.080244772 -0.078775652 -0.052885771 0.992249072
1305031111.443386 -0.131929159 0.029920751 0.075854421 -0.080712251 -0.087378651 -0.057058737 0.991259217
1305031111.479259 -0.105866075 0.028847149 0.087700062 -0.077094056 -0.088522412 -0.055685155 0.991523802
1305031111.511264 -0.102229588 0.027061079 0.080287360 -0.073472261 -0.073768944 -0.055616904 0.993008912
1305031111.543250 -0.089241639 0.021457626 0.081785999 -0.071816184 -0.068621762 -0.053772327 0.993600547
1305031111.579237 -0.077285901 0.023810145 0.077986926 -0.067222252 -0.059057001 -0.047105223 0.994874120
1305031111.611271 -0.073350869 0.020934187 0.073107295 -0.069370151 -0.052112617 -0.040641338 0.995399594
1305031111.643395 -0.056935497 0.014389621 0.080490433 -0.068035111 -0.055822559 -0.033592865 0.995553434
1305031111.679320 -0.040959995 0.021873459 0.079637602 -0.060047008 -0.049712859 -0.024813650 0.996647954
1305031111.711760 -0.028095651 0.021163430 0.081151783 -0.059988495 -0.042696882 -0.022914385 0.997022152
1305031111.743386 -0.010088941 0.016867146 0.083456255 -0.057181470 -0.033747006 -0.019282166 0.997606933
1305031111.779423 0.002550476 0.017008752 0.078879356 -0.054502551 -0.015441624 -0.013626055 0.998301208
1305031111.811406 0.018866947 0.011371621 0.078260452 -0.053658042 -0.004791302 -0.014779867 0.998438478
1305031111.843299 0.027970100 0.014237989 0.078475885 -0.048929837 0.005100467 -0.012657607 0.998709023
1305031111.879442 0.033848625 0.016451841 0.077905789 -0.048680946 0.013335492 -0.008146541 0.998692155
1305031111.911354 0.036281068 0.011525674 0.079077154 -0.049252223 0.015475171 -0.003712439 0.998659611
1305031111.943300 0.050757565 0.012635547 0.079823017 -0.047103897 0.010055091 0.005656395 0.998823345
1305031111.979449 0.071147718 0.013500595 0.080663614 -0.045919858 0.007969206 0.013641846 0.998820186
1305031112.011433 0.082225129 0.012233859 0.080783777 -0.044037946 0.015412421 0.012935243 0.998827219
1305031112.043270 0.095265143 0.012263948 0.079806045 -0.040236358 0.022396356 0.010736339 0.998881459
1305031112.079339 0.114729583 0.012449045 0.078438267 -0.038047832 0.031190205 0.010519202 0.998733640
1305031112.111423 0.112262823 0.012365881 0.079477757 -0.035404999 0.043925557 0.005466474 0.998392284
1305031112.144342 0.130438119 0.014324440 0.077550523 -0.034179002 0.045583662 -0.000472638 0.998375535
1305031112.179390 0.146365836 0.015163284 0.077958167 -0.036020797 0.056148037 -0.002954189 0.997768104
1305031112.211254 0.151509479 0.005227155 0.080310255 -0.039600890 0.067443922 -0.008924023 0.996896863
1305031112.243369 0.172978029 0.000323565 0.081383884 -0.034937479 0.072373264 -0.013106175 0.996679366
1305031112.279353 0.177003980 0.001069510 0.082370952 -0.029206984 0.080265470 -0.016334444 0.996211648
1305031112.311312 0.185193017 -0.003060918 0.083175942 -0.024354106 0.082361393 -0.018027006 0.996141851
1305031112.343323 0.195495486 -0.000110412 0.082921304 -0.016515231 0.082226939 -0.016013067 0.996348143
1305031112.379360 0.203601301 0.000964511 0.082546264 -0.011929759 0.080925360 -0.012103367 0.996575296
1305031112.411442 0.214243606 0.001684248 0.081841014 -0.009273805 0.078022234 -0.007886278 0.996877313
1305031112.443391 0.228461802 0.000561894 0.081947580 -0.006850056 0.075091466 -0.000438013 0.997153044
1305031112.479418 0.233981594 0.001852325 0.081889823 -0.003120755 0.074561886 0.009036059 0.997170568
1305031112.511504 0.239849776 0.000163663 0.082162902 -0.001747870 0.071857601 0.016258121 0.997280836
1305031112.543212 0.247310489 -0.001304681 0.081482776 0.000045249 0.068733357 0.019909738 0.997436404
1305031112.579252 0.256226599 0.000545403 0.080023631 0.002875570 0.064809315 0.026159415 0.997550607
1305031112.611261 0.271511436 0.004639167 0.077575788 0.004354993 0.061655406 0.033192437 0.997535944
1305031112.643246 0.279640794 0.004697619 0.077727564 0.001490377 0.066992834 0.040500198 0.996930063
1305031112.679952 0.279982477 0.003528418 0.079908781 -0.001196004 0.074561790 0.043041546 0.996286392
1305031112.711251 0.282342196 0.006235153 0.080227382 -0.002239620 0.078736186 0.044936299 0.995879650
1305031112.743245 0.285463989 0.015515698 0.079557255 -0.003939237 0.081369989 0.048343882 0.995503008
1305031112.779310 0.281737804 0.009722002 0.082889393 -0.013823050 0.087032221 0.049626730 0.994872630
1305031112.811310 0.270686775 0.005768914 0.084696352 -0.017156716 0.090535991 0.047316849 0.994620502
1305031112.843286 0.267844170 0.012903433 0.087136947 -0.017002027 0.085328162 0.045498826 0.995168269
1305031112.879421 0.270164669 0.013035628 0.086165220 -0.020227486 0.080317192 0.049105890 0.995353520
1305031112.911411 0.261304587 0.011451729 0.086782202 -0.023591613 0.079048097 0.050886825 0.995291591
1305031112.943321 0.254106820 0.009005979 0.087095812 -0.026229776 0.074769475 0.049469840 0.995627582
1305031112.979278 0.251114756 0.009825619 0.087268993 -0.026585082 0.068287969 0.047021091 0.996202290
1305031113.011353 0.248069137 0.015954396 0.086058289 -0.025934804 0.063964993 0.047014222 0.996506631
1305031113.043231 0.240437195 0.014657485 0.085855775 -0.030649709 0.062932931 0.044529326 0.996552646
1305031113.079251 0.225997090 0.002917998 0.083536372 -0.035069857 0.062936999 0.039555017 0.996616483
1305031113.111316 0.218191877 0.008331217 0.081351146 -0.030408675 0.057226494 0.034790907 0.997291327
1305031113.143306 0.212468818 0.013633719 0.079203308 -0.031016974 0.053295340 0.033246901 0.997543097
1305031113.179343 0.199627861 0.006311470 0.080019534 -0.036008921 0.053301856 0.034833141 0.997320831
1305031113.211259 0.182935417 0.005019327 0.077227667 -0.034576800 0.050266586 0.035469860 0.997506678
1305031113.243227 0.171907619 0.010414754 0.075799219 -0.034520037 0.043489862 0.036104597 0.997804344
1305031113.279312 0.160794616 0.003113649 0.076645121 -0.039031006 0.038366951 0.037532546 0.997795522
1305031113.311452 0.146462500 -0.004047456 0.074282810 -0.036514536 0.032721985 0.041209538 0.997946799
1305031113.343252 0.128286377 0.001917582 0.071737222 -0.029284574 0.024833478 0.040026173 0.998460650
1305031113.379312 0.116646819 0.004315185 0.072700612 -0.031580213 0.015575341 0.037271436 0.998684645
1305031113.411625 0.105389133 -0.002841386 0.073140457 -0.033394467 0.008289067 0.037978683 0.998686016
1305031113.443266 0.088704549 0.001850677 0.072266161 -0.029759061 0.003175092 0.032778099 0.999014497
1305031113.479311 0.069736600 0.003698658 0.069690809 -0.032461591 -0.001783956 0.026490012 0.999120295
1305031113.511523 0.056358930 0.000818973 0.069940217 -0.037231941 -0.007346478 0.024105681 0.998988867
1305031113.543242 0.041015312 -0.002120607 0.069310471 -0.039800622 -0.012150638 0.020830359 0.998916566
1305031113.579301 0.027826998 0.000295089 0.068166249 -0.038917579 -0.016613944 0.015926445 0.998977363
1305031113.611268 0.018640146 -0.000203131 0.069676109 -0.041908816 -0.020591678 0.011418759 0.998843968
1305031113.643222 0.008970874 0.000023655 0.070205308 -0.044379413 -0.021490330 0.007698333 0.998753905
1305031113.679288 -0.003327171 -0.001262556 0.069609135 -0.045762494 -0.020437144 0.004120916 0.998734772
1305031113.711931 -0.012501517 -0.001768868 0.071027771 -0.046018045 -0.020863259 -0.000579819 0.998722553
1305031113.743590 -0.022981154 -0.000548503 0.071729966 -0.044892978 -0.018557789 -0.005674084 0.998803318
1305031113.779320 -0.036373720 -0.001993661 0.072304539 -0.044287328 -0.015265641 -0.010220169 0.998849928
1305031113.811237 -0.047556713 -0.000039198 0.071662068 -0.042472042 -0.013998876 -0.012368447 0.998923004
1305031113.843295 -0.058377765 0.002930477 0.072298698 -0.042198423 -0.011890295 -0.015678413 0.998915493
1305031113.879281 -0.072019063 -0.004601334 0.073222429 -0.043492425 -0.010460956 -0.020738864 0.998783708
1305031113.911290 -0.081590585 -0.000153756 0.073362634 -0.038918383 -0.012127413 -0.021108806 0.998945773
1305031113.943291 -0.090218835 -0.000564344 0.073998220 -0.036643416 -0.010778416 -0.023440136 0.998995304
1305031113.979293 -0.102141328 -0.000023870 0.074593425 -0.033205327 -0.008768448 -0.028549479 0.999002218
1305031114.011257 -0.116674870 0.001611726 0.073610581 -0.029500423 -0.006757523 -0.033981215 0.998964131
1305031114.043301 -0.135708079 0.000955611 0.072868422 -0.028562989 -0.006757040 -0.036162578 0.998914778
1305031114.079285 -0.147816017 0.000848138 0.073146567 -0.026239479 -0.011985075 -0.036717866 0.998909235
1305031114.111263 -0.158729613 0.004029527 0.073228009 -0.023034098 -0.017525928 -0.040473741 0.998761296
1305031114.143284 -0.168210417 0.005226816 0.075951822 -0.022769114 -0.023149811 -0.043490797 0.998526037
1305031114.179337 -0.174538389 0.001405590 0.078304224 -0.021619117 -0.026973775 -0.045182236 0.998380482
1305031114.211303 -0.186324194 0.010461485 0.076761119 -0.016842494 -0.026657911 -0.048079737 0.998345613
1305031114.243337 -0.201152563 0.009578964 0.078641713 -0.019472701 -0.027782863 -0.052311447 0.998054326
1305031114.279390 -0.215497553 0.008873166 0.078446865 -0.019796435 -0.032732371 -0.054300550 0.997791588
1305031114.311429 -0.223989502 0.011694561 0.080369279 -0.020206172 -0.041421395 -0.054277126 0.997461736
1305031114.343331 -0.229208738 0.011546584 0.082680441 -0.021328205 -0.048446685 -0.056982182 0.996970892
1305031114.379320 -0.236013323 0.010606627 0.084384970 -0.021467118 -0.051108420 -0.061311293 0.996578157
1305031114.411397 -0.247636899 0.010730502 0.084126838 -0.020533375 -0.051725369 -0.066018201 0.996265233
1305031114.443345 -0.258361131 0.012005492 0.084023952 -0.020382790 -0.055275865 -0.067755178 0.995961010
1305031114.479332 -0.270129591 0.011696758 0.086131066 -0.020890869 -0.061293211 -0.068804249 0.995526314
1305031114.511266 -0.274544299 0.014363030 0.086075775 -0.020675991 -0.070179477 -0.071109064 0.994781792
1305031114.543236 -0.275248826 0.011978514 0.088496938 -0.024477445 -0.076126643 -0.069667786 0.994360089
1305031114.579237 -0.279415935 0.011013568 0.089440078 -0.025901014 -0.077032931 -0.066461034 0.994473696
1305031114.611391 -0.291101307 0.016838437 0.093411177 -0.026087856 -0.074547082 -0.063631698 0.994843304
1305031114.644136 -0.299112797 0.015459837 0.093827307 -0.031406030 -0.075436816 -0.063119113 0.994655192
1305031114.679251 -0.302896917 0.012765974 0.094753087 -0.034965079 -0.081719302 -0.063955322 0.993986487
1305031114.711306 -0.302087814 0.011029718 0.096506402 -0.035931244 -0.087531298 -0.062704474 0.993536830
1305031114.743200 -0.302621871 0.009686423 0.096587211 -0.035418600 -0.090898886 -0.066291921 0.993019819
1305031114.779289 -0.301019698 0.010159006 0.095417567 -0.033048492 -0.093268797 -0.069480024 0.992663682
1305031114.811303 -0.300338387 0.013353569 0.094736166 -0.032017101 -0.093018599 -0.070370741 0.992658257
1305031114.843208 -0.299305648 0.012839684 0.094515644 -0.032256488 -0.093808375 -0.072794095 0.992401361
1305031114.879281 -0.295244992 0.015566016 0.094170019 -0.031894375 -0.094698660 -0.072417207 0.992356122
1305031114.912879 -0.292578220 0.017667141 0.093672603 -0.032348443 -0.094844170 -0.072656706 0.992309988
1305031114.943234 -0.283275276 0.019352630 0.095130175 -0.034431439 -0.096832730 -0.073987871 0.991949439
1305031114.979280 -0.278020680 0.022064619 0.096154921 -0.035779737 -0.094542325 -0.074458398 0.992087483
1305031115.011300 -0.271105886 0.026709814 0.096888162 -0.038476948 -0.093941122 -0.075806774 0.991941452
1305031115.043508 -0.260977298 0.022295278 0.100656062 -0.043854840 -0.093230411 -0.075711690 0.991792619
1305031115.079238 -0.251910895 0.027154535 0.101849444 -0.043446183 -0.090693019 -0.075971790 0.992025971
1305031115.111230 -0.234704405 0.025783395 0.105721623 -0.047225196 -0.090067290 -0.073821187 0.992072642
1305031115.143275 -0.224521622 0.022969102 0.106870115 -0.049617827 -0.081827387 -0.071140006 0.992865264
1305031115.179440 -0.221935630 0.025536586 0.107773334 -0.050164238 -0.075502723 -0.070663206 0.993372858
1305031115.211374 -0.205121323 0.019720268 0.115053773 -0.052548908 -0.076721378 -0.067062855 0.993405759
1305031115.243297 -0.193768427 0.016309951 0.117022492 -0.049129080 -0.071663663 -0.063381061 0.994199932
1305031115.279966 -0.183376148 0.023871817 0.118977778 -0.045149423 -0.068673879 -0.059378441 0.994846523
1305031115.311704 -0.159910917 0.016534230 0.127291381 -0.047763646 -0.069364518 -0.052236591 0.995077133
1305031115.343235 -0.148053229 0.020590017 0.127739951 -0.042086616 -0.059881408 -0.049362756 0.996095538
1305031115.379166 -0.146982715 0.026453514 0.122152172 -0.044937216 -0.052047532 -0.044612825 0.996635020
1305031115.411237 -0.134015813 0.022224318 0.125842094 -0.052834358 -0.059030138 -0.041300908 0.996001124
1305031115.443159 -0.111309841 0.021657150 0.130922392 -0.056140192 -0.065011293 -0.035685666 0.995664775
1305031115.479241 -0.098258935 0.022461951 0.131016508 -0.060269952 -0.064510264 -0.029473921 0.995659232
1305031115.511253 -0.075328961 0.021795642 0.142928168 -0.062559009 -0.067312509 -0.025980758 0.995429754
1305031115.543604 -0.056206387 0.021887302 0.146392047 -0.062173948 -0.056074470 -0.017670630 0.996332169
1305031115.579315 -0.043285221 0.018486911 0.142203882 -0.062773384 -0.043676574 -0.012709010 0.996990621
1305031115.611424 -0.030183133 0.017420715 0.142292365 -0.062127106 -0.037796985 -0.007477496 0.997324288
1305031115.643254 -0.015506541 0.015338026 0.142690554 -0.061262980 -0.031661812 0.000078239 0.997619390
1305031115.679241 -0.007110280 0.013144666 0.136974916 -0.060751677 -0.026345883 0.011057163 0.997743905
1305031115.711320 0.012925570 0.016251490 0.139225513 -0.058729608 -0.029707244 0.019714570 0.997637033
1305031115.743250 0.032575823 0.017059801 0.142944053 -0.058316287 -0.025425021 0.027089376 0.997606575
1305031115.779425 0.045643710 0.015152580 0.139259741 -0.057075854 -0.015406434 0.034096982 0.997668505
1305031115.811277 0.059971802 0.018879883 0.139528960 -0.055325557 -0.007296506 0.041851852 0.997564197
1305031115.843224 0.073487736 0.016264858 0.138692945 -0.058865514 0.002468143 0.048948273 0.997062087
1305031115.879198 0.081473976 0.014502864 0.138750866 -0.058324862 0.010036408 0.056756400 0.996632397
1305031115.911118 0.097181298 0.017393615 0.138890758 -0.055514686 0.011299369 0.063342705 0.996382475
1305031115.943311 0.110661492 0.019497080 0.140172303 -0.055950716 0.016982760 0.069726005 0.995851040
1305031115.980740 0.120969765 0.022619970 0.140516534 -0.056248773 0.022800326 0.075389683 0.995305300
1305031116.011379 0.139827564 0.023521040 0.141376644 -0.058922853 0.027851306 0.078646757 0.994769871
1305031116.043164 0.150400385 0.024420816 0.143201888 -0.061979190 0.040489148 0.079903327 0.994049668
1305031116.080030 0.157991201 0.032364391 0.144882306 -0.063192070 0.051499881 0.083699353 0.993151009
1305031116.111300 0.167623356 0.035065632 0.147490323 -0.068461984 0.060981520 0.086968228 0.991983235
1305031116.143441 0.170172200 0.034536403 0.150725752 -0.072512746 0.072299100 0.089749753 0.990686476
1305031116.179572 0.184743077 0.031889975 0.149672344 -0.076993845 0.075518996 0.092435718 0.989860833
1305031116.211299 0.193896890 0.034095190 0.151884168 -0.080366544 0.080666870 0.096465856 0.988801479
1305031116.243320 0.204631016 0.028660566 0.154718593 -0.085725829 0.085945323 0.099462792 0.987609029
1305031116.279385 0.214206979 0.030935135 0.154410660 -0.085006848 0.093919471 0.102007478 0.986685097
1305031116.311336 0.221977800 0.031535696 0.153715521 -0.088007934 0.102191679 0.106045417 0.985172987
1305031116.343292 0.226823449 0.026228555 0.155348599 -0.090967119 0.108801223 0.109551325 0.983811855
1305031116.379384 0.229072452 0.024491388 0.154565737 -0.086218379 0.112928621 0.109459929 0.983784556
1305031116.411333 0.231108695 0.028752051 0.149986893 -0.080685169 0.114463352 0.113315314 0.983640015
1305031116.443369 0.229884446 0.032543343 0.148563743 -0.081139103 0.117505141 0.122200735 0.982179165
1305031116.479850 0.231365770 0.026593760 0.147313356 -0.083900556 0.118022181 0.125682980 0.981445491
1305031116.511205 0.226958960 0.024957292 0.146160603 -0.082776770 0.118519977 0.121605553 0.981994450
1305031116.543262 0.222226068 0.027983159 0.142789125 -0.078410082 0.118350081 0.117656171 0.982854068
1305031116.579313 0.211636201 0.029202893 0.140816242 -0.077858344 0.117940404 0.114331849 0.983339369
1305031116.611261 0.195990115 0.022739448 0.141353577 -0.080154240 0.116690792 0.107450299 0.984079778
1305031116.643355 0.185934201 0.023636553 0.140130088 -0.077906795 0.108750634 0.098394409 0.986114800
1305031116.679281 0.180040613 0.024097281 0.137591168 -0.077394821 0.098999485 0.089888848 0.987992465
1305031116.711634 0.169621885 0.023687884 0.136141956 -0.077257328 0.094572484 0.080672614 0.989231646
1305031116.743291 0.155060977 0.026235808 0.134795040 -0.077148885 0.090868212 0.069338202 0.990445971
1305031116.779298 0.142482966 0.024815230 0.133642375 -0.080327049 0.086663410 0.059062075 0.991235971
1305031116.811318 0.122592911 0.022043176 0.132522315 -0.080794983 0.085928820 0.050600052 0.991729796
1305031116.846089 0.106634423 0.026355166 0.130375296 -0.076500006 0.077659659 0.042812049 0.993118227
1305031116.880165 0.090361699 0.027307866 0.130682766 -0.077508993 0.068734214 0.036820877 0.993937731
1305031116.912044 0.073181413 0.027592171 0.129312485 -0.076516755 0.059568141 0.032125723 0.994768679
1305031116.943296 0.059766006 0.032097451 0.127714708 -0.075479917 0.044515237 0.024633428 0.995848536
1305031116.979351 0.041223727 0.033547536 0.127299771 -0.073890947 0.035208866 0.013961873 0.996546805
1305031117.011382 0.031152613 0.036979381 0.126417056 -0.071072906 0.021642102 0.006006360 0.997218192
1305031117.043261 0.021442214 0.037049510 0.123112403 -0.072385639 0.010129827 0.000921006 0.997324824
1305031117.079520 0.002433989 0.041317161 0.121795312 -0.072901756 0.003891199 -0.005552161 0.997316062
1305031117.111238 -0.009040643 0.041442066 0.120176978 -0.075399086 -0.006557551 -0.006712472 0.997109294
1305031117.143218 -0.016045108 0.045178272 0.118558489 -0.076909691 -0.017909104 -0.007070451 0.996852160
1305031117.179264 -0.025686003 0.046210662 0.117364280 -0.079799272 -0.025872907 -0.012338746 0.996398747
1305031117.211361 -0.028391905 0.045821574 0.116864927 -0.082072966 -0.033936869 -0.015825072 0.995922625
1305031117.243277 -0.029231414 0.049698591 0.116971895 -0.084278770 -0.037385136 -0.017650457 0.995584190
1305031117.279299 -0.030090261 0.047996361 0.119516894 -0.089550123 -0.037489410 -0.022173394 0.995029509
1305031117.311200 -0.033431839 0.046328694 0.120875254 -0.093379624 -0.035356354 -0.023800852 0.994717896
1305031117.343243 -0.035487965 0.042668968 0.121369392 -0.095861748 -0.035388160 -0.024617754 0.994460762
1305031117.379454 -0.036687002 0.038973872 0.121517375 -0.095863655 -0.035339180 -0.024993861 0.994452953
1305031117.411221 -0.038664423 0.033932023 0.121489488 -0.095447220 -0.036443695 -0.024078164 0.994475722
1305031117.443274 -0.037992403 0.031380132 0.120554022 -0.092514761 -0.038450867 -0.022935627 0.994704247
1305031117.479403 -0.038607515 0.025603479 0.120262034 -0.091672711 -0.039187763 -0.021407994 0.994787455
1305031117.511325 -0.038245745 0.018188776 0.121520519 -0.089702137 -0.041209340 -0.019766193 0.994919419
1305031117.544285 -0.039733272 0.015155503 0.120724462 -0.084195897 -0.041521434 -0.019451203 0.995393693
1305031117.579155 -0.040957853 0.010473678 0.121169202 -0.081287362 -0.042895213 -0.020994667 0.995545864
1305031117.611159 -0.041730523 0.004883391 0.122527108 -0.080437951 -0.044406518 -0.020213423 0.995564759
1305031117.643252 -0.043095339 -0.002040649 0.124436632 -0.079145767 -0.046100534 -0.019221894 0.995610952
1305031117.679262 -0.043647870 -0.006842654 0.126516521 -0.078715913 -0.048880719 -0.018651135 0.995523274
1305031117.711184 -0.041780956 -0.015929606 0.130847305 -0.080548413 -0.052516930 -0.015809542 0.995240688
1305031117.743184 -0.042172536 -0.024413347 0.133757696 -0.081024900 -0.054572858 -0.012690707 0.995136023
1305031117.779467 -0.043508887 -0.029554682 0.136625320 -0.080106959 -0.056441601 -0.010937297 0.995126903
1305031117.811320 -0.042403784 -0.040610686 0.141998067 -0.082633115 -0.059068866 -0.008816073 0.994788885
1305031117.843291 -0.037902948 -0.049282566 0.146417558 -0.080975547 -0.060722981 -0.007375521 0.994837344
1305031117.879451 -0.038995765 -0.054780647 0.149339184 -0.078920633 -0.057244938 -0.007796676 0.995205402
1305031117.911407 -0.040482387 -0.064979352 0.153493002 -0.079459287 -0.055171039 -0.007911114 0.995278716
1305031117.943253 -0.040274531 -0.070442267 0.156580761 -0.077633716 -0.053430390 -0.008160932 0.995515704
1305031117.979228 -0.043129522 -0.077077225 0.160203770 -0.079167426 -0.050859254 -0.008803849 0.995524108
1305031118.011228 -0.042572774 -0.089229375 0.166373700 -0.082524352 -0.051110048 -0.009005195 0.995236814
1305031118.043521 -0.042189647 -0.098575003 0.171604276 -0.082349367 -0.050210714 -0.008432199 0.995302141
1305031118.079334 -0.041211188 -0.105039880 0.175942183 -0.081849463 -0.049434382 -0.010051580 0.995367229
1305031118.111217 -0.039184686 -0.113622300 0.182271168 -0.081499837 -0.046342120 -0.011086582 0.995533705
1305031118.143256 -0.042287990 -0.121292144 0.183915883 -0.080125220 -0.040545002 -0.012980138 0.995875299
1305031118.179323 -0.042734198 -0.130667612 0.187551558 -0.080285013 -0.037743695 -0.015115804 0.995942414
1305031118.211202 -0.046220660 -0.139526606 0.190240324 -0.077594534 -0.034261506 -0.013980038 0.996298075
1305031118.243173 -0.047873490 -0.146795467 0.192806214 -0.074487664 -0.034757752 -0.013986232 0.996517897
1305031118.279194 -0.045769103 -0.157912135 0.197256684 -0.072296098 -0.036019560 -0.014277690 0.996630311
1305031118.311299 -0.046801485 -0.165111110 0.199574485 -0.066160150 -0.035956927 -0.014561785 0.997054636
1305031118.343324 -0.044068776 -0.168498769 0.202993855 -0.060987771 -0.036073875 -0.015197362 0.997370660
1305031118.379208 -0.047873247 -0.175419420 0.204086095 -0.057250593 -0.033047698 -0.016986655 0.997668147
1305031118.411296 -0.048780657 -0.174968034 0.205510184 -0.052916747 -0.034714725 -0.016471397 0.997859418
1305031118.445692 -0.046015061 -0.177535862 0.208772540 -0.052653085 -0.036027249 -0.013559737 0.997870624
1305031118.479285 -0.046519637 -0.180799514 0.210444093 -0.052646004 -0.036149200 -0.011304413 0.997894704
1305031118.511255 -0.044794187 -0.178762004 0.210463092 -0.050050303 -0.036723647 -0.010127265 0.998019934
1305031118.544414 -0.043935329 -0.172541037 0.210407615 -0.049542025 -0.036252920 -0.010786036 0.998055637
1305031118.579285 -0.042305954 -0.171677962 0.211639136 -0.051943634 -0.035811596 -0.011095016 0.997946024
1305031118.616142 -0.041037351 -0.166656688 0.211229682 -0.051638968 -0.034101266 -0.013118186 0.997997224
1305031118.645325 -0.041911703 -0.159025759 0.208260268 -0.051640112 -0.031454489 -0.015655320 0.998047531
1305031118.679295 -0.042865098 -0.154173583 0.206292480 -0.054841928 -0.029901147 -0.017654490 0.997891068
1305031118.711421 -0.043818839 -0.151903838 0.205355078 -0.056662913 -0.030123997 -0.020350236 0.997731328
1305031118.746770 -0.047111016 -0.143277764 0.200072795 -0.053901177 -0.031265739 -0.020108132 0.997854114
1305031118.779277 -0.045962960 -0.125634909 0.193856627 -0.052748945 -0.035103522 -0.019664381 0.997796893
1305031118.811221 -0.043260869 -0.126385540 0.194442496 -0.059575751 -0.038369872 -0.021481464 0.997254789
1305031118.846753 -0.039455354 -0.119689688 0.190174371 -0.056145452 -0.039466999 -0.020168006 0.997438371
1305031118.879208 -0.039482363 -0.099809706 0.181297228 -0.051361900 -0.036763597 -0.021864394 0.997763693
1305031118.911177 -0.039747655 -0.095949069 0.178027824 -0.055445645 -0.035566743 -0.024587087 0.997525096
1305031118.946974 -0.039681952 -0.085137710 0.171824738 -0.053695355 -0.034227125 -0.026460070 0.997619748
1305031118.979374 -0.041651051 -0.072178990 0.165787816 -0.053341098 -0.032595932 -0.030256156 0.997585475
1305031119.011363 -0.042938948 -0.062651612 0.161000490 -0.056550749 -0.032524388 -0.032555923 0.997338593
1305031119.047172 -0.043980278 -0.055417776 0.156298563 -0.058798283 -0.032929875 -0.033175584 0.997174919
1305031119.079223 -0.047042347 -0.047162980 0.150376454 -0.059169289 -0.034131408 -0.033450678 0.997103393
1305031119.111328 -0.047125135 -0.038999110 0.145170242 -0.059446380 -0.037786242 -0.032755934 0.996978164
1305031119.147616 -0.049177419 -0.027243581 0.139887571 -0.058405437 -0.040482368 -0.031363495 0.996978581
1305031119.179226 -0.048821054 -0.023349179 0.135479107 -0.060004715 -0.044879302 -0.031663392 0.996685863
1305031119.211364 -0.046749000 -0.013317944 0.129784122 -0.056829382 -0.047437921 -0.029903682 0.996807814
1305031119.247399 -0.047740012 -0.004132099 0.125118390 -0.055759497 -0.048235543 -0.029144876 0.996852458
1305031119.279212 -0.046705041 0.005031839 0.120419592 -0.055020854 -0.049500342 -0.029161621 0.996831000
1305031119.311212 -0.047466800 0.012496470 0.116689593 -0.055213302 -0.049644489 -0.026471172 0.996888280
1305031119.347741 -0.048309848 0.018866021 0.113617666 -0.054687046 -0.051203374 -0.024346489 0.996892571
1305031119.379239 -0.047165301 0.031100519 0.109192491 -0.052557245 -0.053735893 -0.023194145 0.996901333
1305031119.411484 -0.044171918 0.038694553 0.106680587 -0.053449266 -0.054599836 -0.022564042 0.996821404
1305031119.447706 -0.044329494 0.045959596 0.104097418 -0.054214545 -0.051984042 -0.022361675 0.996924460
1305031119.479267 -0.045021795 0.056500982 0.099730179 -0.051734090 -0.049687944 -0.023137255 0.997155666
1305031119.511240 -0.046629354 0.065800682 0.097177938 -0.052796938 -0.048107404 -0.022207567 0.997198582
1305031119.547382 -0.046975121 0.076180272 0.094165243 -0.053140502 -0.047944702 -0.020697517 0.997220635
1305031119.579559 -0.045864087 0.089529365 0.091454707 -0.053368591 -0.047164980 -0.020521643 0.997249246
1305031119.615017 -0.047753211 0.094667040 0.089735225 -0.058208138 -0.044506125 -0.020134088 0.997108638
1305031119.647903 -0.049394999 0.108751684 0.087180682 -0.058374867 -0.043374583 -0.019431744 0.997162700
1305031119.679208 -0.046210304 0.119159959 0.086910702 -0.061748188 -0.042509992 -0.021190019 0.996960938
1305031119.715232 -0.047181334 0.125379294 0.086100779 -0.068385355 -0.037757315 -0.018640187 0.996769965
1305031119.747193 -0.051859710 0.132732347 0.083575003 -0.071655698 -0.034378387 -0.014229837 0.996735215
1305031119.779169 -0.052548926 0.140472084 0.083280221 -0.074414939 -0.035946686 -0.011956012 0.996507585
1305031119.814537 -0.050119016 0.148451954 0.082441732 -0.076311372 -0.038020730 -0.007649129 0.996329486
1305031119.847429 -0.050106209 0.159147620 0.081152827 -0.077282302 -0.036975890 -0.003016789 0.996318758
1305031119.879214 -0.050088938 0.162654296 0.080486566 -0.078843668 -0.035165895 -0.003036387 0.996261895
1305031119.911401 -0.051710352 0.175985038 0.077008910 -0.075681046 -0.032679182 -0.002223553 0.996593952
1305031119.947392 -0.051419422 0.182069406 0.076351628 -0.079975039 -0.031295061 -0.002170274 0.996303082
1305031119.979537 -0.050508190 0.186438128 0.075063892 -0.082279459 -0.028526327 -0.003246501 0.996195674
1305031120.015264 -0.053110979 0.199043468 0.072088622 -0.082852758 -0.024191234 -0.001462288 0.996267080
1305031120.047290 -0.055795282 0.194220036 0.072087735 -0.094013236 -0.022353707 -0.000527642 0.995319784
1305031120.079418 -0.058150608 0.194209084 0.071205154 -0.095986463 -0.023382094 0.001638458 0.995106637
1305031120.115232 -0.057482053 0.198922008 0.070709795 -0.095591143 -0.026169464 0.003580145 0.995070219
1305031120.148157 -0.054736666 0.193781659 0.072352350 -0.099871695 -0.028264495 0.004462839 0.994588792
1305031120.179246 -0.053118557 0.188007742 0.073052913 -0.100707985 -0.028435370 0.007450193 0.994481683
1305031120.215249 -0.053210057 0.182887331 0.073920481 -0.097165331 -0.028513851 0.007394809 0.994832218
1305031120.248003 -0.052915897 0.181671366 0.074434951 -0.092040464 -0.028527245 0.005086888 0.995333552
1305031120.279430 -0.052409869 0.175572008 0.075440235 -0.089567080 -0.027921796 0.003260966 0.995584011
1305031120.315196 -0.052405380 0.168240085 0.077003486 -0.087891132 -0.027442459 0.001397505 0.995751023
1305031120.347787 -0.051889703 0.161371648 0.079437889 -0.084482849 -0.027275996 -0.000663491 0.996051311
1305031120.379437 -0.051604938 0.151972935 0.082332343 -0.084099106 -0.027585940 -0.001206202 0.996074736
1305031120.415445 -0.048835292 0.136581182 0.086458012 -0.081342831 -0.029538909 -0.001288222 0.996247530
1305031120.447417 -0.050179683 0.134555757 0.088928699 -0.071816467 -0.029489335 -0.001592222 0.996980548
1305031120.479432 -0.048745431 0.122131474 0.093282312 -0.071195677 -0.030877752 -0.001003539 0.996983826
1305031120.514819 -0.049538005 0.110891916 0.097874217 -0.065867469 -0.032435939 0.001024487 0.997300506
1305031120.547736 -0.050310332 0.103895709 0.101647973 -0.059088808 -0.035200302 0.002858178 0.997627854
1305031120.579551 -0.051630080 0.096216887 0.104762711 -0.056131914 -0.038358551 0.005770009 0.997669578
1305031120.615236 -0.049552836 0.086312562 0.109430388 -0.053876314 -0.043495372 0.008030668 0.997567534
1305031120.647354 -0.048293009 0.078985102 0.113106854 -0.049061913 -0.046726093 0.008375623 0.997667015
1305031120.679318 -0.046522141 0.073391713 0.116778031 -0.046147924 -0.048777208 0.009381047 0.997698963
1305031120.714522 -0.046661880 0.065578565 0.120457798 -0.044394400 -0.049222074 0.010085103 0.997749805
1305031120.747369 -0.047344767 0.056949943 0.123773038 -0.043818854 -0.051195029 0.010188651 0.997674882
1305031120.779894 -0.044586092 0.047214139 0.128255352 -0.042484507 -0.054384492 0.010355110 0.997562110
1305031120.814944 -0.045039631 0.042010874 0.129955322 -0.039114892 -0.054233350 0.009581078 0.997715890
1305031120.847921 -0.044424091 0.033495050 0.133617789 -0.040411104 -0.055533409 0.007843220 0.997607887
1305031120.883435 -0.042057961 0.023887876 0.137162969 -0.038769647 -0.056059748 0.006065903 0.997655988
1305031120.915444 -0.043342847 0.018284118 0.137535259 -0.037008643 -0.053944245 0.004055460 0.997849643
1305031120.947488 -0.043741923 0.009052460 0.140428260 -0.037841879 -0.053594053 0.001856863 0.997843802
1305031120.983366 -0.044605874 0.001178804 0.143259823 -0.037453692 -0.053346518 -0.000249160 0.997873366
1305031121.015019 -0.043894138 -0.008253209 0.145656988 -0.036709215 -0.054454796 -0.001357469 0.997840285
1305031121.047498 -0.045075029 -0.013196394 0.146777421 -0.035356384 -0.053796515 -0.002362231 0.997923017
1305031121.083099 -0.046610788 -0.025125770 0.149633959 -0.035955273 -0.054609295 -0.003681059 0.997853458
1305031121.114696 -0.045350727 -0.030972997 0.150861084 -0.033023123 -0.056514233 -0.003074066 0.997850776
1305031121.147331 -0.046006728 -0.038906828 0.152583987 -0.031652030 -0.056990910 -0.003528591 0.997866571
1305031121.183271 -0.046197854 -0.047292314 0.154798895 -0.030295623 -0.058423139 -0.004141591 0.997823536
1305031121.211420 -0.044297569 -0.056451496 0.157765150 -0.028406324 -0.058786280 -0.004406207 0.997856617
1305031121.247194 -0.047207169 -0.061513014 0.157983005 -0.025840230 -0.056331232 -0.004944441 0.998065472
1305031121.282876 -0.047274519 -0.071263790 0.161527917 -0.026884647 -0.057946734 -0.003803278 0.997950375
1305031121.313568 -0.046065778 -0.081432790 0.164965555 -0.025101487 -0.058554545 -0.003055473 0.997963905
1305031121.347517 -0.049232334 -0.087287024 0.165583581 -0.022762839 -0.058486156 -0.002104539 0.998026490
1305031121.383226 -0.046156440 -0.098970756 0.171133965 -0.022670986 -0.061239772 -0.001242497 0.997864783
1305031121.414318 -0.046610761 -0.105727136 0.172498420 -0.018000143 -0.060141798 -0.002648784 0.998024046
1305031121.447319 -0.047024034 -0.111284949 0.174677223 -0.016384438 -0.059656557 -0.002148691 0.998082161
1305031121.482964 -0.044710211 -0.123176180 0.180557579 -0.016350994 -0.058723629 -0.000658581 0.998140156
1305031121.514107 -0.049178019 -0.127475515 0.178402737 -0.012265585 -0.055167958 -0.000326559 0.998401701
1305031121.547270 -0.049408648 -0.132256061 0.179959983 -0.013083364 -0.054961395 -0.000121133 0.998402774
1305031121.583204 -0.048508596 -0.142499268 0.184783176 -0.015636083 -0.054145269 -0.000682289 0.998410404
1305031121.614700 -0.047849223 -0.149748057 0.187025100 -0.014792447 -0.052672897 -0.001820843 0.998500586
1305031121.647183 -0.046745911 -0.154221714 0.188887119 -0.013984872 -0.048943765 -0.004398702 0.998693943
1305031121.683200 -0.050831936 -0.160728216 0.190109983 -0.016361346 -0.043855321 -0.006070016 0.998885453
1305031121.714520 -0.052750964 -0.168083295 0.191392407 -0.017596247 -0.042572364 -0.004910161 0.998926342
1305031121.747145 -0.052571557 -0.171669140 0.193563551 -0.018977601 -0.042512733 -0.004833345 0.998903990
1305031121.782835 -0.051501263 -0.178715736 0.196822301 -0.021512095 -0.042575836 -0.002508625 0.998858452
1305031121.811540 -0.049621932 -0.182062715 0.199666709 -0.022633269 -0.042072531 -0.000507832 0.998858035
1305031121.847335 -0.049966425 -0.184401050 0.200849861 -0.024418725 -0.040367212 0.002476360 0.998883426
1305031121.882060 -0.051186126 -0.186918393 0.201222569 -0.027019057 -0.039668676 0.008476803 0.998811543
1305031121.914931 -0.052169871 -0.187892318 0.200893283 -0.028973477 -0.040936232 0.010757106 0.998683691
1305031121.947288 -0.049465258 -0.188429549 0.202837124 -0.029229067 -0.044039078 0.010663529 0.998545229
1305031121.982926 -0.049108304 -0.183631033 0.201917380 -0.028181439 -0.043666907 0.009895855 0.998599589
1305031122.014256 -0.050476268 -0.181991637 0.200571314 -0.029122394 -0.043143634 0.007931538 0.998612821
1305031122.047306 -0.050538130 -0.176825494 0.198425174 -0.027577275 -0.044466630 0.004357084 0.998620689
1305031122.082959 -0.049289189 -0.171527117 0.196910337 -0.026797676 -0.045417737 0.000800002 0.998608291
1305031122.114672 -0.050651100 -0.161554351 0.192608014 -0.024320431 -0.044870403 -0.002896152 0.998692572
1305031122.150725 -0.049275234 -0.154164732 0.190056190 -0.024692722 -0.045622833 -0.008073208 0.998620868
1305031122.183042 -0.048061833 -0.144646972 0.187031418 -0.022437293 -0.045049377 -0.012815218 0.998650551
1305031122.214959 -0.049377047 -0.123866022 0.182462871 -0.021068545 -0.043087285 -0.017663570 0.998692930
1305031122.251319 -0.049913235 -0.121255010 0.180507690 -0.028373566 -0.042363387 -0.021303872 0.998472035
1305031122.283560 -0.052280650 -0.110657550 0.174852580 -0.028389208 -0.042285897 -0.023325587 0.998429716
1305031122.314289 -0.055534661 -0.091364220 0.169960558 -0.030513383 -0.043323744 -0.027923184 0.998204529
1305031122.351327 -0.053902656 -0.087162524 0.167800233 -0.038515769 -0.046565447 -0.030069372 0.997719407
1305031122.382630 -0.056543302 -0.074721627 0.161550790 -0.041775357 -0.047563296 -0.031037359 0.997511506
1305031122.414997 -0.058649555 -0.069009990 0.157864764 -0.046267509 -0.051146057 -0.031721998 0.997114360
1305031122.451257 -0.059575282 -0.058980960 0.151494294 -0.047643408 -0.055300303 -0.030658541 0.996861041
1305031122.483360 -0.060027763 -0.050702285 0.148039609 -0.050650258 -0.060093559 -0.030546330 0.996438742
1305031122.515097 -0.058146842 -0.042116776 0.143372715 -0.051773481 -0.064559504 -0.031681336 0.996066153
1305031122.551490 -0.055442557 -0.032208581 0.138391659 -0.052724820 -0.066277787 -0.033132762 0.995856166
1305031122.583208 -0.055867393 -0.024185902 0.134855270 -0.054092173 -0.064829275 -0.034661982 0.995826125
1305031122.614980 -0.059142649 -0.017987523 0.131180763 -0.055246726 -0.063910209 -0.034061272 0.995842934
1305031122.648788 -0.058793873 -0.008101075 0.126407638 -0.053372402 -0.065934785 -0.032915361 0.995851696
1305031122.683402 -0.059472099 0.001417545 0.122136749 -0.052477263 -0.066818431 -0.031488705 0.995886505
1305031122.715208 -0.061679393 0.010011440 0.118311733 -0.052244943 -0.068654731 -0.028932301 0.995851338
1305031122.751298 -0.059123106 0.023158660 0.115112536 -0.050402332 -0.072253913 -0.027826352 0.995723188
1305031122.783423 -0.058340847 0.036567487 0.111964136 -0.051869135 -0.072725371 -0.028221898 0.995602429
1305031122.812555 -0.056130074 0.042114705 0.111094497 -0.057677139 -0.072889879 -0.028897591 0.995251417
1305031122.851418 -0.052671380 0.050475955 0.110164300 -0.059022505 -0.070342489 -0.030734275 0.995300829
1305031122.883754 -0.054361116 0.059989892 0.106651537 -0.061346598 -0.063226320 -0.029890008 0.995663404
1305031122.914571 -0.057856593 0.064041436 0.105149209 -0.065583423 -0.059505835 -0.029481910 0.995634794
1305031122.951341 -0.058377128 0.070319265 0.102946930 -0.066469319 -0.058656801 -0.028430037 0.995657027
1305031122.982815 -0.060323104 0.080222756 0.099723577 -0.066874899 -0.057977289 -0.024589624 0.995771945
1305031123.015450 -0.059261218 0.084268034 0.098664962 -0.070043325 -0.059593789 -0.021827515 0.995523036
1305031123.051827 -0.058189500 0.089908272 0.096988544 -0.069501370 -0.059563801 -0.020352179 0.995594025
1305031123.082975 -0.058843639 0.101469047 0.093718767 -0.067155331 -0.058399118 -0.017633837 0.995875895
1305031123.113873 -0.058688212 0.110515945 0.091408573 -0.069482803 -0.057285868 -0.015269506 0.995819926
1305031123.150822 -0.059464794 0.117295936 0.089990228 -0.072141193 -0.056221332 -0.015109084 0.995693982
1305031123.182155 -0.056303337 0.128116786 0.089389160 -0.072816536 -0.055876039 -0.014452668 0.995674014
1305031123.214704 -0.055890113 0.137253284 0.088556617 -0.076317012 -0.051279601 -0.014902994 0.995652556
1305031123.250618 -0.057334889 0.150726244 0.086164616 -0.079234578 -0.046781644 -0.016023962 0.995628715
1305031123.282347 -0.054820657 0.158181965 0.086830840 -0.087606914 -0.044983655 -0.013006036 0.995053947
1305031123.311327 -0.053276256 0.164938226 0.086860813 -0.092822015 -0.041602559 -0.012293484 0.994737267
1305031123.350481 -0.053174064 0.172267258 0.086493284 -0.097338431 -0.037416175 -0.011554929 0.994480610
1305031123.382255 -0.050026104 0.180684164 0.086349964 -0.101048499 -0.034249719 -0.007997938 0.994259596
1305031123.411363 -0.051061329 0.185378104 0.085623235 -0.104709156 -0.028826153 -0.006362129 0.994064629
1305031123.451255 -0.051754106 0.194161162 0.083592966 -0.105551943 -0.025981374 -0.004692974 0.994063258
1305031123.483594 -0.051292542 0.202684596 0.082657166 -0.108489655 -0.024156710 -0.000146251 0.993804038
1305031123.511360 -0.050144121 0.206331268 0.081696361 -0.112660423 -0.022857381 0.002439285 0.993367612
1305031123.551513 -0.050978623 0.215580896 0.081242874 -0.112494029 -0.022483701 0.004922250 0.993385792
1305031123.579583 -0.048728753 0.221842155 0.081017166 -0.114425190 -0.023007827 0.008448708 0.993129432
1305031123.611335 -0.047651742 0.229893535 0.079331584 -0.114335746 -0.021887777 0.009851362 0.993152201
1305031123.652411 -0.045731775 0.235884130 0.078744523 -0.118068673 -0.020498127 0.009738180 0.992746055
1305031123.683753 -0.043595728 0.244450301 0.078358062 -0.119892247 -0.017973414 0.011022897 0.992563009
1305031123.711323 -0.042704180 0.250865102 0.078050509 -0.123150513 -0.014714433 0.012357202 0.992201984
1305031123.751723 -0.042351250 0.254087895 0.077599160 -0.126201034 -0.012856671 0.014131270 0.991820693
1305031123.783858 -0.043678772 0.255628943 0.076505139 -0.128198266 -0.012285924 0.015812650 0.991546392
1305031123.811608 -0.043779183 0.255050600 0.075580537 -0.130343482 -0.012274786 0.016953532 0.991247952
1305031123.851444 -0.043935549 0.254251927 0.074496180 -0.132229999 -0.012172433 0.019129880 0.990959704
1305031123.883786 -0.045164134 0.246779352 0.073743105 -0.136208296 -0.012552080 0.020071629 0.990397334
1305031123.911243 -0.042846296 0.247044697 0.073977858 -0.131856382 -0.015415544 0.019038705 0.990966082
1305031123.951442 -0.042670373 0.249757409 0.074189916 -0.129343241 -0.016113926 0.020599507 0.991254926
1305031123.983415 -0.045274738 0.235494211 0.074728578 -0.137647107 -0.016611639 0.022444749 0.990087628
1305031124.011302 -0.046425223 0.226607457 0.076419428 -0.135012910 -0.019859115 0.021907860 0.990402520
1305031124.051505 -0.046657618 0.229610443 0.077096544 -0.126503646 -0.022809191 0.022145459 0.991456568
1305031124.083837 -0.046137128 0.221951336 0.079639517 -0.127291799 -0.025901908 0.023103377 0.991257846
1305031124.111331 -0.044330399 0.208704934 0.083121896 -0.124951176 -0.029861283 0.021798782 0.991473794
1305031124.147446 -0.045142606 0.209642261 0.084927246 -0.115953445 -0.030819269 0.019801022 0.992578924
1305031124.182694 -0.044757172 0.200106204 0.088098571 -0.116674945 -0.032160796 0.018074933 0.992484748
1305031124.211396 -0.042977214 0.188935950 0.091463998 -0.112497889 -0.034349184 0.015887726 0.992930949
1305031124.249327 -0.045437079 0.185966536 0.092344597 -0.105155595 -0.034336537 0.015235161 0.993746042
1305031124.282545 -0.047391139 0.181562275 0.093780085 -0.103353359 -0.037545089 0.015086154 0.993821323
1305031124.311361 -0.042899728 0.164986581 0.097523548 -0.104412690 -0.044070106 0.015735239 0.993432522
1305031124.350354 -0.043904673 0.160961568 0.098627344 -0.097458512 -0.046738822 0.014494474 0.994035840
1305031124.382420 -0.040764805 0.150914297 0.100697294 -0.095184833 -0.050511956 0.013506644 0.994085491
1305031124.411439 -0.041437864 0.142306611 0.102785274 -0.090035297 -0.051480196 0.012896251 0.994523585
1305031124.450245 -0.041374244 0.131830558 0.104695097 -0.084117040 -0.052692197 0.010737621 0.995003819
1305031124.480099 -0.041498479 0.119498365 0.106526233 -0.079423264 -0.053664286 0.008407747 0.995359957
1305031124.511324 -0.042668507 0.112793952 0.107771009 -0.071832485 -0.054844905 0.006251334 0.995888054
1305031124.550437 -0.044226609 0.103370324 0.109344907 -0.067990802 -0.055784941 0.003205165 0.996119976
1305031124.579404 -0.044468045 0.093238980 0.111532345 -0.064529732 -0.058211394 0.000999629 0.996215999
1305031124.611358 -0.043786373 0.081669815 0.114874043 -0.060601518 -0.061158575 -0.001154909 0.996285975
1305031124.651271 -0.044593856 0.073053002 0.117121145 -0.056632180 -0.062979206 -0.003089987 0.996401966
1305031124.679362 -0.042137668 0.060599938 0.121273167 -0.054022700 -0.066018835 -0.004383038 0.996345222
1305031124.711251 -0.042076211 0.052541643 0.124168210 -0.049086865 -0.066120185 -0.006662822 0.996581256
1305031124.749890 -0.042918675 0.041527633 0.127800822 -0.047520559 -0.065979891 -0.008142539 0.996655464
1305031124.779365 -0.043384302 0.030282158 0.131383523 -0.044836760 -0.067150794 -0.009196777 0.996692419
1305031124.811360 -0.043616507 0.023078943 0.134112298 -0.041855555 -0.067968667 -0.009897985 0.996759951
1305031124.850535 -0.043435484 0.011898478 0.139767632 -0.042260837 -0.069677226 -0.010260742 0.996621192
1305031124.879355 -0.039509829 0.000152345 0.146148875 -0.040843055 -0.071450844 -0.010559606 0.996551633
1305031124.911448 -0.040356740 -0.006427572 0.149565279 -0.038699612 -0.068506777 -0.010840486 0.996840835
1305031124.950730 -0.040429533 -0.016086038 0.155207366 -0.041705854 -0.067326277 -0.010997776 0.996798337
1305031124.979438 -0.041345112 -0.032190047 0.161987945 -0.042677078 -0.066430256 -0.009071663 0.996836722
1305031125.011454 -0.044882879 -0.040246908 0.164665774 -0.037614916 -0.067519963 -0.008227346 0.996974647
1305031125.050763 -0.041510426 -0.044974796 0.168672055 -0.034972992 -0.070962943 -0.007082558 0.996840537
1305031125.079364 -0.041564457 -0.054118749 0.173177093 -0.036101613 -0.070010409 -0.004155357 0.996884108
1305031125.111364 -0.042930182 -0.065225475 0.176974744 -0.036129147 -0.070676751 -0.002999369 0.996840298
1305031125.151013 -0.040994398 -0.071605213 0.180598587 -0.031832762 -0.071822554 -0.004959267 0.996896982
1305031125.179353 -0.042912915 -0.075075738 0.180563152 -0.031363115 -0.068330094 -0.004691291 0.997158647
1305031125.211320 -0.044749305 -0.085992925 0.185009360 -0.035523068 -0.066592865 -0.004498170 0.997137547
1305031125.250632 -0.046944603 -0.096713983 0.187642068 -0.034356639 -0.065908089 -0.007094028 0.997208834
1305031125.279467 -0.046966013 -0.100600503 0.189013854 -0.031029871 -0.065983087 -0.008024814 0.997305870
1305031125.311493 -0.047268692 -0.109335318 0.193639144 -0.031385843 -0.064435214 -0.007696464 0.997398496
1305031125.348880 -0.049517710 -0.114177369 0.193917528 -0.027419703 -0.062464695 -0.010581449 0.997614324
1305031125.379401 -0.046249449 -0.117784165 0.198701531 -0.027108224 -0.061877768 -0.014567670 0.997609198
1305031125.411335 -0.045719288 -0.122123629 0.201997295 -0.027223881 -0.055963203 -0.015350163 0.997943580
1305031125.451195 -0.047881685 -0.127703026 0.203595877 -0.030450348 -0.050018195 -0.017320545 0.998133719
1305031125.479424 -0.047400102 -0.136855498 0.206653297 -0.031396918 -0.046537306 -0.019070953 0.998240888
1305031125.511316 -0.048854660 -0.136020303 0.206053823 -0.029758181 -0.042082790 -0.019675741 0.998477042
1305031125.551020 -0.048399940 -0.138723582 0.207080007 -0.030905629 -0.039297219 -0.021289913 0.998522580
1305031125.579308 -0.047772367 -0.140583485 0.208461970 -0.032376021 -0.036029343 -0.023665341 0.998545766
1305031125.611533 -0.048865899 -0.145847395 0.208237335 -0.032774020 -0.032475520 -0.024141816 0.998643279
1305031125.650575 -0.053943750 -0.148516461 0.204214975 -0.028997270 -0.030398354 -0.021276349 0.998890579
1305031125.679328 -0.057335164 -0.142143205 0.197781786 -0.023768548 -0.033205975 -0.020241840 0.998960793
1305031125.711443 -0.054489613 -0.143160284 0.198406622 -0.023187703 -0.039858371 -0.018432379 0.998766184
1305031125.751260 -0.051697351 -0.132449657 0.193752006 -0.016795740 -0.042995464 -0.016806560 0.998792708
1305031125.779348 -0.050222546 -0.126135886 0.191340953 -0.016653804 -0.044363927 -0.019504471 0.998686135
1305031125.811573 -0.048767336 -0.117108792 0.187960953 -0.015504322 -0.044057060 -0.020482788 0.998698652
1305031125.847412 -0.049901642 -0.111164503 0.185259685 -0.017613722 -0.042162415 -0.022678582 0.998698056
1305031125.879318 -0.051852405 -0.103491530 0.180921495 -0.017379038 -0.042098925 -0.023207430 0.998692691
1305031125.911305 -0.055232979 -0.091768615 0.176439479 -0.019531896 -0.044070836 -0.022154352 0.998591721
1305031125.947343 -0.057213813 -0.090013303 0.171646252 -0.024580561 -0.049903296 -0.019925477 0.998252690
1305031125.979324 -0.055358954 -0.078756697 0.168784022 -0.024110757 -0.057994250 -0.016195631 0.997894287
1305031126.011333 -0.051824860 -0.066525608 0.167431459 -0.025082855 -0.064680628 -0.016321143 0.997457206
1305031126.047324 -0.046749696 -0.054633226 0.166316450 -0.027271101 -0.067808814 -0.015524636 0.997204721
1305031126.079356 -0.045478806 -0.042319953 0.164736375 -0.030546669 -0.066660523 -0.014100454 0.997208357
1305031126.111370 -0.045503281 -0.034993991 0.163920641 -0.034807682 -0.065748766 -0.015427710 0.997109592
1305031126.147432 -0.045899950 -0.019036109 0.161162704 -0.034893569 -0.064194568 -0.013694627 0.997233152
1305031126.179384 -0.046153437 -0.005698833 0.157813281 -0.040433332 -0.064043701 -0.012247113 0.997052431
1305031126.211319 -0.043386076 0.000957724 0.157964051 -0.045836944 -0.065715350 -0.011967414 0.996713221
1305031126.247298 -0.042378467 0.015573905 0.154573768 -0.046976961 -0.064562947 -0.011474555 0.996741235
1305031126.279363 -0.041401409 0.025952112 0.154026702 -0.050747897 -0.063178226 -0.012536261 0.996632338
1305031126.311332 -0.039453521 0.037438832 0.151632026 -0.054530319 -0.060699694 -0.013988237 0.996567309
1305031126.347363 -0.039782997 0.045729619 0.150039107 -0.059105668 -0.056710698 -0.015496885 0.996519089
1305031126.379423 -0.041366689 0.055981010 0.147699416 -0.061925612 -0.053209435 -0.016954534 0.996517181
1305031126.411465 -0.042123858 0.066275001 0.144874662 -0.065810576 -0.051258672 -0.018524490 0.996342480
1305031126.447361 -0.042610381 0.071701169 0.142936274 -0.071220994 -0.049570739 -0.018040411 0.996064663
1305031126.479533 -0.044922438 0.080412298 0.139793962 -0.072899781 -0.048710246 -0.015342089 0.996030927
1305031126.511410 -0.045115095 0.093789354 0.136480078 -0.073932484 -0.050274611 -0.013511192 0.995903552
1305031126.547374 -0.041169934 0.101265848 0.135645285 -0.080015995 -0.052318688 -0.012489863 0.995341241
1305031126.579454 -0.039654542 0.108824261 0.134082764 -0.083959535 -0.050702266 -0.010655432 0.995121360
1305031126.611528 -0.039428502 0.116109475 0.132432908 -0.088934280 -0.048872408 -0.009040735 0.994796693
1305031126.647376 -0.036243703 0.118038766 0.132350937 -0.094577998 -0.048410781 -0.006895824 0.994315803
1305031126.679479 -0.036560975 0.123604022 0.130192742 -0.095955841 -0.045830429 -0.002859747 0.994325876
1305031126.711583 -0.035779905 0.129487023 0.128767058 -0.098250240 -0.044472456 0.000425653 0.994167447
1305031126.747316 -0.033979319 0.130013108 0.127554432 -0.100839861 -0.043403413 0.003358647 0.993949771
1305031126.779379 -0.033995446 0.136365995 0.124708325 -0.099330746 -0.042058840 0.006787837 0.994142056
1305031126.811602 -0.030617848 0.139903635 0.123842999 -0.099362008 -0.041296110 0.007281017 0.994167387
1305031126.847343 -0.029699564 0.143092006 0.121726356 -0.099512801 -0.037736129 0.007983254 0.994288445
1305031126.879357 -0.030261431 0.145079091 0.120025218 -0.100195706 -0.035278548 0.008409206 0.994306564
1305031126.911364 -0.029016072 0.145579875 0.118839130 -0.100751095 -0.033496905 0.007689690 0.994317889
1305031126.947437 -0.030093929 0.147227287 0.117327966 -0.101112701 -0.031784270 0.009475131 0.994322002
1305031126.979337 -0.030049227 0.145520836 0.116656125 -0.102486178 -0.032539628 0.010617671 0.994145334
1305031127.011371 -0.029169103 0.145273373 0.116584264 -0.101098560 -0.033868168 0.010953792 0.994239450
1305031127.047297 -0.028664283 0.146469533 0.115870424 -0.099691398 -0.034391981 0.011899358 0.994352639
1305031127.079299 -0.029185265 0.145280778 0.116038576 -0.100499853 -0.034618117 0.012108474 0.994260907
1305031127.111435 -0.031054782 0.142627031 0.116077743 -0.101047881 -0.035902180 0.012989984 0.994148672
1305031127.147307 -0.030690808 0.139943182 0.116637304 -0.100411966 -0.039564215 0.013892950 0.994061947
1305031127.179349 -0.030808454 0.140380770 0.116799913 -0.097497009 -0.042336475 0.013214315 0.994247139
1305031127.211700 -0.029179957 0.138150752 0.118230864 -0.097358741 -0.044590864 0.013058598 0.994164169
1305031127.247374 -0.029151160 0.134071171 0.119781345 -0.096421950 -0.044794045 0.012244593 0.994256675
1305031127.279465 -0.030282952 0.134621516 0.119693108 -0.092962645 -0.044446070 0.011082881 0.994615316
1305031127.311362 -0.031250637 0.131916404 0.121203497 -0.093672246 -0.045030158 0.010392131 0.994529903
1305031127.347356 -0.030584252 0.125161275 0.123729378 -0.093983620 -0.047191348 0.009814293 0.994406223
1305031127.379262 -0.031372838 0.126796544 0.124064185 -0.089673504 -0.047940876 0.009521487 0.994771183
1305031127.411371 -0.032077201 0.124955706 0.125453830 -0.089626804 -0.048846915 0.008796723 0.994737983
1305031127.447333 -0.031778477 0.119900145 0.127921581 -0.090267904 -0.050452162 0.008608502 0.994601488
1305031127.479362 -0.033289272 0.121662408 0.127711594 -0.086951628 -0.050760686 0.007699642 0.994888663
1305031127.511356 -0.033998422 0.120445795 0.129212633 -0.088056110 -0.051726494 0.006498992 0.994750321
1305031127.547348 -0.033287250 0.115885884 0.131640896 -0.089294977 -0.053188074 0.006534826 0.994562566
1305031127.579345 -0.033944346 0.116417423 0.131795987 -0.086844832 -0.053370029 0.006162413 0.994772136
1305031127.611271 -0.034480631 0.117611066 0.132385939 -0.086453229 -0.053733222 0.005834025 0.994788706
1305031127.647358 -0.033648200 0.114490196 0.134396076 -0.088359453 -0.054531131 0.007302945 0.994568050
1305031127.679298 -0.034190856 0.112643026 0.134372547 -0.087292463 -0.054670740 0.008001272 0.994649231
1305031127.711375 -0.034782484 0.114526242 0.134060711 -0.085768186 -0.055213358 0.007427658 0.994756281
1305031127.747304 -0.034087472 0.112083532 0.135223880 -0.087679826 -0.056050617 0.007414814 0.994542897
1305031127.779346 -0.034050405 0.109456159 0.136164695 -0.087479174 -0.056351177 0.007737248 0.994541168
1305031127.811829 -0.034927726 0.111349687 0.135202453 -0.084918112 -0.056307323 0.006528526 0.994774222
1305031127.847366 -0.035709213 0.110440612 0.135193408 -0.085381322 -0.056035485 0.005591538 0.994755626
1305031127.879380 -0.036540650 0.109158427 0.135321766 -0.085736319 -0.056051172 0.005057106 0.994727075
1305031127.911476 -0.037776120 0.109307162 0.135052025 -0.085152276 -0.056337848 0.004560261 0.994763434
1305031127.947366 -0.037776232 0.110599466 0.135594249 -0.085232906 -0.057323977 0.004818008 0.994699001
1305031127.979371 -0.037660770 0.109460250 0.137415662 -0.087223694 -0.058294188 0.004791698 0.994470119
1305031128.011427 -0.036281563 0.109919868 0.139221936 -0.087976858 -0.059115663 0.004648635 0.994355977
1305031128.047369 -0.035200514 0.107329927 0.141521648 -0.091367468 -0.058724150 0.005855734 0.994066954
1305031128.079334 -0.035947375 0.104702845 0.143015265 -0.091985725 -0.057953522 0.006456183 0.994051456
1305031128.111391 -0.035257563 0.104395516 0.144179150 -0.091346569 -0.058644671 0.007381964 0.994063437
1305031128.147418 -0.035096459 0.104367703 0.145166650 -0.091829650 -0.058748547 0.008892244 0.994000435
1305031128.179350 -0.033568945 0.099971950 0.147018179 -0.092883453 -0.059470180 0.010248441 0.993846536
1305031128.211447 -0.034605280 0.101512201 0.146098584 -0.090006121 -0.058786210 0.010697783 0.994147182
1305031128.247480 -0.035030037 0.102239840 0.145914480 -0.089968041 -0.059062492 0.010896755 0.994132102
1305031128.279336 -0.034193091 0.099379234 0.147526741 -0.091111757 -0.059932880 0.010847721 0.993976355
1305031128.311483 -0.034700185 0.100322872 0.147022605 -0.089393578 -0.059690297 0.010361283 0.994152129
1305031128.347423 -0.035573743 0.100787252 0.146304592 -0.089089006 -0.059342582 0.009354203 0.994210303
1305031128.379404 -0.035478067 0.099107750 0.147117123 -0.089909568 -0.059981294 0.007646209 0.994112670
1305031128.411337 -0.035849482 0.098578677 0.146944046 -0.089294307 -0.059871800 0.006504138 0.994182885
1305031128.447296 -0.036815211 0.098490037 0.146346956 -0.088785604 -0.059432812 0.005276490 0.994262040
1305031128.479296 -0.037246812 0.097662993 0.146464482 -0.089133874 -0.059599977 0.004114158 0.994226396
1305031128.511433 -0.036671929 0.097091019 0.146552712 -0.088836640 -0.059751194 0.003334465 0.994246840
1305031128.547399 -0.036093272 0.096722923 0.146821856 -0.089002199 -0.059550535 0.002933719 0.994245291
1305031128.579455 -0.036405087 0.094814703 0.146921262 -0.089107037 -0.058785610 0.002799092 0.994281828
1305031128.611395 -0.037565053 0.094487295 0.146375582 -0.087779671 -0.058395334 0.002997216 0.994422317
1305031128.647352 -0.038633563 0.094701648 0.145361304 -0.087092079 -0.059117511 0.003199788 0.994439483
1305031128.679282 -0.037893735 0.093406901 0.145633712 -0.087155640 -0.060882628 0.002716190 0.994328797
1305031128.711457 -0.036787882 0.093378603 0.145736843 -0.085954003 -0.061362538 0.001880799 0.994405866
1305031128.747363 -0.037248224 0.094002046 0.145117193 -0.084785819 -0.060143754 0.000740817 0.994582057
