#frame chA chB nCorr nA nB MNR GNR DICE
25 0 1 0 270 314 0 0 0
26 0 1 0 275 323 0 0 0
27 0 1 0 245 285 0 0 0
28 0 1 0 282 375 0 0 0
29 0 1 127 274 356 0.463504 0.406634 0.403175
30 0 1 151 268 351 0.563433 0.49233 0.487884
31 0 1 151 253 327 0.596838 0.52498 0.52069
32 0 1 168 235 313 0.714894 0.619446 0.613139
33 0 1 171 338 482 0.505917 0.423657 0.417073
34 0 1 169 349 483 0.484241 0.411624 0.40625
35 0 1 172 371 498 0.463612 0.400154 0.395857
36 0 1 179 360 494 0.497222 0.424461 0.419204
37 0 1 242 372 496 0.650538 0.563382 0.557604
38 0 1 275 363 490 0.757576 0.652051 0.644783
39 0 1 287 366 494 0.784153 0.67496 0.667442
40 0 1 316 375 506 0.842667 0.725431 0.717367
41 0 1 315 373 498 0.844504 0.730872 0.723307
42 0 1 323 384 496 0.841146 0.74011 0.734091
43 0 1 311 374 475 0.831551 0.737866 0.732627
44 0 1 325 389 486 0.835476 0.747464 0.742857
45 0 1 341 394 503 0.865482 0.765989 0.760312
46 0 1 347 399 500 0.869674 0.776887 0.771969
47 0 1 318 376 488 0.845745 0.742375 0.736111
48 0 1 327 386 474 0.84715 0.764478 0.760465
49 0 1 327 367 455 0.891008 0.800219 0.79562
50 0 1 282 350 423 0.805714 0.7329 0.729625
51 0 1 284 341 426 0.832845 0.745137 0.740548
52 0 1 278 335 414 0.829851 0.746487 0.742323
53 0 1 267 333 414 0.801802 0.719099 0.714859
54 0 1 270 316 400 0.85443 0.759434 0.75419
55 0 1 253 307 374 0.824104 0.746647 0.743025
56 0 1 246 291 366 0.845361 0.753786 0.748858
57 0 1 251 291 363 0.862543 0.772278 0.767584
58 0 1 228 354 493 0.644068 0.54577 0.538371
59 0 1 239 330 489 0.724242 0.594958 0.583639
60 0 1 229 322 481 0.71118 0.581882 0.570361
61 0 1 212 316 452 0.670886 0.560949 0.552083
62 0 1 259 303 455 0.854786 0.697546 0.683377
63 0 1 268 291 450 0.920962 0.740597 0.723347
64 0 1 256 284 435 0.901408 0.728343 0.7121
65 0 1 256 279 420 0.917563 0.747848 0.732475
66 0 1 231 265 407 0.871698 0.703383 0.6875
67 0 1 236 260 394 0.907692 0.737356 0.721713
68 0 1 237 264 388 0.897727 0.740509 0.726994
69 0 1 215 255 363 0.843137 0.706667 0.695793
70 0 1 202 365 487 0.553425 0.479116 0.474178
71 0 1 192 347 476 0.553314 0.472425 0.466586
72 0 1 173 300 431 0.576667 0.481113 0.473324
73 0 1 97 182 292 0.532967 0.42077 0.409283
74 0 1 121 237 387 0.510549 0.399536 0.387821
75 0 1 118 200 346 0.59 0.448569 0.432234
76 0 1 107 175 298 0.611429 0.468551 0.452431
77 0 1 108 202 323 0.534653 0.422812 0.411429
78 0 1 111 176 291 0.630682 0.490479 0.475375
79 0 1 107 166 284 0.644578 0.4928 0.475556
80 0 1 96 147 271 0.653061 0.480981 0.45933
81 0 1 109 162 276 0.67284 0.515483 0.497717
82 0 1 108 154 281 0.701299 0.519171 0.496552
83 0 1 103 153 281 0.673203 0.496751 0.474654
84 0 1 111 157 272 0.707006 0.537142 0.517483
85 0 1 111 162 287 0.685185 0.514783 0.494432
86 0 1 118 169 283 0.698225 0.539567 0.522124
87 0 1 133 177 288 0.751412 0.589073 0.572043
88 0 1 141 190 302 0.742105 0.588625 0.573171
89 0 1 118 157 280 0.751592 0.562799 0.540046
90 0 1 118 157 274 0.751592 0.568927 0.547564
91 0 1 159 286 462 0.555944 0.437414 0.425134
92 0 1 176 288 482 0.611111 0.472382 0.457143
93 0 1 179 280 467 0.639286 0.495012 0.47925
94 0 1 226 311 486 0.726688 0.581313 0.567127
95 0 1 286 364 500 0.785714 0.670394 0.662037
96 0 1 291 369 496 0.788618 0.680204 0.672832
97 0 1 321 353 512 0.909348 0.755062 0.742197
98 0 1 311 375 491 0.829333 0.724776 0.718245
99 0 1 328 384 509 0.854167 0.741907 0.734602
100 0 1 350 393 509 0.890585 0.782551 0.776053
101 0 1 376 413 530 0.910412 0.803665 0.797455
102 0 1 393 435 547 0.903448 0.805665 0.800407
103 0 1 420 458 542 0.917031 0.842979 0.84
104 0 1 424 459 572 0.923747 0.827488 0.822502
105 0 1 440 458 569 0.960699 0.861914 0.856865
106 0 1 423 434 551 0.974654 0.865007 0.858883
107 0 1 387 419 526 0.923628 0.824349 0.819048
108 0 1 371 393 505 0.94402 0.832783 0.826281
109 0 1 356 426 591 0.835681 0.709498 0.700098
110 0 1 337 425 557 0.792941 0.69264 0.686354
111 0 1 307 380 501 0.807895 0.703603 0.696935
112 0 1 296 402 604 0.736318 0.600704 0.588469
113 0 1 286 384 562 0.744792 0.615648 0.604651
114 0 1 279 358 532 0.77933 0.639303 0.626966
115 0 1 258 329 515 0.784195 0.626784 0.611374
116 0 1 267 401 639 0.665835 0.527459 0.513462
117 0 1 280 394 584 0.71066 0.583719 0.572597
118 0 1 257 354 522 0.725989 0.597856 0.586758
119 0 1 257 423 631 0.607565 0.497449 0.487666
120 0 1 268 404 638 0.663366 0.527878 0.514395
121 0 1 277 390 591 0.710256 0.576971 0.56473
122 0 1 290 363 600 0.798898 0.621397 0.602285
123 0 1 310 372 567 0.833333 0.674992 0.660277
124 0 1 326 373 564 0.873995 0.710761 0.695838
125 0 1 266 330 491 0.806061 0.660821 0.64799
126 0 1 259 332 591 0.78012 0.584705 0.561213
127 0 1 254 367 558 0.692098 0.561285 0.549189
128 0 1 265 340 555 0.779412 0.610042 0.592179
129 0 1 279 394 654 0.708122 0.549626 0.532443
130 0 1 312 419 670 0.74463 0.588857 0.573003
131 0 1 349 440 659 0.793182 0.648121 0.635123
132 0 1 379 477 706 0.794549 0.653097 0.640744
133 0 1 396 455 686 0.87033 0.708806 0.694128
134 0 1 434 481 713 0.902287 0.741093 0.726968
135 0 1 421 496 654 0.84879 0.739184 0.732174
136 0 1 432 482 662 0.896266 0.764771 0.755245
137 0 1 421 478 646 0.880753 0.757621 0.74911
138 0 1 443 495 691 0.894949 0.757464 0.747049
139 0 1 446 497 682 0.897384 0.766063 0.756573
140 0 1 415 464 649 0.894397 0.756252 0.745732
141 0 1 426 464 612 0.918103 0.79942 0.791822
142 0 1 453 483 619 0.937888 0.828475 0.822142
143 0 1 452 471 629 0.95966 0.830429 0.821818
144 0 1 427 450 586 0.948889 0.83152 0.824324
145 0 1 440 513 660 0.8577 0.756175 0.750213
146 0 1 448 500 665 0.896 0.776931 0.769099
147 0 1 459 495 633 0.927273 0.819989 0.81383
148 0 1 454 487 628 0.932238 0.82094 0.81435
149 0 1 440 455 620 0.967033 0.828421 0.818605
150 0 1 459 465 596 0.987097 0.871893 0.865222
151 0 1 455 454 589 1.0022 0.879885 0.872483
152 0 1 428 440 581 0.972727 0.846505 0.838394
153 0 1 440 430 579 1.02326 0.881818 0.872151
154 0 1 398 368 527 1.08152 0.903762 0.889385
155 0 1 394 378 598 1.04233 0.828705 0.807377
156 0 1 374 410 566 0.912195 0.776375 0.766393
157 0 1 354 396 533 0.893939 0.770534 0.76211
158 0 1 330 386 506 0.854922 0.746698 0.73991
159 0 1 333 374 492 0.890374 0.776293 0.769053
160 0 1 325 350 480 0.928571 0.792919 0.783133
161 0 1 329 408 541 0.806373 0.700273 0.693361
162 0 1 366 446 564 0.820628 0.72975 0.724752
163 0 1 372 447 569 0.832215 0.737621 0.732283
164 0 1 343 419 529 0.818616 0.72855 0.723629
165 0 1 361 418 539 0.863636 0.760545 0.754441
166 0 1 380 436 547 0.87156 0.77812 0.773143
167 0 1 409 455 572 0.898901 0.801714 0.796495
168 0 1 424 499 644 0.849699 0.74795 0.741907
169 0 1 392 505 627 0.776238 0.696637 0.69258
170 0 1 411 497 637 0.826962 0.730456 0.724868
171 0 1 418 498 622 0.839357 0.751046 0.746429
172 0 1 421 477 609 0.8826 0.781114 0.775322
173 0 1 421 467 595 0.901499 0.798666 0.792844
174 0 1 359 397 548 0.904282 0.769678 0.759788
175 0 1 311 380 538 0.818421 0.687824 0.67756
176 0 1 208 255 403 0.815686 0.648845 0.632219
177 0 1 207 282 465 0.734043 0.571636 0.554217
178 0 1 210 287 448 0.731707 0.585652 0.571429
179 0 1 168 280 435 0.6 0.481377 0.46993
180 0 1 130 234 354 0.555556 0.451683 0.442177
181 0 1 148 283 446 0.522968 0.416583 0.406036
182 0 1 127 234 399 0.542735 0.415632 0.401264
183 0 1 128 252 401 0.507937 0.402659 0.392037
184 0 1 116 233 359 0.497854 0.401082 0.391892
185 0 1 117 246 401 0.47561 0.372517 0.361669
186 0 1 121 234 378 0.517094 0.406847 0.395425
187 0 1 119 253 405 0.470356 0.371757 0.361702
188 0 1 113 235 392 0.480851 0.372307 0.360447
189 0 1 117 283 426 0.413428 0.336967 0.330042
190 0 1 79 164 275 0.481707 0.371996 0.359909
191 0 1 82 189 367 0.433862 0.311351 0.294964
192 0 1 91 223 362 0.408072 0.320284 0.311111
193 0 1 80 160 306 0.5 0.361551 0.343348
194 0 1 84 186 345 0.451613 0.331599 0.316384
195 0 1 81 133 289 0.609023 0.413152 0.383886
196 0 1 87 171 337 0.508772 0.362415 0.34252
197 0 1 94 165 319 0.569697 0.409723 0.38843
198 0 1 102 166 290 0.614458 0.464887 0.447368
199 0 1 99 156 281 0.634615 0.472846 0.453089
200 0 1 83 170 352 0.488235 0.339299 0.318008
201 0 1 90 187 330 0.481283 0.362297 0.348162
202 0 1 95 159 320 0.597484 0.421163 0.39666
203 0 1 98 160 311 0.6125 0.439325 0.416136
204 0 1 106 174 359 0.609195 0.424115 0.397749
205 0 1 118 218 397 0.541284 0.401105 0.38374
206 0 1 134 212 388 0.632075 0.46722 0.446667
207 0 1 132 199 370 0.663317 0.486459 0.463972
208 0 1 139 217 408 0.640553 0.467148 0.4448
209 0 1 129 164 347 0.786585 0.540758 0.504892
210 0 1 142 163 353 0.871166 0.59198 0.550388
211 0 1 126 171 352 0.736842 0.513572 0.481836
212 0 1 172 206 442 0.834951 0.570012 0.530864
213 0 1 116 174 341 0.666667 0.476218 0.450485
214 0 1 121 176 374 0.6875 0.471621 0.44
215 0 1 130 171 351 0.760234 0.53063 0.498084
216 0 1 143 215 451 0.665116 0.459228 0.429429
217 0 1 177 225 439 0.786667 0.563183 0.533133
218 0 1 190 252 452 0.753968 0.562968 0.539773
219 0 1 203 311 482 0.652733 0.524315 0.51198
220 0 1 222 310 527 0.716129 0.549246 0.530466
221 0 1 250 367 550 0.681199 0.556449 0.545256
222 0 1 271 374 539 0.724599 0.603586 0.593647
223 0 1 295 362 543 0.814917 0.665377 0.651934
224 0 1 299 400 505 0.7475 0.665266 0.660773
225 0 1 307 399 569 0.769424 0.644311 0.634298
226 0 1 306 367 544 0.833787 0.68484 0.671789
227 0 1 377 407 567 0.92629 0.784788 0.774127
228 0 1 395 480 579 0.822917 0.749268 0.745987
229 0 1 411 467 636 0.880086 0.754145 0.74524
230 0 1 402 435 618 0.924138 0.775331 0.763533
231 0 1 383 367 573 1.0436 0.835196 0.814894
232 0 1 370 396 591 0.934343 0.764822 0.749747
233 0 1 350 362 586 0.966851 0.759915 0.738397
234 0 1 367 374 562 0.981283 0.800501 0.784188
235 0 1 338 364 548 0.928571 0.756791 0.741228
236 0 1 346 413 583 0.837772 0.705126 0.694779
237 0 1 343 388 557 0.884021 0.73782 0.725926
238 0 1 295 329 520 0.896657 0.713218 0.694935
239 0 1 288 373 547 0.772118 0.637594 0.626087
240 0 1 348 418 583 0.832536 0.704948 0.695305
241 0 1 335 394 537 0.850254 0.728299 0.719656
242 0 1 296 347 501 0.853026 0.709918 0.698113
243 0 1 328 416 570 0.788462 0.673581 0.665314
244 0 1 342 413 550 0.828087 0.717579 0.71028
245 0 1 323 386 511 0.836788 0.727275 0.720178
246 0 1 310 338 503 0.91716 0.751829 0.737218
247 0 1 330 396 550 0.833333 0.707107 0.697674
248 0 1 341 415 536 0.821687 0.723016 0.71714
249 0 1 312 382 530 0.816754 0.693402 0.684211
250 0 1 333 384 506 0.867188 0.755446 0.748315
251 0 1 369 410 556 0.9 0.772853 0.763975
252 0 1 364 385 529 0.945455 0.806572 0.796499
253 0 1 349 416 534 0.838942 0.740471 0.734737
254 0 1 347 387 499 0.896641 0.78963 0.783296
255 0 1 352 419 555 0.840095 0.729943 0.722793
256 0 1 364 442 568 0.823529 0.726467 0.720792
257 0 1 368 442 535 0.832579 0.756763 0.753327
258 0 1 347 419 514 0.828162 0.747723 0.743837
259 0 1 387 415 511 0.93253 0.840381 0.835853
260 0 1 416 486 578 0.855967 0.784894 0.781955
261 0 1 433 482 603 0.89834 0.803167 0.798157
262 0 1 410 480 609 0.854167 0.758324 0.752984
263 0 1 420 477 603 0.880503 0.783126 0.777778
264 0 1 471 493 615 0.955375 0.855382 0.850181
265 0 1 503 475 618 1.05895 0.928383 0.920403
266 0 1 523 500 649 1.046 0.918109 0.910357
267 0 1 492 491 623 1.00204 0.88957 0.883303
268 0 1 506 504 609 1.00397 0.913328 0.909254
269 0 1 520 498 633 1.04418 0.926162 0.91954
270 0 1 501 426 579 1.17606 1.00877 0.997015
271 0 1 526 466 601 1.12876 0.993929 0.985942
272 0 1 498 503 587 0.99006 0.916487 0.913761
273 0 1 481 443 559 1.08578 0.966579 0.96008
274 0 1 509 546 631 0.932234 0.867175 0.864911
275 0 1 485 552 604 0.878623 0.839951 0.8391
276 0 1 517 549 615 0.941712 0.889748 0.888316
277 0 1 482 534 614 0.902622 0.841768 0.839721
278 0 1 522 532 593 0.981203 0.929367 0.928
279 0 1 314 306 414 1.02614 0.882203 0.872222
280 0 1 490 447 606 1.0962 0.941469 0.930674
281 0 1 432 409 579 1.05623 0.887734 0.874494
282 0 1 444 408 574 1.08824 0.917481 0.904277
283 0 1 407 472 566 0.862288 0.787436 0.7842
284 0 1 419 376 571 1.11436 0.904278 0.8849
285 0 1 403 361 570 1.11634 0.888411 0.865736
286 0 1 424 359 579 1.18106 0.929992 0.904051
287 0 1 123 158 295 0.778481 0.569725 0.543046
288 0 1 139 170 316 0.817647 0.599718 0.572016
289 0 1 283 282 507 1.00355 0.748442 0.717364
290 0 1 296 270 548 1.0963 0.769519 0.723716
291 0 1 306 343 522 0.892128 0.723168 0.707514
292 0 1 292 383 508 0.762402 0.66199 0.655443
293 0 1 297 392 545 0.757653 0.642562 0.633938
294 0 1 237 228 488 1.03947 0.710511 0.662011
295 0 1 200 197 401 1.01523 0.711582 0.668896
296 0 1 154 173 369 0.890173 0.609515 0.568266
297 0 1 136 159 316 0.855346 0.606732 0.572632
298 0 1 213 262 460 0.812977 0.61355 0.590028
299 0 1 146 160 332 0.9125 0.633467 0.593496
300 0 1 117 145 317 0.806897 0.545723 0.506494
301 0 1 140 163 368 0.858896 0.571624 0.527307
302 0 1 137 143 331 0.958042 0.629707 0.578059
303 0 1 179 223 462 0.802691 0.557673 0.522628
304 0 1 166 210 388 0.790476 0.581544 0.555184
305 0 1 182 234 408 0.777778 0.589024 0.566978
306 0 1 163 278 483 0.586331 0.444827 0.428384
307 0 1 179 279 492 0.641577 0.483135 0.464332
308 0 1 186 253 480 0.735178 0.533743 0.507503
309 0 1 176 257 416 0.684825 0.538269 0.523031
310 0 1 189 345 532 0.547826 0.44116 0.431015
311 0 1 171 322 488 0.531056 0.431378 0.422222
312 0 1 180 308 481 0.584416 0.467654 0.456274
313 0 1 203 270 452 0.751852 0.581092 0.562327
314 0 1 188 249 419 0.75502 0.582038 0.562874
315 0 1 221 305 500 0.72459 0.565923 0.549068
316 0 1 204 287 483 0.710801 0.547918 0.52987
317 0 1 177 229 410 0.772926 0.577648 0.553991
318 0 1 205 316 516 0.648734 0.507675 0.492788
319 0 1 177 266 472 0.665414 0.49953 0.479675
320 0 1 218 287 524 0.759582 0.562147 0.537608
321 0 1 223 280 512 0.796429 0.588967 0.563131
322 0 1 203 228 451 0.890351 0.633053 0.597938
323 0 1 187 262 492 0.71374 0.520845 0.496021
324 0 1 222 291 534 0.762887 0.563165 0.538182
325 0 1 227 274 531 0.828467 0.595118 0.563975
326 0 1 219 300 520 0.73 0.554475 0.534146
327 0 1 182 223 462 0.816144 0.567019 0.531387
328 0 1 215 258 500 0.833333 0.59861 0.567282
329 0 1 216 267 470 0.808989 0.609746 0.58616
330 0 1 223 268 456 0.83209 0.637904 0.616022
331 0 1 194 230 470 0.843478 0.59005 0.554286
332 0 1 195 226 466 0.862832 0.60088 0.563584
333 0 1 201 228 424 0.881579 0.646466 0.616564
334 0 1 122 159 358 0.767296 0.511352 0.471954
335 0 1 145 177 364 0.819209 0.571256 0.536044
336 0 1 189 196 399 0.964286 0.675845 0.635294
337 0 1 204 235 409 0.868085 0.658013 0.63354
338 0 1 220 229 407 0.960699 0.720622 0.691824
339 0 1 236 234 394 1.00855 0.777241 0.751592
340 0 1 266 275 477 0.967273 0.73444 0.707447
341 0 1 305 284 492 1.07394 0.81594 0.786082
342 0 1 354 340 549 1.04118 0.819365 0.7964
343 0 1 402 442 641 0.909502 0.755242 0.742382
344 0 1 398 447 612 0.89038 0.760946 0.751652
345 0 1 437 452 648 0.966814 0.807467 0.794545
346 0 1 395 448 595 0.881696 0.765067 0.75743
347 0 1 434 437 616 0.993135 0.836486 0.824311
348 0 1 429 424 597 1.01179 0.852682 0.840353
349 0 1 427 431 581 0.990719 0.853299 0.843874
350 0 1 429 429 569 1 0.868305 0.859719
351 0 1 404 425 585 0.950588 0.810231 0.8
352 0 1 405 446 596 0.908072 0.785533 0.777351
353 0 1 405 447 613 0.90604 0.773697 0.764151
354 0 1 401 434 594 0.923963 0.78978 0.780156
355 0 1 417 425 568 0.981176 0.848726 0.839879
356 0 1 419 406 594 1.03202 0.853214 0.838
357 0 1 402 389 592 1.03342 0.837704 0.819572
358 0 1 422 417 580 1.01199 0.858085 0.84654
359 0 1 392 474 624 0.827004 0.720783 0.714025
360 0 1 381 462 594 0.824675 0.727295 0.721591
361 0 1 383 447 568 0.856823 0.7601 0.75468
362 0 1 399 460 617 0.867391 0.748948 0.740947
363 0 1 369 377 565 0.97878 0.799524 0.78344
364 0 1 406 390 589 1.04103 0.847103 0.829418
365 0 1 399 475 610 0.84 0.741244 0.735484
366 0 1 396 465 604 0.851613 0.747223 0.740879
367 0 1 387 450 586 0.86 0.753626 0.747104
368 0 1 396 428 582 0.925234 0.793436 0.784158
369 0 1 399 379 542 1.05277 0.880347 0.86645
370 0 1 388 432 590 0.898148 0.768535 0.759296
371 0 1 346 422 558 0.819905 0.713022 0.706122
372 0 1 362 432 587 0.837963 0.718866 0.7105
373 0 1 365 444 576 0.822072 0.721756 0.715686
374 0 1 397 444 598 0.894144 0.770457 0.761996
375 0 1 405 433 607 0.935335 0.789981 0.778846
376 0 1 379 426 534 0.889671 0.794628 0.789583
377 0 1 375 478 614 0.784519 0.692202 0.686813
378 0 1 374 463 614 0.807775 0.70145 0.694522
379 0 1 383 470 613 0.814894 0.713542 0.707295
380 0 1 380 470 600 0.808511 0.715581 0.71028
381 0 1 423 471 589 0.898089 0.803105 0.798113
382 0 1 456 495 613 0.921212 0.827812 0.823105
383 0 1 446 475 627 0.938947 0.817249 0.809437
384 0 1 470 475 618 0.989474 0.867475 0.860018
385 0 1 471 464 612 1.01509 0.883866 0.875465
386 0 1 499 491 628 1.01629 0.898628 0.891868
387 0 1 478 471 597 1.01486 0.901426 0.895131
388 0 1 447 396 542 1.12879 0.964851 0.953092
389 0 1 489 465 625 1.05161 0.907073 0.897248
390 0 1 473 504 614 0.938492 0.850279 0.846154
391 0 1 465 461 587 1.00868 0.893889 0.887405
392 0 1 461 518 656 0.889961 0.790832 0.785349
393 0 1 460 501 609 0.918164 0.83278 0.828829
394 0 1 376 377 544 0.997347 0.830267 0.816504
395 0 1 392 407 562 0.963145 0.819635 0.809082
396 0 1 332 406 483 0.817734 0.749724 0.746907
397 0 1 364 427 546 0.852459 0.753861 0.748201
398 0 1 411 429 549 0.958042 0.84689 0.840491
399 0 1 382 411 558 0.92944 0.797674 0.788442
400 0 1 275 286 420 0.961538 0.79346 0.779037
401 0 1 162 192 357 0.84375 0.618771 0.590164
402 0 1 344 319 524 1.07837 0.84139 0.816133
403 0 1 348 318 533 1.09434 0.845283 0.817861
404 0 1 306 282 492 1.08511 0.821513 0.790698
405 0 1 337 368 562 0.915761 0.741033 0.724731
406 0 1 344 280 521 1.22857 0.900659 0.858926
407 0 1 212 214 436 0.990654 0.694042 0.652308
408 0 1 223 220 468 1.01364 0.694977 0.648256
409 0 1 164 174 320 0.942529 0.695015 0.663968
410 0 1 154 173 382 0.890173 0.599054 0.554955
411 0 1 204 230 453 0.886957 0.632 0.597365
412 0 1 175 199 368 0.879397 0.646677 0.617284
413 0 1 175 198 403 0.883838 0.619517 0.582363
414 0 1 167 190 369 0.878947 0.630705 0.597496
415 0 1 98 124 218 0.790323 0.596056 0.573099
416 0 1 95 131 293 0.725191 0.484902 0.448113
417 0 1 93 127 272 0.732283 0.500376 0.466165
418 0 1 85 113 257 0.752212 0.498785 0.459459
419 0 1 107 161 342 0.664596 0.455993 0.425447
420 0 1 104 145 363 0.717241 0.453311 0.409449
421 0 1 104 131 299 0.793893 0.525487 0.483721
422 0 1 80 112 311 0.714286 0.428648 0.378251
423 0 1 69 95 273 0.726316 0.428456 0.375
424 0 1 109 140 341 0.778571 0.498868 0.453222
425 0 1 95 142 314 0.669014 0.449899 0.416667
426 0 1 113 163 423 0.693252 0.430343 0.385666
427 0 1 125 178 400 0.702247 0.468457 0.432526
428 0 1 120 162 384 0.740741 0.481125 0.43956
429 0 1 121 161 414 0.751553 0.468676 0.42087
430 0 1 148 173 405 0.855491 0.559128 0.512111
431 0 1 160 187 415 0.855615 0.574348 0.531561
432 0 1 150 160 392 0.9375 0.598947 0.543478
433 0 1 121 117 350 1.03419 0.597941 0.518201
434 0 1 111 118 337 0.940678 0.556631 0.487912
435 0 1 131 154 428 0.850649 0.510257 0.450172
436 0 1 141 160 410 0.88125 0.550512 0.494737
437 0 1 123 147 397 0.836735 0.509156 0.452206
438 0 1 160 164 433 0.97561 0.600419 0.536013
439 0 1 129 152 349 0.848684 0.560087 0.51497
440 0 1 90 144 288 0.625 0.441942 0.416667
441 0 1 120 140 296 0.857143 0.589483 0.550459
442 0 1 90 122 217 0.737705 0.553137 0.530973
443 0 1 92 122 234 0.754098 0.544503 0.516854
444 0 1 97 150 249 0.646667 0.501911 0.486216
445 0 1 138 157 313 0.878981 0.622525 0.587234
446 0 1 167 199 408 0.839196 0.586084 0.550247
447 0 1 173 194 357 0.891753 0.657372 0.627949
448 0 1 220 212 420 1.03774 0.737276 0.696203
449 0 1 286 270 463 1.05926 0.808898 0.780355
450 0 1 360 323 515 1.11455 0.882669 0.859189
451 0 1 371 390 531 0.951282 0.815257 0.805646
452 0 1 309 354 545 0.872881 0.703491 0.687431
453 0 1 357 417 583 0.856115 0.724046 0.714
454 0 1 314 397 569 0.790932 0.66066 0.650104
455 0 1 365 425 616 0.858824 0.713359 0.701249
456 0 1 363 421 600 0.862233 0.722254 0.711068
457 0 1 383 426 600 0.899061 0.757562 0.746589
458 0 1 380 417 588 0.911271 0.767409 0.756219
459 0 1 388 424 580 0.915094 0.782411 0.772908
460 0 1 411 425 598 0.967059 0.815261 0.803519
461 0 1 411 445 574 0.923595 0.813216 0.806673
462 0 1 417 447 584 0.932886 0.816161 0.808923
463 0 1 434 459 571 0.945534 0.847745 0.842718
464 0 1 390 427 575 0.913349 0.787076 0.778443
465 0 1 394 424 564 0.929245 0.805701 0.797571
466 0 1 392 406 577 0.965517 0.809907 0.797558
467 0 1 376 407 551 0.923833 0.79399 0.784969
468 0 1 360 441 580 0.816327 0.711818 0.705191
469 0 1 330 423 559 0.780142 0.678638 0.672098
470 0 1 342 421 569 0.812352 0.698761 0.690909
471 0 1 346 426 557 0.812207 0.710303 0.703967
472 0 1 366 451 626 0.81153 0.68882 0.679666
473 0 1 322 394 586 0.817259 0.67013 0.657143
474 0 1 358 422 579 0.848341 0.724248 0.715285
475 0 1 326 406 545 0.802956 0.693037 0.685594
476 0 1 338 449 613 0.752784 0.644263 0.636535
477 0 1 339 438 613 0.773973 0.654233 0.6451
478 0 1 285 379 551 0.751979 0.623662 0.612903
479 0 1 291 431 593 0.675174 0.575608 0.568359
480 0 1 284 407 545 0.697789 0.603008 0.596639
481 0 1 291 402 557 0.723881 0.614968 0.606882
482 0 1 300 418 595 0.717703 0.601554 0.5923
483 0 1 293 362 535 0.809392 0.665789 0.653289
484 0 1 299 386 537 0.774611 0.656735 0.647887
485 0 1 306 404 563 0.757426 0.641618 0.632885
486 0 1 302 394 542 0.766497 0.65352 0.645299
487 0 1 281 384 498 0.731771 0.642578 0.637188
488 0 1 269 395 553 0.681013 0.575561 0.567511
489 0 1 298 407 546 0.732187 0.632154 0.625394
490 0 1 291 400 525 0.7275 0.635014 0.629189
491 0 1 312 418 537 0.746412 0.658536 0.653403
492 0 1 318 401 535 0.793017 0.686559 0.679487
493 0 1 336 406 561 0.827586 0.704036 0.694933
494 0 1 346 408 558 0.848039 0.725152 0.716356
495 0 1 374 428 577 0.873832 0.752596 0.744279
496 0 1 374 474 625 0.78903 0.687136 0.680619
497 0 1 397 455 597 0.872527 0.761724 0.754753
498 0 1 373 394 562 0.946701 0.79267 0.780335
499 0 1 409 509 655 0.803536 0.708343 0.702749
500 0 1 413 479 639 0.862213 0.746504 0.738819
501 0 1 400 428 596 0.934579 0.791981 0.78125
502 0 1 446 469 627 0.95096 0.82246 0.813869
503 0 1 465 481 609 0.966736 0.859155 0.853211
504 0 1 420 444 590 0.945946 0.820601 0.812379
505 0 1 441 465 644 0.948387 0.805878 0.795311
506 0 1 445 477 631 0.932914 0.811122 0.803249
507 0 1 446 465 614 0.95914 0.834688 0.826691
508 0 1 482 499 628 0.965932 0.861027 0.855368
509 0 1 460 485 603 0.948454 0.850606 0.845588
510 0 1 461 486 610 0.94856 0.846677 0.841241
511 0 1 444 478 592 0.92887 0.834657 0.829907
512 0 1 474 495 603 0.957576 0.867595 0.863388
513 0 1 429 468 581 0.916667 0.822709 0.817922
514 0 1 426 464 581 0.918103 0.82047 0.815311
515 0 1 446 475 571 0.938947 0.856387 0.852772
516 0 1 428 436 558 0.981651 0.867728 0.861167
517 0 1 408 479 595 0.851775 0.764247 0.759777
518 0 1 413 478 619 0.864017 0.75926 0.752963
519 0 1 404 454 601 0.889868 0.773421 0.765877
520 0 1 408 454 587 0.898678 0.790339 0.783862
521 0 1 411 425 571 0.967059 0.834314 0.825301
522 0 1 360 385 549 0.935065 0.783044 0.770878
523 0 1 386 442 576 0.873303 0.765006 0.75835
524 0 1 367 375 557 0.978667 0.803014 0.787554
525 0 1 311 353 558 0.88102 0.700738 0.682766
526 0 1 360 373 571 0.965147 0.780064 0.762712
527 0 1 308 378 564 0.814815 0.667061 0.653928
528 0 1 325 376 561 0.864362 0.707633 0.693703
529 0 1 335 405 587 0.82716 0.687066 0.675403
530 0 1 314 379 561 0.828496 0.680971 0.668085
531 0 1 282 380 540 0.742105 0.62253 0.613043
532 0 1 266 383 578 0.694517 0.565351 0.55359
533 0 1 280 353 534 0.793201 0.644911 0.631342
534 0 1 270 340 515 0.794118 0.645239 0.631579
535 0 1 225 274 497 0.821168 0.609718 0.583658
536 0 1 257 368 497 0.69837 0.60094 0.59422
537 0 1 279 379 522 0.736148 0.627263 0.619312
538 0 1 270 372 518 0.725806 0.615074 0.606742
539 0 1 300 367 514 0.817439 0.690727 0.681044
540 0 1 352 386 541 0.911917 0.770283 0.759439
541 0 1 353 359 551 0.983287 0.793691 0.775824
542 0 1 355 394 551 0.901015 0.761911 0.751323
543 0 1 368 412 551 0.893204 0.772366 0.764278
544 0 1 386 398 604 0.969849 0.787277 0.770459
545 0 1 398 425 607 0.936471 0.7836 0.771318
546 0 1 371 390 579 0.951282 0.780733 0.765738
547 0 1 300 279 491 1.07527 0.810547 0.779221
548 0 1 431 455 624 0.947253 0.808871 0.798888
549 0 1 348 356 572 0.977528 0.771181 0.75
550 0 1 384 346 576 1.10983 0.860165 0.832972
551 0 1 405 393 565 1.03053 0.859478 0.845511
552 0 1 422 445 574 0.948315 0.834981 0.828263
553 0 1 402 383 551 1.04961 0.875086 0.860814
554 0 1 424 435 560 0.974713 0.859067 0.852261
555 0 1 444 464 553 0.956897 0.876519 0.873156
556 0 1 437 464 550 0.94181 0.86505 0.861933
557 0 1 432 467 579 0.925054 0.83078 0.826004
558 0 1 428 456 586 0.938596 0.827966 0.821497
559 0 1 455 505 629 0.90099 0.80731 0.802469
560 0 1 455 491 614 0.92668 0.828679 0.823529
561 0 1 452 473 618 0.955603 0.836014 0.828598
562 0 1 440 485 596 0.907216 0.818387 0.814061
563 0 1 460 479 596 0.960334 0.860928 0.855814
564 0 1 476 468 617 1.01709 0.885812 0.877419
565 0 1 457 458 606 0.997817 0.867455 0.859023
566 0 1 460 461 610 0.997831 0.867446 0.85901
567 0 1 414 422 579 0.981043 0.837539 0.827173
568 0 1 427 443 627 0.963883 0.8102 0.798131
569 0 1 395 438 595 0.901827 0.773752 0.764763
570 0 1 453 461 635 0.982646 0.837261 0.826642
571 0 1 406 431 584 0.941995 0.809247 0.8
572 0 1 392 460 626 0.852174 0.7305 0.721915
573 0 1 381 450 576 0.846667 0.748355 0.74269
574 0 1 402 443 592 0.907449 0.784989 0.776812
575 0 1 389 444 559 0.876126 0.780822 0.775673
576 0 1 411 464 622 0.885776 0.765046 0.756906
577 0 1 402 487 611 0.825462 0.736955 0.73224
578 0 1 397 444 598 0.894144 0.770457 0.761996
579 0 1 392 431 561 0.909513 0.797198 0.790323
580 0 1 380 452 551 0.840708 0.761445 0.757727
581 0 1 401 431 560 0.930394 0.816228 0.809284
582 0 1 410 433 532 0.946882 0.854248 0.849741
583 0 1 380 469 600 0.810235 0.716344 0.710945
584 0 1 366 438 580 0.835616 0.726156 0.719057
585 0 1 334 409 527 0.816626 0.719415 0.713675
586 0 1 305 397 520 0.768262 0.671279 0.665213
587 0 1 334 390 516 0.85641 0.744542 0.737307
588 0 1 321 377 490 0.851459 0.746855 0.740484
589 0 1 309 404 561 0.764852 0.649062 0.640415
590 0 1 339 408 561 0.830882 0.708579 0.69969
591 0 1 309 388 528 0.796392 0.682693 0.674672
592 0 1 316 392 515 0.806122 0.7033 0.696803
593 0 1 342 390 532 0.876923 0.750824 0.741866
594 0 1 359 405 540 0.88642 0.767662 0.759788
595 0 1 366 405 543 0.903704 0.780465 0.772152
596 0 1 367 412 549 0.890777 0.771669 0.763788
597 0 1 368 414 569 0.888889 0.758214 0.748728
598 0 1 374 433 559 0.863741 0.760189 0.754032
599 0 1 395 430 586 0.918605 0.78689 0.777559
600 0 1 390 435 554 0.896552 0.794447 0.788675
601 0 1 316 299 512 1.05686 0.807638 0.779285
602 0 1 402 504 615 0.797619 0.72206 0.718499
603 0 1 395 453 602 0.871965 0.756397 0.748815
604 0 1 323 353 546 0.915014 0.735731 0.718576
605 0 1 426 445 597 0.957303 0.826499 0.817658
606 0 1 438 423 602 1.03546 0.867972 0.854634
607 0 1 448 475 616 0.943158 0.828211 0.821265
608 0 1 464 472 606 0.983051 0.867582 0.860853
609 0 1 462 479 609 0.964509 0.855393 0.849265
610 0 1 468 491 612 0.953157 0.853747 0.848595
611 0 1 446 494 585 0.902834 0.829647 0.826691
612 0 1 445 478 588 0.930962 0.839378 0.834897
613 0 1 439 489 585 0.89775 0.82079 0.817505
614 0 1 456 474 599 0.962025 0.85578 0.849953
615 0 1 431 470 579 0.917021 0.826207 0.821735
616 0 1 458 467 566 0.980728 0.890838 0.886738
617 0 1 463 485 612 0.954639 0.849835 0.84412
618 0 1 449 433 536 1.03695 0.932009 0.926729
619 0 1 464 464 605 1 0.875752 0.868101
620 0 1 415 409 564 1.01467 0.864066 0.853032
621 0 1 441 452 599 0.975664 0.847532 0.839201
622 0 1 462 509 608 0.907662 0.830484 0.827216
623 0 1 473 500 602 0.946 0.86214 0.858439
624 0 1 469 501 610 0.936128 0.848377 0.844284
625 0 1 460 488 606 0.942623 0.845886 0.840951
626 0 1 464 523 653 0.887189 0.793982 0.789116
627 0 1 439 511 626 0.8591 0.776188 0.772208
628 0 1 451 490 623 0.920408 0.816271 0.810422
629 0 1 424 459 610 0.923747 0.801299 0.793265
630 0 1 394 411 623 0.958637 0.77863 0.762089
631 0 1 401 362 580 1.10773 0.875137 0.85138
632 0 1 313 292 526 1.07192 0.798657 0.765281
633 0 1 344 330 584 1.04242 0.783601 0.752735
634 0 1 343 341 572 1.00587 0.776639 0.751369
635 0 1 344 335 570 1.02687 0.787224 0.760221
636 0 1 322 300 537 1.07333 0.802247 0.769415
637 0 1 410 376 600 1.09043 0.863206 0.840164
638 0 1 333 321 544 1.03738 0.796879 0.769942
639 0 1 333 291 512 1.14433 0.862706 0.82939
640 0 1 322 285 482 1.12982 0.86878 0.839635
641 0 1 328 267 463 1.22846 0.932884 0.89863
642 0 1 290 287 517 1.01045 0.752856 0.721393
643 0 1 268 257 509 1.0428 0.740985 0.699739
644 0 1 241 216 474 1.11574 0.753184 0.698551
645 0 1 244 247 534 0.987854 0.671848 0.62484
646 0 1 228 208 488 1.09615 0.715638 0.655172
647 0 1 239 223 504 1.07175 0.712903 0.657497
648 0 1 233 220 462 1.05909 0.730842 0.683284
649 0 1 246 231 516 1.06494 0.712532 0.658635
650 0 1 246 230 517 1.06957 0.713388 0.658635
651 0 1 266 235 541 1.13191 0.746018 0.685567
652 0 1 278 242 555 1.14876 0.758561 0.697616
653 0 1 297 243 541 1.22222 0.819133 0.757653
654 0 1 312 234 563 1.33333 0.859592 0.782936
655 0 1 304 220 489 1.38182 0.926847 0.857546
656 0 1 374 296 635 1.26351 0.862658 0.803437
657 0 1 358 276 596 1.2971 0.882684 0.821101
658 0 1 273 216 457 1.26389 0.868916 0.811293
659 0 1 405 333 616 1.21622 0.894216 0.85353
660 0 1 373 274 601 1.36131 0.919171 0.852571
661 0 1 288 226 487 1.27434 0.868108 0.807854
662 0 1 414 329 639 1.25836 0.902926 0.855372
663 0 1 397 309 588 1.28479 0.931371 0.885173
664 0 1 321 249 567 1.28916 0.854307 0.786765
665 0 1 382 318 571 1.20126 0.896462 0.859393
666 0 1 387 299 549 1.29431 0.955189 0.912736
667 0 1 359 266 545 1.34962 0.942878 0.885327
668 0 1 408 286 541 1.42657 1.03724 0.986699
669 0 1 379 279 513 1.35842 1.00179 0.957071
670 0 1 425 338 535 1.2574 0.999433 0.973654
671 0 1 442 347 543 1.27378 1.01826 0.993258
672 0 1 420 323 550 1.30031 0.996476 0.962199
673 0 1 415 349 563 1.18911 0.936227 0.910088
674 0 1 413 360 582 1.14722 0.902272 0.876858
675 0 1 418 359 561 1.16435 0.931424 0.908696
676 0 1 432 392 579 1.10204 0.906779 0.889804
677 0 1 438 401 580 1.09227 0.908213 0.892966
678 0 1 432 391 586 1.10486 0.902499 0.88434
679 0 1 442 434 597 1.01843 0.868341 0.85742
680 0 1 438 410 586 1.06829 0.89358 0.879518
681 0 1 429 404 575 1.06188 0.890087 0.876405
682 0 1 399 426 575 0.93662 0.806184 0.797203
683 0 1 399 419 580 0.952267 0.809379 0.798799
684 0 1 411 408 587 1.00735 0.839833 0.826131
685 0 1 393 407 569 0.965602 0.816656 0.805328
686 0 1 362 406 589 0.891626 0.740266 0.727638
687 0 1 383 469 635 0.816631 0.70182 0.693841
688 0 1 400 440 612 0.909091 0.770829 0.760456
689 0 1 388 460 594 0.843478 0.742266 0.736243
690 0 1 384 446 599 0.860987 0.742934 0.734928
691 0 1 391 422 588 0.92654 0.784932 0.774257
692 0 1 410 416 565 0.985577 0.845693 0.835882
693 0 1 363 457 606 0.794311 0.689783 0.682973
694 0 1 367 445 596 0.824719 0.712628 0.705091
695 0 1 370 434 587 0.852535 0.733057 0.72478
696 0 1 348 428 556 0.813084 0.713378 0.707317
697 0 1 343 465 602 0.737634 0.64829 0.642924
698 0 1 365 497 630 0.734406 0.652296 0.647737
699 0 1 340 461 602 0.737527 0.645402 0.639699
700 0 1 339 453 603 0.748344 0.648622 0.642045
701 0 1 348 460 586 0.756522 0.670273 0.665392
702 0 1 378 453 581 0.834437 0.736809 0.731141
703 0 1 367 438 577 0.8379 0.730031 0.723153
704 0 1 367 422 568 0.869668 0.74961 0.741414
705 0 1 373 478 646 0.780335 0.671241 0.663701
706 0 1 385 479 650 0.803758 0.68998 0.682019
707 0 1 390 510 614 0.764706 0.69694 0.69395
708 0 1 409 513 621 0.797271 0.724634 0.72134
709 0 1 432 494 630 0.874494 0.774373 0.768683
710 0 1 444 512 620 0.867188 0.788047 0.784452
711 0 1 447 495 633 0.90303 0.798552 0.792553
712 0 1 415 417 585 0.995204 0.840238 0.828343
713 0 1 439 477 654 0.920335 0.785989 0.776304
714 0 1 403 455 634 0.885714 0.750334 0.740129
715 0 1 448 487 629 0.919918 0.809447 0.802867
716 0 1 405 438 580 0.924658 0.803533 0.795678
717 0 1 409 421 579 0.971496 0.828406 0.818
718 0 1 434 462 576 0.939394 0.841313 0.836223
719 0 1 418 399 511 1.04762 0.925719 0.918681
720 0 1 393 409 583 0.96088 0.804816 0.792339
721 0 1 396 453 571 0.874172 0.778624 0.773438
722 0 1 393 406 586 0.96798 0.805714 0.792339
723 0 1 394 409 577 0.963325 0.811048 0.799189
724 0 1 367 356 544 1.0309 0.833953 0.815556
725 0 1 385 415 595 0.927711 0.77478 0.762376
726 0 1 382 398 585 0.959799 0.791669 0.777213
727 0 1 391 377 588 1.03714 0.830458 0.810363
728 0 1 393 413 580 0.951574 0.802978 0.791541
729 0 1 393 392 577 1.00255 0.826345 0.811145
730 0 1 423 348 565 1.21552 0.953952 0.926616
731 0 1 399 374 603 1.06684 0.840192 0.816786
732 0 1 357 344 548 1.03779 0.82224 0.800448
733 0 1 375 342 566 1.09649 0.852334 0.825991
734 0 1 330 367 592 0.899183 0.707978 0.688217
735 0 1 341 374 573 0.911765 0.736616 0.720169
736 0 1 331 351 547 0.94302 0.755407 0.737194
737 0 1 320 348 543 0.91954 0.73614 0.718294
738 0 1 342 334 561 1.02395 0.790081 0.764246
739 0 1 335 334 518 1.00299 0.805391 0.786385
740 0 1 349 378 601 0.92328 0.732221 0.712972
741 0 1 365 389 571 0.938303 0.774462 0.760417
742 0 1 359 384 610 0.934896 0.741761 0.722334
743 0 1 356 401 593 0.887781 0.730046 0.716298
744 0 1 359 377 575 0.952255 0.771063 0.754202
745 0 1 387 410 592 0.943902 0.785522 0.772455
746 0 1 375 393 567 0.954198 0.794408 0.78125
747 0 1 396 407 589 0.972973 0.808798 0.795181
748 0 1 411 393 574 1.0458 0.865346 0.850052
749 0 1 396 398 590 0.994975 0.817199 0.801619
750 0 1 399 404 583 0.987624 0.822144 0.808511
751 0 1 404 400 593 1.01 0.829515 0.813696
752 0 1 450 424 622 1.06132 0.876263 0.860421
753 0 1 420 429 626 0.979021 0.810463 0.796209
754 0 1 428 436 608 0.981651 0.831283 0.819923
755 0 1 450 423 625 1.06383 0.87519 0.858779
756 0 1 421 423 630 0.995272 0.815533 0.79962
757 0 1 438 454 621 0.964758 0.824898 0.814884
758 0 1 448 448 626 1 0.845964 0.834264
759 0 1 451 458 643 0.984716 0.831071 0.819255
760 0 1 460 458 630 1.00437 0.856357 0.845588
761 0 1 456 442 638 1.03167 0.858704 0.844444
762 0 1 468 454 638 1.03084 0.869576 0.857143
763 0 1 454 452 632 1.00442 0.849431 0.837638
764 0 1 434 434 617 1 0.838692 0.82588
765 0 1 432 449 631 0.962138 0.811607 0.8
766 0 1 446 475 603 0.938947 0.833354 0.827458
767 0 1 428 448 617 0.955357 0.814071 0.803756
768 0 1 456 458 618 0.995633 0.857113 0.847584
769 0 1 435 455 634 0.956044 0.809914 0.798898
770 0 1 433 450 617 0.962222 0.821749 0.811621
771 0 1 449 444 627 1.01126 0.850983 0.838469
772 0 1 432 443 604 0.975169 0.835148 0.825215
773 0 1 460 455 632 1.01099 0.857815 0.846366
774 0 1 444 454 624 0.977974 0.834186 0.823748
775 0 1 449 460 617 0.976087 0.842801 0.833798
776 0 1 437 436 633 1.00229 0.831833 0.817587
777 0 1 423 445 616 0.950562 0.807923 0.797361
778 0 1 425 441 619 0.963719 0.813438 0.801887
779 0 1 408 424 622 0.962264 0.794478 0.780115
780 0 1 402 419 599 0.959427 0.802427 0.789784
781 0 1 425 439 608 0.968109 0.822631 0.811843
782 0 1 420 446 611 0.941704 0.804565 0.794702
783 0 1 401 426 596 0.941315 0.795823 0.784736
784 0 1 418 438 623 0.954338 0.800194 0.787936
785 0 1 423 441 598 0.959184 0.823703 0.814244
786 0 1 415 433 606 0.95843 0.810154 0.798845
787 0 1 412 437 614 0.942792 0.795376 0.784015
788 0 1 422 437 617 0.965675 0.812698 0.800759
789 0 1 412 439 587 0.938497 0.811607 0.803119
790 0 1 438 436 618 1.00459 0.843794 0.83112
791 0 1 419 438 600 0.956621 0.817337 0.807322
792 0 1 437 428 626 1.02103 0.844253 0.829222
793 0 1 413 424 614 0.974057 0.809437 0.795761
794 0 1 424 441 598 0.961451 0.82565 0.816169
795 0 1 417 423 610 0.985816 0.82092 0.807357
796 0 1 397 434 605 0.914747 0.774761 0.764196
797 0 1 418 450 595 0.928889 0.807814 0.8

# ---------- Global Summary ----------
# CorrFrames: 773
avg_CorrEdges: 324.908
avg_match_A: 365.687
avg_match_B: 529.071
global_RI_MNR: 0.888487
global_RI_GNR: 0.738667
global_RI_DICE: 0.726248

# ---------- Per-Channel Summary ----------
chA: 0 chB: 1 | avgC: 324.908 avgA: 365.687 avgB: 529.071 MNR: 0.875057 GNR: 0.718575 DICE: 0.703079
