1341840840.133310 0.060105678 0.030447878 0.007796083 -0.013554814 -0.010944424 -0.006193614 0.999829054
1341840840.169494 0.065709569 0.015305375 0.003266338 -0.018895172 -0.011706064 -0.004470674 0.999742925
1341840840.201335 0.056661054 0.033284958 0.003451745 -0.010805484 -0.007941532 -0.006274506 0.999890387
1341840840.233363 0.074354634 0.039509632 0.001050478 -0.012785242 -0.013457581 -0.002236945 0.999825180
1341840840.269407 0.069349341 0.030757653 0.007671628 -0.018145604 -0.009603674 -0.002453558 0.999786198
1341840840.294570 0.072074011 0.029428877 0.008266109 -0.017180184 -0.009068768 -0.002309615 0.999808609
1341840840.330394 0.076908819 0.018056042 0.002891559 -0.020280072 -0.010067739 0.001415960 0.999742627
1341840840.362487 0.073982731 0.027210807 -0.001866220 -0.015741238 -0.008956377 0.003211132 0.999830842
1341840840.394382 0.090393811 0.032465644 0.000666705 -0.016860481 -0.016431537 0.006463640 0.999701977
1341840840.430325 0.100063629 0.024048286 0.006007470 -0.020100394 -0.018986586 0.008011186 0.999585569
1341840840.462407 0.100815117 0.030464739 0.001744397 -0.015363122 -0.016557202 0.007328556 0.999718010
1341840840.494502 0.099578775 0.033069283 0.000295230 -0.017535234 -0.014836520 0.008266702 0.999701977
1341840840.530297 0.105055399 0.027697317 0.004516903 -0.021436024 -0.016747408 0.010283265 0.999577045
1341840840.562361 0.109058246 0.026267044 0.004175599 -0.020842697 -0.017501080 0.011129426 0.999567628
1341840840.598321 0.108075283 0.027354162 0.001675506 -0.020679800 -0.016775614 0.011714804 0.999576747
1341840840.630280 0.111298308 0.015754020 0.002311717 -0.024281874 -0.019707948 0.014324334 0.999408245
1341840840.662439 0.117565490 0.030515883 0.001490692 -0.015758466 -0.023256090 0.013192214 0.999518275
1341840840.698371 0.131970182 0.037247814 0.004315023 -0.014589215 -0.025737161 0.012980719 0.999477983
1341840840.730361 0.138152599 0.023894314 0.007163215 -0.020140041 -0.023226343 0.014182061 0.999426723
1341840840.762407 0.126765281 0.021022843 0.002098043 -0.017034354 -0.015973734 0.012271245 0.999651968
1341840840.798303 0.130111575 0.033015352 -0.002461892 -0.011681798 -0.017227847 0.011715154 0.999714732
1341840840.830375 0.142103687 0.031660728 0.003054246 -0.014108977 -0.019840609 0.012267632 0.999628305
1341840840.866393 0.147654533 0.019754210 0.004865362 -0.016766399 -0.017941857 0.012179155 0.999624252
1341840840.898320 0.139863297 0.028693520 -0.000422880 -0.009127770 -0.012362874 0.009867229 0.999833226
1341840840.930454 0.149482176 0.042463232 -0.002559536 -0.005463962 -0.015202051 0.009623629 0.999823213
1341840840.966498 0.158434823 0.033758283 0.002148159 -0.012723042 -0.016213655 0.009463441 0.999742806
1341840840.998398 0.162748545 0.031674638 0.002263812 -0.012869775 -0.014378279 0.009196551 0.999771476
1341840841.034538 0.173282340 0.043681804 0.002939231 -0.008759247 -0.014266744 0.006408112 0.999839306
1341840841.066345 0.175199106 0.050745115 0.000151683 -0.009854703 -0.008918114 0.005365194 0.999897301
1341840841.098335 0.173134565 0.034886144 0.002008846 -0.022074075 -0.004732016 0.006958588 0.999720931
1341840841.134331 0.180569947 0.022746289 0.003839649 -0.024690460 -0.006909261 0.007682666 0.999641776
1341840841.166392 0.192380652 0.041920252 0.002038284 -0.015036315 -0.007854295 0.007040664 0.999831319
1341840841.198348 0.193592250 0.040721938 0.001525577 -0.018944444 -0.002051803 0.008544386 0.999781907
1341840841.234400 0.194884390 0.018799650 0.000204185 -0.027736511 0.000220811 0.011849594 0.999545038
1341840841.266296 0.197679028 0.018109163 -0.003834802 -0.021840891 -0.000801611 0.011321967 0.999697030
1341840841.302430 0.203904599 0.032407235 -0.006103016 -0.014438216 -0.002130975 0.012885654 0.999810457
1341840841.334542 0.205825433 0.031555779 -0.007058838 -0.015839890 -0.000388224 0.014532549 0.999768853
1341840841.366311 0.207760543 0.029447131 -0.008713954 -0.016414909 -0.000050555 0.013857013 0.999769270
1341840841.402475 0.211676389 0.030759009 -0.008742425 -0.015562572 -0.001475428 0.012665534 0.999797642
1341840841.434345 0.215697691 0.034937933 -0.008515909 -0.014311690 -0.002441874 0.012139750 0.999820948
1341840841.466383 0.217468917 0.035083313 -0.009170579 -0.015452961 -0.001695447 0.011403411 0.999814153
1341840841.502454 0.221445039 0.029253634 -0.009887347 -0.018362490 -0.002939683 0.011562383 0.999760270
1341840841.534696 0.226166591 0.028512452 -0.009123271 -0.017525440 -0.004738427 0.012050954 0.999762595
1341840841.570470 0.227992877 0.043660793 -0.012278803 -0.012263191 -0.004364724 0.013080503 0.999829769
1341840841.602476 0.234658390 0.041933414 -0.007848267 -0.017666889 -0.005470680 0.013686513 0.999735296
1341840841.634468 0.243228927 0.030488344 -0.004447348 -0.022294451 -0.006286739 0.013245194 0.999643981
1341840841.671032 0.236109659 0.030981053 -0.011345629 -0.020354966 -0.001391116 0.012218356 0.999717236
1341840841.702284 0.234976411 0.037892498 -0.011957293 -0.018470928 -0.002263437 0.014234721 0.999725521
1341840841.734304 0.245214686 0.038212921 -0.009239057 -0.020670237 -0.006941300 0.015491568 0.999642253
1341840841.770351 0.247835159 0.030141432 -0.007720082 -0.024332847 -0.007492513 0.017132124 0.999529064
1341840841.802313 0.237729579 0.027295556 -0.013870927 -0.024613138 -0.004732022 0.019365676 0.999498308
1341840841.838370 0.236891180 0.020133326 -0.016271185 -0.027234819 -0.009670567 0.022226501 0.999335110
1341840841.870881 0.248952389 0.034486637 -0.011191578 -0.018274002 -0.021584656 0.017855180 0.999440491
1341840841.902346 0.263868511 0.054045498 -0.006187520 -0.011027771 -0.026920196 0.013962164 0.999479234
1341840841.938375 0.262475282 0.040496789 -0.007040999 -0.020816971 -0.020836521 0.014489847 0.999461114
1341840841.970352 0.249556869 0.029948812 -0.014541145 -0.026091767 -0.015771508 0.013170559 0.999448359
1341840842.006342 0.254170239 0.042768151 -0.012067125 -0.021326568 -0.020778427 0.010327922 0.999503255
1341840842.038475 0.269669831 0.044310700 -0.003619482 -0.022452952 -0.025915153 0.008897761 0.999372363
1341840842.070419 0.264290541 0.039871499 -0.008515555 -0.023282576 -0.019063242 0.006397313 0.999526680
1341840842.106404 0.259823948 0.037608426 -0.014840173 -0.024921739 -0.015842764 0.005081688 0.999550939
1341840842.138367 0.260060310 0.022957550 -0.014674340 -0.029695546 -0.018781766 0.004497963 0.999372423
1341840842.170410 0.273150474 0.031649288 -0.014750353 -0.021471368 -0.026624814 0.002077004 0.999412715
1341840842.206430 0.276827455 0.039579891 -0.017328072 -0.015945910 -0.026407195 -0.000678426 0.999523818
1341840842.238319 0.281084210 0.038903635 -0.018349594 -0.014770838 -0.026207507 -0.005496103 0.999532282
1341840842.274385 0.288338840 0.037461068 -0.017456701 -0.013094579 -0.026464185 -0.010909044 0.999504447
1341840842.306571 0.282619268 0.037200935 -0.021533756 -0.009894130 -0.020985678 -0.015063663 0.999617338
1341840842.338413 0.277215213 0.041341357 -0.031748857 -0.007584219 -0.018340575 -0.016643453 0.999664485
1341840842.374365 0.281211138 0.027926812 -0.032373279 -0.013227948 -0.021887336 -0.018275691 0.999505877
1341840842.406739 0.286496520 0.033234566 -0.028318144 -0.004713338 -0.027812980 -0.020269558 0.999396503
1341840842.438410 0.300128549 0.077115282 -0.023184033 0.013557754 -0.031691976 -0.024337502 0.999109387
1341840842.474299 0.312125266 0.132330984 -0.000963408 0.030655995 -0.026159624 -0.027854418 0.998799324
1341840842.542388 0.324117482 0.151899055 0.005630465 0.036955688 -0.033103976 -0.013794670 0.998673141
1341840842.574346 0.328622699 0.092128865 -0.026083115 0.009586226 -0.033230543 -0.010061218 0.999351084
1341840842.606530 0.356726527 0.103330888 -0.032627307 0.013735622 -0.043647408 -0.005955548 0.998934805
1341840842.642329 0.385292977 0.096526213 -0.018991675 0.011257147 -0.057217758 -0.004387546 0.998288631
1341840842.674386 0.383196324 0.098610356 -0.024007939 0.013101493 -0.055720761 -0.004307127 0.998351157
1341840842.706548 0.379958004 0.101070739 -0.020699024 0.015798435 -0.057285804 -0.009952072 0.998183191
1341840842.810490 0.371365130 0.105309002 -0.012434863 0.017314512 -0.054912787 -0.009275028 0.998297930
1341840842.842296 0.400464237 0.128984630 -0.000649787 0.027024038 -0.069036469 -0.005839543 0.997230947
1341840842.874411 0.413802654 0.138471484 -0.008532383 0.029263599 -0.072904341 -0.003910620 0.996901870
1341840842.910377 0.391119063 0.139507324 -0.020202976 0.032081593 -0.061800733 -0.012717668 0.997491717
1341840842.942647 0.420179218 0.128793314 -0.011223182 0.024961252 -0.075102948 -0.010275809 0.996810377
1341840842.974535 0.421238780 0.114726968 -0.023409218 0.017728880 -0.074732579 -0.011246301 0.996982574
1341840843.010449 0.422150373 0.103126571 -0.048816957 0.015308619 -0.069588259 -0.018148445 0.997293234
1341840843.042429 0.420246840 0.098309129 -0.047948711 0.013648418 -0.069242708 -0.019310122 0.997319579
1341840843.110373 0.398864210 0.079549737 -0.084184974 0.006361628 -0.055077154 -0.022080712 0.998217642
1341840843.178476 0.437807322 0.055369563 -0.079953358 -0.001904763 -0.071079068 -0.021819931 0.997230172
1341840843.210589 0.435096771 0.047565006 -0.069324262 -0.003874423 -0.071550317 -0.022435889 0.997177124
1341840843.246317 0.433079630 0.047634140 -0.078530580 -0.004185565 -0.067707703 -0.028540207 0.997288108
1341840843.278543 0.429374635 0.046713360 -0.075851902 -0.000832116 -0.066720560 -0.034773875 0.997165203
1341840843.310587 0.430197716 0.049419738 -0.078920424 0.001823774 -0.066166595 -0.039744966 0.997015059
1341840843.346529 0.437774003 0.070856474 -0.072910681 0.008555445 -0.068392672 -0.033038676 0.997074544
1341840843.385053 0.430252254 0.070181176 -0.055626586 0.007443869 -0.067623220 -0.029434619 0.997248888
1341840843.411509 0.429290384 0.074154809 -0.038966365 0.007656758 -0.070219226 -0.028320145 0.997100115
1341840843.447220 0.427705824 0.067332976 -0.019550070 0.004364891 -0.073454902 -0.029601218 0.996849597
1341840843.478671 0.434092611 0.071569338 -0.021345019 0.009703643 -0.076950133 -0.036874190 0.996305585
1341840843.515039 0.434014767 0.076962471 -0.019532174 0.011787534 -0.077027626 -0.036170870 0.996302903
1341840843.548527 0.466042221 0.094121642 0.014940225 0.015580020 -0.095537052 -0.028966749 0.994882345
1341840843.582569 0.485595733 0.073933393 0.030162416 0.000426673 -0.105480291 -0.017625416 0.994265079
1341840843.653429 0.483919352 0.072328553 0.028173566 -0.000116150 -0.104918502 -0.017941302 0.994318962
1341840843.687928 0.488705486 0.089305900 0.017195307 0.005588737 -0.106140189 -0.012687034 0.994254529
1341840843.720258 0.495231867 0.093790822 0.005569704 0.008486994 -0.106373467 -0.012365441 0.994213104
1341840843.785505 0.509339690 0.077714585 0.002010681 0.003397751 -0.111008115 -0.016949736 0.993669152
1341840843.814703 0.511652946 0.078169227 -0.003560342 0.004228842 -0.111389749 -0.018273566 0.993599772
1341840843.846439 0.519347847 0.065812722 -0.017224312 0.000377809 -0.110699423 -0.019447442 0.993663549
1341840843.882429 0.524373651 0.059442088 -0.026900716 -0.001892274 -0.110058278 -0.020845087 0.993704736
1341840843.914321 0.527233064 0.062318932 -0.034166947 -0.000587562 -0.107138358 -0.024314562 0.993946612
1341840843.946316 0.532531619 0.067812487 -0.040194452 0.003157049 -0.107647270 -0.023998421 0.993894458
1341840843.982401 0.531195939 0.067122713 -0.035901897 0.003000435 -0.107426718 -0.025540164 0.993880391
1341840844.014387 0.529038012 0.064505182 -0.031981133 -0.000809190 -0.107126832 -0.021593828 0.994010508
1341840844.082349 0.528049529 0.060787637 -0.024311975 -0.000468110 -0.106887728 -0.025456749 0.993945062
1341840844.114393 0.532507777 0.064435504 -0.033792093 0.001453377 -0.106303945 -0.023717793 0.994049728
1341840844.150523 0.533378303 0.061271291 -0.034336857 0.000869191 -0.106630139 -0.025796656 0.993963659
1341840844.182299 0.534226835 0.061604671 -0.034275077 0.002341694 -0.106330715 -0.028985027 0.993905544
1341840844.218448 0.542344272 0.071121484 -0.051190615 0.006028851 -0.104609936 -0.025710026 0.994162679
1341840844.250566 0.540181816 0.063990571 -0.039994046 0.004701479 -0.106342770 -0.028148457 0.993919909
1341840844.282274 0.540907860 0.067600235 -0.044645019 0.006118048 -0.104145981 -0.027303148 0.994168341
1341840844.318322 0.540382504 0.074321151 -0.052590147 0.006685616 -0.101131417 -0.019432226 0.994660795
1341840844.350432 0.556191027 0.079266332 -0.054096401 0.009336297 -0.105255507 -0.020495525 0.994190156
1341840844.382375 0.586464822 0.065781049 -0.041205049 0.000078696 -0.118052237 -0.008236847 0.992973208
1341840844.418837 0.591211498 0.050702870 -0.054724991 -0.005989281 -0.115971021 -0.012013981 0.993161857
1341840844.450418 0.588170946 0.046724357 -0.056819484 -0.008687730 -0.114477128 -0.010544138 0.993331909
1341840844.550458 0.576737285 0.058477320 -0.040357187 -0.004609141 -0.112928972 -0.012798774 0.993509948
1341840844.586351 0.582736194 0.059526131 -0.052967228 -0.006608466 -0.112131625 -0.004829146 0.993659675
1341840844.618382 0.593026042 0.052276932 -0.056785285 -0.009180355 -0.115611963 -0.004751578 0.993240654
1341840844.650334 0.625082672 0.007145423 -0.066858858 -0.028502500 -0.124897003 -0.000754460 0.991759956
1341840849.646317 0.666203618 -0.072843261 -0.050314456 -0.060376652 -0.142495409 -0.000258542 0.987952232
1341840849.746347 0.647050440 -0.143392995 -0.069964126 -0.087804563 -0.132192820 -0.012803121 0.987244368
1341840850.082415 0.328068674 -0.151419535 -0.090117656 -0.095023923 0.003706418 -0.064168438 0.993397772
1341840850.718516 0.357393086 -0.133377671 -0.064833984 -0.087512910 -0.010442946 -0.059790157 0.994312644
1341840850.750308 0.359856158 -0.137367323 -0.069802806 -0.088194050 -0.013302603 -0.060091570 0.994200110
1341840850.786319 0.362612516 -0.127111539 -0.063795090 -0.081994191 -0.015751898 -0.061979625 0.994578958
1341840850.986448 0.366633177 -0.141407847 -0.081740856 -0.087594897 -0.015901176 -0.062073078 0.994093180
1341840851.018447 0.373437345 -0.139890745 -0.073618576 -0.089858495 -0.021496817 -0.060241301 0.993898571
1341840851.086362 0.374238461 -0.145417944 -0.082407326 -0.089368649 -0.020662904 -0.058150794 0.994084895
1341840851.122353 0.386487961 -0.157983541 -0.079365611 -0.095644154 -0.023596058 -0.055358049 0.993594944
1341840851.154293 0.380048662 -0.160596475 -0.082724661 -0.094312370 -0.019181894 -0.061669610 0.993445575
1341840851.222499 0.380669773 -0.159284234 -0.081259295 -0.092724979 -0.018622335 -0.064911187 0.993399143
1341840851.354461 0.380448043 -0.150348142 -0.065640509 -0.090731256 -0.017942283 -0.056020033 0.994136631
1341840851.390383 0.383242041 -0.222122222 -0.064017214 -0.122458227 -0.017924389 -0.055781722 0.990742683
1341840851.422373 0.399750412 -0.272827148 -0.057402425 -0.142562270 -0.025191901 -0.058956072 0.987707257
1341840851.622401 0.379077673 -0.355819285 -0.041610450 -0.177548900 -0.019880712 -0.068351611 0.981534123
1341840851.722387 0.290028989 -0.372475743 -0.041022830 -0.186710879 0.017704876 -0.081315234 0.978883743
1341840851.758379 0.389344811 -0.438497186 -0.030870542 -0.210451722 -0.026536202 -0.076476663 0.974247038
1341840851.958364 0.350884944 -0.346620291 -0.040856890 -0.173875377 -0.006137094 -0.075918086 0.981817782
1341840851.990589 0.352245450 -0.341845542 -0.031895988 -0.174078315 -0.007254273 -0.078056455 0.981606483
1341840852.094404 0.358566135 -0.257140040 -0.044032879 -0.138257280 -0.007961164 -0.081472404 0.987007499
1341840852.326311 0.413089156 -0.251318067 -0.029348858 -0.137375012 -0.029962013 -0.067934074 0.987732410
1341840852.362368 0.341895968 -0.417217374 0.021905988 -0.215868160 -0.002783036 -0.083046749 0.972880483
1341840852.426307 0.341504782 -0.452021539 0.036837682 -0.232921213 -0.004836856 -0.080447234 0.969150424
1341840852.526348 0.305289507 -0.528515756 0.089538068 -0.273102701 0.003444836 -0.097654559 0.957009196
1341840852.630345 0.235490084 -0.528541982 0.096356630 -0.279686451 0.036943279 -0.093442656 0.954818904
1341840852.794631 0.218596816 -0.559239566 0.119113609 -0.297366679 0.041500852 -0.096372053 0.948980093
1341840852.898597 0.240421399 -0.486396819 0.086468972 -0.262254983 0.034712136 -0.091206156 0.960051477
1341840852.930367 0.232709020 -0.561489105 0.133488283 -0.300351292 0.035210695 -0.095413044 0.948391080
1341840852.998535 0.366891533 -0.492458731 0.132929176 -0.269802481 -0.023449389 -0.080845661 0.959229231
1341840853.037588 0.306274503 -0.500370741 0.146767378 -0.278033614 0.001652510 -0.088435628 0.956490338
1341840853.098354 0.294150859 -0.535646439 0.158896700 -0.293455601 0.005633697 -0.095940724 0.951129556
1341840853.131999 0.307207137 -0.601869762 0.187575355 -0.322305709 -0.002155961 -0.103213534 0.940989554
1341840853.166530 0.291448474 -0.662880540 0.251686156 -0.358293474 -0.000162829 -0.109505117 0.927164674
1341840853.702424 0.313215792 -0.628776670 0.220181704 -0.334638357 -0.010057881 -0.109913833 0.935860515
1341840853.802607 0.309083104 -0.620540977 0.223995537 -0.330205709 -0.013297223 -0.120173618 0.936133325
1341840853.834576 0.322842866 -0.641547263 0.258176386 -0.346005350 -0.023285940 -0.116406605 0.930691957
1341840854.034566 0.383272946 -0.581474304 0.240414083 -0.314774096 -0.050154056 -0.111102656 0.941306591
1341840854.102373 0.409394413 -0.541547120 0.209977284 -0.295117646 -0.055462301 -0.097878739 0.948814690
1341840854.138343 0.411945611 -0.545686662 0.208119079 -0.294136226 -0.057805695 -0.102651574 0.948475122
1341840854.270355 0.369348526 -0.518395722 0.175830901 -0.277350456 -0.034056496 -0.107435547 0.954135478
1341840854.306367 0.311580986 -0.430888355 0.113962755 -0.232532397 -0.001144283 -0.109639831 0.966388345
1341840854.338540 0.343287587 -0.358801097 0.088796154 -0.196850210 -0.012449079 -0.101700783 0.975065112
1341840854.370427 0.363936514 -0.344360352 0.086750045 -0.187858194 -0.023998374 -0.105381846 0.976231515
1341840854.406491 0.363688946 -0.344445229 0.085882172 -0.187401354 -0.024220638 -0.105006844 0.976354301
1341840854.438402 0.377609104 -0.342090279 0.078503042 -0.184789687 -0.028018203 -0.098011717 0.977477074
1341840854.470341 0.365435898 -0.340425134 0.087625861 -0.186089247 -0.024028206 -0.102181681 0.976909578
1341840854.574331 0.392321497 -0.281077623 0.084839232 -0.156706989 -0.036128715 -0.098222606 0.982084513
1341840854.606460 0.379808038 -0.269437164 0.077048376 -0.150112003 -0.029387716 -0.101089753 0.983048141
1341840854.638476 0.398164988 -0.252447605 0.083709158 -0.143035471 -0.039967034 -0.101078242 0.983730972
1341840854.674312 0.393815339 -0.247642577 0.065356016 -0.139391452 -0.036030777 -0.104300722 0.984069705
1341840854.706362 0.341213107 -0.269637257 0.063739792 -0.148200408 -0.014582046 -0.116726123 0.981936336
1341840854.774384 0.350091279 -0.264947563 0.075237460 -0.149256825 -0.017865414 -0.107832059 0.982738793
1341840854.806396 0.373109370 -0.234320998 0.067045189 -0.133016139 -0.026712909 -0.101870731 0.985502660
1341840854.842383 0.435883284 -0.196538523 0.083013721 -0.116992079 -0.055516776 -0.092529319 0.987253308
1341840854.874351 0.431676596 -0.158748358 0.066503093 -0.097934991 -0.051059444 -0.093557581 0.989468873
1341840854.906375 0.440950006 -0.155788720 0.053172659 -0.096484825 -0.052684538 -0.088668682 0.989976227
1341840854.942414 0.434058100 -0.129708156 0.049355596 -0.085340969 -0.048053734 -0.085687630 0.991496503
1341840854.974632 0.423085004 -0.139456853 0.051738702 -0.088510126 -0.046064548 -0.089843601 0.990945101
1341840855.006485 0.427109122 -0.150136262 0.046988092 -0.090919949 -0.047195047 -0.091047749 0.990563750
