1341840840.169494 0.061127089 0.018598875 0.006648019 -0.017453244 -0.009897520 -0.004915887 0.999786615
1341840840.201335 0.068899900 0.035913784 0.003151394 -0.009755407 -0.013277584 -0.005299151 0.999850214
1341840840.233363 0.063590132 0.037585322 0.002895049 -0.013480413 -0.008909866 -0.003716123 0.999862492
1341840840.269407 0.073860101 0.027802810 0.007423784 -0.019518333 -0.011590683 -0.001860455 0.999740601
1341840840.294570 0.077691823 0.026007298 0.007757130 -0.018725973 -0.011512476 -0.001386565 0.999757409
1341840840.330394 0.080019087 0.025771752 0.007112346 -0.016504446 -0.011554603 0.000336626 0.999796927
1341840840.362487 0.075036116 0.033436518 0.002085528 -0.012827982 -0.009617748 0.002276668 0.999868870
1341840840.394382 0.082376108 0.038050652 0.004960477 -0.013921848 -0.013454283 0.004720644 0.999801397
1341840840.430325 0.098936774 0.029095205 0.010220337 -0.017504839 -0.018843053 0.006851994 0.999645710
1341840840.462407 0.096843660 0.038833097 0.006325284 -0.011319126 -0.015270949 0.005981958 0.999801397
1341840840.494502 0.112396359 0.047468990 0.014194319 -0.011391191 -0.021771649 0.008349711 0.999663174
1341840840.530297 0.115530431 0.038383376 0.016652564 -0.016999975 -0.022523118 0.010392283 0.999547780
1341840840.562361 0.120821446 0.037092902 0.017303847 -0.016305979 -0.023979789 0.010708502 0.999522090
1341840840.598321 0.121527731 0.037794352 0.015636710 -0.016438587 -0.024037125 0.011996714 0.999503911
1341840840.630280 0.123099916 0.026490742 0.016088009 -0.019821268 -0.026195206 0.014057241 0.999361455
1341840840.662439 0.128163859 0.041325063 0.014701460 -0.011306172 -0.029106617 0.012780034 0.999430656
1341840840.698371 0.127868131 0.042546690 0.009415705 -0.011977720 -0.024627006 0.011307711 0.999560952
1341840840.730361 0.147894174 0.033390258 0.021723622 -0.016113386 -0.029155748 0.013400537 0.999355137
1341840840.762407 0.141429529 0.030201180 0.016115606 -0.013531628 -0.023843560 0.012569243 0.999545097
1341840840.798303 0.142227799 0.043218799 0.012052642 -0.007439343 -0.023999728 0.011242740 0.999621034
1341840840.830375 0.156417027 0.042215191 0.018295195 -0.009727904 -0.027544530 0.012128247 0.999499619
1341840840.866393 0.163243726 0.030104674 0.021298770 -0.012466086 -0.026448267 0.012215453 0.999497831
1341840840.898320 0.157552004 0.039134871 0.014892984 -0.004862181 -0.021645453 0.010008415 0.999703825
1341840840.930454 0.156945109 0.048491422 0.010741013 -0.003100011 -0.019969987 0.009207779 0.999753356
1341840840.966498 0.154746011 0.039892718 0.006700356 -0.009752668 -0.015381198 0.008433015 0.999798596
1341840840.998398 0.161548659 0.037973855 0.008456789 -0.009904328 -0.014794298 0.008322489 0.999806881
1341840841.034538 0.166450948 0.047858071 0.008357838 -0.006553883 -0.012193658 0.005326072 0.999889970
1341840841.066345 0.164808467 0.055258472 0.005307507 -0.007596542 -0.005100174 0.003750511 0.999951065
1341840841.098335 0.164616704 0.038594760 0.007813725 -0.020021675 -0.001999548 0.005501394 0.999782383
1341840841.134331 0.198922381 0.031858146 0.022976231 -0.020841112 -0.016443809 0.007855737 0.999616742
1341840841.166392 0.186542034 0.054384634 0.011312372 -0.009091636 -0.006343698 0.005438186 0.999923766
1341840841.198348 0.188496664 0.053618249 0.011731093 -0.012805381 -0.001072852 0.007007065 0.999892890
1341840841.234400 0.205975056 0.043879095 0.023723347 -0.016376313 -0.006432244 0.011284033 0.999781549
1341840841.266296 0.208290517 0.031587869 0.015201701 -0.016178560 -0.006948453 0.011064582 0.999783754
1341840841.302430 0.205211490 0.047011111 0.004548894 -0.007658996 -0.003358712 0.011444387 0.999899507
1341840841.334542 0.210478574 0.045938596 0.004006265 -0.009276791 -0.002854033 0.013519731 0.999861479
1341840841.366311 0.213202015 0.045381635 0.004006461 -0.009240788 -0.003204599 0.012996465 0.999867737
1341840841.402475 0.214110002 0.044499710 0.001231179 -0.009401920 -0.003033982 0.011775031 0.999881864
1341840841.434345 0.219034284 0.045658097 0.000402660 -0.009488659 -0.004195624 0.010935621 0.999886334
1341840841.466383 0.220987722 0.045177709 -0.001164378 -0.010950174 -0.003548089 0.010645960 0.999877095
1341840841.502454 0.224287972 0.042411137 -0.000304772 -0.012502808 -0.004596886 0.010802677 0.999852896
1341840841.534696 0.226517245 0.042527888 -0.000184337 -0.011240892 -0.005270269 0.011087269 0.999861479
1341840841.570470 0.236232296 0.058740113 -0.002838838 -0.005199390 -0.009282932 0.011291281 0.999879658
1341840841.602476 0.244577378 0.056220099 0.009589370 -0.011490553 -0.010964881 0.012215720 0.999799252
1341840841.634468 0.252386004 0.048484810 0.008360310 -0.013594191 -0.011962958 0.010915942 0.999776423
1341840841.671032 0.245685071 0.050403941 0.002959461 -0.011123048 -0.007464912 0.010238517 0.999857843
1341840841.702284 0.242589340 0.053319249 -0.001461872 -0.010930005 -0.007036358 0.011319923 0.999851406
1341840841.734304 0.242486194 0.053458188 -0.001097187 -0.012741335 -0.006882279 0.011630331 0.999827504
1341840841.770351 0.254713923 0.047627222 0.004000002 -0.015878389 -0.012014833 0.014748277 0.999692976
1341840841.802313 0.247737139 0.041680351 -0.002773169 -0.017568879 -0.010679690 0.017247932 0.999639809
1341840841.838370 0.249217987 0.038744271 -0.001586031 -0.018300768 -0.017071614 0.020547705 0.999475598
1341840841.870881 0.260947287 0.046792168 0.002179006 -0.012453607 -0.028556870 0.016369341 0.999380529
1341840841.902346 0.269596577 0.072133675 0.006176216 -0.002448465 -0.030814823 0.011350355 0.999457657
1341840841.938375 0.268339604 0.063254133 0.007848124 -0.009999001 -0.025308840 0.012336862 0.999553561
1341840841.970352 0.262000054 0.046994761 0.000922986 -0.017932102 -0.023059089 0.011396580 0.999508321
1341840842.006342 0.260370135 0.057946678 -0.000470581 -0.013798789 -0.024984187 0.007262380 0.999566257
1341840842.038475 0.279102027 0.062221006 0.009832930 -0.013720381 -0.031502821 0.006279155 0.999389768
1341840842.070419 0.278363615 0.060921177 0.007082552 -0.013417058 -0.027061911 0.004649527 0.999532878
1341840842.106404 0.270695597 0.058183018 0.000755535 -0.015350142 -0.022420276 0.003551042 0.999624491
1341840842.138367 0.270016938 0.039633550 -0.001199168 -0.021444639 -0.025280505 0.001581288 0.999449074
1341840842.170410 0.279362381 0.052404121 -0.000691257 -0.011525107 -0.031502187 -0.000811579 0.999436915
1341840842.206430 0.286014080 0.059141025 -0.002117462 -0.006580693 -0.032625724 -0.003899092 0.999438345
1341840842.238319 0.291302234 0.060022611 -0.004022174 -0.004701701 -0.032059141 -0.007733639 0.999444962
1341840842.274385 0.291694731 0.059969574 -0.004055887 -0.002252431 -0.029348906 -0.013833212 0.999470949
1341840842.306571 0.294198781 0.059127934 -0.006936144 0.000424942 -0.027480479 -0.016484309 0.999486327
1341840842.338413 0.295188367 0.061173525 -0.014226325 0.001801032 -0.027751580 -0.018114043 0.999449074
1341840842.374365 0.287096232 0.048649672 -0.015216568 -0.003260350 -0.026767842 -0.021072894 0.999414206
1341840842.406739 0.296089590 0.053796276 -0.015121507 0.005183841 -0.033669155 -0.022556916 0.999164999
1341840842.438410 0.302627832 0.078944743 -0.013028491 0.015751695 -0.034511942 -0.029312998 0.998850107
1341840842.474299 0.332661182 0.060095675 -0.022755880 -0.003325613 -0.037634593 -0.027843844 0.998898029
1341840842.542388 0.333818555 0.058774818 -0.028825874 -0.002876002 -0.039174121 -0.031479280 0.998732269
1341840842.574346 0.340323210 0.059199415 -0.036358442 -0.002458703 -0.040699083 -0.031163009 0.998682380
1341840842.642329 0.344345421 0.058784407 -0.040616550 -0.004853948 -0.041526008 -0.023798632 0.998842180
1341840842.674386 0.345523387 0.058585681 -0.043342456 -0.000601446 -0.043888833 -0.021314863 0.998808801
1341840842.706548 0.344689369 0.055062883 -0.044677999 -0.001778618 -0.045009758 -0.025641078 0.998655856
1341840842.774261 0.354137450 0.048007090 -0.052299932 -0.003413469 -0.047741175 -0.024284566 0.998558640
1341840842.810490 0.362217307 0.048436977 -0.052520871 -0.001937735 -0.050276436 -0.020697920 0.998518944
1341840842.842296 0.359751552 0.044933788 -0.054275084 -0.004513351 -0.050266810 -0.025215946 0.998407245
1341840842.874411 0.364648074 0.046910472 -0.051649511 -0.006883825 -0.052343272 -0.027273929 0.998232901
1341840842.910377 0.367414773 0.042452417 -0.070068456 -0.007704247 -0.048052780 -0.023394490 0.998541057
1341840842.942647 0.366128266 0.043697465 -0.069952630 -0.004459218 -0.046591908 -0.023694690 0.998623013
1341840842.974535 0.368557304 0.042346120 -0.074553363 -0.007034104 -0.046508927 -0.028903564 0.998474836
1341840843.010449 0.368248582 0.043316517 -0.071506187 -0.005696389 -0.040596772 -0.028631862 0.998749077
1341840843.042429 0.369261056 0.042262960 -0.074447490 -0.005188786 -0.034404445 -0.020333216 0.999187648
1341840843.078385 0.368384868 0.042765856 -0.075536266 -0.006784029 -0.037367798 -0.017170863 0.999131024
1341840843.110373 0.368240207 0.043019537 -0.074341625 -0.009263752 -0.042113837 -0.021944692 0.998828828
1341840843.142285 0.371689916 0.043216437 -0.078049779 -0.009428777 -0.041615136 -0.020094670 0.998887122
1341840843.178476 0.366376966 0.044191346 -0.060032718 -0.001132840 -0.022170311 -0.026098644 0.999412835
1341840843.210589 0.366729498 0.045898452 -0.059663463 -0.000479656 -0.022001388 -0.024409261 0.999459803
1341840843.246317 0.369605333 0.041499712 -0.078062013 -0.006467673 -0.026654065 -0.028356094 0.999221504
1341840843.278543 0.367529362 0.037441406 -0.067178935 -0.009661985 -0.025142632 -0.034742992 0.999033213
1341840843.310587 0.370668739 0.035092294 -0.077745095 -0.009527418 -0.025437454 -0.039523773 0.998849332
1341840843.346529 0.371019602 0.035171896 -0.078607552 -0.008568954 -0.025131419 -0.037406456 0.998947322
1341840843.385053 0.369520485 0.036151826 -0.076038241 -0.017254503 -0.022320798 -0.023400256 0.999328017
1341840843.411509 0.369828641 0.035850890 -0.076534390 -0.020487219 -0.020272018 -0.024576750 0.999282420
1341840843.447220 0.368609935 0.036387030 -0.074473523 -0.020186683 -0.014715830 -0.020634960 0.999474943
1341840843.478671 0.369058311 0.036210801 -0.075912334 -0.022140985 -0.015075400 -0.019205034 0.999456644
1341840843.515039 0.369020790 0.036286026 -0.075280674 -0.025744241 -0.015733013 -0.027342265 0.999170721
1341840843.548527 0.367467642 0.036770638 -0.071636565 -0.024643250 -0.009981624 -0.029360911 0.999215245
1341840843.582569 0.367988288 0.036803555 -0.073027842 -0.019981377 -0.007922657 -0.027852954 0.999380946
1341840843.614798 0.368881524 0.036230575 -0.075153068 -0.022960322 -0.009274503 -0.027722582 0.999308884
1341840843.653429 0.368108094 0.036716200 -0.073179819 -0.027008524 -0.009784479 -0.029247032 0.999159336
1341840843.687928 0.367664546 0.036395755 -0.072107442 -0.024438884 -0.007140982 -0.030466573 0.999211431
1341840843.720258 0.368142456 0.036174715 -0.073420763 -0.022811025 -0.005795249 -0.031546135 0.999225140
1341840843.785505 0.367737532 0.036383495 -0.072187699 -0.024027038 -0.004496793 -0.033278167 0.999147177
1341840843.814703 0.367736876 0.036274359 -0.071932308 -0.021992709 -0.002838282 -0.034521397 0.999157906
1341840843.846439 0.368020505 0.036183793 -0.072655432 -0.021934418 -0.001746653 -0.033271845 0.999204099
1341840843.882429 0.374062359 0.034481589 -0.077862091 -0.021748994 -0.002246030 -0.035350382 0.999135733
1341840843.914321 0.367745280 0.036263768 -0.071970880 -0.021214094 0.002084001 -0.039349124 0.998998165
1341840843.946316 0.367666423 0.036211856 -0.071832366 -0.019914003 0.006948631 -0.039609596 0.998992622
1341840843.982401 0.368131846 0.036098972 -0.073044226 -0.020784264 0.008850766 -0.038523402 0.999002337
1341840844.014387 0.373788983 0.034607548 -0.077363215 -0.021889463 0.008278213 -0.039978862 0.998926401
1341840844.050399 0.373366743 0.034236167 -0.075146601 -0.019128537 0.009872576 -0.042688202 0.998856485
1341840844.082349 0.373763233 0.034364279 -0.077082075 -0.013073897 0.013555631 -0.045493297 0.998787105
1341840844.114393 0.374191791 0.034320112 -0.078420222 -0.015095646 0.014946014 -0.043333501 0.998834789
1341840844.150523 0.373820871 0.034698710 -0.076810025 -0.015671436 0.015415236 -0.045482714 0.998723209
1341840844.182299 0.373600721 0.034451738 -0.075897619 -0.013451715 0.018495096 -0.049265180 0.998523831
1341840844.218448 0.373596400 0.034643739 -0.075336620 -0.008925151 0.021933436 -0.049789626 0.998479009
1341840844.250566 0.373799443 0.034681354 -0.076808348 -0.005914743 0.023796625 -0.050412718 0.998427451
1341840844.282274 0.374340117 0.034337219 -0.078532204 -0.009302105 0.023042249 -0.049164962 0.998481512
1341840844.318322 0.373657525 0.034830473 -0.075247929 -0.009886650 0.021776062 -0.047930591 0.998564363
1341840844.350432 0.373946100 0.034417644 -0.075706944 -0.005155772 0.020526169 -0.052338809 0.998405099
1341840844.382375 0.374306440 0.035037108 -0.076813869 -0.002726847 0.022725033 -0.057097409 0.998106182
1341840844.418837 0.373846054 0.034858454 -0.075876534 -0.005415926 0.025674878 -0.056078561 0.998081446
1341840844.450418 0.374072343 0.034352325 -0.076039091 -0.004473023 0.023293519 -0.053246323 0.998299658
1341840844.486330 0.374376088 0.034905683 -0.075941421 -0.000645932 0.020887123 -0.057144988 0.998147190
1341840844.518335 0.374274284 0.034354553 -0.076520339 0.002343982 0.025248915 -0.065114141 0.997555614
1341840844.550458 0.374831706 0.034346275 -0.077860333 0.001255996 0.028871812 -0.061692800 0.997676730
1341840844.586351 0.374531120 0.034295220 -0.077202521 0.000762775 0.027448427 -0.059427042 0.997854948
1341840844.618382 0.374604374 0.034306746 -0.077487186 0.001174258 0.025821915 -0.061335027 0.997782469
1341840844.650334 0.374771208 0.033924442 -0.078654714 0.000232266 0.027094824 -0.064231604 0.997567117
1341840844.686320 0.374172181 0.034103822 -0.076583445 0.001333934 0.029176148 -0.066812128 0.997337997
1341840844.718495 0.374516070 0.033926100 -0.077415153 0.003483639 0.030900769 -0.068465084 0.997168779
1341840844.757582 0.374623656 0.034424715 -0.077752009 0.002557995 0.032464899 -0.067675628 0.997175753
1341840844.791011 0.374203771 0.034159631 -0.076501854 0.001637264 0.032587074 -0.067309268 0.997198462
1341840844.818394 0.374570966 0.034102637 -0.077340409 0.003929788 0.033726670 -0.069267675 0.997020125
1341840844.854307 0.374654889 0.034109406 -0.077506959 0.004070390 0.036763158 -0.068264522 0.996981382
1341840844.888045 0.375001997 0.033888798 -0.078395419 0.003721816 0.038274560 -0.066186041 0.997066021
1341840844.918612 0.375159889 0.033988390 -0.078606196 0.001851604 0.038703959 -0.065600775 0.997093320
1341840844.954718 0.374785006 0.034186587 -0.077498823 0.001606845 0.040401526 -0.066724241 0.996951878
1341840844.986719 0.374853015 0.034111679 -0.077677429 0.002396195 0.043189235 -0.068757065 0.996695280
1341840845.022279 0.374704331 0.034228317 -0.077341899 0.003094622 0.046787828 -0.069016665 0.996512949
1341840845.054280 0.375189513 0.033713628 -0.078505464 0.003286256 0.049769651 -0.067127056 0.996496916
1341840845.086344 0.375539988 0.033671159 -0.080119476 0.002337648 0.052232359 -0.065958887 0.996451557
1341840845.123640 0.375133961 0.033727407 -0.078452587 0.001164547 0.051937476 -0.066849381 0.996409714
1341840845.154408 0.375155210 0.033679333 -0.078538455 0.005333397 0.051629543 -0.070726827 0.996144414
1341840845.186393 0.376403391 0.033222049 -0.081541121 0.002975847 0.051768079 -0.066202506 0.996457934
1341840845.222296 0.375808269 0.033240665 -0.079927266 -0.001369050 0.050522536 -0.062016513 0.996794641
1341840845.254440 0.375795186 0.033314273 -0.079530299 0.001386730 0.048369106 -0.066093378 0.996639431
1341840845.290376 0.376000464 0.033299293 -0.080015965 0.003546792 0.051160354 -0.072472192 0.996051133
1341840845.322289 0.375868469 0.033401474 -0.079543665 0.001265206 0.055380404 -0.068767197 0.996093631
1341840845.354494 0.375670135 0.033326771 -0.079038337 0.001081673 0.053181332 -0.065646268 0.996424198
1341840845.390309 0.375801802 0.033217583 -0.079251796 0.005337777 0.048116989 -0.069066472 0.996436715
1341840845.422339 0.376046985 0.033195719 -0.080514990 0.009440460 0.047636662 -0.075841047 0.995936632
1341840845.458335 0.374845237 0.032695975 -0.079273887 0.009096349 0.052332416 -0.087450661 0.994751692
1341840845.490264 0.374559999 0.032980248 -0.075530559 0.005555644 0.056418784 -0.085676767 0.994708776
1341840845.522343 0.374584407 0.033115167 -0.075777411 0.005358950 0.058549337 -0.081788428 0.994913995
1341840845.558310 0.374801546 0.032900605 -0.076864555 0.004165672 0.055731039 -0.076416254 0.995508552
1341840845.597232 0.374835730 0.032948710 -0.076478362 0.004822432 0.050822772 -0.076337524 0.995774269
1341840845.622577 0.375128657 0.032712400 -0.077299364 0.006917274 0.049598642 -0.081754468 0.995393574
1341840845.658634 0.375010341 0.032312352 -0.077886149 0.005759957 0.053403117 -0.086042330 0.994842529
1341840845.690353 0.375024348 0.032298274 -0.077934235 0.003909377 0.056834377 -0.088277422 0.994465530
1341840845.729069 0.374955446 0.032636221 -0.076444671 0.004005010 0.058697600 -0.087366164 0.994437397
1341840845.758375 0.375056177 0.032378156 -0.078836955 0.005325764 0.060065873 -0.087558202 0.994332612
1341840845.790466 0.375489056 0.032748543 -0.078825913 0.004544796 0.055948041 -0.083941698 0.994888425
1341840845.826375 0.375855058 0.032450955 -0.080187373 0.004281595 0.052041568 -0.091282710 0.994455040
1341840845.858782 0.375431061 0.033198997 -0.077954665 0.004760713 0.056226119 -0.099524334 0.993433893
1341840845.890417 0.375176430 0.032914918 -0.076889232 0.004093020 0.064031281 -0.095992602 0.993311942
1341840845.926383 0.376398593 0.031555500 -0.083914556 0.005520127 0.064610392 -0.096727863 0.993196249
1341840845.958390 0.376550227 0.031483714 -0.084544554 0.003330620 0.064221889 -0.100648679 0.992841542
1341840845.994269 0.376294702 0.031123338 -0.083291158 0.002600040 0.066512056 -0.099328592 0.992825866
1341840846.026558 0.376413316 0.031596579 -0.083856955 0.005162945 0.068021759 -0.097858183 0.992859602
1341840846.058807 0.376615345 0.031706091 -0.084946677 0.003981508 0.067375109 -0.097621642 0.992932379
1341840846.094265 0.376470655 0.031367097 -0.083999023 0.004694916 0.067914218 -0.102621943 0.992388248
1341840846.126378 0.376102269 0.032384850 -0.082420595 0.008447247 0.073294669 -0.108001485 0.991409242
1341840846.158446 0.376463801 0.031835549 -0.084256999 0.006785299 0.079247296 -0.104630843 0.991325498
1341840846.194427 0.377316684 0.031961456 -0.088244803 0.004446765 0.079823509 -0.100753233 0.991694093
1341840846.226385 0.376749426 0.031742189 -0.085887700 0.003052746 0.080252536 -0.102243550 0.991512179
1341840846.262497 0.376705974 0.031459488 -0.084503360 0.006736572 0.084456429 -0.103696086 0.990993917
1341840846.294419 0.377142876 0.031852871 -0.086908437 0.007482912 0.089610890 -0.100399807 0.990875244
1341840846.326478 0.377411664 0.031995572 -0.088707581 0.005495742 0.089136228 -0.098335125 0.991138101
1341840846.362426 0.377034932 0.031535011 -0.087116271 0.006447923 0.089078575 -0.103599928 0.990601063
1341840846.394323 0.377228260 0.031891100 -0.087464407 0.009178047 0.093868919 -0.105722234 0.989912689
1341840846.430454 0.377580494 0.032062586 -0.089295164 0.008702340 0.098540165 -0.102610022 0.989790499
1341840846.465291 0.377795368 0.032113146 -0.090556890 0.004702064 0.098835342 -0.102058627 0.989845216
1341840846.494473 0.377321452 0.031965069 -0.088384010 0.005121606 0.100128628 -0.104823574 0.989424050
1341840846.530439 0.376871556 0.031845830 -0.086208254 0.009002186 0.104275718 -0.105285801 0.988918841
1341840846.562569 0.376970142 0.031712364 -0.086611040 0.008786765 0.106663845 -0.101879708 0.989022851
1341840846.594486 0.377089024 0.031729158 -0.087360948 0.004822752 0.105826586 -0.101321496 0.989197373
1341840846.630509 0.377648264 0.031776477 -0.089757547 0.003922499 0.107777014 -0.108096518 0.988273203
1341840846.662363 0.377183110 0.031782113 -0.088093989 0.008892652 0.115265377 -0.111447304 0.987022936
1341840846.698323 0.378746539 0.032770481 -0.096141025 0.010788717 0.121471055 -0.110069521 0.986414254
1341840846.730390 0.380315661 0.033676971 -0.103558868 0.005433109 0.120992608 -0.108576499 0.986682534
1341840846.762470 0.379369646 0.033016063 -0.098766498 0.002948677 0.120017439 -0.110555850 0.986592412
1341840846.798363 0.378959179 0.032641515 -0.096802875 0.005859430 0.123362146 -0.117037207 0.985418558
1341840846.830356 0.379490346 0.032993723 -0.100870229 0.001135254 0.127037734 -0.114351548 0.985283673
1341840846.862350 0.379380405 0.033410184 -0.099073827 0.000198756 0.125717267 -0.112635866 0.985651195
1341840846.898489 0.379585266 0.033330847 -0.100296795 0.001616179 0.127650708 -0.119104303 0.984640479
1341840846.930380 0.380594969 0.032156043 -0.104215451 -0.004865916 0.131399333 -0.121331364 0.983864486
1341840846.966358 0.380165994 0.031922054 -0.102098286 -0.010045226 0.132354692 -0.114301249 0.984538794
1341840846.998844 0.379894048 0.033060238 -0.101737216 -0.006377206 0.129837990 -0.116050802 0.984699786
1341840847.030411 0.379428953 0.033323601 -0.099807896 -0.006253263 0.130144119 -0.121234626 0.984035373
1341840847.066359 0.379643708 0.033286434 -0.100637630 -0.009190904 0.133490473 -0.123320766 0.983304501
1341840847.098410 0.380064785 0.033163801 -0.102314822 -0.011096985 0.133944526 -0.121207774 0.983485878
1341840847.130366 0.380044103 0.033169895 -0.102277547 -0.010586152 0.132478431 -0.123244442 0.983436942
1341840847.166401 0.380106002 0.033174779 -0.102445275 -0.010997539 0.133837193 -0.126018360 0.982896745
1341840847.198307 0.380589694 0.033498708 -0.104813792 -0.011656178 0.135533899 -0.122838572 0.983059227
1341840847.234496 0.380484521 0.033577703 -0.104847230 -0.007459092 0.134348541 -0.122840025 0.983262479
1341840847.266747 0.380505502 0.033559766 -0.104948118 -0.006196366 0.131634399 -0.124119014 0.983477712
1341840847.298356 0.380482703 0.033587836 -0.104995854 -0.008492376 0.132908776 -0.122296505 0.983517528
1341840847.334573 0.380514175 0.033521451 -0.104881577 -0.007664524 0.135239899 -0.122886494 0.983132899
1341840847.366405 0.380531996 0.033508971 -0.104847342 -0.005360734 0.134249359 -0.124229647 0.983115137
1341840847.398361 0.380517304 0.033541527 -0.104913630 -0.004418024 0.133781031 -0.125873789 0.982974529
1341840847.434625 0.380459577 0.033656087 -0.104912549 -0.005558122 0.138809115 -0.127869681 0.982013464
1341840847.466370 0.380474269 0.033697799 -0.104894578 -0.006138098 0.143470064 -0.125447914 0.981652439
1341840847.502590 0.380532622 0.033506878 -0.104787588 -0.005289035 0.142715603 -0.125438929 0.981768489
1341840847.534309 0.380492747 0.033509489 -0.104856610 -0.006651849 0.141409636 -0.126145482 0.981858611
1341840847.566354 0.380515844 0.033576295 -0.104818583 -0.008347780 0.143256232 -0.124745689 0.981756806
1341840847.603337 0.380562663 0.033534843 -0.104758516 -0.006238128 0.146690622 -0.125993282 0.981105804
1341840847.634465 0.380543053 0.033525959 -0.104728751 -0.004651077 0.146458313 -0.125797912 0.981174409
1341840847.670420 0.380528599 0.033590771 -0.104847111 -0.004495269 0.146228805 -0.125621423 0.981231987
1341840847.702420 0.380519360 0.033645000 -0.104805499 -0.005339534 0.149570614 -0.124584466 0.980856180
1341840847.734342 0.380543381 0.033575594 -0.104758821 -0.007210854 0.153543025 -0.124204077 0.980278492
1341840847.770464 0.380342424 0.033400401 -0.104500458 -0.004708070 0.154779553 -0.127354264 0.979694843
1341840847.802407 0.380436510 0.033713404 -0.105070181 -0.000947945 0.153459176 -0.128772989 0.979727983
1341840847.834306 0.380411685 0.033704724 -0.104981460 -0.002054698 0.155551255 -0.127489328 0.979564250
1341840847.870532 0.380310118 0.033765230 -0.104616255 -0.000620346 0.158503145 -0.128158495 0.979005516
1341840847.902485 0.380523890 0.033609163 -0.104820743 -0.001266099 0.156581879 -0.123152889 0.979956031
1341840847.938405 0.380517006 0.033657063 -0.104861602 -0.002903259 0.156128392 -0.123691119 0.979957163
1341840847.970339 0.380678535 0.033608556 -0.104678877 -0.000871111 0.156258851 -0.125831470 0.979667723
1341840848.002312 0.380581856 0.033656459 -0.104861423 0.001752551 0.156230718 -0.126573607 0.979575396
1341840848.038354 0.380634636 0.033700850 -0.104893103 0.003138829 0.155157298 -0.127471432 0.979626179
1341840848.070743 0.380121022 0.034158543 -0.105816364 0.005288995 0.156506971 -0.129943982 0.979077220
1341840848.102909 0.380092978 0.034377489 -0.106279477 0.005702859 0.159223571 -0.130739003 0.978530824
1341840848.138432 0.380198002 0.034376789 -0.105775461 0.004619560 0.162175357 -0.130332217 0.978105962
1341840848.170385 0.379962027 0.034349501 -0.105808742 0.004642019 0.163321391 -0.130953163 0.977832198
1341840848.206548 0.380198210 0.034426924 -0.105809748 0.006784394 0.164728299 -0.131472722 0.977513909
1341840848.238651 0.379983813 0.034620512 -0.106384523 0.008434287 0.165589258 -0.131142184 0.977400005
1341840848.277372 0.380422443 0.034822248 -0.105953872 0.008225661 0.166280642 -0.132451937 0.977107763
1341840848.313384 0.380226046 0.034748908 -0.106172815 0.008526118 0.167305455 -0.134420618 0.976661265
1341840848.345285 0.380376399 0.034931861 -0.106123880 0.011036332 0.168806657 -0.135148212 0.976277351
1341840848.377729 0.380280077 0.035103682 -0.106600210 0.011608979 0.170870453 -0.134656712 0.975979567
1341840848.413434 0.379343301 0.035440847 -0.107772008 0.011181943 0.172769845 -0.137181595 0.975298285
1341840848.446614 0.377951920 0.036073714 -0.108740442 0.013756278 0.177473515 -0.139732942 0.974057794
1341840848.477376 0.377945453 0.036062401 -0.108701758 0.015655344 0.179805741 -0.137217984 0.973958969
1341840848.514358 0.377934933 0.036075179 -0.108768389 0.013212368 0.180561289 -0.137524813 0.973812044
1341840848.545352 0.378038824 0.036072858 -0.108577423 0.013138925 0.183080941 -0.140965715 0.972850144
1341840848.581630 0.378042340 0.036074623 -0.108570166 0.019585110 0.187818184 -0.142782509 0.971572876
1341840848.613497 0.377984613 0.036010809 -0.108650081 0.021160459 0.189990565 -0.139350832 0.971615732
1341840848.645345 0.377983749 0.036073878 -0.108686179 0.020986507 0.188252687 -0.136335298 0.972385287
1341840848.681427 0.378050923 0.036073688 -0.108560160 0.023363899 0.188778266 -0.139759704 0.971742809
1341840848.713310 0.378055751 0.036055744 -0.108536758 0.027246486 0.193801135 -0.142410353 0.970266998
1341840848.745404 0.378167450 0.035979010 -0.108451150 0.028880531 0.197917134 -0.142979652 0.969304681
1341840848.774529 0.378034264 0.035990514 -0.108565539 0.029470224 0.200898737 -0.138294563 0.969353318
1341840848.806548 0.377942950 0.036020212 -0.108603433 0.028213924 0.202564478 -0.132186890 0.969895959
1341840848.842443 0.378144950 0.036039785 -0.108421586 0.030113269 0.201897949 -0.134679735 0.969634891
1341840848.874427 0.378151387 0.036290601 -0.108488679 0.035138149 0.202692896 -0.139726609 0.968585253
1341840848.910589 0.378464550 0.036220588 -0.107917875 0.033064209 0.204852998 -0.141535312 0.967940986
1341840848.942390 0.378615916 0.036234118 -0.107673205 0.034947548 0.206970409 -0.142452955 0.967289507
1341840848.974342 0.378572196 0.036369070 -0.107834607 0.044048771 0.205583125 -0.144559905 0.966901064
1341840849.010480 0.378498286 0.036394373 -0.107977279 0.044130642 0.203120843 -0.143957064 0.967507482
1341840849.042373 0.378412038 0.036415856 -0.107958466 0.039328106 0.203912273 -0.144036487 0.967536330
1341840849.074269 0.378610551 0.036220692 -0.107562512 0.041953526 0.207503229 -0.143651828 0.966719449
1341840849.110433 0.378595918 0.036195565 -0.107496344 0.045310907 0.209475964 -0.141889170 0.966402709
1341840849.142356 0.378577918 0.036239069 -0.107667871 0.046341769 0.207443252 -0.145183161 0.966303051
1341840849.178427 0.378595680 0.036148641 -0.107649684 0.045248132 0.206371054 -0.146262273 0.966421723
1341840849.210439 0.378646255 0.036110815 -0.107532114 0.047184285 0.206963778 -0.144575402 0.966456175
1341840849.242309 0.378628850 0.036129765 -0.107552662 0.050443828 0.206638739 -0.144938394 0.966306746
1341840849.278391 0.378670812 0.036046498 -0.107467383 0.046193499 0.208359450 -0.148140639 0.965663970
1341840849.310332 0.378537387 0.036151364 -0.107655153 0.043448500 0.215433955 -0.151022851 0.963790715
1341840849.342402 0.378586948 0.036202885 -0.107541420 0.050755344 0.225522906 -0.150014475 0.961279869
1341840849.378339 0.378638923 0.036103033 -0.107564762 0.055588581 0.227603152 -0.147107244 0.960971475
1341840849.410390 0.378579706 0.035870869 -0.107336059 0.052143857 0.228072897 -0.140061617 0.962105274
1341840849.446437 0.378655791 0.035962902 -0.107098401 0.052206371 0.231325343 -0.140034363 0.961328983
1341840849.478425 0.378781170 0.036011826 -0.106874242 0.057120219 0.238772914 -0.142748013 0.958826244
1341840849.512199 0.378860712 0.036143102 -0.106982566 0.055932324 0.244450927 -0.147947818 0.956674814
1341840849.546449 0.378852308 0.036137141 -0.107000098 0.051022131 0.250108182 -0.148040101 0.955471992
1341840849.578498 0.378864944 0.036143489 -0.106979199 0.047490992 0.255064636 -0.149368346 0.954136133
1341840849.610692 0.378916234 0.036125474 -0.106912605 0.050740622 0.259349942 -0.147440687 0.953112960
1341840849.646317 0.378897280 0.036108501 -0.106933430 0.049607094 0.261452138 -0.146235108 0.952783942
1341840849.685647 0.378828079 0.036030244 -0.106906101 0.042465556 0.264913648 -0.143816322 0.952540934
1341840849.714708 0.378946960 0.035753906 -0.106595948 0.040807005 0.271026671 -0.141076371 0.951302707
1341840849.746347 0.379228950 0.035376146 -0.106040411 0.041469730 0.274903655 -0.138828978 0.950491846
1341840849.778359 0.379542351 0.035046216 -0.105466373 0.037334498 0.276680112 -0.138146847 0.950247169
1341840849.814323 0.379780412 0.034842670 -0.104924209 0.035100359 0.279906929 -0.135880336 0.949713945
1341840849.846557 0.379970700 0.034732599 -0.104601718 0.037819829 0.280203700 -0.133391842 0.949874818
1341840849.882256 0.379789770 0.034914605 -0.105012938 0.037984908 0.278655708 -0.138458312 0.949598551
1341840849.921575 0.379526138 0.035048451 -0.105472654 0.032747883 0.280950010 -0.140425414 0.948828399
1341840849.946362 0.379540563 0.035089023 -0.105475076 0.031915247 0.282920599 -0.143624291 0.947791874
1341840849.982476 0.379567742 0.035053074 -0.105439305 0.036903583 0.285365492 -0.143837482 0.946844995
1341840850.014371 0.379557192 0.035041727 -0.105458595 0.035546795 0.287332535 -0.142171890 0.946553588
1341840850.046326 0.379549474 0.035047945 -0.105446696 0.030252947 0.286065340 -0.140170604 0.947419465
1341840850.082415 0.379578024 0.035055775 -0.105424516 0.029354127 0.285366297 -0.144193783 0.947054684
1341840850.121449 0.379560113 0.035066593 -0.105440266 0.033830680 0.288652450 -0.146516383 0.945551813
1341840850.157539 0.379558086 0.035053350 -0.105434746 0.032440688 0.290864408 -0.144421592 0.945244908
1341840850.189410 0.379562557 0.035049133 -0.105434984 0.029373989 0.288957030 -0.143542573 0.946063697
1341840850.221491 0.379587144 0.035056502 -0.105414592 0.029711509 0.288791895 -0.148982972 0.945262134
1341840850.257570 0.379573882 0.035053901 -0.105428748 0.032050397 0.292172223 -0.151425734 0.943757594
1341840850.289374 0.379569054 0.035058118 -0.105428658 0.031295765 0.295458108 -0.150770485 0.942864418
1341840850.314521 0.379558355 0.035056040 -0.105431132 0.028563840 0.295349896 -0.150230542 0.943071246
1341840850.350348 0.379564732 0.035057347 -0.105422497 0.025847806 0.297054440 -0.153867260 0.942027330
1341840850.382480 0.379570544 0.035058316 -0.105416998 0.025355667 0.300983012 -0.155671865 0.940495908
1341840850.418448 0.379566461 0.035053834 -0.105420858 0.026668061 0.301118851 -0.152533650 0.940930247
1341840850.450229 0.379574209 0.035062034 -0.105418600 0.024736740 0.300094277 -0.157040447 0.940568864
1341840850.482352 0.379571736 0.035080835 -0.105421580 0.024276635 0.306641996 -0.165815488 0.936955988
1341840850.518351 0.379557639 0.035066806 -0.105422176 0.025337035 0.315892369 -0.164092407 0.934154034
1341840850.550287 0.379559040 0.035057448 -0.105422057 0.026464418 0.314467102 -0.157390267 0.935755491
1341840850.582563 0.379571795 0.035051458 -0.105413780 0.028258119 0.307329237 -0.155945390 0.938313007
1341840850.618439 0.379592568 0.035064332 -0.105406307 0.032065626 0.304840147 -0.162515014 0.937887609
1341840850.650443 0.379529655 0.035080008 -0.105459183 0.029090367 0.306808054 -0.166770041 0.936595082
1341840850.686406 0.379529893 0.035074934 -0.105448402 0.024596673 0.309199244 -0.161247730 0.936904490
1341840850.718516 0.379581392 0.035063870 -0.105409242 0.028193468 0.308377862 -0.159883931 0.937307477
1341840850.750308 0.379559904 0.035069294 -0.105427362 0.028955089 0.308358103 -0.161246598 0.937057316
1341840850.786319 0.379544824 0.035075303 -0.105431840 0.025491765 0.310094982 -0.161324546 0.936571240
1341840850.818316 0.379574418 0.035078257 -0.105402239 0.024545547 0.312857538 -0.162547067 0.935465753
1341840850.854290 0.379574060 0.035080884 -0.105410017 0.025350118 0.316114992 -0.165069088 0.933906257
1341840850.886322 0.379554063 0.035084955 -0.105420493 0.023825157 0.321011722 -0.163779885 0.932501972
1341840850.918358 0.379570782 0.035065722 -0.105404571 0.023000492 0.322909415 -0.158008456 0.932863235
1341840850.954395 0.379605293 0.035065278 -0.105384633 0.025040235 0.321641356 -0.158556923 0.933155656
1341840850.986448 0.379572541 0.035080776 -0.105403513 0.026037036 0.323355943 -0.160508633 0.932201684
1341840851.018447 0.379571974 0.035080187 -0.105398558 0.025477108 0.325639248 -0.156843334 0.932046235
1341840851.054395 0.379606038 0.035073515 -0.105380431 0.026929758 0.325273544 -0.157324433 0.932052016
1341840851.086362 0.379586369 0.035084583 -0.105393201 0.027243609 0.326345295 -0.162016615 0.930863619
1341840851.122353 0.379597664 0.035077024 -0.105386220 0.028770361 0.329077005 -0.159821644 0.930235267
1341840851.154293 0.379594713 0.035081990 -0.105383866 0.030668087 0.330606878 -0.160294741 0.929550529
1341840851.186482 0.379589409 0.035084665 -0.105388246 0.030277468 0.331235498 -0.161000580 0.929217458
1341840851.222499 0.379602939 0.035082623 -0.105379172 0.030304682 0.332695901 -0.162429944 0.928445756
1341840851.254587 0.379604518 0.035089541 -0.105375074 0.032785017 0.334685415 -0.165616050 0.927082598
1341840851.286786 0.379605323 0.035086315 -0.105375379 0.033392143 0.335616946 -0.166070417 0.926642776
1341840851.322525 0.379605472 0.035088152 -0.105369158 0.032281090 0.336974412 -0.166772500 0.926063240
1341840851.354461 0.379613131 0.035094716 -0.105367452 0.031588987 0.338653207 -0.171743765 0.924564898
1341840851.390383 0.379608303 0.035097174 -0.105368152 0.033077296 0.342266858 -0.174165919 0.922727227
1341840851.422373 0.379615933 0.035083562 -0.105363287 0.035146058 0.343445092 -0.170986250 0.922807634
1341840851.454333 0.379627734 0.035080537 -0.105353184 0.039191514 0.339413941 -0.170035183 0.924310684
1341840851.490328 0.379594475 0.035100203 -0.105368681 0.037064426 0.337589651 -0.176105782 0.923929751
1341840851.522431 0.379606068 0.035102479 -0.105366983 0.037573054 0.341060251 -0.179761291 0.921928465
1341840851.555777 0.379643530 0.035092767 -0.105345607 0.042800207 0.343418300 -0.180234075 0.920732141
1341840851.590800 0.379610062 0.035096243 -0.105361477 0.042960659 0.343509346 -0.179195136 0.920893490
1341840851.622401 0.379628003 0.035101943 -0.105350189 0.039930090 0.344343394 -0.180649742 0.920434058
1341840851.658371 0.379643142 0.035101563 -0.105341114 0.041589480 0.346966714 -0.183132634 0.918883502
1341840851.690446 0.379657120 0.035101343 -0.105330564 0.044523586 0.350813419 -0.181697696 0.917569399
1341840851.722387 0.379647613 0.035100333 -0.105337523 0.045193188 0.350920200 -0.182052359 0.917425513
1341840851.758379 0.379651606 0.035100933 -0.105333269 0.046299815 0.351209015 -0.184331685 0.916804433
1341840851.790498 0.379652768 0.035097491 -0.105330564 0.050077636 0.352679312 -0.184511587 0.916004896
1341840851.822502 0.379593283 0.035101075 -0.105363779 0.052933555 0.353394240 -0.181936786 0.916083813
1341840851.858469 0.379636407 0.035109911 -0.105333216 0.049019109 0.355074793 -0.184121370 0.915214896
1341840851.890382 0.379682660 0.035105892 -0.105313256 0.049056768 0.357681125 -0.187921897 0.913423777
1341840851.926297 0.379659444 0.035103600 -0.105326958 0.055536818 0.360321879 -0.185349882 0.912539959
1341840851.958364 0.379652560 0.035102803 -0.105321705 0.055719990 0.360875309 -0.180782929 0.913226068
1341840851.990589 0.379695296 0.035114784 -0.105291516 0.051919967 0.360819638 -0.184764042 0.912675083
1341840852.026374 0.379707336 0.035114378 -0.105294898 0.054601975 0.363219649 -0.186576024 0.911196768
1341840852.058336 0.379677862 0.035109460 -0.105309315 0.059059966 0.366135687 -0.183148727 0.910446644
1341840852.094404 0.379655778 0.035103310 -0.105313413 0.058130044 0.365908146 -0.179624483 0.911299706
1341840852.126392 0.379681051 0.035115927 -0.105307586 0.054993782 0.366396487 -0.182622045 0.910702169
1341840852.158516 0.379711688 0.035113540 -0.105294995 0.054030057 0.370745301 -0.189294979 0.907632113
1341840852.194279 0.379712343 0.035103966 -0.105283953 0.059054386 0.378215522 -0.189626008 0.904161215
1341840852.226380 0.379703462 0.035102811 -0.105288126 0.061712407 0.378525048 -0.180216283 0.905777276
1341840852.258313 0.379708529 0.035108998 -0.105288930 0.058552556 0.374686658 -0.180774823 0.907470047
1341840852.294500 0.379740357 0.035107642 -0.105266437 0.060878672 0.376417041 -0.187377706 0.905258834
1341840852.326311 0.379713595 0.035125114 -0.105286755 0.064183503 0.382193357 -0.191938415 0.901647568
1341840852.362368 0.379690051 0.035124280 -0.105296575 0.061249528 0.386553466 -0.190247878 0.900350273
1341840852.394489 0.379701048 0.035121799 -0.105289049 0.060695328 0.388225049 -0.189173132 0.899894953
1341840852.426307 0.379719436 0.035109412 -0.105282135 0.064819336 0.390600026 -0.188248649 0.898772776
1341840852.462394 0.379716069 0.035114337 -0.105283149 0.067563452 0.392447799 -0.186155617 0.898201525
1341840852.494557 0.379700333 0.035122138 -0.105288252 0.066108324 0.394809932 -0.187480241 0.896998286
1341840852.526348 0.379718006 0.035123535 -0.105279915 0.065935917 0.397711396 -0.187741548 0.895673573
1341840852.562305 0.379749298 0.035121031 -0.105261534 0.066380315 0.400946736 -0.187734619 0.894198537
1341840852.594400 0.379713476 0.035120551 -0.105281159 0.065276302 0.403734118 -0.183147952 0.893976867
1341840852.630345 0.379726410 0.035120353 -0.105269641 0.066823550 0.403650731 -0.183959275 0.893733561
1341840852.663508 0.379727721 0.035126366 -0.105265476 0.071943484 0.402858615 -0.186303020 0.893207848
1341840852.694654 0.379715890 0.035123203 -0.105275348 0.072109170 0.401779056 -0.183497190 0.894260883
1341840852.732477 0.379720241 0.035121307 -0.105275482 0.068785213 0.400579661 -0.183318689 0.895097077
1341840852.762455 0.379721522 0.035120070 -0.105273925 0.065721542 0.401803195 -0.184198901 0.894598007
1341840852.794631 0.379725754 0.035118476 -0.105269983 0.062445618 0.404213041 -0.185745865 0.893426478
1341840852.830583 0.379748464 0.035126820 -0.105260715 0.066134743 0.406036198 -0.192282110 0.890947998
1341840852.862990 0.379735470 0.035121087 -0.105267800 0.068417944 0.407346547 -0.193926573 0.889820337
1341840852.898597 0.379705697 0.035120793 -0.105280288 0.064108968 0.409388274 -0.191408008 0.889749587
1341840852.930367 0.379727334 0.035124525 -0.105266407 0.060834624 0.410364091 -0.189217925 0.889998376
1341840852.962482 0.379746139 0.035122301 -0.105260313 0.063423000 0.409169137 -0.192807123 0.889597416
1341840852.998535 0.379738331 0.035132971 -0.105262868 0.064398825 0.410811871 -0.198188350 0.887585342
1341840853.037588 0.379736900 0.035131976 -0.105262704 0.062309384 0.412732035 -0.198172823 0.886846840
1341840853.066770 0.379740417 0.035133522 -0.105260029 0.063918538 0.412858456 -0.198500752 0.886600137
1341840853.098354 0.379737854 0.035132766 -0.105262451 0.063879170 0.412888587 -0.200376794 0.886166811
1341840853.131999 0.379738986 0.035132587 -0.105262287 0.061938822 0.415136337 -0.202257842 0.884826064
1341840853.166530 0.379749119 0.035131175 -0.105257519 0.063437909 0.416417241 -0.204317629 0.883643985
1341840853.198406 0.379739672 0.035133015 -0.105261102 0.064954206 0.416328281 -0.206501186 0.883067906
1341840853.231726 0.379731774 0.035134479 -0.105265044 0.059706483 0.417748094 -0.208098337 0.882392645
1341840853.266442 0.379739314 0.035132095 -0.105261266 0.054602623 0.422875375 -0.209153205 0.880028367
1341840853.298516 0.379746497 0.035131697 -0.105254538 0.060345773 0.424512804 -0.211079523 0.878403485
1341840853.334385 0.379739523 0.035132326 -0.105261274 0.062819429 0.422283411 -0.214555591 0.878462493
1341840853.366351 0.379737824 0.035132296 -0.105262607 0.057412621 0.423136294 -0.215302169 0.878239393
1341840853.398402 0.379739404 0.035131693 -0.105260536 0.057095990 0.426093936 -0.214717671 0.876972258
1341840853.434335 0.379738033 0.035132293 -0.105262280 0.057128694 0.427979916 -0.217825457 0.875283718
1341840853.466387 0.379738510 0.035131965 -0.105261922 0.055333130 0.428206384 -0.218238741 0.875185311
1341840853.498430 0.379738986 0.035131797 -0.105261385 0.054144725 0.429395765 -0.221119046 0.873953104
1341840853.534407 0.379738390 0.035131734 -0.105261534 0.054341663 0.432469755 -0.223432720 0.871834099
1341840853.566451 0.379737854 0.035131812 -0.105262607 0.053378016 0.433809370 -0.220932692 0.871865213
1341840853.602691 0.379737437 0.035131633 -0.105262667 0.047576174 0.435423583 -0.220581725 0.871485233
1341840853.634832 0.379739940 0.035131808 -0.105259404 0.047635995 0.438068837 -0.220660985 0.870135188
1341840853.666488 0.379743218 0.035130825 -0.105252773 0.050821859 0.438830286 -0.223542079 0.868834853
1341840853.702424 0.379741848 0.035130166 -0.105250105 0.049166262 0.439052254 -0.224208295 0.868646324
1341840853.734353 0.379741788 0.035131577 -0.105248690 0.043755252 0.440212905 -0.224763855 0.868204653
1341840853.766467 0.379756510 0.035131261 -0.105242103 0.044633243 0.441199958 -0.227957278 0.866825163
1341840853.802607 0.379754126 0.035131898 -0.105246723 0.046441708 0.441352427 -0.230876863 0.865879357
1341840853.834576 0.379750758 0.035134736 -0.105248466 0.042840231 0.442747235 -0.231980890 0.865057468
1341840853.870615 0.379754841 0.035140641 -0.105246753 0.039769758 0.444831312 -0.234643579 0.863415182
1341840853.902573 0.379751086 0.035143681 -0.105246425 0.039246965 0.447637558 -0.235232428 0.861827135
1341840853.940152 0.379749626 0.035141412 -0.105244622 0.039068241 0.448780984 -0.234493211 0.861441970
1341840853.970342 0.379744470 0.035145886 -0.105246127 0.035555400 0.450004995 -0.236889705 0.860299110
1341840854.002413 0.379759610 0.035148852 -0.105241939 0.033588931 0.453209341 -0.240877002 0.857584596
1341840854.034566 0.379764318 0.035145253 -0.105243176 0.034993287 0.455446512 -0.242986724 0.855746090
1341840854.070475 0.379743457 0.035147425 -0.105240360 0.035455573 0.459664315 -0.240814924 0.854084194
1341840854.102373 0.379742980 0.035147168 -0.105235770 0.034569383 0.460727662 -0.238283366 0.854257584
1341840854.138343 0.379744351 0.035147030 -0.105231091 0.032610949 0.462420940 -0.240261406 0.852864504
1341840854.170475 0.379743874 0.035148315 -0.105227619 0.035913989 0.466247797 -0.241055101 0.850420833
1341840854.202459 0.379740834 0.035149008 -0.105231598 0.038498934 0.466612548 -0.240863994 0.850161791
1341840854.238384 0.379737705 0.035149172 -0.105235562 0.036630820 0.464327693 -0.240335211 0.851643682
1341840854.270355 0.379746735 0.035149649 -0.105233565 0.036413595 0.462570488 -0.243797570 0.851625085
1341840854.306367 0.379747450 0.035153270 -0.105238497 0.037146036 0.463727683 -0.249049455 0.849441648
1341840854.338540 0.379751056 0.035153471 -0.105239555 0.039833646 0.466036797 -0.246726885 0.848733664
1341840854.370427 0.379755974 0.035151981 -0.105238572 0.038129698 0.465004176 -0.244247496 0.850094318
1341840854.406491 0.379747152 0.035153262 -0.105233625 0.036600869 0.466190130 -0.243665203 0.849678993
1341840854.438402 0.379743785 0.035153784 -0.105232641 0.037317533 0.468522996 -0.243035510 0.848544240
1341840854.470341 0.379745841 0.035149217 -0.105231494 0.035211626 0.468214273 -0.240585625 0.849502265
1341840854.506442 0.379744351 0.035148174 -0.105233088 0.031462424 0.467731893 -0.241897047 0.849542737
1341840854.538722 0.379746139 0.035148837 -0.105231136 0.031118000 0.471760869 -0.243485346 0.846869648
1341840854.574331 0.379748553 0.035148740 -0.105229095 0.030722091 0.476102203 -0.242129058 0.844841003
1341840854.606460 0.379748672 0.035148643 -0.105228990 0.030462742 0.476250142 -0.242110193 0.844772458
1341840854.638476 0.379748583 0.035148688 -0.105229020 0.030213142 0.476037949 -0.240844280 0.845262706
1341840854.674312 0.379748642 0.035148673 -0.105229139 0.027550917 0.477044374 -0.240428776 0.844904482
1341840854.706362 0.379748940 0.035148621 -0.105229035 0.027955130 0.477231741 -0.241588756 0.844454408
1341840854.738328 0.379748881 0.035148509 -0.105228901 0.027671412 0.478415787 -0.242758349 0.843457758
1341840854.774384 0.379749149 0.035148472 -0.105228677 0.027717078 0.480125576 -0.242145523 0.842660546
1341840854.806396 0.379749119 0.035148576 -0.105228841 0.026525967 0.480248034 -0.243776470 0.842158675
1341840854.842383 0.379749060 0.035148680 -0.105228841 0.026110331 0.481324613 -0.245667338 0.841006815
1341840854.874351 0.379748940 0.035149045 -0.105228901 0.032145847 0.480386704 -0.247903332 0.840677798
1341840854.906375 0.379748970 0.035148717 -0.105228961 0.033963121 0.477706522 -0.249314904 0.841715574
1341840854.942414 0.379748583 0.035148636 -0.105229184 0.029428907 0.475699574 -0.250214338 0.842755377
1341840854.974632 0.379749000 0.035148531 -0.105228752 0.027657848 0.476795465 -0.252570450 0.841492295
1341840855.006485 0.379749656 0.035148613 -0.105228223 0.032664120 0.479234725 -0.257990062 0.838276982
1341840855.042409 0.379748523 0.035148539 -0.105229042 0.031031754 0.478968740 -0.257617980 0.838605344
1341840855.074380 0.379747510 0.035149015 -0.105229422 0.023386346 0.484780699 -0.255563051 0.836138904
