1305031102.743234 -0.005756185 0.026441574 0.163819462 -0.041442778 -0.018726591 0.002430291 0.998962402
1305031102.775472 -0.003299416 0.027008770 0.175633520 -0.043844987 -0.017972685 0.000976974 0.998876214
1305031102.811232 -0.003040335 0.027815454 0.186946973 -0.046239287 -0.015424693 0.000942545 0.998810828
1305031102.843290 -0.001715824 0.028120071 0.198098838 -0.048520032 -0.012860482 0.000302174 0.998739362
1305031102.875363 -0.004502060 0.030153304 0.206659749 -0.047615651 -0.008805812 -0.002077349 0.998824775
1305031102.911185 -0.005347495 0.032779459 0.215808272 -0.046987992 -0.007261225 -0.003060607 0.998864353
1305031102.943229 -0.011069401 0.033972800 0.220799342 -0.046979014 -0.004596172 -0.005054817 0.998872519
1305031102.975203 -0.014785987 0.037085649 0.228297606 -0.047056772 -0.010013592 -0.004981403 0.998829603
1305031103.011215 -0.014132746 0.038835160 0.237189725 -0.048562527 -0.016755614 -0.002056093 0.998677492
1305031103.043227 -0.014588960 0.041696526 0.246219605 -0.050021451 -0.022731975 0.000706619 0.998489141
1305031103.075319 -0.013371757 0.043459799 0.256226867 -0.048746780 -0.026255917 0.002026701 0.998463929
1305031103.111240 -0.014851531 0.049109288 0.261496723 -0.046105389 -0.025064670 0.002639789 0.998618603
1305031103.143318 -0.013590660 0.050225273 0.270103455 -0.048359185 -0.026033625 0.004466492 0.998480678
1305031103.175452 -0.014152420 0.054940592 0.275440276 -0.047927491 -0.024244031 0.004862441 0.998544693
1305031103.211220 -0.015652131 0.062468383 0.284136653 -0.049732666 -0.024083493 0.005950924 0.998454392
1305031103.243216 -0.015445283 0.064859666 0.290117800 -0.056597319 -0.024178045 0.009656067 0.998057544
1305031103.275370 -0.020820299 0.066428058 0.292922586 -0.065286122 -0.024134131 0.012968701 0.997490406
1305031103.311210 -0.020512821 0.061310276 0.297859013 -0.074217632 -0.033723261 0.013051777 0.996586204
1305031103.343223 -0.013994897 0.062996604 0.301811278 -0.074486420 -0.041462790 0.013694991 0.996265531
1305031103.375327 -0.013114132 0.062260240 0.302269638 -0.078077622 -0.040219706 0.015166584 0.996020198
1305031103.411260 -0.014767166 0.057931680 0.300972283 -0.081217781 -0.038712461 0.016199056 0.995812535
1305031103.443280 -0.016901931 0.056757912 0.297070771 -0.080773488 -0.039790459 0.015401132 0.995818853
1305031103.475274 -0.016028384 0.053373296 0.294190377 -0.081243977 -0.043044530 0.013694208 0.995670140
1305031103.511333 -0.016010482 0.049638212 0.289240420 -0.079205818 -0.044400696 0.011190348 0.995806098
1305031103.543444 -0.015910450 0.045631759 0.282927454 -0.075484797 -0.045547843 0.009018881 0.996065319
1305031103.575474 -0.017227156 0.043955516 0.274364144 -0.070558898 -0.046177968 0.008846792 0.996398866
1305031103.611223 -0.018715398 0.040041931 0.265952557 -0.068627067 -0.048418865 0.010050462 0.996416032
1305031103.643445 -0.018105101 0.036637969 0.257321864 -0.065924801 -0.052572943 0.010367641 0.996384680
1305031103.675523 -0.016214529 0.033409670 0.248815343 -0.063441999 -0.055636477 0.010513315 0.996378005
1305031103.711610 -0.013154494 0.027894076 0.236786619 -0.062948100 -0.057446577 0.010876063 0.996302724
1305031103.743326 -0.012256534 0.022562571 0.227107048 -0.061260745 -0.057048362 0.009690172 0.996443033
1305031103.775342 -0.011882016 0.021698175 0.215354666 -0.057142012 -0.056442391 0.006308752 0.996749341
1305031103.811242 -0.011409012 0.021558337 0.203884944 -0.056358114 -0.055229928 0.003015871 0.996877313
1305031103.843251 -0.014412552 0.022475516 0.191706359 -0.058109973 -0.053559765 0.000104903 0.996872365
1305031103.875361 -0.015514910 0.013372935 0.182382375 -0.066340365 -0.056061987 -0.003177313 0.996215820
1305031103.911221 -0.015064573 0.007304129 0.172058403 -0.066224180 -0.059837643 -0.004952698 0.995996654
1305031103.943211 -0.013677267 0.005618159 0.159843445 -0.063655511 -0.062637828 -0.005980010 0.995986283
1305031103.975373 -0.009295057 0.000652535 0.150537595 -0.062829308 -0.066291377 -0.006150661 0.995801210
1305031104.011232 -0.005148032 -0.005430259 0.141282290 -0.060116459 -0.067652397 -0.006817579 0.995872796
1305031104.043249 -0.001957957 -0.008123801 0.128998220 -0.053067356 -0.065285102 -0.008898512 0.996414840
1305031104.075425 -0.000256171 -0.006603193 0.118154936 -0.047836103 -0.060956378 -0.011548078 0.996926606
1305031104.111235 0.003336659 -0.012809510 0.108304515 -0.046160121 -0.056115780 -0.012989185 0.997272074
1305031104.143230 0.000569214 -0.015735555 0.095459960 -0.041090198 -0.048800383 -0.014665755 0.997855246
1305031104.175424 -0.000092599 -0.017049879 0.084111944 -0.036572937 -0.045196820 -0.015654070 0.998185694
1305031104.211283 0.001369081 -0.021483807 0.073944114 -0.033361208 -0.043098547 -0.015303722 0.998396397
1305031104.243196 0.000999412 -0.022605879 0.063620731 -0.028247358 -0.040416230 -0.015790986 0.998658717
1305031104.275546 0.002171048 -0.024224773 0.053608567 -0.023891218 -0.038096629 -0.016466642 0.998852730
1305031104.311219 0.002954094 -0.025380291 0.044538438 -0.020115353 -0.034964293 -0.016763860 0.999045491
1305031104.343342 0.004532109 -0.024566950 0.035869535 -0.016310120 -0.031303953 -0.016921556 0.999233544
1305031104.375837 0.004477818 -0.024725471 0.027634276 -0.014181094 -0.026435301 -0.016600488 0.999412060
1305031104.411509 0.001601515 -0.026180066 0.018963315 -0.013158784 -0.021455945 -0.016331593 0.999549806
1305031104.443288 -0.002717083 -0.025912659 0.009864578 -0.012423411 -0.018552352 -0.016082628 0.999621332
1305031104.475456 -0.005592884 -0.026523745 0.002376118 -0.012600346 -0.019164724 -0.015502156 0.999616742
1305031104.511329 -0.005786787 -0.029641664 -0.003983218 -0.012475631 -0.022011142 -0.013942018 0.999582708
1305031104.543368 -0.003477477 -0.031022536 -0.011577410 -0.009163626 -0.024733193 -0.013140971 0.999565721
1305031104.575343 0.002528252 -0.038807161 -0.017745450 -0.007639079 -0.026377575 -0.011752598 0.999553800
1305031104.611336 0.007859583 -0.045834258 -0.025448103 0.000421046 -0.023145173 -0.010575867 0.999676108
1305031104.643243 0.009560531 -0.042673800 -0.034165353 0.013718009 -0.015817434 -0.010050526 0.999730289
1305031104.675525 0.012132035 -0.048942409 -0.042188827 0.023106281 -0.008547091 -0.009181449 0.999654293
1305031104.711277 0.011981924 -0.048719756 -0.051074017 0.037438929 -0.000782832 -0.006696974 0.999276161
1305031104.743280 0.013845464 -0.047520742 -0.059639856 0.050640017 0.005910468 -0.004647226 0.998688698
1305031104.775327 0.013711991 -0.045618769 -0.066118188 0.063229695 0.013190700 -0.002729109 0.997908115
1305031104.811465 0.015829192 -0.041530550 -0.072743647 0.074791253 0.019397371 -0.000057167 0.997010529
1305031104.843258 0.014883200 -0.039432727 -0.078154482 0.083079897 0.026296109 0.002228570 0.996193409
1305031104.875350 0.010844985 -0.032906599 -0.081878975 0.090009212 0.030495124 0.004182137 0.995465159
1305031104.911534 0.015896572 -0.029809380 -0.080672584 0.092367403 0.029600227 0.008449014 0.995249093
1305031104.943262 0.016240036 -0.028869066 -0.080290124 0.093127869 0.030320598 0.009070421 0.995151043
1305031104.975202 0.015371268 -0.022405673 -0.076354064 0.093372494 0.029665491 0.010368992 0.995135188
1305031105.011290 0.014949033 -0.019693453 -0.071404137 0.089061089 0.029337620 0.010813621 0.995535254
1305031105.043373 0.014651460 -0.017239444 -0.065326795 0.083619408 0.028773984 0.009665961 0.996035337
1305031105.075320 0.013568441 -0.016199429 -0.056576911 0.076825447 0.028046509 0.007336625 0.996623039
1305031105.111299 0.010763956 -0.018611873 -0.047471192 0.070302904 0.027696393 0.005374780 0.997126639
1305031105.143106 0.007749359 -0.009891991 -0.038606286 0.066163130 0.025546903 0.003334869 0.997476161
1305031105.175159 0.005389278 -0.003935638 -0.027727270 0.054466497 0.022655193 0.000322015 0.998258471
1305031105.211268 0.000134834 -0.011030301 -0.017085530 0.040200178 0.019892616 -0.002925177 0.998989344
1305031105.243270 -0.002509665 -0.009153911 -0.006060621 0.032203991 0.014623479 -0.004395281 0.999364674
1305031105.275288 -0.004967952 -0.006566685 0.003338373 0.022234809 0.008493457 -0.005487693 0.999701619
1305031105.311290 -0.008493402 -0.008705063 0.014008066 0.011243275 0.001832567 -0.006638971 0.999913037
1305031105.343302 -0.008725333 -0.012565793 0.025408357 0.001786198 -0.004998420 -0.007146329 0.999960363
1305031105.375338 -0.009669041 -0.013555442 0.036010500 -0.002187140 -0.010026605 -0.007094834 0.999922156
1305031105.411286 -0.010558378 -0.008003644 0.046324600 -0.006351602 -0.014770024 -0.007527410 0.999842405
1305031105.443316 -0.011055749 -0.010992752 0.058127135 -0.014145903 -0.019027594 -0.008276869 0.999684572
1305031105.475280 -0.012042896 -0.009919067 0.068902828 -0.017465737 -0.022305572 -0.008360189 0.999563634
1305031105.511332 -0.010766073 -0.007648123 0.080034263 -0.021655703 -0.025663305 -0.008040132 0.999403715
1305031105.543282 -0.010287555 -0.009608801 0.092211969 -0.026854090 -0.026896015 -0.006704798 0.999254942
1305031105.575449 -0.011679491 -0.007741799 0.103022151 -0.029279547 -0.027920069 -0.006694896 0.999158800
1305031105.611378 -0.012371579 -0.007245084 0.115575604 -0.031421136 -0.028480029 -0.006952042 0.999076247
1305031105.643273 -0.014291286 -0.005970415 0.125776678 -0.031891853 -0.028164500 -0.004272900 0.999085307
1305031105.675166 -0.009090776 -0.005709939 0.138635382 -0.034891907 -0.031786676 -0.001629215 0.998884141
1305031105.711309 -0.005754952 -0.007991715 0.151668966 -0.035297941 -0.030855680 -0.001913243 0.998898566
1305031105.743312 -0.005595278 -0.002144083 0.162135467 -0.032083113 -0.026968606 -0.001434616 0.999120295
1305031105.775339 -0.002711539 -0.002773046 0.175129384 -0.033407398 -0.023586692 -0.001309538 0.999162614
1305031105.811283 -0.003492981 -0.000805390 0.185776621 -0.031600494 -0.018142451 -0.000547892 0.999335766
1305031105.843271 -0.001456658 0.000750335 0.197467253 -0.030269274 -0.015311400 0.000509129 0.999424338
1305031105.875337 0.000475166 0.006410266 0.207415998 -0.028595604 -0.010937771 0.003072085 0.999526501
1305031105.911262 0.000438885 0.009492599 0.218131423 -0.031027293 -0.006681919 0.007733217 0.999466240
1305031105.943272 0.000057264 0.014368781 0.227977723 -0.032629561 -0.003097947 0.010082650 0.999411821
1305031105.975329 -0.000497197 0.017924393 0.237867191 -0.036764905 -0.000623919 0.011648542 0.999255836
1305031106.011285 0.001104978 0.021207616 0.247790858 -0.040874895 0.000698467 0.013723562 0.999069750
1305031106.043355 -0.000877567 0.024439519 0.257473707 -0.045016747 0.003694721 0.014324747 0.998876691
1305031106.075330 -0.001870116 0.027948946 0.266586900 -0.048643436 0.004738057 0.016338728 0.998671293
1305031106.111327 -0.004617873 0.035517357 0.275932521 -0.051003445 0.005680894 0.016576858 0.998544753
1305031106.143355 -0.006148450 0.036888182 0.285236359 -0.058205862 0.004455308 0.018511338 0.998123050
1305031106.175534 -0.007330962 0.038567781 0.293072820 -0.062158491 0.003077662 0.019381134 0.997873366
1305031106.211275 -0.008298376 0.038433090 0.300714344 -0.066119201 0.001702516 0.019783920 0.997614145
1305031106.243267 -0.009156943 0.040952496 0.306589335 -0.065774962 0.000358641 0.023204476 0.997564554
1305031106.276385 -0.009693417 0.045362163 0.311264455 -0.066103294 -0.001402992 0.024544649 0.997509897
1305031106.311238 -0.009494280 0.047996752 0.315373421 -0.069591932 -0.002992217 0.027957732 0.997179210
1305031106.343258 -0.011194388 0.054235488 0.318052262 -0.072778970 -0.003515985 0.028489282 0.996934891
1305031106.375388 -0.008103812 0.054680139 0.320316315 -0.082104035 -0.005084394 0.021640088 0.996375799
1305031106.411320 -0.007105777 0.049572561 0.322414398 -0.090453386 -0.000457839 0.015629195 0.995777905
1305031106.443278 -0.011340523 0.047226239 0.321458608 -0.091589920 0.005432903 0.010380073 0.995727897
1305031106.475345 -0.013442409 0.045424260 0.318289995 -0.091441333 0.005425314 0.008852107 0.995756328
1305031106.511129 -0.014890916 0.041672084 0.313944429 -0.090631172 0.002568724 0.008705289 0.995843172
1305031106.543302 -0.013535107 0.039604984 0.306312919 -0.087276049 -0.002303096 0.007670520 0.996151984
1305031106.575282 -0.013237748 0.037291080 0.297670960 -0.084427729 -0.004339748 0.007116634 0.996394753
1305031106.611151 -0.014190824 0.036742233 0.288617283 -0.083513312 -0.007144255 0.004355087 0.996471524
1305031106.643207 -0.013723852 0.031045757 0.279771745 -0.084732875 -0.010124678 0.002153729 0.996349931
1305031106.675279 -0.016492760 0.030537121 0.268446296 -0.081535071 -0.011844333 0.001517122 0.996598959
1305031106.711508 -0.018090636 0.026845030 0.258352041 -0.083816387 -0.017057000 0.000661825 0.996334970
1305031106.743341 -0.018654356 0.024199059 0.246485248 -0.082121179 -0.023218215 0.000886470 0.996351480
1305031106.775390 -0.016644754 0.019487849 0.232119367 -0.082464419 -0.029872222 0.001059597 0.996145666
1305031106.811289 -0.016050709 0.019554961 0.219381124 -0.081681021 -0.033968065 0.000602411 0.996079326
1305031106.843416 -0.016217126 0.011681000 0.208255142 -0.084221944 -0.037777390 -0.000910117 0.995730281
1305031106.875905 -0.012273313 0.007120995 0.195115164 -0.079241402 -0.041950475 -0.004089079 0.995963991
1305031106.911243 -0.012231193 0.008391805 0.179766804 -0.073971979 -0.041057650 -0.008498663 0.996378541
1305031106.943439 -0.011861244 0.002087278 0.167875156 -0.073627889 -0.040140659 -0.013001881 0.996392787
1305031106.975547 -0.010652017 -0.003751043 0.155112252 -0.068469532 -0.038468331 -0.016207889 0.996779561
1305031107.011576 -0.010490640 -0.001708910 0.138367772 -0.060720708 -0.035670284 -0.019338295 0.997329772
1305031107.043281 -0.010613585 -0.006810110 0.126985967 -0.061870277 -0.033143934 -0.021592647 0.997300029
1305031107.075432 -0.013642881 -0.012298688 0.113948859 -0.057925459 -0.030950839 -0.022900229 0.997578204
1305031107.111229 -0.012379797 -0.011790656 0.100808948 -0.052278128 -0.032155667 -0.023355141 0.997841418
1305031107.143260 -0.010080585 -0.011853487 0.088706158 -0.050061259 -0.031847820 -0.023531461 0.997960865
1305031107.175399 -0.009662129 -0.018163186 0.079218440 -0.049309712 -0.030218940 -0.024456270 0.998026669
1305031107.211358 -0.007084925 -0.023130544 0.068654291 -0.043858293 -0.028704299 -0.026128819 0.998283386
1305031107.243378 -0.007032310 -0.022456149 0.056967802 -0.036757220 -0.025108572 -0.026608007 0.998654306
1305031107.275398 -0.004784752 -0.026252741 0.047863893 -0.031934746 -0.022307001 -0.026636248 0.998885930
1305031107.311226 -0.004273625 -0.030813321 0.038731359 -0.025434135 -0.018530831 -0.027753226 0.999119341
1305031107.343509 -0.000643926 -0.035340857 0.029576167 -0.015333098 -0.015844015 -0.027638463 0.999374807
1305031107.375413 0.001328442 -0.031946100 0.020052060 -0.005073577 -0.011113892 -0.027274849 0.999553323
1305031107.411271 0.002756638 -0.032004625 0.014949569 0.001666181 -0.006467781 -0.028137738 0.999581754
1305031107.443419 0.005543220 -0.030144684 0.009484394 0.007528289 -0.002358447 -0.027685825 0.999585569
1305031107.475377 0.008518284 -0.031326056 0.006719758 0.010061195 0.001588335 -0.026243124 0.999603689
1305031107.511352 0.009150695 -0.025885334 0.004293725 0.013226984 0.005475736 -0.025658883 0.999568224
1305031107.543605 0.012286733 -0.026758717 0.004303962 0.010284280 0.007568893 -0.023319438 0.999646485
1305031107.575454 0.014309394 -0.031203223 0.005724534 0.008787381 0.009300538 -0.020597773 0.999705970
1305031107.611271 0.015946867 -0.024032729 0.005355387 0.011354754 0.010641458 -0.018859239 0.999701023
1305031107.643323 0.017181588 -0.024736185 0.007109715 0.007441397 0.011760139 -0.017668126 0.999747038
1305031107.675568 0.016276345 -0.023986904 0.008236805 0.006515660 0.012689036 -0.017331529 0.999748051
1305031107.711307 0.015520347 -0.020734847 0.009811766 0.005862609 0.012703538 -0.016216250 0.999770582
1305031107.743538 0.013662273 -0.016871167 0.010930641 0.003414122 0.011837834 -0.015682409 0.999801099
1305031107.775802 0.012970124 -0.017487988 0.013158346 0.000330335 0.009331075 -0.017235557 0.999807835
1305031107.811596 0.014906577 -0.016009636 0.015166571 -0.001747700 0.006854910 -0.016916461 0.999831855
1305031107.843332 0.016420467 -0.014334016 0.016678426 -0.003896300 0.006126533 -0.017484214 0.999820769
1305031107.875358 0.020695332 -0.017207535 0.019567700 -0.005453012 0.006142009 -0.020919278 0.999747396
1305031107.911541 0.023609335 -0.017659137 0.021021536 -0.004699036 0.008926868 -0.023191269 0.999680102
1305031107.943122 0.028625298 -0.018893184 0.023164267 -0.003158475 0.011698785 -0.023486344 0.999650717
1305031107.975807 0.034584653 -0.020838536 0.024521384 -0.001262497 0.015439693 -0.023541231 0.999602854
1305031108.011320 0.042011365 -0.020306854 0.025982486 0.002677320 0.019646117 -0.025108021 0.999488115
1305031108.043418 0.055243146 -0.019664358 0.027948787 0.004968097 0.024437524 -0.022928042 0.999426067
1305031108.075352 0.062067457 -0.019784253 0.031869844 0.006357636 0.033753857 -0.017259505 0.999260902
1305031108.111378 0.066447064 -0.020204335 0.034747984 0.009078927 0.040563110 -0.017621506 0.998980343
1305031108.143334 0.077091463 -0.017002938 0.037925769 0.011953723 0.043247968 -0.016326966 0.998859465
1305031108.176058 0.086395353 -0.011348726 0.038621545 0.011726477 0.046206519 -0.013070740 0.998777568
1305031108.211475 0.094857953 -0.012701457 0.042328455 0.006477777 0.047787212 -0.013375289 0.998746991
1305031108.243347 0.109568030 -0.019933021 0.045446288 0.003451148 0.048902240 -0.015918152 0.998670757
1305031108.275358 0.117104821 -0.013576217 0.047727197 0.005650007 0.053597450 -0.015504156 0.998426259
1305031108.311332 0.120810539 -0.010158183 0.051097848 0.002707560 0.056460544 -0.014319212 0.998298466
1305031108.343278 0.130112171 -0.006301663 0.054407209 -0.001632303 0.054354344 -0.011791955 0.998450696
1305031108.375410 0.135940254 -0.004366398 0.058228023 -0.006329017 0.052402940 -0.006794598 0.998582840
1305031108.411361 0.147318482 -0.004834228 0.060506962 -0.011611847 0.047571443 -0.000469296 0.998800218
1305031108.443610 0.158526197 -0.002987605 0.062212273 -0.015429759 0.045545138 0.006461587 0.998822212
1305031108.475471 0.170354828 -0.005880959 0.064794913 -0.019416558 0.044100959 0.013732039 0.998743951
1305031108.511378 0.185772389 -0.010701604 0.066253021 -0.020563509 0.045466438 0.018164376 0.998588979
1305031108.543737 0.196646288 -0.012734435 0.067849115 -0.016993856 0.052148420 0.016777175 0.998353779
1305031108.575414 0.204414740 -0.006441071 0.068003818 -0.011658771 0.057409395 0.015578682 0.998161077
1305031108.611407 0.211672112 -0.007370420 0.069248080 -0.012638479 0.064316586 0.015743900 0.997725308
1305031108.643303 0.228677377 -0.001797447 0.064948842 -0.010341046 0.066838078 0.018295294 0.997542500
1305031108.675375 0.241437808 0.003225424 0.066937804 -0.011702836 0.070776343 0.021673057 0.997188091
1305031108.711411 0.245941505 -0.000561483 0.068919867 -0.017464163 0.079702631 0.025295412 0.996344626
1305031108.743502 0.252195239 -0.002561016 0.069339417 -0.019566905 0.084588476 0.026696179 0.995866060
1305031108.775493 0.258604705 -0.000771665 0.069613323 -0.020143775 0.088271506 0.028865723 0.995474339
1305031108.811244 0.260445833 -0.002256461 0.070579991 -0.022133885 0.092379279 0.033760525 0.994905233
1305031108.843264 0.262600482 -0.003851447 0.071161404 -0.021579020 0.092586584 0.040259257 0.994656384
1305031108.876515 0.261478841 -0.004235061 0.069876835 -0.019777078 0.090739504 0.045588680 0.994634032
1305031108.911364 0.262441397 -0.008139942 0.069453672 -0.018073961 0.087170333 0.050891299 0.994728506
1305031108.943243 0.256364286 -0.010710005 0.067794561 -0.014091938 0.085725784 0.050354272 0.994945705
1305031108.975268 0.254488170 -0.005076553 0.063131735 -0.008283730 0.079277292 0.049414642 0.995592594
1305031109.011269 0.256293744 -0.005397385 0.061454277 -0.009128054 0.074179783 0.048453581 0.996025264
1305031109.043277 0.248012617 -0.006514456 0.060551144 -0.008531461 0.074654445 0.045002237 0.996156991
1305031109.075410 0.242737785 -0.000401672 0.057246633 -0.007924420 0.071645014 0.040335923 0.996582747
1305031109.111282 0.237877011 -0.001774017 0.056803863 -0.012100576 0.069574565 0.037854217 0.996784866
1305031109.143334 0.220794141 -0.006938997 0.057475105 -0.014759817 0.070371523 0.033238720 0.996857643
1305031109.175464 0.214590922 -0.001164830 0.054459073 -0.012700261 0.062384177 0.030992510 0.997490048
1305031109.211379 0.212196127 0.009881941 0.053232618 -0.013834313 0.054939546 0.035158217 0.997774601
1305031109.243290 0.201879978 0.007629076 0.053237073 -0.023179730 0.052841432 0.040405355 0.997515857
1305031109.275308 0.178397745 -0.004055841 0.059835315 -0.029529858 0.053870119 0.042310789 0.997214019
1305031109.311329 0.165854737 0.000115589 0.058452874 -0.025463965 0.045561858 0.043093637 0.997706711
1305031109.343248 0.155349687 0.005894209 0.056205604 -0.026232498 0.035589561 0.041961469 0.998140514
1305031109.375397 0.146029517 0.002093572 0.056664165 -0.030211825 0.027040564 0.041619062 0.998310506
1305031109.411329 0.139671966 0.003310289 0.051402006 -0.030361993 0.018993625 0.037988704 0.998636186
1305031109.443302 0.128667772 0.006025438 0.048021834 -0.033033498 0.014275991 0.032164678 0.998834491
1305031109.475363 0.118859373 0.002631706 0.047241397 -0.037024561 0.011947228 0.028747521 0.998829365
1305031109.511273 0.108506158 0.000376964 0.047024418 -0.037343029 0.009768465 0.024634911 0.998951077
1305031109.543294 0.099429615 0.001117244 0.044009216 -0.034490738 0.007723114 0.022575516 0.999120176
1305031109.575362 0.086561248 0.002876447 0.043580577 -0.033685401 0.008009622 0.022211608 0.999153554
1305031109.611310 0.075182311 0.003178557 0.041243639 -0.033842351 0.006762325 0.019736901 0.999209404
1305031109.643229 0.066538706 0.004695168 0.039567124 -0.034092929 0.005288381 0.019245191 0.999219358
1305031109.675263 0.053339586 0.005790402 0.037748843 -0.036270741 0.006023181 0.021249330 0.999097884
1305031109.711312 0.040995393 0.010678614 0.038051002 -0.037146512 0.003478415 0.020458445 0.999094367
1305031109.743274 0.031332530 0.009934446 0.037168574 -0.042227939 0.000492740 0.019852031 0.998910666
1305031109.775277 0.023095470 0.009152099 0.040244401 -0.045616686 -0.001873964 0.020319624 0.998750567
1305031109.811371 0.010165108 0.012177192 0.039461706 -0.046603862 -0.001721849 0.019138144 0.998728633
1305031109.843296 -0.000559037 0.011942755 0.039835911 -0.050347216 -0.004071798 0.018403711 0.998553872
1305031109.875306 -0.014387989 0.011872556 0.040041171 -0.054292839 -0.006033063 0.016500823 0.998370469
1305031109.911265 -0.026161870 0.010874620 0.044327486 -0.055646811 -0.011332256 0.011301841 0.998322248
1305031109.943299 -0.035051811 0.018133318 0.046079930 -0.054955982 -0.015199902 0.007243484 0.998346806
1305031109.975258 -0.047979224 0.017428845 0.048717517 -0.059529200 -0.016159188 0.001978221 0.998093784
1305031110.011256 -0.058447029 0.019792281 0.052705325 -0.060872409 -0.018650750 -0.004988167 0.997958839
1305031110.043299 -0.066404022 0.019292289 0.053974681 -0.063817337 -0.020453840 -0.011965074 0.997680187
1305031110.075319 -0.077868588 0.021744872 0.055547521 -0.065223798 -0.020221554 -0.017139202 0.997518539
1305031110.111325 -0.089512937 0.022412753 0.058148537 -0.069575459 -0.021167634 -0.021922991 0.997111142
1305031110.143432 -0.099947795 0.017531976 0.061041549 -0.072841190 -0.024581289 -0.025528654 0.996713698
1305031110.175641 -0.108647898 0.023083925 0.059033170 -0.072496638 -0.027963854 -0.026864294 0.996614516
1305031110.211637 -0.117911451 0.020232368 0.061099779 -0.077400811 -0.030895380 -0.028879747 0.996102691
1305031110.243323 -0.126552880 0.018239032 0.063152999 -0.078541502 -0.035133298 -0.028196288 0.995892465
1305031110.279321 -0.133237109 0.018251719 0.064351104 -0.076775178 -0.039435904 -0.029245591 0.995838881
1305031110.311404 -0.143495843 0.018473230 0.062945768 -0.074267715 -0.042038158 -0.030813772 0.995875299
1305031110.343355 -0.153257221 0.021502312 0.062930040 -0.072296433 -0.046138294 -0.032187834 0.995795369
1305031110.379281 -0.162817061 0.022693533 0.063228115 -0.070971549 -0.051420305 -0.035511486 0.995518923
1305031110.411469 -0.172293454 0.028534891 0.061845310 -0.068804920 -0.057421997 -0.038425956 0.995234668
1305031110.443260 -0.182656288 0.029697310 0.060388811 -0.073158704 -0.062336929 -0.041920479 0.994487107
1305031110.479331 -0.193341523 0.028069537 0.062601693 -0.076461837 -0.068733536 -0.048018154 0.993540883
1305031110.511429 -0.202722818 0.028301749 0.062068783 -0.077011570 -0.075699002 -0.052065853 0.992788017
1305031110.543408 -0.210367933 0.035107881 0.062457804 -0.076202728 -0.082357787 -0.055377528 0.992140949
1305031110.579426 -0.218692169 0.036844715 0.062161785 -0.080623776 -0.088272780 -0.059841625 0.991023064
1305031110.611307 -0.224015355 0.032018922 0.064964578 -0.086693808 -0.093028903 -0.063238263 0.989863992
1305031110.643418 -0.231449530 0.029904876 0.064697973 -0.086010814 -0.094908148 -0.066730842 0.989515841
1305031110.679606 -0.236166567 0.037405789 0.063219279 -0.083225973 -0.097581975 -0.068852559 0.989348531
1305031110.711412 -0.241575480 0.035208873 0.064694710 -0.087690130 -0.099250875 -0.070443742 0.988684654
1305031110.743249 -0.245883912 0.033702485 0.064445063 -0.088737875 -0.100984409 -0.071846575 0.988314629
1305031110.779193 -0.248167083 0.035116956 0.064619139 -0.088286363 -0.103026435 -0.072600961 0.988089144
1305031110.811386 -0.250805378 0.035659462 0.064033873 -0.088830397 -0.103073217 -0.074675240 0.987880886
1305031110.843218 -0.254320264 0.035942085 0.064542755 -0.090294600 -0.104196161 -0.076638013 0.987479985
1305031110.879313 -0.252107710 0.034806933 0.064857252 -0.090785876 -0.107503831 -0.076588906 0.987084091
1305031110.911333 -0.251771420 0.035616189 0.064738408 -0.091243766 -0.108642250 -0.076676175 0.986910403
1305031110.943862 -0.247107714 0.035210483 0.065131910 -0.091338739 -0.111990429 -0.077417329 0.986469448
1305031110.979345 -0.237982795 0.036954544 0.065717146 -0.090834148 -0.113501750 -0.077368431 0.986347139
1305031111.011431 -0.229386136 0.034254566 0.067729846 -0.093437582 -0.110796407 -0.076314300 0.986493647
1305031111.043327 -0.225929052 0.034960482 0.067528337 -0.092147484 -0.104421936 -0.074122481 0.987476945
1305031111.079283 -0.222986117 0.038528427 0.067299783 -0.092614517 -0.100243390 -0.072299667 0.988001287
1305031111.111508 -0.214084893 0.033864200 0.069305785 -0.095893420 -0.099417157 -0.068544149 0.988039672
1305031111.143257 -0.206545591 0.032098841 0.070619091 -0.094597310 -0.097206779 -0.067578815 0.988450944
1305031111.179326 -0.191478968 0.033562467 0.073301762 -0.091095738 -0.096560203 -0.066770442 0.988898098
1305031111.211433 -0.184630677 0.034810483 0.071901098 -0.088809125 -0.087505050 -0.062971115 0.990197182
1305031111.243236 -0.183947638 0.031986505 0.071935937 -0.089187764 -0.081605986 -0.063323498 0.990644336
1305031111.279308 -0.167677224 0.027142828 0.073893063 -0.086687826 -0.083738133 -0.061200388 0.990821719
1305031111.311547 -0.164734557 0.032982774 0.068617508 -0.080901884 -0.075803988 -0.057540346 0.992168188
1305031111.343397 -0.161967173 0.032671377 0.067577183 -0.084743276 -0.076386862 -0.057854649 0.991784513
1305031111.379134 -0.144821122 0.024731290 0.073084675 -0.086921662 -0.082284786 -0.053348336 0.991376698
1305031111.411296 -0.141961262 0.028372541 0.068824679 -0.080644898 -0.080221906 -0.053346507 0.992076099
1305031111.443386 -0.122700527 0.029925397 0.075364731 -0.079960287 -0.089823619 -0.057555333 0.991072834
1305031111.479259 -0.099882029 0.026317950 0.082461663 -0.077675685 -0.089472495 -0.056224253 0.991362691
1305031111.511264 -0.092434093 0.021983717 0.074794553 -0.075377814 -0.076693818 -0.055693146 0.992640197
1305031111.543250 -0.081012085 0.021068964 0.079971343 -0.071189910 -0.071160242 -0.055145662 0.993391752
1305031111.579237 -0.068613619 0.023283552 0.076626934 -0.066714525 -0.062253367 -0.047997218 0.994670808
1305031111.611271 -0.067548372 0.019542646 0.070188589 -0.069307186 -0.053577889 -0.042038109 0.995268166
1305031111.643395 -0.048700295 0.014107389 0.078416891 -0.067645721 -0.058671951 -0.033981524 0.995402873
1305031111.679320 -0.032280773 0.020237317 0.077818006 -0.060263820 -0.053296279 -0.025627406 0.996429145
1305031111.711760 -0.022087131 0.019809024 0.079298742 -0.059996720 -0.045232315 -0.024166530 0.996880352
1305031111.743386 -0.002442705 0.014317261 0.081489019 -0.058187634 -0.037735850 -0.020056648 0.997390568
1305031111.779423 0.008780491 0.018627327 0.081750907 -0.053052358 -0.019114748 -0.015325101 0.998291135
1305031111.811406 0.015617233 0.013588395 0.079175293 -0.052147008 -0.004229452 -0.015407209 0.998511612
1305031111.843299 0.027382832 0.013425127 0.076205537 -0.048840608 0.004809839 -0.013230566 0.998707354
1305031111.879442 0.032983180 0.015181884 0.074829027 -0.048729300 0.012963977 -0.008661296 0.998690307
1305031111.911354 0.036489286 0.011613771 0.076833874 -0.048930705 0.015044531 -0.003492793 0.998682737
1305031111.943300 0.050077129 0.012117565 0.077126995 -0.047015551 0.009830024 0.005668198 0.998829722
1305031111.979449 0.070368364 0.011099100 0.077118419 -0.046912175 0.007450931 0.013412548 0.998781204
1305031112.011433 0.082086623 0.009907575 0.078849398 -0.045153916 0.014345521 0.012993976 0.998792529
1305031112.043270 0.096326411 0.009399984 0.076707676 -0.041631449 0.020665601 0.010979081 0.998858929
1305031112.079339 0.112783507 0.006263264 0.074668333 -0.041145504 0.029555190 0.011017100 0.998655140
1305031112.111423 0.108718053 0.009889049 0.076416641 -0.036457632 0.043446347 0.005415144 0.998375654
1305031112.144342 0.126639292 0.011955727 0.074905775 -0.035245858 0.044907115 0.000106360 0.998369217
1305031112.179390 0.144470856 0.011924306 0.075024247 -0.037535381 0.054424889 -0.002779888 0.997808218
1305031112.211254 0.148282617 0.003904829 0.077434286 -0.040315691 0.066408053 -0.009401485 0.996933401
1305031112.243369 0.158821538 -0.000836225 0.078081667 -0.035891950 0.075362697 -0.014059736 0.996410847
1305031112.279353 0.162387416 0.000018768 0.080442429 -0.029979907 0.083158292 -0.016774036 0.995944023
1305031112.311312 0.176377624 -0.003395264 0.077993706 -0.024828922 0.083598591 -0.018144606 0.996024847
1305031112.343323 0.185911670 -0.001514484 0.077210434 -0.017204752 0.083331734 -0.016074736 0.996243656
1305031112.379360 0.193773225 -0.000591200 0.077229284 -0.012663192 0.082116835 -0.011999446 0.996469975
1305031112.411442 0.205227286 0.000332179 0.075589910 -0.009788420 0.078617886 -0.007410279 0.996829212
1305031112.443391 0.214904338 -0.002332437 0.076373242 -0.008518330 0.077420220 -0.001250115 0.996961415
1305031112.479418 0.221768230 -0.000702245 0.075451732 -0.004582538 0.076401249 0.008385616 0.997031331
1305031112.511504 0.226569474 -0.002574016 0.076568365 -0.003326225 0.074188627 0.015400380 0.997119784
1305031112.543212 0.235263318 -0.003397489 0.076093897 -0.001076593 0.070492513 0.019640325 0.997318387
1305031112.579252 0.243220583 -0.001913934 0.074743345 0.001616238 0.066878580 0.025931239 0.997422814
1305031112.611261 0.258333564 0.003309460 0.073251322 0.003509708 0.063599348 0.032673333 0.997434378
1305031112.643246 0.266021222 0.003356693 0.073770821 0.000609733 0.069095321 0.039948743 0.996809721
1305031112.679952 0.266183674 0.001880403 0.075153232 -0.002037794 0.076557547 0.042568002 0.996154010
1305031112.711251 0.268851966 0.004334756 0.075331017 -0.003188692 0.080648959 0.044290990 0.995752931
1305031112.743245 0.271845222 0.014036424 0.076250911 -0.004552633 0.083592780 0.048111971 0.995327473
1305031112.779310 0.269582301 0.009166582 0.079908863 -0.013861078 0.088719599 0.050493456 0.994679391
1305031112.811310 0.258106738 0.004688877 0.081983663 -0.017340276 0.092446655 0.047881365 0.994414508
1305031112.843286 0.255949140 0.009614421 0.081089079 -0.018086629 0.086657055 0.045729659 0.995023727
1305031112.879421 0.257684469 0.010845741 0.080808759 -0.021045230 0.082025051 0.049191918 0.995193005
1305031112.911411 0.248882383 0.009756387 0.082430959 -0.024207700 0.080937393 0.050554935 0.995141864
1305031112.943321 0.241704971 0.008219535 0.083809271 -0.026528314 0.076674126 0.049201787 0.995488048
1305031112.979278 0.241044626 0.008842957 0.081958905 -0.026628815 0.069104537 0.047983479 0.996098876
1305031113.011353 0.236014828 0.012583736 0.080629297 -0.027013971 0.065893456 0.047198042 0.996343613
1305031113.043231 0.229184657 0.011952489 0.080343410 -0.031348724 0.064584106 0.044764288 0.996414721
1305031113.079251 0.216587573 0.003498666 0.082046695 -0.034822501 0.064235561 0.038832527 0.996570706
1305031113.111316 0.209908038 0.008708671 0.078377761 -0.030070342 0.057993956 0.034654602 0.997262061
1305031113.143306 0.203594312 0.012634853 0.074743688 -0.031224847 0.054386761 0.033436563 0.997471333
1305031113.179343 0.192425832 0.006412046 0.075821608 -0.035970181 0.053812068 0.034777209 0.997296810
1305031113.211259 0.179800779 0.005705921 0.074782491 -0.034350809 0.049637172 0.035636190 0.997540116
1305031113.243227 0.167899206 0.009854335 0.072023109 -0.034766331 0.043386016 0.036328133 0.997792184
1305031113.279312 0.159034431 0.002420774 0.072561130 -0.039548825 0.037433051 0.038018826 0.997792184
1305031113.311452 0.146194562 -0.002732461 0.069039740 -0.036172420 0.031358354 0.041468937 0.997992218
1305031113.343252 0.130017534 0.002766307 0.067082845 -0.028988037 0.023029335 0.040078267 0.998510420
1305031113.379312 0.113039881 0.001746474 0.067298651 -0.032735571 0.015831554 0.037237223 0.998644650
1305031113.411625 0.103033528 -0.004881112 0.066573128 -0.034242451 0.008143529 0.038343348 0.998644531
1305031113.443266 0.085875414 0.001093052 0.066376999 -0.029777717 0.003212497 0.032048702 0.999037445
1305031113.479311 0.070522726 0.002830272 0.067249738 -0.032620199 -0.002615591 0.026618954 0.999109864
1305031113.511523 0.057367332 -0.001255695 0.067596532 -0.038224235 -0.008068844 0.024596298 0.998933792
1305031113.543242 0.042106301 -0.005530231 0.064111471 -0.041347850 -0.012349554 0.021152560 0.998844504
1305031113.579301 0.028259736 0.000276417 0.067432731 -0.038837247 -0.016954998 0.015718671 0.998978019
1305031113.611268 0.018075990 -0.000271965 0.067430139 -0.041847352 -0.020416023 0.011058615 0.998854160
1305031113.643222 0.007134554 -0.000248264 0.067687243 -0.044335708 -0.020720180 0.007177516 0.998776019
1305031113.679288 -0.004732276 -0.000895225 0.067619242 -0.045473792 -0.019797830 0.003641518 0.998762727
1305031113.711931 -0.013269467 -0.002561716 0.069821060 -0.046415169 -0.020515431 -0.000625548 0.998711348
1305031113.743590 -0.023291549 -0.001009520 0.070021763 -0.045060534 -0.018250573 -0.005971407 0.998799682
1305031113.779320 -0.037256762 -0.001933523 0.070528053 -0.044116452 -0.014358631 -0.010629929 0.998866618
1305031113.811237 -0.047154512 -0.000658097 0.070293188 -0.042740099 -0.013693038 -0.012468361 0.998914599
1305031113.843295 -0.058010902 0.001571406 0.070248261 -0.042706441 -0.011318484 -0.015854148 0.998897731
1305031113.879281 -0.072649628 -0.005062518 0.071359858 -0.043761980 -0.009510280 -0.020585533 0.998784602
1305031113.911290 -0.081195146 0.000058575 0.071981028 -0.038732469 -0.011608447 -0.021007124 0.998961329
1305031113.943291 -0.088643827 -0.000794005 0.072883740 -0.036659874 -0.010640554 -0.023672834 0.998990715
1305031113.979293 -0.101805255 0.000139919 0.072970763 -0.032920677 -0.007852808 -0.029271265 0.998998404
1305031114.011257 -0.115122423 0.001524361 0.071565218 -0.029424837 -0.006154648 -0.034264699 0.998960555
1305031114.043301 -0.130683482 0.001315654 0.071584001 -0.028388413 -0.007377720 -0.036183927 0.998914599
1305031114.079285 -0.142777741 0.000002883 0.071984306 -0.026592711 -0.012543941 -0.036780860 0.998890698
1305031114.111263 -0.153688759 0.004141151 0.072465569 -0.022901313 -0.017905159 -0.040418398 0.998759866
1305031114.143284 -0.162924379 0.004976274 0.075139023 -0.022685189 -0.023466811 -0.043494079 0.998520374
1305031114.179337 -0.170715839 0.001020015 0.076501615 -0.021637633 -0.026554054 -0.045652274 0.998369932
1305031114.211303 -0.180918515 0.010707729 0.076298036 -0.016503407 -0.026871683 -0.047941372 0.998352230
1305031114.243337 -0.195037082 0.008849490 0.077414185 -0.019737996 -0.028058156 -0.051957842 0.998059869
1305031114.279390 -0.212120131 0.010331181 0.077002093 -0.019029357 -0.031325195 -0.054084141 0.997863472
1305031114.311429 -0.220654935 0.013165846 0.078794457 -0.019382436 -0.039877158 -0.054009058 0.997555614
1305031114.343331 -0.224447459 0.012596897 0.081425965 -0.020637518 -0.047560886 -0.056698304 0.997044325
1305031114.379320 -0.231387243 0.011325000 0.082831793 -0.021012781 -0.050109159 -0.060717963 0.996674895
1305031114.411397 -0.242969811 0.012057356 0.083109692 -0.019757532 -0.050582401 -0.065562718 0.996369720
1305031114.443345 -0.255121052 0.013491511 0.083160743 -0.019569322 -0.053285386 -0.067611650 0.996095598
1305031114.479332 -0.265247762 0.012020078 0.083522297 -0.020559702 -0.059707321 -0.068741865 0.995633900
1305031114.511266 -0.269364059 0.015354109 0.084707588 -0.019926693 -0.068688847 -0.070753179 0.994926512
1305031114.543236 -0.269660234 0.013324337 0.087750174 -0.023600001 -0.074942261 -0.069810554 0.994461298
1305031114.579237 -0.273316860 0.012075828 0.088864356 -0.025221538 -0.075966053 -0.066319026 0.994582772
1305031114.611391 -0.278094590 0.015123558 0.089206219 -0.026460228 -0.076486997 -0.063829556 0.994673550
1305031114.644136 -0.286405951 0.014118178 0.089537442 -0.031609464 -0.077141449 -0.063294418 0.994506836
1305031114.679251 -0.290957510 0.011546895 0.090599053 -0.035210896 -0.083008282 -0.064511582 0.993835032
1305031114.711306 -0.290023386 0.008659181 0.091395646 -0.036787096 -0.088956147 -0.063117556 0.993352771
1305031114.743200 -0.289987326 0.007536422 0.092114523 -0.036119942 -0.092776716 -0.066799141 0.992786825
1305031114.779289 -0.288085520 0.007658626 0.090260491 -0.033895105 -0.095152825 -0.069660179 0.992443740
1305031114.811303 -0.286549717 0.010902091 0.090082660 -0.032742079 -0.095364250 -0.070195116 0.992424428
1305031114.843208 -0.285379440 0.010065151 0.089291811 -0.033160467 -0.096245669 -0.072941422 0.992127359
1305031114.879281 -0.281807125 0.012655957 0.088819355 -0.032763131 -0.096962556 -0.072730005 0.992086291
1305031114.912879 -0.278668523 0.015252582 0.088577732 -0.032965999 -0.097344957 -0.072718956 0.992042959
1305031114.943234 -0.269989878 0.017573845 0.089431912 -0.034772731 -0.099139892 -0.074112423 0.991700351
1305031114.979280 -0.265131503 0.019759800 0.090183541 -0.036257617 -0.096761197 -0.074852839 0.991826475
1305031115.011300 -0.257278442 0.024625439 0.091589771 -0.038687270 -0.096702874 -0.075725883 0.991674066
1305031115.043508 -0.246989876 0.019926421 0.094290197 -0.044389684 -0.096136123 -0.075775817 0.991486490
1305031115.079238 -0.239484087 0.024672678 0.095574647 -0.043923963 -0.092913963 -0.076398849 0.991766572
1305031115.111230 -0.222943470 0.024750821 0.100737199 -0.047094259 -0.092208184 -0.074318133 0.991845012
1305031115.143275 -0.214459404 0.022204986 0.102613434 -0.049437132 -0.083288826 -0.072109729 0.992682815
1305031115.179440 -0.210718930 0.024289481 0.103081986 -0.050112545 -0.077509254 -0.071194880 0.993182957
1305031115.211374 -0.195393831 0.017430421 0.107879721 -0.053129882 -0.078125745 -0.067394115 0.993242979
1305031115.243297 -0.183810011 0.014605816 0.110316105 -0.049462847 -0.073420689 -0.064022370 0.994014084
1305031115.279966 -0.172350585 0.020813938 0.111560740 -0.046056237 -0.071009330 -0.059340771 0.994643271
1305031115.311704 -0.153073266 0.014146392 0.119530186 -0.048602723 -0.069874503 -0.052327890 0.994996011
1305031115.343235 -0.142112717 0.018874861 0.119626887 -0.042524368 -0.060088336 -0.049405184 0.996062338
1305031115.379166 -0.143422380 0.025806088 0.115898937 -0.044498276 -0.051159546 -0.045362901 0.996666849
1305031115.411237 -0.124862298 0.020176496 0.121993728 -0.053148597 -0.061486132 -0.042105272 0.995802104
1305031115.443159 -0.105720848 0.020378791 0.127025068 -0.056299873 -0.066191845 -0.036363263 0.995553434
1305031115.479241 -0.093868002 0.021635367 0.128570020 -0.059990127 -0.065427259 -0.030636260 0.995581150
1305031115.511253 -0.069354810 0.019314092 0.137411058 -0.063351899 -0.069279455 -0.025946394 0.995245516
1305031115.543604 -0.050323423 0.020460384 0.142864138 -0.062258072 -0.059161585 -0.018904924 0.996125698
1305031115.579315 -0.041324656 0.017969146 0.138286397 -0.062309589 -0.044595800 -0.013944259 0.996962488
1305031115.611424 -0.028540719 0.016932005 0.138391852 -0.061836787 -0.038618516 -0.007900079 0.997307599
1305031115.643254 -0.013495072 0.014276598 0.137886643 -0.061306097 -0.032658376 -0.000295002 0.997584522
1305031115.679241 -0.005328196 0.010889862 0.131729513 -0.061381482 -0.026980683 0.010727555 0.997691929
1305031115.711320 0.011853404 0.014681504 0.134026065 -0.059214383 -0.029225964 0.019465799 0.997627437
1305031115.743250 0.032022640 0.014856098 0.138087034 -0.058971815 -0.025573989 0.026497185 0.997580171
1305031115.779425 0.045560341 0.012218921 0.132522389 -0.058134470 -0.015834387 0.033088390 0.997634590
1305031115.811277 0.062250175 0.012178371 0.129602313 -0.058883470 -0.008535760 0.042613454 0.997318387
1305031115.843224 0.074593872 0.012116503 0.130747885 -0.061047070 0.000963975 0.049786113 0.996892035
1305031115.879198 0.079936817 0.010241635 0.131133616 -0.060170751 0.009700460 0.057087731 0.996507049
1305031115.911118 0.094471373 0.014022686 0.132245049 -0.056737080 0.011194311 0.062205300 0.996386528
1305031115.943311 0.107206412 0.015309249 0.132731542 -0.057499349 0.017094392 0.068536937 0.995843530
1305031115.980740 0.119922616 0.016956855 0.131725878 -0.058758270 0.021835104 0.074747249 0.995230377
1305031116.011379 0.136202738 0.018033301 0.131661519 -0.061423846 0.028298223 0.078398943 0.994625509
1305031116.043164 0.151201025 0.020608161 0.136294484 -0.063979939 0.037996460 0.080369845 0.993983686
1305031116.080030 0.156888574 0.024497928 0.135532379 -0.067502491 0.050082784 0.084603876 0.992863178
1305031116.111300 0.164984316 0.023138301 0.140644982 -0.075391583 0.060233921 0.086422563 0.991574049
1305031116.143441 0.172996536 0.024501637 0.140346408 -0.077956781 0.069575749 0.089844927 0.990459383
1305031116.179572 0.180083245 0.025188789 0.141794056 -0.080390722 0.075155169 0.091906950 0.989667714
1305031116.211299 0.191767588 0.023859566 0.141852587 -0.085879020 0.078507908 0.095980234 0.988559127
1305031116.243320 0.201232672 0.020469014 0.144343853 -0.089925498 0.084143966 0.098893285 0.987447858
1305031116.279385 0.207092211 0.024565913 0.146669090 -0.088239595 0.094257623 0.101936087 0.986376345
1305031116.311336 0.212261945 0.026255652 0.145481408 -0.090112269 0.103323556 0.105923064 0.984877825
1305031116.343292 0.218437791 0.018304110 0.146387279 -0.094959199 0.109162919 0.109328128 0.983419299
1305031116.379384 0.223718703 0.018519271 0.143896759 -0.088988237 0.111611143 0.109805465 0.983649731
1305031116.411333 0.222853228 0.024830770 0.141166776 -0.082105078 0.114822984 0.112684146 0.983553112
1305031116.443369 0.223254085 0.026886493 0.139513493 -0.083539821 0.117037527 0.121741444 0.982090831
1305031116.479850 0.222628981 0.024222009 0.138963401 -0.084469281 0.118691996 0.125997290 0.981275618
1305031116.511205 0.221126780 0.023891300 0.136550277 -0.082545266 0.117447965 0.122786276 0.981995821
1305031116.543262 0.213625073 0.023259006 0.134994984 -0.080397092 0.119340979 0.117660224 0.982573211
1305031116.579313 0.202590406 0.025478572 0.133777767 -0.079317532 0.119514927 0.114523232 0.983010352
1305031116.611261 0.191084877 0.018421402 0.134007677 -0.082223147 0.116421029 0.108245514 0.983853877
1305031116.643355 0.181530744 0.019124005 0.132259324 -0.080152251 0.108272299 0.098907553 0.985936105
1305031116.679281 0.171746671 0.020148056 0.131569073 -0.079178303 0.100991368 0.090286165 0.987613261
1305031116.711634 0.162617207 0.020856345 0.129334778 -0.078233726 0.095722973 0.080952853 0.989021361
1305031116.743291 0.146766901 0.023322146 0.127107680 -0.077983230 0.092904769 0.069605328 0.990172923
1305031116.779298 0.137430578 0.021428648 0.125204816 -0.081456088 0.086973667 0.059355076 0.991099119
1305031116.811318 0.120116547 0.019135937 0.124665186 -0.081792168 0.085782841 0.051106416 0.991634727
1305031116.846089 0.101302378 0.022497185 0.122990713 -0.078028753 0.079535313 0.043786943 0.992808282
1305031116.880165 0.086965919 0.026153823 0.124790043 -0.077469341 0.069182277 0.037428863 0.993887007
1305031116.912044 0.074004762 0.022184012 0.122808948 -0.078792252 0.057885714 0.032458726 0.994679570
1305031116.943296 0.060751595 0.026612908 0.120825768 -0.077522017 0.043548707 0.024621172 0.995734692
1305031116.979351 0.047649529 0.027044609 0.118402988 -0.076779462 0.031538974 0.013775713 0.996453941
1305031117.011382 0.031762213 0.030968089 0.121111326 -0.073526286 0.021344200 0.005478016 0.997049809
1305031117.043261 0.016895309 0.034056254 0.116762541 -0.073140942 0.012739068 0.000551649 0.997240067
1305031117.079520 0.002050647 0.037090003 0.112588167 -0.074427634 0.004810426 -0.005521827 0.997199535
1305031117.111238 -0.009854566 0.034878455 0.107314184 -0.078116171 -0.005262126 -0.007111136 0.996905029
1305031117.143218 -0.017866880 0.040553652 0.108141981 -0.078600332 -0.016174668 -0.007100965 0.996749699
1305031117.179264 -0.026480630 0.043824431 0.110508971 -0.080363795 -0.024883645 -0.012248696 0.996379673
1305031117.211361 -0.029694669 0.045444064 0.113979660 -0.081530578 -0.032971535 -0.016286755 0.995992184
1305031117.243277 -0.029058382 0.048778020 0.114276387 -0.083957642 -0.037193824 -0.017389143 0.995623112
1305031117.279299 -0.029362828 0.046858877 0.116060674 -0.089504480 -0.037558857 -0.021685690 0.995041728
1305031117.311200 -0.033228822 0.044686045 0.116901234 -0.093485661 -0.034951594 -0.023639526 0.994726062
1305031117.343243 -0.034704298 0.041137781 0.118124098 -0.095988780 -0.035405040 -0.024545729 0.994449675
1305031117.379454 -0.035973769 0.037487041 0.118745200 -0.095966592 -0.035343409 -0.024654049 0.994451284
1305031117.411221 -0.038304955 0.032429531 0.118058488 -0.095605195 -0.036138725 -0.023889143 0.994476199
1305031117.443274 -0.037527110 0.030171592 0.117649645 -0.092579328 -0.038317785 -0.022536419 0.994712472
1305031117.479403 -0.038005907 0.024524909 0.117163807 -0.091811836 -0.039087743 -0.020827211 0.994790912
1305031117.511325 -0.038356826 0.017819684 0.117652543 -0.089481570 -0.040724996 -0.019461215 0.994965196
1305031117.544285 -0.039129239 0.014151487 0.117306650 -0.084391020 -0.041319676 -0.019112896 0.995392144
1305031117.579155 -0.040817082 0.009570254 0.117601857 -0.081531294 -0.042413916 -0.020639235 0.995553970
1305031117.611159 -0.040902615 0.004679954 0.119249165 -0.080435611 -0.044363029 -0.019966746 0.995571852
1305031117.643252 -0.042300455 -0.002225170 0.121396832 -0.079190686 -0.046039972 -0.019019054 0.995614111
1305031117.679262 -0.043107986 -0.006709931 0.123133883 -0.078649715 -0.048624441 -0.018593134 0.995542169
1305031117.711184 -0.042355288 -0.014970396 0.126897752 -0.080087356 -0.051674142 -0.016131373 0.995316803
1305031117.743184 -0.042589918 -0.023273095 0.130118683 -0.080603875 -0.053855013 -0.013046284 0.995204687
1305031117.779467 -0.042591274 -0.028137065 0.132722363 -0.079790436 -0.056451946 -0.011002138 0.995151043
1305031117.811320 -0.041018851 -0.039615326 0.137350261 -0.082705900 -0.059226308 -0.008595557 0.994775414
1305031117.843291 -0.036672320 -0.047077581 0.142193183 -0.080632314 -0.061070982 -0.007269553 0.994844675
1305031117.879451 -0.038024619 -0.053177908 0.143619180 -0.079115294 -0.057238769 -0.007741536 0.995190680
1305031117.911407 -0.039932527 -0.062794305 0.147710308 -0.079324402 -0.054896407 -0.008118054 0.995303035
1305031117.943253 -0.040003553 -0.068378493 0.149783596 -0.077561714 -0.052897833 -0.008297008 0.995548666
1305031117.979228 -0.043781824 -0.074504837 0.153069600 -0.078865238 -0.049781274 -0.009258533 0.995598495
1305031118.011228 -0.042239428 -0.085515507 0.160077244 -0.082017854 -0.050661784 -0.009147942 0.995300293
1305031118.043521 -0.041947387 -0.092856772 0.163910776 -0.081107162 -0.049583644 -0.008673277 0.995433509
1305031118.079334 -0.040669419 -0.099169329 0.169017687 -0.080662131 -0.049214184 -0.010185329 0.995473683
1305031118.111217 -0.038884696 -0.107845791 0.175082102 -0.080431283 -0.045940269 -0.011498670 0.995634496
1305031118.143256 -0.042015404 -0.116020471 0.175640389 -0.079413883 -0.039951533 -0.013261256 0.995952487
1305031118.179323 -0.042370219 -0.125931188 0.181345120 -0.080081210 -0.037468217 -0.015026928 0.995970547
1305031118.211202 -0.046436436 -0.135777682 0.183443621 -0.077863671 -0.033499066 -0.014204133 0.996299803
1305031118.243173 -0.048178129 -0.142840892 0.185324132 -0.074649036 -0.033942994 -0.014612620 0.996524870
1305031118.279194 -0.047123596 -0.151605114 0.190330088 -0.071430393 -0.034829244 -0.014965361 0.996724963
1305031118.311299 -0.046591561 -0.157279342 0.192524284 -0.064696729 -0.035480071 -0.014801823 0.997164190
1305031118.343324 -0.043848597 -0.164198473 0.197307035 -0.061323479 -0.035875179 -0.016039109 0.997344017
1305031118.379208 -0.047608435 -0.169779584 0.198711425 -0.057129685 -0.032930225 -0.017713055 0.997666299
1305031118.411296 -0.048170261 -0.170934200 0.199756965 -0.053436145 -0.034609951 -0.017355356 0.997820377
1305031118.445692 -0.046586212 -0.172258839 0.202035829 -0.052561413 -0.035268649 -0.014538595 0.997888803
1305031118.479285 -0.046814345 -0.174520299 0.204821378 -0.052174095 -0.035805449 -0.012186819 0.997921467
1305031118.511255 -0.043950312 -0.173933402 0.205872387 -0.050177276 -0.036946464 -0.010542623 0.998000979
1305031118.544414 -0.043141462 -0.168869615 0.206197768 -0.050171312 -0.036473475 -0.010991447 0.998013854
1305031118.579285 -0.040926207 -0.167973056 0.207206339 -0.052515890 -0.036307830 -0.011193943 0.997897029
1305031118.616142 -0.039850913 -0.163267985 0.206858039 -0.052282173 -0.034540009 -0.013279716 0.997946501
1305031118.645325 -0.041729748 -0.155429110 0.203537256 -0.051930968 -0.031370912 -0.016170878 0.998026788
1305031118.679295 -0.042363934 -0.149938568 0.200829506 -0.055016872 -0.029937962 -0.018105259 0.997872233
1305031118.711421 -0.043797433 -0.148316860 0.199483246 -0.057019684 -0.029838411 -0.021211047 0.997701585
1305031118.746770 -0.047598019 -0.139981762 0.194642022 -0.054146238 -0.030583782 -0.020536797 0.997853220
1305031118.779277 -0.045281559 -0.124251544 0.190295592 -0.053661104 -0.035179604 -0.020069959 0.997737467
1305031118.811221 -0.042401876 -0.124598593 0.190957844 -0.060568925 -0.038591012 -0.021445399 0.997187138
1305031118.846753 -0.038488545 -0.117431678 0.187281087 -0.056900501 -0.039906420 -0.019778717 0.997385919
1305031118.879208 -0.039086275 -0.099618502 0.178013131 -0.052555632 -0.036794834 -0.022098372 0.997695208
1305031118.911177 -0.038967595 -0.095103860 0.175184935 -0.056284238 -0.035918631 -0.024576867 0.997465730
1305031118.946974 -0.038523380 -0.084304936 0.169299722 -0.054438103 -0.034698419 -0.026028937 0.997574568
1305031118.979374 -0.041160118 -0.068616532 0.160586819 -0.052632008 -0.032348279 -0.030347195 0.997628450
1305031119.011363 -0.042262852 -0.059851855 0.156176046 -0.056040309 -0.032374077 -0.032662600 0.997368813
1305031119.047172 -0.044010758 -0.053138815 0.151461527 -0.058499731 -0.032376647 -0.033300217 0.997206390
1305031119.079223 -0.046797972 -0.044676721 0.145296574 -0.058684226 -0.033574369 -0.033590477 0.997146249
1305031119.111328 -0.046445925 -0.036403090 0.140322804 -0.058788370 -0.037458081 -0.032844417 0.997026622
1305031119.147616 -0.048537251 -0.025755567 0.134871110 -0.058027636 -0.039995905 -0.031488083 0.997016370
1305031119.179226 -0.047567934 -0.022146083 0.130414933 -0.059702136 -0.044677593 -0.031750415 0.996710300
1305031119.211364 -0.044816516 -0.011962098 0.125881210 -0.056196075 -0.047683496 -0.029845037 0.996833742
1305031119.247399 -0.046019357 -0.002888626 0.121686421 -0.055034142 -0.048447978 -0.029017098 0.996886194
1305031119.279212 -0.044541493 0.004817962 0.117470264 -0.054980356 -0.049993653 -0.028807698 0.996818900
1305031119.311212 -0.045376759 0.012462276 0.113201223 -0.054827891 -0.049943924 -0.026384929 0.996896863
1305031119.347741 -0.046502285 0.018440880 0.110292777 -0.054491512 -0.051374204 -0.024073880 0.996901095
1305031119.379239 -0.045834631 0.029473316 0.106287584 -0.052561373 -0.053783905 -0.023423994 0.996893108
1305031119.411484 -0.042128757 0.036333311 0.104143403 -0.053779379 -0.055093251 -0.022522112 0.996777475
1305031119.447706 -0.041768912 0.043407857 0.101203009 -0.054445159 -0.052689817 -0.022347629 0.996875167
1305031119.479267 -0.043538447 0.053633474 0.098041460 -0.051862989 -0.049980786 -0.023076935 0.997135699
1305031119.511240 -0.045023765 0.063064314 0.094884396 -0.052746881 -0.048316430 -0.022378173 0.997187316
1305031119.547382 -0.044653200 0.072645962 0.092174254 -0.053404976 -0.048569281 -0.020805057 0.997174025
1305031119.579559 -0.043119114 0.085078932 0.089506559 -0.053735010 -0.048015635 -0.020758839 0.997184098
1305031119.615017 -0.045317579 0.090781920 0.088041514 -0.058262695 -0.045188725 -0.020110320 0.997075200
1305031119.647903 -0.046506695 0.103186645 0.085691109 -0.059106071 -0.044297870 -0.019314911 0.997081280
1305031119.679208 -0.044237252 0.116079196 0.084711246 -0.061098490 -0.043018300 -0.021121869 0.996980548
1305031119.715232 -0.045073882 0.122110263 0.084087133 -0.067515723 -0.038239617 -0.019163182 0.996800959
1305031119.747193 -0.049545780 0.127510339 0.081176981 -0.071856640 -0.034681987 -0.014635643 0.996704340
1305031119.779169 -0.049753122 0.133636698 0.081807271 -0.075258948 -0.036647879 -0.011886965 0.996419489
1305031119.814537 -0.048620228 0.141737044 0.080598444 -0.076742142 -0.038050354 -0.008312496 0.996289968
1305031119.847429 -0.048688419 0.152856424 0.078361675 -0.077389486 -0.036798801 -0.003589196 0.996315122
1305031119.879214 -0.048355721 0.156309649 0.077267647 -0.078997746 -0.035238747 -0.003486856 0.996245682
1305031119.911401 -0.049818907 0.168655828 0.074860819 -0.076074585 -0.032842360 -0.002465815 0.996558070
1305031119.947392 -0.049603499 0.173876151 0.073321015 -0.080728047 -0.031271532 -0.002461437 0.996242464
1305031119.979537 -0.048502710 0.178096265 0.072616875 -0.083112285 -0.028747166 -0.003676360 0.996118665
1305031120.015264 -0.050583202 0.190941542 0.070807338 -0.083307564 -0.024701688 -0.001438949 0.996216655
1305031120.047290 -0.053139448 0.185811803 0.070581593 -0.094809555 -0.022873258 -0.000630169 0.995232403
1305031120.079418 -0.055147540 0.184658319 0.069259137 -0.097568408 -0.024025716 0.001516899 0.994937658
1305031120.115232 -0.055024501 0.189423844 0.068785101 -0.096947744 -0.026500206 0.003210506 0.994931400
1305031120.148157 -0.052902129 0.185088247 0.070521951 -0.100813068 -0.028301774 0.004087143 0.994494379
1305031120.179246 -0.052497707 0.182877749 0.071043290 -0.099703327 -0.027902309 0.006981079 0.994601429
1305031120.215249 -0.052533887 0.178954780 0.071654104 -0.095743373 -0.028001186 0.007017408 0.994987369
1305031120.248003 -0.052542105 0.177982420 0.071805723 -0.090354629 -0.027801670 0.004609681 0.995510876
1305031120.279430 -0.051951233 0.170425698 0.072810806 -0.088865653 -0.027284333 0.002524002 0.995666623
1305031120.315196 -0.050673969 0.161978066 0.075192317 -0.087951407 -0.027686248 0.000797347 0.995739639
1305031120.347787 -0.049833920 0.155079842 0.077454746 -0.084680140 -0.027616667 -0.000933848 0.996024966
1305031120.379437 -0.049519368 0.145745933 0.080150455 -0.084328614 -0.027916377 -0.001484361 0.996045768
1305031120.415445 -0.047691084 0.132909864 0.084738508 -0.080487952 -0.029445242 -0.000714579 0.996320307
1305031120.447417 -0.048167821 0.128945708 0.086563557 -0.072125457 -0.029810121 -0.001784957 0.996948361
1305031120.479432 -0.046803262 0.116383612 0.091144979 -0.071756341 -0.031207282 -0.000908520 0.996933460
1305031120.514819 -0.048872575 0.107848898 0.094993480 -0.065330975 -0.032054920 0.000597487 0.997348487
1305031120.547736 -0.048823483 0.099951692 0.098142378 -0.059211545 -0.035142269 0.002473114 0.997623622
1305031120.579551 -0.049971513 0.094264701 0.101097971 -0.055379622 -0.038441636 0.005471217 0.997710109
1305031120.615236 -0.047813732 0.083792269 0.105910391 -0.053649794 -0.043684430 0.008232727 0.997569859
1305031120.647354 -0.046548195 0.077701584 0.109427847 -0.048303548 -0.046913389 0.008562698 0.997693598
1305031120.679318 -0.044843677 0.071374260 0.113418922 -0.045919660 -0.049061384 0.009727855 0.997692168
1305031120.714522 -0.044858847 0.063754797 0.116638198 -0.044205017 -0.049481921 0.010389783 0.997742176
1305031120.747369 -0.045279115 0.055125333 0.119814001 -0.043842744 -0.051548891 0.010761083 0.997649610
1305031120.779894 -0.043004178 0.045994468 0.124626890 -0.042336050 -0.054602310 0.010946020 0.997550249
1305031120.814944 -0.043141261 0.041331865 0.126296580 -0.038799331 -0.054671109 0.010106961 0.997699142
1305031120.847921 -0.042609479 0.032217525 0.130028769 -0.040526323 -0.055970460 0.008148360 0.997576296
1305031120.883435 -0.039452121 0.023315296 0.133705005 -0.038910586 -0.056996815 0.006823548 0.997592509
1305031120.915444 -0.040994514 0.018398866 0.134748355 -0.036775820 -0.054812651 0.004583248 0.997808635
1305031120.947488 -0.041439209 0.009283539 0.137074232 -0.037738096 -0.054269452 0.002480660 0.997809827
1305031120.983366 -0.042540967 0.001268608 0.139656112 -0.037480097 -0.053945150 0.000145329 0.997840226
1305031121.015019 -0.042526096 -0.007711365 0.141919196 -0.036618862 -0.054678362 -0.001161666 0.997831643
1305031121.047498 -0.043746129 -0.012293761 0.143266901 -0.035081204 -0.053963661 -0.002170152 0.997924089
1305031121.083099 -0.045052625 -0.024074543 0.145949185 -0.035798859 -0.054893535 -0.003445509 0.997844338
1305031121.114696 -0.044071853 -0.030057421 0.147550717 -0.033003945 -0.056698911 -0.002677174 0.997842073
1305031121.147331 -0.045708086 -0.036995634 0.148905039 -0.031130657 -0.056697574 -0.003626267 0.997899354
1305031121.183271 -0.044988260 -0.045950342 0.150716528 -0.030122982 -0.058482889 -0.004103804 0.997825384
1305031121.211420 -0.042982731 -0.053622261 0.154189035 -0.027746275 -0.059098233 -0.004352792 0.997856975
1305031121.247194 -0.045526899 -0.059603538 0.154379800 -0.025628014 -0.056742407 -0.005066934 0.998046994
1305031121.282876 -0.045561105 -0.069491774 0.157899424 -0.026986403 -0.058311593 -0.003869991 0.997926116
1305031121.313568 -0.044907115 -0.079291366 0.160876155 -0.025039895 -0.058674142 -0.003400089 0.997957289
1305031121.347517 -0.047669232 -0.084288277 0.162436590 -0.022585440 -0.058900379 -0.002116469 0.998006105
1305031121.383226 -0.044692289 -0.096369930 0.166502878 -0.022823557 -0.061458111 -0.001577481 0.997847438
1305031121.414318 -0.045358136 -0.101291321 0.168705791 -0.017507335 -0.060358629 -0.002769314 0.998019338
1305031121.447319 -0.045066018 -0.106713802 0.171162710 -0.015996257 -0.060246725 -0.001685244 0.998053908
1305031121.482964 -0.043010175 -0.119064763 0.175313637 -0.016144680 -0.059030265 -0.000680168 0.998125374
1305031121.514107 -0.047009662 -0.122904755 0.173673302 -0.012077739 -0.055710841 -0.000147437 0.998373866
1305031121.547270 -0.046976782 -0.126484662 0.176125243 -0.012529384 -0.055723477 0.000502299 0.998367488
1305031121.583204 -0.046349704 -0.137962610 0.179328576 -0.015661864 -0.054697432 -0.000490188 0.998380005
1305031121.614700 -0.046429712 -0.143217608 0.182018787 -0.014001167 -0.052945599 -0.001541719 0.998498023
1305031121.647183 -0.047035366 -0.146866649 0.184252560 -0.012810575 -0.048578013 -0.005269799 0.998723328
1305031121.683200 -0.050880909 -0.154619649 0.184488535 -0.015761331 -0.043403685 -0.007273646 0.998906791
1305031121.714520 -0.053267527 -0.161035404 0.186237633 -0.016661152 -0.041991446 -0.006300607 0.998959184
1305031121.747145 -0.053046793 -0.163788736 0.189382508 -0.017850118 -0.042041145 -0.005740510 0.998939931
1305031121.782835 -0.053024374 -0.171101779 0.191566780 -0.020527616 -0.041608818 -0.003828372 0.998915732
1305031121.811540 -0.050529644 -0.173802629 0.194162086 -0.021520928 -0.041368902 -0.001474658 0.998911023
1305031121.847335 -0.051719341 -0.175945610 0.195192963 -0.023215326 -0.039164539 0.001281537 0.998962224
1305031121.882060 -0.053061776 -0.178799093 0.195491180 -0.025923368 -0.038374368 0.007343499 0.998900115
1305031121.914931 -0.054589506 -0.179306537 0.195315689 -0.027588012 -0.039517689 0.009224975 0.998795390
1305031121.947288 -0.049329445 -0.181485236 0.196287930 -0.028698273 -0.043592334 0.009901854 0.998588026
1305031121.982926 -0.048198223 -0.177048147 0.195644349 -0.027874215 -0.043537103 0.009711612 0.998615623
1305031122.014256 -0.050222900 -0.175139725 0.193892330 -0.028567838 -0.042718511 0.007303210 0.998651922
1305031122.047306 -0.050190091 -0.169848189 0.192375764 -0.026951570 -0.044146430 0.003813324 0.998654187
1305031122.082959 -0.049572293 -0.164360479 0.189949602 -0.025909398 -0.044696469 0.000051414 0.998664558
1305031122.114672 -0.051519230 -0.153048918 0.187770844 -0.022561276 -0.044211071 -0.004139209 0.998758852
1305031122.150725 -0.050280116 -0.146496892 0.185568258 -0.023207782 -0.044939630 -0.009295015 0.998676836
1305031122.183042 -0.049130492 -0.137238801 0.181787714 -0.020791963 -0.044177957 -0.014307330 0.998704791
1305031122.214959 -0.049725633 -0.118532829 0.177372739 -0.020058662 -0.042434532 -0.018845692 0.998720109
1305031122.251319 -0.051670190 -0.115612499 0.175579399 -0.027098954 -0.041076552 -0.022960035 0.998524487
1305031122.283560 -0.054250702 -0.103381209 0.169964924 -0.026223101 -0.040884454 -0.025297392 0.998499274
1305031122.314289 -0.054958727 -0.087444164 0.164940238 -0.029876651 -0.042956732 -0.029245017 0.998201787
1305031122.351327 -0.055202354 -0.081996024 0.163315937 -0.037006781 -0.045366015 -0.031853471 0.997776389
1305031122.382630 -0.057750352 -0.071293816 0.157985270 -0.040955793 -0.046364378 -0.032678615 0.997549534
1305031122.414997 -0.059247725 -0.066444620 0.153568551 -0.045761805 -0.050089195 -0.033166815 0.997144341
1305031122.451257 -0.058309216 -0.058133211 0.148201481 -0.047763765 -0.055117261 -0.030611884 0.996866882
1305031122.483360 -0.057917845 -0.050008662 0.143855006 -0.050797142 -0.060177460 -0.030364076 0.996431828
1305031122.515097 -0.056211554 -0.040523641 0.140106812 -0.051421285 -0.064755604 -0.031395171 0.996080756
1305031122.551490 -0.052577160 -0.031507678 0.136492163 -0.052657314 -0.067141876 -0.032434963 0.995824814
1305031122.583208 -0.053383201 -0.022486318 0.132798225 -0.053559147 -0.065463617 -0.033766888 0.995844245
1305031122.614980 -0.057103857 -0.016204547 0.128608420 -0.054508440 -0.064213216 -0.033623841 0.995878994
1305031122.648788 -0.056558758 -0.006705599 0.124214374 -0.052705016 -0.066388354 -0.032263339 0.995878398
1305031122.683402 -0.057431541 0.002129789 0.119456120 -0.051942606 -0.067127421 -0.031181226 0.995903432
1305031122.715208 -0.058496162 0.010188947 0.115810335 -0.051979341 -0.069469117 -0.028176613 0.995830476
1305031122.751298 -0.056748450 0.022868108 0.112136245 -0.049971178 -0.072659940 -0.027696658 0.995719016
1305031122.783423 -0.055749319 0.034840997 0.109120809 -0.051964086 -0.073259383 -0.028166179 0.995559871
1305031122.812555 -0.054263517 0.040621296 0.108672924 -0.057563864 -0.073202185 -0.028895181 0.995235085
1305031122.851418 -0.050495207 0.049277633 0.107530549 -0.058588192 -0.070841350 -0.030840253 0.995287776
1305031122.883754 -0.052327044 0.058137327 0.104550518 -0.061074544 -0.063796923 -0.030150078 0.995635867
1305031122.914571 -0.056228735 0.062356621 0.102580860 -0.065290295 -0.059648033 -0.029490707 0.995645344
1305031122.951341 -0.056578092 0.068618000 0.100699186 -0.066103525 -0.058909237 -0.028552163 0.995662987
1305031122.982815 -0.058401871 0.077857926 0.097354047 -0.066643693 -0.058151957 -0.024888340 0.995769858
1305031123.015450 -0.057708878 0.081861578 0.095691085 -0.069826007 -0.059617970 -0.022088543 0.995531082
1305031123.051827 -0.056223445 0.086964443 0.093883902 -0.069485687 -0.059774373 -0.020491602 0.995579660
1305031123.082975 -0.056890391 0.097887307 0.091146111 -0.067241736 -0.058604803 -0.017849468 0.995854080
1305031123.113873 -0.057116922 0.107117966 0.089025594 -0.069219671 -0.057296708 -0.015629997 0.995832026
1305031123.150822 -0.057828054 0.113618381 0.087561205 -0.071928605 -0.056222919 -0.015613704 0.995701492
1305031123.182155 -0.053772829 0.122620083 0.087014869 -0.073077738 -0.056394536 -0.014722523 0.995621681
1305031123.214704 -0.053394567 0.132042646 0.085541442 -0.076285832 -0.051719874 -0.015408860 0.995624483
1305031123.250618 -0.054623622 0.145578265 0.082855597 -0.078814708 -0.047205217 -0.016568519 0.995633185
1305031123.282347 -0.053410854 0.153552592 0.084026992 -0.086648248 -0.044815544 -0.013760350 0.995135307
1305031123.311327 -0.051908813 0.160747662 0.084778026 -0.091816515 -0.041621760 -0.012722534 0.994824350
1305031123.350481 -0.051769510 0.167693436 0.083906852 -0.096461833 -0.037326843 -0.012261484 0.994560957
1305031123.382255 -0.050033282 0.176197544 0.083934329 -0.099707976 -0.033432104 -0.008518596 0.994418442
1305031123.411363 -0.050501686 0.180568457 0.083478697 -0.103611439 -0.028388105 -0.006399149 0.994192064
1305031123.451255 -0.051078044 0.189675048 0.081750698 -0.104046628 -0.025544049 -0.004910153 0.994232237
1305031123.483594 -0.050264940 0.197302163 0.080855660 -0.107395515 -0.023957364 -0.000380645 0.993927658
1305031123.511360 -0.049911566 0.200403348 0.079543829 -0.111855730 -0.022165360 0.002136526 0.993474960
1305031123.551513 -0.050101694 0.211390555 0.078436375 -0.110417180 -0.022091281 0.004763851 0.993628383
1305031123.579583 -0.047270641 0.216406271 0.078906000 -0.113066435 -0.023240691 0.008136285 0.993282259
1305031123.611335 -0.045256861 0.226852477 0.077234887 -0.111357778 -0.022638839 0.009559527 0.993476510
1305031123.652411 -0.043274827 0.234335124 0.077044547 -0.113979213 -0.021370851 0.009392872 0.993208826
1305031123.683753 -0.043423451 0.237758920 0.076457433 -0.118680470 -0.017410373 0.010906442 0.992719948
1305031123.711323 -0.042994495 0.243958995 0.075709432 -0.121940628 -0.013833676 0.012342119 0.992364228
1305031123.751723 -0.044062447 0.244108170 0.074746862 -0.126911670 -0.010946187 0.013854786 0.991756856
1305031123.783858 -0.044983912 0.241676107 0.073399976 -0.131526425 -0.010602620 0.015562647 0.991133749
1305031123.811608 -0.043965790 0.246480256 0.072477341 -0.130580217 -0.011372016 0.017227069 0.991222858
1305031123.851444 -0.043105192 0.246079177 0.072200060 -0.132205173 -0.011954715 0.019433949 0.990959764
1305031123.883786 -0.043480005 0.236661121 0.071419902 -0.137650162 -0.012800697 0.020059908 0.990195036
1305031123.911243 -0.042843126 0.240284204 0.071724392 -0.131033421 -0.014794705 0.019486811 0.991075993
1305031123.951442 -0.043660741 0.240797848 0.071280614 -0.129851103 -0.014689439 0.020752924 0.991207480
1305031123.983415 -0.044019412 0.226876825 0.072990283 -0.138193682 -0.016703553 0.022416910 0.990010619
1305031124.011302 -0.043709543 0.220475778 0.075223029 -0.133861810 -0.020945616 0.021897731 0.990536630
1305031124.051505 -0.043794502 0.219761550 0.076116487 -0.127806500 -0.023968518 0.022405202 0.991256297
1305031124.083837 -0.042082541 0.214190379 0.079549164 -0.127408728 -0.028031645 0.023352854 0.991179049
1305031124.111331 -0.038804673 0.201485053 0.084006101 -0.125121757 -0.033132240 0.022187721 0.991339743
1305031124.147446 -0.042247627 0.206024751 0.083687723 -0.113671258 -0.032190442 0.020294031 0.992789388
1305031124.182694 -0.041037355 0.194190234 0.087192759 -0.116021238 -0.034033798 0.017906470 0.992501974
1305031124.211396 -0.037834797 0.182048455 0.091922730 -0.112950839 -0.037346378 0.016275181 0.992765069
1305031124.249327 -0.045039911 0.183385059 0.088877678 -0.102728024 -0.033792101 0.015328632 0.994017124
1305031124.282545 -0.043026939 0.171616986 0.092085958 -0.105396084 -0.039504994 0.015284035 0.993527770
1305031124.311361 -0.038728941 0.159608245 0.096481942 -0.104219861 -0.046146732 0.016576359 0.993344843
1305031124.350354 -0.040503442 0.155323163 0.096937977 -0.097350113 -0.048216708 0.014802353 0.993971348
1305031124.382420 -0.038574107 0.145988792 0.100343630 -0.094895370 -0.051593330 0.014081574 0.994049668
1305031124.411439 -0.039408099 0.137458250 0.101730317 -0.090062723 -0.052389022 0.013505544 0.994465530
1305031124.450245 -0.039965004 0.129105300 0.102366157 -0.082867570 -0.052984867 0.010908792 0.995091200
1305031124.480099 -0.040362936 0.117941737 0.103783034 -0.078116894 -0.053923532 0.008646234 0.995447278
1305031124.511324 -0.041901685 0.110890277 0.103983477 -0.070744529 -0.054674491 0.006053770 0.995976508
1305031124.550437 -0.041824356 0.102055207 0.106221899 -0.066900253 -0.056681398 0.003407246 0.996142507
1305031124.579404 -0.042099118 0.091564737 0.108588837 -0.063822165 -0.059101090 0.001150542 0.996209025
1305031124.611358 -0.041954447 0.081126533 0.111298762 -0.059469234 -0.061626587 -0.000919105 0.996325612
1305031124.651271 -0.042482536 0.071942203 0.113737084 -0.055898823 -0.063660741 -0.003025936 0.996400297
1305031124.679362 -0.039874081 0.060584646 0.117726102 -0.052893255 -0.066822402 -0.004209299 0.996353030
1305031124.711251 -0.039587088 0.052102245 0.120786831 -0.048486445 -0.067102313 -0.006098645 0.996548593
1305031124.749890 -0.041226566 0.040758386 0.122899964 -0.047208253 -0.066179879 -0.007990864 0.996658266
1305031124.779365 -0.041179761 0.030350916 0.126409814 -0.044345256 -0.067578197 -0.008572406 0.996691108
1305031124.811360 -0.041487489 0.021642148 0.131429717 -0.042173736 -0.068640545 -0.009466366 0.996704698
1305031124.850535 -0.042114489 0.011077649 0.135748953 -0.042408396 -0.069738321 -0.009982374 0.996613503
1305031124.879355 -0.037652604 -0.000435429 0.142050818 -0.041160893 -0.071868569 -0.009968638 0.996514559
1305031124.911448 -0.038747989 -0.005672974 0.146169022 -0.038390722 -0.068916053 -0.010441382 0.996828854
1305031124.950730 -0.040008776 -0.015398984 0.151667923 -0.041531116 -0.067189619 -0.011010497 0.996814668
1305031124.979438 -0.040803161 -0.032048523 0.157049045 -0.043010838 -0.066232152 -0.009313555 0.996833324
1305031125.011454 -0.044579543 -0.039672308 0.159180328 -0.037933089 -0.067042813 -0.008871139 0.996989250
1305031125.050763 -0.040741604 -0.043048266 0.163880840 -0.034623258 -0.070924751 -0.007555458 0.996851981
1305031125.079364 -0.041663650 -0.052195661 0.169103667 -0.035790764 -0.069689386 -0.004781208 0.996914983
1305031125.111364 -0.042960003 -0.063328035 0.172372505 -0.035957269 -0.070329845 -0.003769237 0.996868372
1305031125.151013 -0.040993735 -0.069606647 0.175437912 -0.031607017 -0.071499586 -0.005838354 0.996922612
1305031125.179353 -0.042688482 -0.071387611 0.176650748 -0.030532707 -0.068227053 -0.005113866 0.997189403
1305031125.211320 -0.044318527 -0.082563609 0.181189492 -0.035017591 -0.066556059 -0.004899148 0.997155964
1305031125.250632 -0.045331288 -0.093185544 0.182025641 -0.034052562 -0.066197887 -0.007589427 0.997196436
1305031125.279467 -0.046463761 -0.096539974 0.182813242 -0.030471724 -0.065706201 -0.008848620 0.997334421
1305031125.311493 -0.045600496 -0.105567820 0.187263653 -0.031154672 -0.064701177 -0.008198098 0.997384548
1305031125.348880 -0.048361808 -0.109772004 0.188288748 -0.026825914 -0.062641673 -0.011563871 0.997608483
1305031125.379401 -0.044365831 -0.112821892 0.192898586 -0.026531765 -0.062437169 -0.015005686 0.997583330
1305031125.411335 -0.045012355 -0.116769597 0.195938453 -0.026350833 -0.055939298 -0.016144732 0.997955799
1305031125.451195 -0.046788629 -0.122399919 0.197650895 -0.029706389 -0.050166316 -0.018180475 0.998133421
1305031125.479424 -0.046564579 -0.131182849 0.200397968 -0.030657679 -0.046477810 -0.019689277 0.998254597
1305031125.511316 -0.047600679 -0.130744830 0.200352564 -0.029242005 -0.042312838 -0.020149963 0.998473048
1305031125.551020 -0.047176905 -0.132947087 0.201379299 -0.030134261 -0.039467689 -0.022022167 0.998523533
1305031125.579308 -0.046388652 -0.135050684 0.202414140 -0.031861078 -0.036314182 -0.024130912 0.998540878
1305031125.611533 -0.048038676 -0.140199482 0.202325583 -0.032265633 -0.032378014 -0.024482001 0.998654723
1305031125.650575 -0.053041141 -0.143041968 0.198325366 -0.028372101 -0.030280599 -0.022306854 0.998889625
1305031125.679328 -0.056557167 -0.136062473 0.192781627 -0.022901786 -0.033073299 -0.021280542 0.998963833
1305031125.711443 -0.052805029 -0.137159720 0.193366304 -0.022326127 -0.040162396 -0.019270048 0.998757839
1305031125.751260 -0.050642297 -0.127156615 0.188635617 -0.016082397 -0.043059602 -0.017409025 0.998791337
1305031125.779348 -0.049283087 -0.120628096 0.186830893 -0.015771486 -0.044496246 -0.020070577 0.998683393
1305031125.811573 -0.047654439 -0.112236366 0.183093175 -0.014713432 -0.044159185 -0.020907415 0.998697340
1305031125.847412 -0.048211493 -0.106690280 0.180637643 -0.016950799 -0.042515751 -0.022999654 0.998687208
1305031125.879318 -0.050552506 -0.098936819 0.175945982 -0.016548520 -0.042167041 -0.023554329 0.998695791
1305031125.911305 -0.053888291 -0.087873653 0.171315044 -0.018825835 -0.044014059 -0.022619199 0.998597383
1305031125.947343 -0.055312671 -0.085414425 0.167756617 -0.023602843 -0.050233968 -0.020226385 0.998253644
1305031125.979324 -0.054763298 -0.074013174 0.164137453 -0.022730641 -0.057733197 -0.017146775 0.997925937
1305031126.011333 -0.050479822 -0.063545533 0.162843063 -0.024427945 -0.064826004 -0.016705515 0.997457683
1305031126.047324 -0.045355640 -0.051558763 0.162131846 -0.026437327 -0.068050206 -0.015580880 0.997209847
1305031126.079356 -0.044210680 -0.040173169 0.160524935 -0.029877013 -0.066849232 -0.014525903 0.997209907
1305031126.111370 -0.043456659 -0.032930180 0.159613982 -0.034258842 -0.066309996 -0.015117164 0.997096181
1305031126.147432 -0.043959618 -0.017726459 0.157121629 -0.034402974 -0.064653374 -0.013433311 0.997224092
1305031126.179384 -0.045290861 -0.005520660 0.152979568 -0.039945032 -0.063894317 -0.013053982 0.997071445
1305031126.211319 -0.042185552 0.001334105 0.153423950 -0.045298599 -0.065850295 -0.012353704 0.996724188
1305031126.247298 -0.040892556 0.015114854 0.150145367 -0.046609942 -0.064812891 -0.011808067 0.996738374
1305031126.279363 -0.039829969 0.024784390 0.148641780 -0.050611559 -0.063422836 -0.012576438 0.996623218
1305031126.311332 -0.037879568 0.036684945 0.148107454 -0.053929046 -0.061265312 -0.013867840 0.996567070
1305031126.347363 -0.038533956 0.044380516 0.146477774 -0.058787614 -0.057097860 -0.015354442 0.996518016
1305031126.379423 -0.040215425 0.053191561 0.143993735 -0.062221490 -0.053389445 -0.016675690 0.996493876
1305031126.411465 -0.040312901 0.064212091 0.141330957 -0.065434411 -0.051751517 -0.018571565 0.996340871
1305031126.447361 -0.040639553 0.069557831 0.139755338 -0.070905924 -0.050217800 -0.017675346 0.996061265
1305031126.479533 -0.042505573 0.077586532 0.136565924 -0.072893135 -0.049498469 -0.015102553 0.995996177
1305031126.511410 -0.043357559 0.090120785 0.132272482 -0.074041046 -0.050476596 -0.013607678 0.995883942
1305031126.547374 -0.039391380 0.097964101 0.132130086 -0.079691790 -0.052805599 -0.012693027 0.995338976
1305031126.579454 -0.038618468 0.105086766 0.130656421 -0.083764285 -0.050772857 -0.010866838 0.995131910
1305031126.611528 -0.038668048 0.112518281 0.128647029 -0.088503443 -0.048729002 -0.009320627 0.994839549
1305031126.647376 -0.036372274 0.115402423 0.128687769 -0.093605593 -0.047949184 -0.007191991 0.994428039
1305031126.679479 -0.035874039 0.120617732 0.126917079 -0.095327541 -0.045837551 -0.002498807 0.994386911
1305031126.711583 -0.035544403 0.126856133 0.124928817 -0.097117737 -0.044122297 0.000274788 0.994294405
1305031126.747316 -0.034005444 0.126513422 0.123928763 -0.100266345 -0.042990398 0.003442770 0.994025469
1305031126.779379 -0.033608060 0.132038638 0.121080831 -0.098908164 -0.041856825 0.006306767 0.994195879
1305031126.811602 -0.030497629 0.135516703 0.120345011 -0.099069923 -0.040990330 0.007059912 0.994210780
1305031126.847343 -0.029471245 0.138280764 0.118136071 -0.099295154 -0.037525110 0.007401106 0.994322658
1305031126.879357 -0.029980076 0.140593424 0.116098747 -0.099685423 -0.034994829 0.008008408 0.994371176
1305031126.911364 -0.028586287 0.141713172 0.115298271 -0.099978894 -0.033414077 0.007508264 0.994399965
1305031126.947437 -0.029142654 0.142331123 0.113388330 -0.100918718 -0.031892501 0.009094718 0.994341791
1305031126.979337 -0.029498052 0.141704455 0.113296807 -0.101680450 -0.032462277 0.010444419 0.994232476
1305031127.011371 -0.028669344 0.140956789 0.112936541 -0.100652926 -0.033749167 0.010760395 0.994290829
1305031127.047297 -0.028386569 0.142196491 0.112282977 -0.099177122 -0.034170348 0.011829346 0.994412541
1305031127.079299 -0.028821541 0.141112447 0.112588242 -0.099973053 -0.034413215 0.012058944 0.994321704
1305031127.111435 -0.030263975 0.138059020 0.112430423 -0.100909144 -0.035899013 0.013145638 0.994160831
1305031127.147307 -0.031112026 0.135115877 0.112864181 -0.100403905 -0.038807020 0.013642396 0.994096041
1305031127.179349 -0.030892298 0.135874644 0.112822071 -0.097187325 -0.041781582 0.012872946 0.994305372
1305031127.211700 -0.028573707 0.134115025 0.115201734 -0.096916005 -0.044664156 0.013008201 0.994204819
1305031127.247374 -0.028390463 0.130008072 0.116607174 -0.096075222 -0.044966206 0.012123425 0.994283974
1305031127.279465 -0.029526599 0.130212039 0.116377607 -0.092884429 -0.044547334 0.011069307 0.994618237
1305031127.311362 -0.030913740 0.127546072 0.117571503 -0.093566492 -0.044828277 0.010291259 0.994550049
1305031127.347356 -0.029973466 0.121285841 0.120290920 -0.093707226 -0.047186933 0.009851416 0.994432151
1305031127.379262 -0.030849889 0.122473806 0.120488599 -0.089685217 -0.047846008 0.009483312 0.994774997
1305031127.411371 -0.031515609 0.120997891 0.121576451 -0.089412771 -0.048744213 0.008634942 0.994763672
1305031127.447333 -0.031326689 0.115923874 0.123906299 -0.090162009 -0.050296087 0.008464341 0.994620264
1305031127.479362 -0.032409642 0.117209300 0.124207579 -0.087105848 -0.050888192 0.007729332 0.994868457
1305031127.511356 -0.032838650 0.116733976 0.125624284 -0.087857626 -0.052005053 0.006516767 0.994753242
1305031127.547348 -0.032314710 0.112038471 0.127859712 -0.089215167 -0.053349111 0.006420183 0.994561851
1305031127.579345 -0.033508185 0.112824857 0.127912879 -0.086612411 -0.053217761 0.005926467 0.994801998
1305031127.611271 -0.033272713 0.113791727 0.128861681 -0.086382687 -0.054066442 0.005951970 0.994776070
1305031127.647358 -0.032740012 0.110399373 0.130568773 -0.088467650 -0.054670032 0.007347174 0.994550526
1305031127.679298 -0.033320453 0.109122187 0.130631536 -0.087083861 -0.054806679 0.007896810 0.994660854
1305031127.711375 -0.034217261 0.111439988 0.129874632 -0.085314959 -0.055080425 0.007448755 0.994802475
1305031127.747304 -0.033023924 0.109202236 0.131560102 -0.087228805 -0.056313217 0.007677115 0.994565725
1305031127.779346 -0.033800028 0.106616102 0.131994665 -0.086945616 -0.056124363 0.007766875 0.994600534
1305031127.811829 -0.034545563 0.108182937 0.131064713 -0.084553435 -0.056093633 0.006629821 0.994816720
1305031127.847366 -0.034779862 0.107221492 0.131376296 -0.085117161 -0.056166269 0.005697162 0.994770288
1305031127.879380 -0.035320908 0.106046349 0.131536946 -0.085507736 -0.056327894 0.005430412 0.994729161
1305031127.911476 -0.036222652 0.106129542 0.131529883 -0.084975876 -0.056833856 0.005010216 0.994748175
1305031127.947366 -0.036792912 0.107489824 0.131722763 -0.084886841 -0.057429008 0.004918511 0.994722068
1305031127.979371 -0.036267247 0.106336370 0.133393064 -0.086937711 -0.058624219 0.004918790 0.994475126
1305031128.011427 -0.034731012 0.106547497 0.135283649 -0.087829433 -0.059634477 0.004640244 0.994338036
1305031128.047369 -0.033988200 0.104438201 0.137726411 -0.091014057 -0.059055187 0.005953274 0.994079232
1305031128.079334 -0.034670413 0.101928137 0.138992459 -0.091625378 -0.058383446 0.006630104 0.994058430
1305031128.111391 -0.034346737 0.101515032 0.139808804 -0.090971842 -0.058756500 0.007491762 0.994090378
1305031128.147418 -0.034146953 0.101034082 0.140868217 -0.091764614 -0.058860868 0.009007857 0.993998766
1305031128.179350 -0.032622542 0.097350635 0.142869860 -0.092487209 -0.059671458 0.010525514 0.993868530
1305031128.211447 -0.033601370 0.099002272 0.142247275 -0.089506805 -0.059076246 0.010676949 0.994175315
1305031128.247480 -0.033900477 0.099120729 0.141838044 -0.089850366 -0.059347499 0.010963595 0.994125009
1305031128.279336 -0.033365123 0.096990667 0.143326789 -0.090628132 -0.060066033 0.010972152 0.994011164
1305031128.311483 -0.033872284 0.097661398 0.142546117 -0.088951275 -0.059765268 0.010375257 0.994187176
1305031128.347423 -0.034715258 0.097926989 0.142401293 -0.088775955 -0.059502922 0.009552802 0.994226813
1305031128.379404 -0.034892563 0.096248075 0.142955527 -0.089618899 -0.059971590 0.007591951 0.994139910
1305031128.411337 -0.034965225 0.095850058 0.142755672 -0.088960342 -0.060027152 0.006631116 0.994202614
1305031128.447296 -0.035762683 0.095659994 0.142159089 -0.088549629 -0.059657861 0.005420967 0.994268835
1305031128.479296 -0.036209580 0.094815835 0.142065570 -0.088942125 -0.059740376 0.004192872 0.994234800
1305031128.511433 -0.035561405 0.094004735 0.142537370 -0.088742375 -0.060011294 0.003498487 0.994238973
1305031128.547399 -0.035239980 0.093703680 0.142791182 -0.088841580 -0.059674587 0.003092997 0.994251728
1305031128.579455 -0.035399415 0.091657743 0.142755836 -0.089001268 -0.058951814 0.002797638 0.994281471
1305031128.611395 -0.036691748 0.091556683 0.141996309 -0.087596960 -0.058450196 0.002997594 0.994435191
1305031128.647352 -0.038074128 0.092160717 0.141092360 -0.086611748 -0.058947906 0.003125761 0.994491696
1305031128.679282 -0.037246641 0.090136930 0.141477466 -0.087150559 -0.060810804 0.002730004 0.994333625
1305031128.711457 -0.036121324 0.090885043 0.141647741 -0.085512891 -0.061380848 0.002107938 0.994442284
1305031128.747363 -0.036177844 0.091049716 0.140794650 -0.084605739 -0.060290460 0.000878720 0.994588435
