1305031102.675285 -0.006211240 0.017483465 0.136446223 -0.042278126 -0.017306544 -0.000694217 0.998955727
1305031102.711263 -0.006212922 0.017195888 0.146746993 -0.043413244 -0.017777577 0.000454098 0.998898923
1305031102.743234 -0.004440377 0.022516331 0.160675764 -0.043830555 -0.019558243 0.003430295 0.998841643
1305031102.775472 -0.002342564 0.022668710 0.171732917 -0.046437740 -0.018641161 0.001774288 0.998745680
1305031102.811232 -0.001499572 0.028423447 0.182788432 -0.045459688 -0.016292127 0.000905459 0.998832941
1305031102.843290 -0.001078121 0.026670352 0.192330167 -0.048965871 -0.013251347 0.000336493 0.998712480
1305031102.875363 -0.003187092 0.030428004 0.201962411 -0.046947885 -0.009631651 -0.002229329 0.998848438
1305031102.911185 -0.004179624 0.032644816 0.210843310 -0.046441887 -0.007972004 -0.003435593 0.998883307
1305031102.943229 -0.009438772 0.033229254 0.216816723 -0.047073949 -0.005492371 -0.004976848 0.998863935
1305031102.975203 -0.012826789 0.036011584 0.223681644 -0.047321793 -0.010943229 -0.004832912 0.998808086
1305031103.011215 -0.012212842 0.038101725 0.232549772 -0.048694152 -0.017770413 -0.001747717 0.998654127
1305031103.043227 -0.017134260 0.041034468 0.235121533 -0.048676755 -0.020843029 -0.000901479 0.998596668
1305031103.075319 -0.013188503 0.040712923 0.245164990 -0.049355391 -0.025862029 0.001909122 0.998444557
1305031103.111240 -0.014356680 0.046234336 0.250352174 -0.046762135 -0.024830015 0.002584055 0.998594046
1305031103.143318 -0.013519879 0.047629051 0.258652061 -0.048815094 -0.025517944 0.004335885 0.998472393
1305031103.175452 -0.013483444 0.052188881 0.264240175 -0.048505448 -0.024128754 0.005047196 0.998518646
1305031103.211220 -0.015432010 0.057538610 0.269442827 -0.051396213 -0.023336926 0.005537970 0.998390257
1305031103.243216 -0.015041797 0.059699290 0.275063843 -0.058367889 -0.023450973 0.009157659 0.997977674
1305031103.275370 -0.020250522 0.060681038 0.276997268 -0.067562960 -0.023368573 0.012712951 0.997360289
1305031103.311210 -0.020072859 0.056614511 0.282903612 -0.075911760 -0.033041384 0.013134801 0.996480405
1305031103.343223 -0.014104042 0.058163874 0.286750615 -0.076076381 -0.040489763 0.013250372 0.996191442
1305031103.375327 -0.012911884 0.057522342 0.287429184 -0.079690851 -0.039509267 0.014841327 0.995925784
1305031103.411260 -0.014634175 0.053079531 0.285888553 -0.082986280 -0.037818279 0.015943984 0.995705247
1305031103.443280 -0.016522372 0.052095115 0.282071114 -0.082487784 -0.039085422 0.015336929 0.995707273
1305031103.475274 -0.015440816 0.048317213 0.279356390 -0.083318360 -0.042446744 0.013730663 0.995523870
1305031103.511333 -0.015446429 0.044577703 0.274490207 -0.081303760 -0.043830790 0.011284105 0.995661199
1305031103.543444 -0.015255578 0.040338561 0.268447906 -0.077795714 -0.045109384 0.009031996 0.995907366
1305031103.575474 -0.016977871 0.038262121 0.259631008 -0.073118381 -0.045399860 0.008826902 0.996250331
1305031103.611223 -0.016919088 0.034609765 0.252273262 -0.071418330 -0.048579887 0.010725046 0.996205032
1305031103.643445 -0.016265457 0.031152144 0.244011894 -0.068830691 -0.052809581 0.011131902 0.996167421
1305031103.675523 -0.014640954 0.027853714 0.235480368 -0.066340581 -0.055724185 0.011087109 0.996178091
1305031103.711610 -0.013071537 0.025010454 0.226169974 -0.063894145 -0.056975447 0.010884313 0.996269464
1305031103.743326 -0.011831707 0.020082796 0.217366472 -0.062120739 -0.056925073 0.009901567 0.996394753
1305031103.775342 -0.011639888 0.018798701 0.205242172 -0.058222007 -0.056115337 0.006433400 0.996704519
1305031103.811242 -0.011252288 0.018793231 0.194270030 -0.057389271 -0.054924309 0.003185486 0.996834815
1305031103.843251 -0.014731294 0.019282624 0.181707889 -0.059327088 -0.052840367 0.000137730 0.996839106
1305031103.875361 -0.015707493 0.010232771 0.172672316 -0.067669772 -0.055372972 -0.002943873 0.996165633
1305031103.911221 -0.014825922 0.004640728 0.162931934 -0.067360789 -0.059509303 -0.004672662 0.995941460
1305031103.943211 -0.011164351 0.002124785 0.153278112 -0.065862574 -0.063697331 -0.004734554 0.995782256
1305031103.975373 -0.009132520 -0.002792299 0.143262476 -0.064683944 -0.066071391 -0.005957753 0.995698273
1305031104.011232 -0.005205494 -0.008136822 0.133804649 -0.061680611 -0.067345314 -0.006871181 0.995797634
1305031104.043249 -0.001960141 -0.010359283 0.121898629 -0.054468449 -0.065072812 -0.008698706 0.996354878
1305031104.075425 -0.000547986 -0.009264375 0.111261651 -0.049355060 -0.060628388 -0.011599489 0.996871948
1305031104.111235 0.003141010 -0.015290508 0.101671442 -0.047605846 -0.055880710 -0.013160298 0.997215033
1305031104.143230 0.000547188 -0.018397819 0.089092791 -0.042749070 -0.048613403 -0.014565765 0.997796118
1305031104.175424 0.000132235 -0.019745180 0.077973783 -0.038279299 -0.045104019 -0.015331205 0.998130858
1305031104.211283 0.000484192 -0.023580210 0.068186827 -0.034707196 -0.042505488 -0.015432488 0.998373926
1305031104.243196 0.000243024 -0.024634982 0.057995118 -0.029612361 -0.039856043 -0.015750099 0.998642325
1305031104.275546 0.001571646 -0.026527582 0.048253186 -0.025440045 -0.037621472 -0.016431810 0.998833001
1305031104.311219 0.002352801 -0.027770776 0.039159343 -0.021665309 -0.034483146 -0.016693095 0.999030948
1305031104.343342 0.003912068 -0.026820892 0.031101417 -0.017817842 -0.030873403 -0.016784370 0.999223530
1305031104.375837 0.003363767 -0.027233411 0.022526553 -0.015801517 -0.025718275 -0.016447775 0.999409020
1305031104.411509 0.000643906 -0.028002039 0.013162130 -0.014352405 -0.020773053 -0.016225953 0.999549508
1305031104.443288 -0.002759247 -0.027376464 0.006598190 -0.013611284 -0.018276758 -0.015539506 0.999619544
1305031104.475456 -0.005692194 -0.028722011 -0.001160105 -0.014144208 -0.018779874 -0.014947810 0.999611795
1305031104.511329 -0.005808329 -0.031860791 -0.007285308 -0.013982448 -0.021674644 -0.013630598 0.999574363
1305031104.543368 -0.003784487 -0.032951731 -0.014389294 -0.010595887 -0.024294868 -0.012806493 0.999566615
1305031104.575343 0.003000957 -0.037178416 -0.017659836 -0.007615846 -0.026552051 -0.011451577 0.999552846
1305031104.611336 0.010480039 -0.045375712 -0.023914827 -0.000220956 -0.024321461 -0.009590783 0.999658167
1305031104.643243 0.011864006 -0.041960999 -0.032233667 0.013132042 -0.016916668 -0.009066158 0.999729574
1305031104.675525 0.014439526 -0.048291650 -0.040186122 0.022446914 -0.009629339 -0.007959018 0.999669969
1305031104.711277 0.011525916 -0.048370115 -0.051745974 0.036638811 -0.000691615 -0.006916429 0.999304414
1305031104.743280 0.013976802 -0.046169613 -0.059804142 0.050326526 0.005716606 -0.005017488 0.998703837
1305031104.775327 0.014575003 -0.044916846 -0.065385245 0.062856980 0.012775735 -0.002583620 0.997937441
1305031104.811465 0.017136080 -0.041370794 -0.070648767 0.074274026 0.018725684 0.000462445 0.997061908
1305031104.843258 0.014419479 -0.037114758 -0.074905731 0.083412856 0.026265077 0.002722481 0.996165156
1305031104.875350 0.013577305 -0.033497218 -0.077087477 0.089002900 0.029213516 0.005619798 0.995586991
1305031104.911534 0.015295626 -0.030624446 -0.077063516 0.091563009 0.029529257 0.008069415 0.995328665
1305031104.943262 0.015108829 -0.029281106 -0.077081397 0.092544749 0.030496471 0.008668419 0.995203674
1305031104.975202 0.013994617 -0.023408521 -0.073594078 0.092711642 0.029944329 0.009513319 0.995197177
1305031105.011290 0.014388323 -0.020988923 -0.069367252 0.088158309 0.029354004 0.010525639 0.995618224
1305031105.043373 0.013855727 -0.018371627 -0.063267186 0.082886867 0.028896805 0.009016975 0.996099114
1305031105.075320 0.013826516 -0.017724905 -0.055638950 0.075776607 0.027946390 0.007462746 0.996705174
1305031105.111299 0.009123701 -0.018639343 -0.047786310 0.070118144 0.028361928 0.004632698 0.997124672
1305031105.143106 0.006216540 -0.009333672 -0.038460203 0.066287905 0.026134819 0.002731416 0.997454524
1305031105.175159 0.005498493 -0.004949443 -0.026132546 0.053796824 0.022410892 0.000731568 0.998300135
1305031105.211268 0.000676824 -0.011253937 -0.016099706 0.039857116 0.019616971 -0.002794131 0.999008894
1305031105.243270 -0.002767950 -0.009635421 -0.006586871 0.031766821 0.014777448 -0.004373473 0.999376476
1305031105.275288 -0.005941082 -0.006679633 0.002345485 0.022113105 0.009069301 -0.005934207 0.999696732
1305031105.311290 -0.008612708 -0.009224010 0.011598258 0.010919312 0.002300173 -0.007097776 0.999912500
1305031105.343302 -0.007987840 -0.012440485 0.023958376 0.001604248 -0.005066833 -0.007136946 0.999960423
1305031105.375338 -0.009153356 -0.013581689 0.034678031 -0.002354351 -0.010082805 -0.007152503 0.999920785
1305031105.411286 -0.010691578 -0.007566745 0.044402294 -0.006111204 -0.014530204 -0.008082419 0.999843121
1305031105.443316 -0.010827923 -0.010368051 0.056877032 -0.013939463 -0.019051006 -0.008518283 0.999685049
1305031105.475280 -0.011702432 -0.009795340 0.066900499 -0.017457591 -0.022312453 -0.008766083 0.999560177
1305031105.511332 -0.010124948 -0.007584536 0.078166239 -0.021694025 -0.025917301 -0.008261578 0.999394536
1305031105.543282 -0.010243015 -0.009053245 0.089879081 -0.026610347 -0.026852993 -0.007198367 0.999259233
1305031105.575449 -0.011424936 -0.007177261 0.100446351 -0.029036976 -0.027963636 -0.007030772 0.999162376
1305031105.611378 -0.010244217 -0.008182716 0.112963907 -0.032313749 -0.029524472 -0.006125010 0.999022841
1305031105.643273 -0.012278834 -0.006385596 0.123048514 -0.032474186 -0.029128466 -0.003425894 0.999042153
1305031105.675166 -0.009332554 -0.004940422 0.134801656 -0.034433931 -0.031533055 -0.002016015 0.998907387
1305031105.711309 -0.005547654 -0.007123334 0.147814065 -0.034916509 -0.030930096 -0.002051125 0.998909354
1305031105.743312 -0.005591758 -0.001172435 0.157820001 -0.031467497 -0.026910547 -0.001692919 0.999141037
1305031105.775339 -0.002580588 -0.003018095 0.169303611 -0.033571638 -0.023607073 -0.001433380 0.999156415
1305031105.811283 -0.003213921 -0.001090310 0.179954693 -0.031759728 -0.018260593 -0.000561744 0.999328554
1305031105.843271 -0.001319276 0.000535747 0.191381261 -0.030372117 -0.015434229 0.000428650 0.999419391
1305031105.875337 0.000205833 0.006426510 0.201013669 -0.028407536 -0.010791669 0.003154266 0.999533176
1305031105.911262 -0.000168485 0.009327512 0.211758777 -0.030860806 -0.006372000 0.007379505 0.999476135
1305031105.943272 -0.000171957 0.013857292 0.221168399 -0.032619532 -0.003014022 0.010008280 0.999413133
1305031105.975329 -0.000309657 0.017263949 0.230954722 -0.036739714 -0.000883111 0.011537738 0.999257863
1305031106.011285 0.000961423 0.020342337 0.240288556 -0.040855449 0.000744828 0.013372936 0.999075234
1305031106.043355 -0.000937005 0.023529822 0.249567047 -0.045054737 0.003733830 0.013984425 0.998879611
1305031106.075330 -0.001713295 0.026549980 0.258234143 -0.048891261 0.004657066 0.015881207 0.998666942
1305031106.111327 -0.003685988 0.032345273 0.265641898 -0.052387841 0.005435927 0.016764320 0.998471320
1305031106.143355 -0.005092429 0.033326164 0.274141401 -0.059899852 0.004203216 0.018742675 0.998019576
1305031106.175534 -0.005884140 0.035044041 0.281892031 -0.063834377 0.002584246 0.019700825 0.997762680
1305031106.211275 -0.007909141 0.037242584 0.288861841 -0.065790735 0.001859945 0.019401608 0.997643054
1305031106.243267 -0.008610412 0.039529491 0.294422954 -0.065647632 0.000406901 0.023153422 0.997574151
1305031106.276385 -0.009274212 0.043750603 0.298763037 -0.065970205 -0.001260133 0.024269611 0.997525632
1305031106.311238 -0.009359321 0.046432961 0.302899450 -0.069315322 -0.002635733 0.027328758 0.997216940
1305031106.343258 -0.011977052 0.052289620 0.305095345 -0.072379194 -0.002387733 0.027412396 0.996997535
1305031106.375388 -0.009162623 0.052873988 0.307600796 -0.081536263 -0.003869106 0.020362524 0.996454835
1305031106.411320 -0.007999492 0.047359347 0.309491485 -0.090388462 0.000669378 0.014556408 0.995799959
1305031106.443278 -0.011919063 0.045485318 0.308335215 -0.091272712 0.006466692 0.009446345 0.995760143
1305031106.475345 -0.012894477 0.043280289 0.304959327 -0.091640681 0.005697193 0.008707381 0.995737731
1305031106.511129 -0.014196286 0.039581656 0.300674886 -0.090828419 0.002814222 0.008454166 0.995826721
1305031106.543302 -0.013231549 0.037695676 0.293415099 -0.087351203 -0.001872272 0.007375799 0.996148527
1305031106.575282 -0.013109753 0.035359573 0.285277903 -0.084610105 -0.003786873 0.006443230 0.996386111
1305031106.611151 -0.014445308 0.034804262 0.276282966 -0.083649166 -0.006357927 0.003546376 0.996468663
1305031106.643207 -0.013442095 0.029627446 0.267953098 -0.084766597 -0.009835255 0.001347974 0.996351361
1305031106.675279 -0.016376100 0.029083395 0.256959379 -0.081593692 -0.011364440 0.000925150 0.996600449
1305031106.711508 -0.017744169 0.025807420 0.247303024 -0.083699822 -0.016742745 0.000223988 0.996350288
1305031106.743341 -0.018332807 0.023236092 0.235668868 -0.082049094 -0.022811882 0.000592430 0.996366978
1305031106.775390 -0.016064087 0.016661901 0.221173540 -0.083840780 -0.029638702 0.001285914 0.996037424
1305031106.811289 -0.015784843 0.016775297 0.208720163 -0.082919732 -0.033580452 0.000717664 0.995990038
1305031106.843416 -0.015894068 0.009330483 0.198057383 -0.085401714 -0.037347037 -0.000746507 0.995646119
1305031106.875905 -0.012959205 0.005199216 0.185646072 -0.080192968 -0.041078571 -0.004102956 0.995924115
1305031106.911243 -0.012579231 0.006503664 0.171099901 -0.074902073 -0.040446874 -0.008480176 0.996334195
1305031106.943439 -0.011886162 0.000284335 0.159689650 -0.074629188 -0.039735042 -0.012838441 0.996336699
1305031106.975547 -0.010682492 -0.005947005 0.147320971 -0.069840968 -0.038083360 -0.016056141 0.996701598
1305031107.011576 -0.011536255 -0.001895288 0.131449714 -0.060689442 -0.034787450 -0.019708866 0.997355580
1305031107.043281 -0.011930824 -0.006858218 0.119934283 -0.061833348 -0.032075375 -0.022019923 0.997327864
1305031107.075432 -0.014568608 -0.013343914 0.106942624 -0.058549087 -0.030009219 -0.023107499 0.997565806
1305031107.111229 -0.013682161 -0.012158496 0.094430871 -0.052491374 -0.031113144 -0.023836978 0.997851908
1305031107.143260 -0.011533698 -0.012014048 0.082662947 -0.050146945 -0.030748252 -0.023988971 0.997980118
1305031107.175399 -0.009573776 -0.017435867 0.075504042 -0.049182907 -0.030031251 -0.024987355 0.998025477
1305031107.211358 -0.007190054 -0.022412457 0.065077037 -0.043840226 -0.028469421 -0.026568335 0.998279333
1305031107.243378 -0.007003826 -0.021410406 0.053538814 -0.036555208 -0.024908306 -0.027089175 0.998653829
1305031107.275398 -0.004587718 -0.025406556 0.045146752 -0.031948857 -0.022292534 -0.026944770 0.998877525
1305031107.311226 -0.004345872 -0.028998215 0.036333460 -0.025258655 -0.018387903 -0.027968166 0.999120414
1305031107.343509 -0.001057261 -0.033370949 0.027622549 -0.015232630 -0.015585414 -0.027761713 0.999377012
1305031107.375413 0.000772080 -0.029885160 0.018521830 -0.004859216 -0.010832962 -0.027412336 0.999553680
1305031107.411271 0.002486906 -0.029979834 0.013379375 0.001852602 -0.006337475 -0.028208720 0.999580264
1305031107.443419 0.005200289 -0.028612975 0.009316740 0.007749373 -0.002333784 -0.027687052 0.999583900
1305031107.475377 0.007676842 -0.029905379 0.006627761 0.010281299 0.001812035 -0.026526114 0.999593616
1305031107.511352 0.009216500 -0.025615962 0.003531749 0.012837826 0.005284550 -0.025444292 0.999579847
1305031107.543605 0.012349302 -0.026231362 0.003786591 0.009968667 0.007352783 -0.023034150 0.999657929
1305031107.575454 0.014115300 -0.030283269 0.005139632 0.008644557 0.009136650 -0.020590357 0.999708891
1305031107.611271 0.015391143 -0.024052164 0.004221989 0.010965387 0.010658944 -0.019033933 0.999701858
1305031107.643323 0.016162002 -0.023586739 0.006079814 0.007515640 0.011977390 -0.017860333 0.999740481
1305031107.675568 0.015540071 -0.022958027 0.007301959 0.006500061 0.012771318 -0.017401112 0.999745905
1305031107.711307 0.014877839 -0.019880241 0.008777370 0.005853074 0.012763347 -0.016291099 0.999768674
1305031107.743538 0.012499193 -0.016141083 0.009399610 0.003479406 0.012218927 -0.015876530 0.999793231
1305031107.775802 0.012028959 -0.016921472 0.011730629 0.000235114 0.009612635 -0.017256800 0.999804854
1305031107.811596 0.013892997 -0.015472057 0.013581436 -0.001790066 0.007121432 -0.017081302 0.999827147
1305031107.843332 0.015531137 -0.014414182 0.015204579 -0.004142891 0.006278534 -0.017663350 0.999815702
1305031107.875358 0.019814089 -0.016566010 0.018506160 -0.005400173 0.006143616 -0.021148734 0.999742866
1305031107.911541 0.022360640 -0.016986052 0.020064835 -0.004674064 0.009002485 -0.023397690 0.999674737
1305031107.943122 0.027225230 -0.018607631 0.022254312 -0.003346991 0.011728139 -0.023637988 0.999646187
1305031107.975807 0.032110866 -0.019450959 0.024170900 -0.000992164 0.015901826 -0.023682673 0.999592543
1305031108.011320 0.038699578 -0.018734885 0.026086304 0.003065876 0.020287428 -0.025402902 0.999466717
1305031108.043418 0.051647522 -0.017994037 0.027038395 0.005299609 0.024807567 -0.022794159 0.999418318
1305031108.075352 0.058610313 -0.018527878 0.031310290 0.006483598 0.034059998 -0.017110769 0.999252260
1305031108.111378 0.062091041 -0.019713378 0.033984546 0.008979614 0.041206889 -0.018167922 0.998945057
1305031108.143334 0.072594911 -0.016325871 0.036421943 0.011990762 0.043575432 -0.016425714 0.998843133
1305031108.176058 0.079878695 -0.011108620 0.037891466 0.011774830 0.047311202 -0.013256536 0.998722792
1305031108.211475 0.091792040 -0.013525483 0.039161392 0.005975795 0.047601420 -0.014241360 0.998746991
1305031108.243347 0.104572356 -0.019509733 0.042017724 0.003325602 0.049247134 -0.016339589 0.998647392
1305031108.275358 0.111720987 -0.013373920 0.044722285 0.005551233 0.053939510 -0.015803017 0.998403728
1305031108.311332 0.118224412 -0.008789285 0.047628846 0.003209114 0.055632494 -0.014163041 0.998345733
1305031108.343278 0.124843888 -0.006860810 0.050694603 -0.001870210 0.054603908 -0.012410527 0.998429179
1305031108.375410 0.130852208 -0.006059997 0.053282309 -0.007036588 0.052525759 -0.007397618 0.998567343
1305031108.411361 0.142306656 -0.005334478 0.055562947 -0.011773003 0.047580689 -0.000606855 0.998797834
1305031108.443610 0.152621284 -0.004060198 0.057520851 -0.015856706 0.045844477 0.006289136 0.998802960
1305031108.475471 0.162218571 -0.008048123 0.059862457 -0.020471999 0.045244418 0.013219021 0.998678684
1305031108.511378 0.180462465 -0.011001015 0.061379477 -0.020733114 0.045004990 0.017490033 0.998618424
1305031108.543737 0.190558061 -0.012627617 0.063895673 -0.016972577 0.051879458 0.016653406 0.998370230
1305031108.575414 0.195999309 -0.007170553 0.062498834 -0.011863250 0.057994012 0.015020865 0.998133421
1305031108.611407 0.211310998 -0.005767073 0.063209817 -0.011586757 0.060919955 0.016440025 0.997940004
1305031108.643303 0.217296705 -0.002884146 0.062868223 -0.010800515 0.067425020 0.017752705 0.997507930
1305031108.675375 0.231746435 0.002312911 0.064754620 -0.012019133 0.070441902 0.021873822 0.997203648
1305031108.711411 0.236796260 0.000076390 0.066842407 -0.016930778 0.078873515 0.026118889 0.996398568
1305031108.743502 0.239568383 -0.002948379 0.067549825 -0.019671911 0.085344620 0.026551440 0.995803356
1305031108.775493 0.248814523 -0.000126468 0.067692861 -0.019629812 0.087557890 0.029225469 0.995537102
1305031108.811244 0.247786134 -0.002080268 0.069483921 -0.022137864 0.093029335 0.033084061 0.994867265
1305031108.843264 0.250855774 -0.003881317 0.067987330 -0.021573680 0.092559107 0.039562296 0.994686961
1305031108.876515 0.248789281 -0.005343276 0.067390725 -0.020250140 0.091146991 0.044674903 0.994628727
1305031108.911364 0.248863757 -0.009668937 0.066835985 -0.018869858 0.088022649 0.049631320 0.994702280
1305031108.943243 0.242869601 -0.012904005 0.065600909 -0.015249394 0.086750887 0.049334362 0.994890869
1305031108.975268 0.241953447 -0.006721119 0.060454797 -0.009059042 0.079715334 0.048574965 0.995592237
1305031109.011269 0.243319795 -0.006280639 0.059649140 -0.009580292 0.074830458 0.047286812 0.996028423
1305031109.043277 0.236544833 -0.007626176 0.058830384 -0.008959848 0.074859321 0.044738550 0.996149719
1305031109.075410 0.230286181 -0.001625532 0.056598186 -0.008453527 0.072321162 0.039537478 0.996561587
1305031109.111282 0.226146728 -0.002906463 0.055304617 -0.012579556 0.070042260 0.037100095 0.996774495
1305031109.143334 0.208938032 -0.007107553 0.057512075 -0.014915538 0.071195580 0.032826986 0.996810496
1305031109.175464 0.202607691 -0.001904199 0.054202914 -0.013110694 0.063415766 0.030166471 0.997444987
1305031109.211379 0.200284645 0.009376792 0.051414549 -0.013812160 0.055982120 0.034037091 0.997755826
1305031109.243290 0.190216944 0.007004634 0.052254349 -0.023298504 0.054030746 0.039754931 0.997475505
1305031109.275308 0.175017893 -0.003884564 0.053789310 -0.029405370 0.052411299 0.042313170 0.997295320
1305031109.311329 0.161354601 0.000453307 0.054052159 -0.025169047 0.044920206 0.043160014 0.997740388
1305031109.343248 0.152237743 0.005173127 0.052593082 -0.026293593 0.034686733 0.042294923 0.998156607
1305031109.375397 0.143976852 0.001779684 0.050611578 -0.030273898 0.025762163 0.041528929 0.998346210
1305031109.411329 0.133768573 0.003827371 0.050666463 -0.030006640 0.018928455 0.037735198 0.998657823
1305031109.443302 0.124061137 0.007448368 0.049089313 -0.032122020 0.013804417 0.032421201 0.998862624
1305031109.475363 0.114005424 0.004755527 0.048577148 -0.035824277 0.011842786 0.028872209 0.998870730
1305031109.511273 0.104915567 0.002267418 0.047581803 -0.036362406 0.009125918 0.024658568 0.998992741
1305031109.543294 0.094539776 0.003124897 0.044847447 -0.033360604 0.007942348 0.022431778 0.999160051
1305031109.575362 0.083801232 0.004741886 0.043016817 -0.032602124 0.007860044 0.022109510 0.999192953
1305031109.611310 0.072654143 0.006183555 0.041583627 -0.032211535 0.006736917 0.019841330 0.999261439
1305031109.643229 0.063424677 0.005194722 0.038997822 -0.033776224 0.005521948 0.019532934 0.999223292
1305031109.675263 0.050855502 0.006732006 0.037225913 -0.035738911 0.006185474 0.021414185 0.999112606
1305031109.711312 0.040128771 0.009573149 0.037363593 -0.037509821 0.003220718 0.020809256 0.999074399
1305031109.743274 0.031093080 0.009283437 0.037270281 -0.042505249 -0.000109724 0.020237859 0.998891294
1305031109.775277 0.023360316 0.008048823 0.038579568 -0.046111103 -0.002461236 0.020783458 0.998717070
1305031109.811371 0.010359824 0.011163881 0.038351413 -0.046891466 -0.002033953 0.019175287 0.998713851
1305031109.843296 -0.000617178 0.011558644 0.039218944 -0.050297506 -0.004104661 0.018316077 0.998557866
1305031109.875306 -0.013826875 0.011983220 0.039237488 -0.053917836 -0.006155153 0.016329890 0.998392880
1305031109.911265 -0.024045328 0.009862425 0.042892508 -0.055986442 -0.012070351 0.011511909 0.998292208
1305031109.943299 -0.032311190 0.016866447 0.044684485 -0.055204917 -0.015827592 0.007436344 0.998321891
1305031109.975258 -0.044646036 0.016048573 0.047135230 -0.059833549 -0.016867291 0.002215645 0.998063385
1305031110.011256 -0.054500215 0.017315306 0.050218370 -0.061796032 -0.019451724 -0.004581566 0.997888684
1305031110.043299 -0.062799759 0.017877584 0.053107210 -0.064202115 -0.021092705 -0.011468104 0.997648060
1305031110.075319 -0.073036589 0.020031782 0.054831922 -0.065706238 -0.021271652 -0.016523885 0.997475386
1305031110.111325 -0.085013196 0.021664117 0.056643620 -0.069541618 -0.021773694 -0.021801062 0.997103095
1305031110.143432 -0.094739936 0.016747784 0.058567930 -0.072795823 -0.025220754 -0.025469488 0.996702552
1305031110.175641 -0.103162102 0.022962544 0.059049487 -0.072058819 -0.028628316 -0.026760284 0.996630251
1305031110.211637 -0.111047752 0.020721763 0.061594862 -0.076816879 -0.032148771 -0.028558156 0.996117473
1305031110.243323 -0.119851835 0.017871756 0.062393796 -0.078310348 -0.036148310 -0.028149275 0.995875716
1305031110.279321 -0.126181230 0.017704748 0.063903756 -0.076674007 -0.040538788 -0.029021274 0.995808959
1305031110.311404 -0.135666654 0.018783139 0.063128278 -0.073698528 -0.043179445 -0.030803839 0.995869040
1305031110.343355 -0.144383579 0.021656858 0.063367322 -0.071813293 -0.047723740 -0.031739138 0.995769978
1305031110.379281 -0.156192601 0.019589137 0.058453854 -0.071954839 -0.051520430 -0.036020473 0.995424867
1305031110.411469 -0.165526539 0.024465978 0.056555614 -0.070159510 -0.057339739 -0.038967095 0.995123804
1305031110.443260 -0.173748255 0.026765153 0.056558564 -0.073947333 -0.063157097 -0.042198736 0.994365275
1305031110.479331 -0.183909491 0.025787022 0.059334554 -0.076983146 -0.069632217 -0.048143055 0.993432045
1305031110.511429 -0.192730561 0.026346810 0.059075683 -0.077351235 -0.076819137 -0.052079268 0.992674887
1305031110.543408 -0.199804395 0.031669308 0.058898322 -0.077120915 -0.083551221 -0.055181999 0.991981089
1305031110.579426 -0.214521751 0.034781896 0.057501022 -0.081104763 -0.086231329 -0.059321892 0.991194785
1305031110.611307 -0.220044419 0.029933402 0.060009196 -0.087244183 -0.090660341 -0.063080505 0.990045428
1305031110.643418 -0.215440571 0.030769847 0.066227995 -0.084683910 -0.098270305 -0.066968411 0.989286005
1305031110.679606 -0.231443733 0.035222761 0.058580890 -0.083747782 -0.095452316 -0.068271980 0.989552498
1305031110.711412 -0.235931039 0.032868046 0.059869271 -0.088328868 -0.097556002 -0.069478124 0.988864839
1305031110.743249 -0.241683483 0.033673979 0.060816210 -0.088235907 -0.098442376 -0.071603194 0.988633633
1305031110.779193 -0.243056819 0.034913208 0.060334444 -0.087834805 -0.100742139 -0.072184615 0.988395393
1305031110.811386 -0.245238885 0.034931790 0.059657045 -0.088616304 -0.101029985 -0.073810600 0.988176167
1305031110.843218 -0.248217583 0.035224751 0.060207222 -0.090116039 -0.102471881 -0.075719535 0.987747550
1305031110.879313 -0.245843142 0.034731932 0.060992297 -0.090226091 -0.105883047 -0.075737819 0.987376213
1305031110.911333 -0.245888352 0.035852820 0.061038245 -0.090572201 -0.106767260 -0.076053917 0.987224996
1305031110.943862 -0.241777703 0.035964176 0.061839730 -0.090384215 -0.109964743 -0.077038288 0.986814857
1305031110.979345 -0.232239187 0.037703358 0.062169217 -0.089801542 -0.111792028 -0.076747693 0.986685395
1305031111.011431 -0.223953292 0.034121834 0.063235298 -0.092941828 -0.109068215 -0.075614572 0.986786902
1305031111.043327 -0.220934600 0.035320796 0.063822925 -0.091416612 -0.102556467 -0.073382623 0.987795591
1305031111.079283 -0.217367381 0.039764803 0.063790292 -0.091329411 -0.098729298 -0.071262546 0.988348663
1305031111.111508 -0.209778666 0.034386288 0.065281540 -0.095045291 -0.097392805 -0.068050548 0.988357306
1305031111.143257 -0.203320056 0.032710493 0.066175640 -0.093729824 -0.094760805 -0.067234486 0.988794565
1305031111.179326 -0.182234854 0.031104498 0.068752751 -0.091592439 -0.097279169 -0.067040518 0.988763452
1305031111.211433 -0.174788833 0.033304390 0.067838907 -0.088877916 -0.088746175 -0.063005410 0.990078330
1305031111.243236 -0.174687028 0.029950237 0.067278296 -0.089574821 -0.082459673 -0.063557342 0.990523696
1305031111.279308 -0.160014540 0.026172139 0.070308492 -0.086620927 -0.084027298 -0.061491046 0.990785062
1305031111.311547 -0.163659230 0.032037348 0.064326078 -0.080919653 -0.073213890 -0.056982193 0.992393494
1305031111.343397 -0.160118788 0.033417568 0.064221948 -0.083900653 -0.074207462 -0.056945685 0.992074132
1305031111.379134 -0.144564807 0.024280382 0.069139212 -0.086856872 -0.079730794 -0.052557368 0.991633296
1305031111.411296 -0.134780258 0.026839048 0.065497756 -0.080725402 -0.080736950 -0.053750288 0.992006004
1305031111.443386 -0.117740855 0.027784798 0.071271852 -0.080328047 -0.089809231 -0.057831079 0.991028428
1305031111.479259 -0.091672458 0.024772756 0.079507314 -0.077783048 -0.091140948 -0.055977359 0.991216242
1305031111.511264 -0.087219782 0.023412006 0.074187629 -0.074055761 -0.077166371 -0.055832922 0.992695212
1305031111.543250 -0.077774383 0.020436220 0.077691987 -0.071059324 -0.071444176 -0.055141650 0.993380964
1305031111.579237 -0.066091910 0.024445530 0.076398939 -0.065697752 -0.062493932 -0.048001114 0.994723201
1305031111.611271 -0.065085493 0.021265130 0.070666797 -0.068169102 -0.053817119 -0.041438516 0.995359004
1305031111.643395 -0.047615938 0.015920434 0.079046242 -0.066438995 -0.058766838 -0.034034867 0.995476723
1305031111.679320 -0.032262567 0.021444049 0.077161439 -0.059080709 -0.053013280 -0.025821377 0.996510088
1305031111.711760 -0.020763511 0.020346303 0.079201296 -0.059217099 -0.045645691 -0.023989864 0.996912360
1305031111.743386 -0.000214261 0.016791727 0.084168755 -0.056452591 -0.039379280 -0.020088959 0.997426093
1305031111.779423 0.010836104 0.021213967 0.083213001 -0.051310208 -0.021559814 -0.015003990 0.998337269
1305031111.811406 0.015098795 0.015164028 0.079744741 -0.051112995 -0.004793457 -0.015708353 0.998557806
1305031111.843299 0.024430037 0.014625531 0.074472331 -0.048066530 0.005440676 -0.013215941 0.998741865
1305031111.879442 0.030369572 0.013661438 0.070273519 -0.049291860 0.013906821 -0.008410341 0.998652220
1305031111.911354 0.034524761 0.011006128 0.074073717 -0.049155939 0.015164476 -0.003087792 0.998671234
1305031111.943300 0.048090540 0.010892293 0.073419087 -0.047461469 0.009768582 0.005971424 0.998807430
1305031111.979449 0.067468479 0.010808470 0.075190485 -0.046671443 0.007374391 0.013127638 0.998796821
1305031112.011433 0.077918351 0.008709323 0.074305877 -0.045305874 0.015072467 0.012345200 0.998783171
1305031112.043270 0.090953939 0.008928712 0.074994102 -0.041566391 0.021719214 0.010544659 0.998843968
1305031112.079339 0.105308443 0.006641703 0.073201790 -0.040801309 0.031161873 0.011225420 0.998618126
1305031112.111423 0.107424527 0.011171125 0.073826879 -0.035419460 0.042157326 0.005372702 0.998468518
1305031112.144342 0.122542277 0.010758968 0.071719028 -0.035548784 0.044933390 -0.000525159 0.998357177
1305031112.179390 0.135755479 0.009762947 0.071202017 -0.038356390 0.056198675 -0.002942513 0.997678220
1305031112.211254 0.141445100 0.003125305 0.074498966 -0.040543158 0.067069605 -0.009693655 0.996877134
1305031112.243369 0.152918234 -0.000818937 0.074301973 -0.035840411 0.075435311 -0.013848165 0.996410191
1305031112.279353 0.158621132 0.000985459 0.075675398 -0.029364714 0.082351081 -0.016928388 0.996026814
1305031112.311312 0.165959686 -0.003666172 0.076266572 -0.025082562 0.084552020 -0.019035581 0.995921433
1305031112.343323 0.176036462 -0.001813421 0.075328939 -0.017299507 0.084004954 -0.016390245 0.996180356
1305031112.379360 0.184396669 -0.000522195 0.075091541 -0.012451009 0.082365640 -0.012142710 0.996450424
1305031112.411442 0.194541216 0.000551537 0.074497521 -0.009665383 0.079321541 -0.007985963 0.996770263
1305031112.443391 0.205608353 -0.001832284 0.074235260 -0.008041346 0.077202365 -0.001333686 0.996982157
1305031112.479418 0.211405545 -0.000888480 0.074325904 -0.004605518 0.077007040 0.007270579 0.996993423
1305031112.511504 0.216707453 -0.002602205 0.074494243 -0.003240834 0.074281029 0.014518440 0.997126400
1305031112.543212 0.225801706 -0.003161767 0.074111857 -0.000749164 0.070223004 0.019087290 0.997348428
1305031112.579252 0.231793433 -0.002694547 0.073175400 0.001372152 0.067363672 0.024644868 0.997423112
1305031112.611261 0.248507112 0.003449429 0.071063429 0.003957020 0.063041568 0.032587964 0.997470856
1305031112.643246 0.254794657 0.003084837 0.071501434 0.000727655 0.069023840 0.039042186 0.996850491
1305031112.679952 0.254920423 0.001695302 0.073225617 -0.001913741 0.076537691 0.041584436 0.996197283
1305031112.711251 0.261780828 0.004514640 0.071543545 -0.002734301 0.078627475 0.043914307 0.995932639
1305031112.743245 0.262422979 0.011886629 0.072859243 -0.005174831 0.082594216 0.046650305 0.995477378
1305031112.779310 0.260947168 0.007757112 0.074862778 -0.014123113 0.087180555 0.049672816 0.994853139
1305031112.811310 0.249386668 0.003158490 0.077863142 -0.017771503 0.091241337 0.046768826 0.994571209
1305031112.843286 0.247361898 0.010400513 0.078499503 -0.017231306 0.085608147 0.045271952 0.995150626
1305031112.879421 0.247572809 0.010554458 0.078436270 -0.020903293 0.081682958 0.047682751 0.995297611
1305031112.911411 0.240281910 0.010043437 0.079875380 -0.023788458 0.080134861 0.049269341 0.995281398
1305031112.943321 0.232106000 0.007461241 0.081093982 -0.026585987 0.076350264 0.048018567 0.995569170
1305031112.979278 0.230088606 0.008325307 0.079900019 -0.026689585 0.069499880 0.046013124 0.996162713
1305031113.011353 0.225856408 0.011129507 0.077497840 -0.027395878 0.065993972 0.046102993 0.996377826
1305031113.043231 0.219698519 0.010134413 0.077590793 -0.031979799 0.064402714 0.043882091 0.996445656
1305031113.079251 0.209747851 0.002188338 0.077491611 -0.035212379 0.062749907 0.038478889 0.996665359
1305031113.111316 0.200828657 0.006159536 0.074200347 -0.031048996 0.058014695 0.033862326 0.997258067
1305031113.143306 0.195814043 0.011613454 0.071445011 -0.031322867 0.053908683 0.032727268 0.997517765
1305031113.179343 0.184110656 0.005654204 0.071862489 -0.036101270 0.053675789 0.034008428 0.997325957
1305031113.211259 0.169214115 0.005325661 0.071515493 -0.034230087 0.050744485 0.035169937 0.997505069
1305031113.243227 0.158727109 0.008142056 0.068525977 -0.035286065 0.043936599 0.035412624 0.997782707
1305031113.279312 0.149271131 0.001491102 0.069770582 -0.039824996 0.038525160 0.037510812 0.997758806
1305031113.311452 0.137233019 -0.002876883 0.069546804 -0.036185872 0.032089721 0.040974826 0.997988880
1305031113.343252 0.120106064 0.003042001 0.066231050 -0.028611187 0.024398198 0.039517473 0.998511195
1305031113.379312 0.107208632 0.003587606 0.065899506 -0.031755779 0.016066542 0.036660410 0.998693883
1305031113.411625 0.096395306 -0.003110569 0.065610535 -0.033614583 0.008953628 0.037933998 0.998674572
1305031113.443266 0.080841482 0.003936906 0.065617315 -0.028338408 0.003823098 0.031216405 0.999103546
1305031113.479311 0.065309115 0.002721615 0.064023100 -0.032879904 -0.001739410 0.026190341 0.999114573
1305031113.511523 0.053591672 -0.002144081 0.063590281 -0.038784701 -0.007589005 0.024131153 0.998927355
1305031113.543242 0.038846817 -0.005473784 0.060329828 -0.041624144 -0.011848444 0.021051137 0.998841286
1305031113.579301 0.026411088 0.000625767 0.064381689 -0.038592640 -0.016644189 0.015798114 0.998991489
1305031113.611268 0.017602259 -0.000478071 0.064371318 -0.042005677 -0.020578247 0.011451689 0.998839796
1305031113.643222 0.008112160 -0.000852834 0.065186411 -0.044734519 -0.021373747 0.007701810 0.998740554
1305031113.679288 -0.004521445 -0.001414616 0.064894505 -0.045813851 -0.019833619 0.003986908 0.998745143
1305031113.711931 -0.013258438 -0.002060339 0.066083513 -0.046170380 -0.020202512 -0.000714637 0.998729050
1305031113.743590 -0.023166452 -0.000537204 0.066700377 -0.044799976 -0.017844008 -0.005901077 0.998819172
1305031113.779320 -0.035799950 -0.002168761 0.066824883 -0.044273265 -0.014354535 -0.010523154 0.998860896
1305031113.811237 -0.045584496 -0.000705940 0.067075461 -0.042789467 -0.013579345 -0.012251021 0.998916745
1305031113.843295 -0.056721639 0.001703153 0.067116626 -0.042618632 -0.010847936 -0.015688134 0.998909354
1305031113.879281 -0.069352955 -0.003680950 0.068798579 -0.043101564 -0.009539695 -0.021088989 0.998802543
1305031113.911290 -0.077263072 0.000995256 0.068946421 -0.038261689 -0.011706811 -0.021316044 0.998971820
1305031113.943291 -0.086042188 0.000176828 0.070629507 -0.036165681 -0.010169878 -0.023755243 0.999011636
1305031113.979293 -0.098495178 0.001069204 0.070887484 -0.032572482 -0.007502202 -0.029019738 0.999019802
1305031114.011257 -0.111366726 0.002612827 0.069489859 -0.028894087 -0.005636161 -0.034217946 0.998980761
1305031114.043301 -0.125574350 0.001376339 0.068115540 -0.028343728 -0.007050199 -0.036048934 0.998923123
1305031114.079285 -0.136876509 0.000832382 0.068468280 -0.026212350 -0.012316040 -0.036497008 0.998914003
1305031114.111263 -0.147226974 0.005080216 0.068947159 -0.022401541 -0.017770458 -0.040284488 0.998779058
1305031114.143284 -0.155255392 0.004876223 0.071164645 -0.022674827 -0.023746770 -0.043233354 0.998525321
1305031114.179337 -0.162208185 0.001831406 0.072809272 -0.021258725 -0.027060824 -0.045537442 0.998369753
1305031114.211303 -0.173181310 0.010735760 0.072144754 -0.016250012 -0.026728263 -0.048099879 0.998352587
1305031114.243337 -0.186555728 0.009390540 0.073958434 -0.019283315 -0.028149839 -0.051876765 0.998070419
1305031114.279390 -0.199271217 0.009739439 0.074358985 -0.019045979 -0.033219747 -0.054182358 0.997796595
1305031114.311429 -0.206387877 0.012528886 0.076556280 -0.019347319 -0.042360920 -0.053897291 0.997459948
1305031114.343331 -0.210970551 0.011989377 0.079058260 -0.020594522 -0.049592342 -0.056583177 0.996952772
1305031114.379320 -0.218145102 0.010935953 0.080031730 -0.020878034 -0.051824983 -0.061025783 0.996571183
1305031114.411397 -0.228487566 0.011505601 0.080179572 -0.019701397 -0.052766781 -0.065662391 0.996250987
1305031114.443345 -0.247631371 0.013315165 0.080768108 -0.019466067 -0.052048065 -0.067665324 0.996159375
1305031114.479332 -0.257010162 0.012668965 0.081935108 -0.020041641 -0.058636602 -0.069042191 0.995687306
1305031114.511266 -0.260420263 0.015464094 0.082817927 -0.019608282 -0.067905776 -0.070759267 0.994986117
1305031114.543236 -0.262373298 0.011866654 0.083059222 -0.024102032 -0.073222883 -0.069975972 0.994565666
1305031114.579237 -0.266211659 0.010717260 0.084456012 -0.025711674 -0.074140474 -0.066418469 0.994701326
1305031114.611391 -0.270653903 0.013694257 0.084537201 -0.026916502 -0.074617833 -0.064074859 0.994787455
1305031114.644136 -0.277787000 0.013428292 0.085917220 -0.031702701 -0.075694107 -0.063618228 0.994594455
1305031114.679251 -0.281479299 0.010682966 0.086848080 -0.035426244 -0.081970677 -0.064535633 0.993911922
1305031114.711306 -0.282578886 0.008758218 0.088190243 -0.036628712 -0.086951546 -0.063717343 0.993497789
1305031114.743200 -0.282405615 0.006508023 0.088060714 -0.036572773 -0.090879805 -0.066922642 0.992937386
1305031114.779289 -0.280489713 0.007219166 0.086447984 -0.034077112 -0.093335621 -0.069883056 0.992594361
1305031114.811303 -0.279708773 0.010218426 0.085744098 -0.032955121 -0.093146607 -0.070893161 0.992578387
1305031114.843208 -0.278237432 0.010010718 0.086084388 -0.033086214 -0.094183378 -0.073360324 0.992296875
1305031114.879281 -0.274457514 0.011924681 0.084958479 -0.033007506 -0.095082723 -0.072764762 0.992257595
1305031114.912879 -0.272195429 0.014425278 0.084679380 -0.033189815 -0.095087752 -0.073244505 0.992215693
1305031114.943234 -0.262944579 0.016214140 0.085576639 -0.035168532 -0.097385965 -0.074077271 0.991862774
1305031114.979280 -0.258095026 0.018370777 0.085992046 -0.036621597 -0.095129155 -0.074815467 0.991973758
1305031115.011300 -0.251378655 0.023267347 0.087644622 -0.039012171 -0.094598442 -0.076096542 0.991835952
1305031115.043508 -0.241438046 0.019678526 0.090810850 -0.044167668 -0.094096303 -0.076045141 0.991671443
1305031115.079238 -0.232109651 0.023372350 0.091779485 -0.044081572 -0.091950968 -0.075998388 0.991880059
1305031115.111230 -0.216833815 0.022253506 0.095434353 -0.047897771 -0.090851545 -0.073834151 0.991967916
1305031115.143275 -0.208133698 0.020029174 0.097298712 -0.050128557 -0.082261302 -0.071492516 0.992778420
1305031115.179440 -0.204698488 0.022310659 0.097466290 -0.050702062 -0.076443255 -0.070675291 0.993272722
1305031115.211374 -0.189757243 0.016499449 0.103526495 -0.053329542 -0.077166297 -0.067482613 0.993301272
1305031115.243297 -0.178822517 0.013483488 0.105276689 -0.049825083 -0.072326846 -0.063949257 0.994080901
1305031115.279966 -0.167375088 0.019549556 0.106702909 -0.046319053 -0.070235580 -0.059167195 0.994696319
1305031115.311704 -0.147780105 0.012336225 0.114083007 -0.049171712 -0.069658831 -0.052618615 0.994967878
1305031115.343235 -0.135650352 0.017738340 0.114499792 -0.042790946 -0.060705114 -0.048939086 0.996036530
1305031115.379166 -0.132964581 0.023935243 0.111981027 -0.044839278 -0.053534009 -0.045517605 0.996519804
1305031115.411237 -0.120205343 0.019201405 0.115973622 -0.053217065 -0.061037760 -0.042126488 0.995825112
1305031115.443159 -0.100532889 0.019979006 0.121779859 -0.056070816 -0.066584222 -0.035981100 0.995554090
1305031115.479241 -0.089622483 0.021337599 0.122709855 -0.059731182 -0.065569118 -0.030266149 0.995598793
1305031115.511253 -0.070588060 0.018494071 0.130923584 -0.063643672 -0.067786686 -0.024724239 0.995360792
1305031115.543604 -0.051737618 0.017656494 0.134477541 -0.063343681 -0.057526212 -0.018208545 0.996166050
1305031115.579315 -0.043924477 0.017434485 0.131994635 -0.062547699 -0.043047629 -0.012556028 0.997034073
1305031115.611424 -0.026882734 0.015925754 0.132070720 -0.062090810 -0.038590875 -0.007940778 0.997292578
1305031115.643254 -0.012444975 0.014029509 0.132173821 -0.061271675 -0.032836843 -0.000073893 0.997580826
1305031115.679241 -0.004760852 0.010456798 0.125088543 -0.061390705 -0.027043829 0.010670562 0.997690320
1305031115.711320 0.012021433 0.013885044 0.128048077 -0.059379455 -0.029637303 0.019845404 0.997598052
1305031115.743250 0.030527046 0.013143990 0.130657971 -0.059551459 -0.025277125 0.026602829 0.997550488
1305031115.779425 0.043168083 0.012742305 0.128964454 -0.057763271 -0.016046887 0.033832900 0.997627795
1305031115.811277 0.057569671 0.012680516 0.125547305 -0.058126833 -0.007842171 0.041817989 0.997402132
1305031115.843224 0.069527112 0.012569387 0.126994580 -0.060618438 0.001583803 0.049511131 0.996931076
1305031115.879198 0.075396895 0.009788821 0.125632539 -0.060325712 0.010119722 0.056920443 0.996503115
1305031115.911118 0.091087848 0.012392635 0.125603691 -0.057480909 0.010857188 0.062222246 0.996346533
1305031115.943311 0.103036903 0.014135878 0.125498012 -0.057838220 0.016900776 0.068819255 0.995807707
1305031115.980740 0.113874890 0.015530404 0.126656756 -0.059227061 0.022148289 0.074605413 0.995206356
1305031116.011379 0.129901022 0.018570933 0.128261238 -0.060662024 0.028274480 0.078425109 0.994670868
1305031116.043164 0.140707985 0.020054381 0.131434381 -0.063547105 0.039944068 0.080017596 0.993963480
1305031116.080030 0.147639960 0.024163963 0.131341323 -0.066707768 0.050870154 0.083524086 0.992968321
1305031116.111300 0.155146599 0.023812434 0.135005444 -0.073817298 0.061509959 0.086623468 0.991596639
1305031116.143441 0.161604986 0.022956822 0.137271181 -0.078293443 0.070179328 0.089332677 0.990436614
1305031116.179572 0.172682345 0.025402220 0.139051139 -0.079885282 0.074732840 0.092451639 0.989689887
1305031116.211299 0.180020824 0.024140585 0.140162200 -0.085215934 0.080504142 0.095290214 0.988522708
1305031116.243320 0.190673649 0.021251086 0.142729878 -0.089209579 0.085248403 0.098515496 0.987455845
1305031116.279385 0.197856113 0.023833428 0.143024713 -0.088083342 0.094820805 0.101435758 0.986387908
1305031116.311336 0.204656780 0.026092041 0.142205268 -0.089845896 0.102608874 0.105472922 0.985025167
1305031116.343292 0.208556324 0.021933455 0.144160658 -0.092354640 0.109527774 0.108779751 0.983687580
1305031116.379384 0.212964132 0.019291125 0.141753390 -0.088179812 0.112161964 0.109235510 0.983723342
1305031116.411333 0.212060541 0.025035277 0.139649585 -0.081430778 0.115641020 0.112465456 0.983538389
1305031116.443369 0.213299870 0.027288690 0.137183100 -0.082717337 0.117145024 0.121781789 0.982142627
1305031116.479850 0.213752151 0.021850038 0.136251971 -0.085559972 0.118383355 0.125773326 0.981247127
1305031116.511205 0.209782302 0.022276502 0.134770125 -0.083038226 0.118597060 0.121885158 0.981928408
1305031116.543262 0.204842329 0.023197308 0.132325947 -0.079924606 0.119020082 0.117549449 0.982663929
1305031116.579313 0.195459485 0.024135046 0.131063834 -0.079686262 0.118566275 0.114270449 0.983124852
1305031116.611261 0.182427704 0.016012218 0.131151155 -0.083347388 0.116691224 0.107721835 0.983784735
1305031116.643355 0.174438551 0.017335631 0.127995282 -0.080808327 0.107677720 0.098527901 0.985985696
1305031116.679281 0.166741490 0.019561186 0.128299028 -0.079229496 0.099512517 0.089922823 0.987792373
1305031116.711634 0.158134967 0.019405559 0.124943495 -0.078612648 0.093877964 0.081005797 0.989163816
1305031116.743291 0.142214537 0.024877425 0.124621689 -0.076586597 0.091873281 0.069909930 0.990356684
1305031116.779298 0.128354579 0.025109483 0.124212310 -0.078808948 0.088510901 0.058799673 0.991210163
1305031116.811318 0.113875307 0.024408987 0.123698331 -0.078350209 0.085935742 0.050815959 0.991914332
1305031116.846089 0.096451029 0.027396647 0.122889474 -0.074728906 0.079431929 0.042939607 0.993107438
1305031116.880165 0.086520456 0.028302863 0.121404037 -0.075713627 0.067581408 0.036326218 0.994173348
1305031116.912044 0.073341414 0.027169105 0.121416979 -0.075717308 0.056863543 0.032346610 0.994980991
1305031116.943296 0.061706118 0.028300185 0.119890437 -0.076271914 0.041684929 0.025038438 0.995900631
1305031116.979351 0.042442299 0.028849978 0.116790749 -0.075292267 0.033663608 0.015123798 0.996478319
1305031117.011382 0.027694168 0.032122627 0.117209785 -0.072335534 0.022875937 0.005969600 0.997100115
1305031117.043261 0.014667325 0.035627965 0.112120934 -0.071676508 0.013276923 0.001007721 0.997339070
1305031117.079520 0.003647918 0.036293302 0.109205015 -0.073982619 0.003734249 -0.005173753 0.997239113
1305031117.111238 -0.007399412 0.034634590 0.104024641 -0.077462554 -0.006339163 -0.006873364 0.996951401
1305031117.143218 -0.016584640 0.037461363 0.102412730 -0.079290047 -0.016178463 -0.006730434 0.996697545
1305031117.179264 -0.024020430 0.040294424 0.103938632 -0.081261516 -0.025322806 -0.011882136 0.996300220
1305031117.211361 -0.026737422 0.043288350 0.108846173 -0.081660077 -0.033838332 -0.015509954 0.995964885
1305031117.243277 -0.027389823 0.046802141 0.109619357 -0.083854578 -0.037503272 -0.017217064 0.995623171
1305031117.279299 -0.028420266 0.044850819 0.111011468 -0.089368664 -0.037436195 -0.021808200 0.995055854
1305031117.311200 -0.031127930 0.042756811 0.112328798 -0.093445048 -0.035440087 -0.023512920 0.994715631
1305031117.343243 -0.033019640 0.039927125 0.113281026 -0.095626518 -0.035560686 -0.024306230 0.994484901
1305031117.379454 -0.033644758 0.036250763 0.113070741 -0.095754690 -0.035725899 -0.024552464 0.994460583
1305031117.411221 -0.036434010 0.031934246 0.113320537 -0.095072098 -0.036305659 -0.023814827 0.994523048
1305031117.443274 -0.035469264 0.029713957 0.113073178 -0.092049010 -0.038560785 -0.022585191 0.994751215
1305031117.479403 -0.036236040 0.024606157 0.113079265 -0.091062121 -0.039234493 -0.021033127 0.994849741
1305031117.511325 -0.036085792 0.018227648 0.114013463 -0.088795096 -0.041144002 -0.019356927 0.995011508
1305031117.544285 -0.037238803 0.014422111 0.112667352 -0.083941445 -0.041444652 -0.018781008 0.995431304
1305031117.579155 -0.039139818 0.010188934 0.112937808 -0.080929391 -0.042393018 -0.020583471 0.995605111
1305031117.611159 -0.039519258 0.004790608 0.114519611 -0.080228962 -0.044175293 -0.019860119 0.995599031
1305031117.643252 -0.040380970 -0.001508648 0.116423018 -0.078884445 -0.046098400 -0.018660452 0.995642483
1305031117.679262 -0.041242994 -0.006020991 0.118083887 -0.078538947 -0.048613712 -0.018214390 0.995558441
1305031117.711184 -0.040527783 -0.013632691 0.121751927 -0.079757690 -0.051698059 -0.015935777 0.995345235
1305031117.743184 -0.040436219 -0.022398159 0.125364885 -0.080835685 -0.054097123 -0.012282108 0.995182574
1305031117.779467 -0.040206648 -0.026935996 0.127500251 -0.079893470 -0.056762360 -0.010402733 0.995131612
1305031117.811320 -0.039266109 -0.037086930 0.132025898 -0.082353570 -0.059316713 -0.008317111 0.994801641
1305031117.843291 -0.035563104 -0.045641422 0.136121809 -0.080951519 -0.060794823 -0.007489297 0.994834006
1305031117.879451 -0.036279410 -0.052055616 0.137984663 -0.079630852 -0.057334118 -0.007822806 0.995143473
1305031117.911407 -0.037759028 -0.060734425 0.142674044 -0.079659887 -0.055286448 -0.007955474 0.995255947
1305031117.943253 -0.038570650 -0.065437704 0.145419985 -0.077546723 -0.053049941 -0.008501976 0.995540023
1305031117.979228 -0.040785670 -0.071636282 0.149055466 -0.079161227 -0.050685819 -0.008858925 0.995532990
1305031118.011228 -0.040470313 -0.083027765 0.155236751 -0.082677349 -0.050921250 -0.009236192 0.995231748
1305031118.043521 -0.040408328 -0.089321755 0.159302235 -0.081311613 -0.049804460 -0.008829465 0.995404422
1305031118.079334 -0.038925145 -0.095837504 0.163900837 -0.081260324 -0.049490854 -0.010100547 0.995412171
1305031118.111217 -0.036786206 -0.104846075 0.169123024 -0.081450388 -0.046341419 -0.011222798 0.995536208
1305031118.143256 -0.039980751 -0.110954657 0.170539141 -0.079556279 -0.040349245 -0.013124244 0.995926917
1305031118.179323 -0.040216945 -0.123774640 0.176310837 -0.081427224 -0.037882201 -0.014893338 0.995847762
1305031118.211202 -0.044032015 -0.132776529 0.178552225 -0.079006813 -0.034040496 -0.013960487 0.996194899
1305031118.243173 -0.045374427 -0.139993355 0.180880994 -0.076124817 -0.034702864 -0.014342722 0.996390998
1305031118.279194 -0.043917611 -0.149185732 0.185706332 -0.073312886 -0.035816859 -0.014476960 0.996560454
1305031118.311299 -0.044921488 -0.153400883 0.187322900 -0.065952249 -0.035744730 -0.014815686 0.997072279
1305031118.343324 -0.042045489 -0.157442123 0.190858051 -0.061116155 -0.036030564 -0.015290438 0.997362912
1305031118.379208 -0.045763794 -0.163093820 0.192112803 -0.057113711 -0.032952048 -0.016872438 0.997681081
1305031118.411296 -0.046309654 -0.164147452 0.193081781 -0.053408202 -0.034631237 -0.016532101 0.997835159
1305031118.445692 -0.044334456 -0.165227711 0.195949674 -0.052536227 -0.035631921 -0.013562974 0.997890949
1305031118.479285 -0.044676028 -0.169285566 0.197593942 -0.052976377 -0.035937291 -0.011475574 0.997882962
1305031118.511255 -0.042203963 -0.166731521 0.198189393 -0.050088011 -0.037043560 -0.010100987 0.998006463
1305031118.544414 -0.041655723 -0.161109552 0.198040292 -0.049652271 -0.036377069 -0.010642839 0.998047173
1305031118.579285 -0.039699808 -0.159524038 0.199616745 -0.051687621 -0.036252487 -0.010588010 0.997948885
1305031118.616142 -0.038916104 -0.154149070 0.199422777 -0.050910830 -0.034416370 -0.013093414 0.998024106
1305031118.645325 -0.040759049 -0.146347001 0.196445137 -0.050450709 -0.031190261 -0.015671119 0.998116374
1305031118.679295 -0.041353904 -0.144477576 0.193268910 -0.055085972 -0.029597808 -0.017606528 0.997887552
1305031118.711421 -0.042896770 -0.142535657 0.192085415 -0.056871247 -0.029429520 -0.020917626 0.997728407
1305031118.746770 -0.045635156 -0.133793950 0.187293872 -0.053808112 -0.030674700 -0.020047948 0.997878671
1305031118.779277 -0.044333611 -0.118133992 0.182420671 -0.052988965 -0.034734603 -0.019920519 0.997792006
1305031118.811221 -0.041672595 -0.120444953 0.182465211 -0.060730208 -0.038035788 -0.021853967 0.997189820
1305031118.846753 -0.037948005 -0.112593733 0.179028183 -0.056487806 -0.039341372 -0.020325599 0.997420788
1305031118.879208 -0.038055573 -0.093197800 0.170812398 -0.051068611 -0.036567569 -0.022469796 0.997772455
1305031118.911177 -0.038998462 -0.089952357 0.167156965 -0.055271663 -0.035048913 -0.025322573 0.997534692
1305031118.946974 -0.038643453 -0.079296209 0.161595792 -0.053234693 -0.033807397 -0.027079051 0.997642159
1305031118.979374 -0.039806634 -0.067190289 0.155371994 -0.053008355 -0.032377224 -0.030709049 0.997596502
1305031119.011363 -0.041006595 -0.059341788 0.150589153 -0.056807756 -0.032229748 -0.032769375 0.997326553
1305031119.047172 -0.041928906 -0.052910626 0.146255061 -0.059265561 -0.032644071 -0.033132806 0.997158051
1305031119.079223 -0.045222659 -0.044293538 0.140406027 -0.059244335 -0.033576004 -0.033493850 0.997116268
1305031119.111328 -0.044813652 -0.034945354 0.134998694 -0.058845278 -0.037457712 -0.032939926 0.997020125
1305031119.147616 -0.046134043 -0.024940692 0.129474968 -0.058182649 -0.040239256 -0.031471591 0.996998072
1305031119.179226 -0.045163434 -0.020929381 0.126392931 -0.059615932 -0.045129608 -0.031552106 0.996701419
1305031119.211364 -0.043208681 -0.011917470 0.121176004 -0.056485008 -0.047721703 -0.029802984 0.996816874
1305031119.247399 -0.044508025 -0.003266492 0.116827235 -0.055343151 -0.048279185 -0.028883325 0.996881127
1305031119.279212 -0.043209590 0.004961167 0.112997591 -0.054793105 -0.049760010 -0.028715599 0.996843576
1305031119.311212 -0.043634772 0.012345392 0.109214611 -0.054720249 -0.049998600 -0.026213823 0.996904552
1305031119.347741 -0.044985779 0.018355068 0.106326252 -0.054186419 -0.051253475 -0.023909770 0.996927917
1305031119.379239 -0.044204395 0.029532626 0.102556907 -0.051938914 -0.053746212 -0.023389950 0.996928573
1305031119.411484 -0.041056596 0.035828084 0.100404553 -0.053264093 -0.054839239 -0.022590803 0.996817589
1305031119.447706 -0.040559277 0.042661287 0.097782314 -0.053962141 -0.052558597 -0.022119461 0.996913433
1305031119.479267 -0.041577786 0.052342575 0.094052158 -0.051552210 -0.050043184 -0.022938164 0.997151911
1305031119.511240 -0.044055831 0.060682207 0.090554371 -0.052634291 -0.047797572 -0.022509370 0.997215271
1305031119.547382 -0.043773256 0.069600873 0.088284865 -0.053499743 -0.048028175 -0.020703416 0.997197330
1305031119.579559 -0.043005601 0.081440449 0.085894175 -0.053789690 -0.047101554 -0.020702222 0.997225940
1305031119.615017 -0.043634925 0.086793780 0.084356956 -0.058501363 -0.045079742 -0.019925330 0.997069895
1305031119.647903 -0.045221131 0.099521160 0.081117004 -0.058898028 -0.043807656 -0.019502500 0.997111619
1305031119.679208 -0.043090951 0.109687477 0.080642529 -0.061937496 -0.042630967 -0.021359330 0.996940374
1305031119.715232 -0.044362031 0.116584696 0.079788223 -0.067742907 -0.037560642 -0.019300485 0.996808708
1305031119.747193 -0.047968194 0.121472657 0.077282712 -0.072345242 -0.034481280 -0.014359223 0.996680021
1305031119.779169 -0.047973856 0.129382670 0.077303015 -0.074807242 -0.036418259 -0.011563143 0.996465683
1305031119.814537 -0.047296081 0.137514681 0.075800702 -0.076162525 -0.037594121 -0.007838965 0.996355593
1305031119.847429 -0.046626095 0.145252571 0.074800692 -0.078253172 -0.036885336 -0.003580807 0.996244490
1305031119.879214 -0.046468843 0.149030536 0.073747829 -0.079620756 -0.035125386 -0.003603856 0.996199608
1305031119.911401 -0.047826827 0.160578325 0.071391426 -0.076865681 -0.032789193 -0.002706967 0.996498466
1305031119.947392 -0.047525384 0.165996805 0.070225984 -0.081222966 -0.031335093 -0.002472354 0.996200204
1305031119.979537 -0.047674540 0.173196152 0.069090456 -0.082141370 -0.028004469 -0.003944499 0.996219337
1305031120.015264 -0.049700275 0.183713794 0.066766307 -0.083382845 -0.023825744 -0.002612194 0.996229291
1305031120.047290 -0.051846527 0.176893011 0.066445664 -0.095525220 -0.022170212 -0.000799466 0.995179772
1305031120.079418 -0.053800251 0.180702820 0.065743566 -0.095701911 -0.023358777 0.001081696 0.995135307
1305031120.115232 -0.052650031 0.181522816 0.065237686 -0.097047023 -0.026495311 0.003288050 0.994921625
1305031120.148157 -0.051699255 0.180136368 0.066760391 -0.099637516 -0.027693991 0.003627785 0.994631708
1305031120.179246 -0.050572958 0.175836682 0.067703530 -0.099798143 -0.027722258 0.006707260 0.994598806
1305031120.215249 -0.049402304 0.170744523 0.068241797 -0.096583091 -0.028533995 0.006718828 0.994893134
1305031120.248003 -0.049063504 0.169209555 0.068916336 -0.091618195 -0.028650444 0.004473227 0.995371878
1305031120.279430 -0.048917569 0.163636774 0.069717638 -0.089115471 -0.027838783 0.002696187 0.995628536
1305031120.315196 -0.048734717 0.157088175 0.071421742 -0.087105550 -0.027540175 0.000370956 0.995818257
1305031120.347787 -0.048798796 0.148885623 0.073459536 -0.084954917 -0.026993304 -0.001468063 0.996017992
1305031120.379437 -0.047712777 0.139713898 0.076243676 -0.084831759 -0.027801678 -0.001810262 0.996005714
1305031120.415445 -0.045140803 0.126233995 0.081361324 -0.081708439 -0.029948618 -0.001195649 0.996205449
1305031120.447417 -0.046642721 0.123657316 0.082607083 -0.072499260 -0.029596185 -0.002071190 0.996927083
1305031120.479432 -0.045469757 0.111151509 0.087152928 -0.072353430 -0.030869471 -0.001487794 0.996900141
1305031120.514819 -0.046532329 0.101532280 0.091059573 -0.066414706 -0.032310724 0.000527312 0.997268677
1305031120.547736 -0.046820875 0.094968282 0.093779638 -0.059786621 -0.035170987 0.002267020 0.997588813
1305031120.579551 -0.047434896 0.089294165 0.096455887 -0.056188852 -0.038645145 0.005608391 0.997656226
1305031120.615236 -0.045734651 0.080001682 0.101604059 -0.054034155 -0.043838874 0.008294426 0.997541785
1305031120.647354 -0.044538591 0.073584624 0.105042428 -0.049005043 -0.047048476 0.008585404 0.997652829
1305031120.679318 -0.043638252 0.067820564 0.108163476 -0.046255007 -0.048666377 0.009161105 0.997701406
1305031120.714522 -0.043519460 0.060508884 0.111244403 -0.044555571 -0.049197026 0.009944926 0.997745216
1305031120.747369 -0.044132475 0.052534390 0.114255823 -0.044074178 -0.051158771 0.010327790 0.997664034
1305031120.779894 -0.041813284 0.043267470 0.118697010 -0.042754024 -0.054289386 0.010107866 0.997558296
1305031120.814944 -0.041793846 0.038467929 0.120821454 -0.039385714 -0.054421064 0.009797944 0.997692883
1305031120.847921 -0.041058201 0.030200399 0.124265723 -0.040881116 -0.055817418 0.007998199 0.997571647
1305031120.883435 -0.038515165 0.021086851 0.127427563 -0.039471574 -0.056530651 0.006491864 0.997599185
1305031120.915444 -0.039845109 0.017272659 0.128781751 -0.036954153 -0.054406591 0.004551383 0.997824430
1305031120.947488 -0.040535420 0.008879386 0.131405428 -0.037655666 -0.053920526 0.002223256 0.997832477
1305031120.983366 -0.041714035 0.000626262 0.133948073 -0.037712269 -0.053520963 -0.000118516 0.997854352
1305031121.015019 -0.041277651 -0.008180069 0.135640562 -0.036988392 -0.054356713 -0.001252615 0.997835457
1305031121.047498 -0.042779475 -0.011932542 0.137124300 -0.035140842 -0.053561784 -0.002444246 0.997943044
1305031121.083099 -0.043773968 -0.023113469 0.140051320 -0.035790507 -0.054645106 -0.003632499 0.997857571
1305031121.114696 -0.043112256 -0.028990056 0.140742958 -0.033016935 -0.056202948 -0.002954339 0.997868896
1305031121.147331 -0.043743052 -0.035827614 0.142407492 -0.031264212 -0.056703318 -0.003793688 0.997894228
1305031121.183271 -0.043654986 -0.043572918 0.144386068 -0.029883187 -0.058243304 -0.004258986 0.997845948
1305031121.211420 -0.041137382 -0.051585041 0.147352591 -0.027881401 -0.059060697 -0.004258705 0.997855842
1305031121.247194 -0.044423863 -0.056699660 0.147822782 -0.025416479 -0.056342892 -0.005103976 0.998074830
1305031121.282876 -0.044821553 -0.066568092 0.151145086 -0.026847681 -0.057822343 -0.003879218 0.997958243
1305031121.313568 -0.043869149 -0.075649299 0.153497502 -0.024804678 -0.058242943 -0.003456488 0.997988224
1305031121.347517 -0.046455719 -0.081899963 0.154010698 -0.022928679 -0.058331013 -0.002452686 0.998030901
1305031121.383226 -0.043228000 -0.092504986 0.158622742 -0.022854796 -0.061179347 -0.001378209 0.997864127
1305031121.414318 -0.043877244 -0.098025784 0.160416111 -0.017795147 -0.060046270 -0.002986272 0.998032510
1305031121.447319 -0.044359606 -0.104187064 0.162287936 -0.016734162 -0.059508201 -0.002178503 0.998085141
1305031121.482964 -0.042164803 -0.115020074 0.167530581 -0.016566504 -0.058534853 -0.000615821 0.998147666
1305031121.514107 -0.045793392 -0.118208252 0.165975168 -0.012201255 -0.055325288 -0.000159496 0.998393774
1305031121.547270 -0.045747072 -0.122432888 0.168304846 -0.012995439 -0.055316947 0.000391447 0.998384178
1305031121.583204 -0.045035347 -0.132731646 0.171847463 -0.015812729 -0.054343749 -0.000430040 0.998396993
1305031121.614700 -0.045052677 -0.138465896 0.173820600 -0.014483941 -0.052551914 -0.001711221 0.998511672
1305031121.647183 -0.043879695 -0.141942635 0.177355886 -0.013133450 -0.049091388 -0.003802312 0.998700678
1305031121.683200 -0.047330517 -0.148372248 0.178122610 -0.015760019 -0.044027053 -0.005549931 0.998890579
1305031121.714520 -0.049697924 -0.155306339 0.179347426 -0.016891774 -0.042535424 -0.004799485 0.998940647
1305031121.747145 -0.049501028 -0.158328652 0.181683689 -0.018272506 -0.042466260 -0.004215107 0.998921871
1305031121.782835 -0.048658114 -0.164660811 0.185108170 -0.020765765 -0.042568509 -0.001856636 0.998875976
1305031121.811540 -0.046386912 -0.166897386 0.187585220 -0.021659078 -0.042256907 0.000699054 0.998871744
1305031121.847335 -0.047636509 -0.169911027 0.187925011 -0.023757415 -0.039938826 0.003237388 0.998914421
1305031121.882060 -0.048248194 -0.171971187 0.188699186 -0.026174044 -0.039549313 0.009431393 0.998830199
1305031121.914931 -0.049623124 -0.172509089 0.188176110 -0.027967131 -0.040670987 0.011507754 0.998714805
1305031121.947288 -0.047155507 -0.172699988 0.190199614 -0.027959989 -0.043826550 0.011096167 0.998586178
1305031121.982926 -0.045571342 -0.168157846 0.190132976 -0.026984543 -0.044028603 0.010902042 0.998606265
1305031122.014256 -0.048529860 -0.166647196 0.187687084 -0.027696526 -0.042719848 0.008070352 0.998670459
1305031122.047306 -0.047401704 -0.161330551 0.186267793 -0.026026001 -0.044581011 0.005013883 0.998654127
1305031122.082959 -0.046089433 -0.156438306 0.184471816 -0.025181117 -0.045571577 0.001267813 0.998642862
1305031122.114672 -0.047874562 -0.147789091 0.180602193 -0.022900181 -0.044816390 -0.002678725 0.998729110
1305031122.150725 -0.046426758 -0.141389430 0.179228067 -0.023519201 -0.045792021 -0.007674479 0.998644590
1305031122.183042 -0.046265710 -0.132746577 0.175455943 -0.021160429 -0.044590794 -0.012976419 0.998696923
1305031122.214959 -0.047269668 -0.114065714 0.170763165 -0.020097841 -0.042632569 -0.017489191 0.998735547
1305031122.251319 -0.048736487 -0.112118252 0.168195739 -0.027508182 -0.041410230 -0.021775264 0.998526096
1305031122.283560 -0.050406657 -0.099711463 0.162546590 -0.026464224 -0.041522909 -0.023868507 0.998501778
1305031122.314289 -0.052280862 -0.083835565 0.159851089 -0.029607436 -0.043310903 -0.027968686 0.998231113
1305031122.351327 -0.051623698 -0.079203740 0.155192688 -0.037287831 -0.045800839 -0.030795129 0.997779310
1305031122.382630 -0.054617766 -0.069877043 0.150587603 -0.041444484 -0.046651244 -0.031526323 0.997553051
1305031122.414997 -0.056427266 -0.064539820 0.146902174 -0.045992218 -0.050232194 -0.032100391 0.997161508
1305031122.451257 -0.055984080 -0.055268567 0.141770467 -0.047445916 -0.055111408 -0.030666687 0.996880710
1305031122.483360 -0.056151628 -0.048358731 0.137344792 -0.050857320 -0.059882920 -0.030657895 0.996437490
1305031122.515097 -0.054688703 -0.039314602 0.133923873 -0.051492505 -0.064322256 -0.031683158 0.996096075
1305031122.551490 -0.050934166 -0.031320926 0.130623788 -0.053132929 -0.066870749 -0.032540418 0.995814383
1305031122.583208 -0.052162193 -0.021769796 0.127300784 -0.053549364 -0.064999148 -0.034218829 0.995859742
1305031122.614980 -0.055281609 -0.015907951 0.123527318 -0.054683108 -0.064021043 -0.033696052 0.995879292
1305031122.648788 -0.054941699 -0.007354139 0.118791908 -0.053026240 -0.065984920 -0.032784518 0.995871186
1305031122.683402 -0.055622295 0.001545326 0.115093544 -0.052101932 -0.066911288 -0.031424236 0.995902002
1305031122.715208 -0.057161056 0.009350040 0.111776032 -0.052035186 -0.069010019 -0.028643642 0.995846152
1305031122.751298 -0.055055350 0.021636959 0.108612046 -0.050164286 -0.072473548 -0.027552789 0.995726883
1305031122.783423 -0.054251626 0.033762734 0.104759656 -0.051728707 -0.072832383 -0.028250691 0.995601058
1305031122.812555 -0.052464563 0.039820105 0.104397960 -0.057131179 -0.072932459 -0.028704379 0.995285392
1305031122.851418 -0.048918776 0.048263527 0.104053587 -0.058131743 -0.070693076 -0.030736208 0.995328307
1305031122.883754 -0.050992187 0.056555927 0.100576594 -0.060700323 -0.063381247 -0.030229622 0.995682895
1305031122.914571 -0.053744275 0.060649455 0.099383220 -0.064922467 -0.059878897 -0.029192699 0.995664299
1305031122.951341 -0.055157490 0.066380985 0.096464708 -0.065803312 -0.058377929 -0.028492302 0.995715857
1305031122.982815 -0.056268990 0.075218678 0.093899861 -0.066404976 -0.058080457 -0.024704238 0.995794535
1305031123.015450 -0.055341277 0.079116307 0.092322074 -0.069533199 -0.059646048 -0.021777628 0.995556772
1305031123.051827 -0.054299802 0.083540335 0.090424545 -0.069435708 -0.059619583 -0.020466482 0.995592952
1305031123.082975 -0.054430649 0.093874849 0.087671824 -0.067277849 -0.058717020 -0.017798346 0.995845973
1305031123.113873 -0.055247311 0.103204556 0.085822433 -0.069029577 -0.057064597 -0.015678048 0.995857775
1305031123.150822 -0.055427615 0.109288789 0.084559165 -0.071875833 -0.056361280 -0.015300384 0.995702326
1305031123.182155 -0.053594507 0.119991317 0.083122641 -0.072304577 -0.055324875 -0.014964037 0.995734513
1305031123.214704 -0.052018616 0.128228664 0.082302257 -0.075973429 -0.051399685 -0.015397780 0.995665133
1305031123.250618 -0.052747190 0.140168697 0.080801278 -0.079083741 -0.047264684 -0.016268196 0.995613992
1305031123.282347 -0.051082898 0.148647055 0.080984950 -0.086593039 -0.045089267 -0.013724687 0.995128274
1305031123.311327 -0.049869709 0.155822590 0.081282347 -0.091493182 -0.041624941 -0.013027126 0.994850099
1305031123.350481 -0.049597833 0.161995903 0.080416948 -0.096382372 -0.037491161 -0.012241076 0.994562685
1305031123.382255 -0.047814284 0.169796512 0.079730660 -0.099810340 -0.033529580 -0.009025882 0.994400442
1305031123.411363 -0.048402771 0.172996655 0.079112902 -0.104266457 -0.028296711 -0.006926732 0.994122624
1305031123.451255 -0.049420781 0.180936098 0.077457860 -0.105200768 -0.025124390 -0.005507890 0.994118273
1305031123.483594 -0.047727928 0.187563583 0.076943681 -0.109008580 -0.024187865 -0.000959279 0.993746042
1305031123.511360 -0.048797492 0.192007124 0.075504750 -0.112545840 -0.021436607 0.001805422 0.993413627
1305031123.551513 -0.047703382 0.200532839 0.074709162 -0.112226672 -0.022202602 0.004468681 0.993424535
1305031123.579583 -0.045528188 0.204501972 0.074921660 -0.115348794 -0.022968493 0.007926148 0.993027866
1305031123.611335 -0.044558413 0.214076474 0.073512405 -0.113756366 -0.021713139 0.009095342 0.993229747
1305031123.652411 -0.041975163 0.219334841 0.073341161 -0.117726147 -0.020954700 0.008990758 0.992784262
1305031123.683753 -0.041738093 0.228148907 0.072450161 -0.118866473 -0.017013656 0.009930869 0.992714763
1305031123.711323 -0.040631089 0.232890442 0.072104789 -0.123061486 -0.013923777 0.011244855 0.992237628
1305031123.751723 -0.042571444 0.234037027 0.071638614 -0.127411619 -0.010551473 0.013396676 0.991703272
1305031123.783858 -0.044078007 0.233135730 0.069866538 -0.130974397 -0.009735710 0.014802896 0.991227388
1305031123.811608 -0.041127533 0.235838503 0.069334790 -0.130966932 -0.011845499 0.016228508 0.991183102
1305031123.851444 -0.040552590 0.234141961 0.068514049 -0.133427709 -0.012127215 0.018122140 0.990818620
1305031123.883786 -0.041160494 0.226870716 0.067702577 -0.137650341 -0.012844894 0.018963404 0.990216017
1305031123.911243 -0.039047431 0.228530943 0.068300664 -0.132347047 -0.015804920 0.018333329 0.990907848
1305031123.951442 -0.041469228 0.230779618 0.067980006 -0.129914820 -0.014703976 0.019680418 0.991220772
1305031123.983415 -0.042474374 0.219721675 0.069095179 -0.136728123 -0.016290903 0.021529017 0.990240633
1305031124.011302 -0.041866187 0.212745368 0.070971996 -0.133334607 -0.020639913 0.021283798 0.990627527
1305031124.051505 -0.042572789 0.213311881 0.071710937 -0.126441851 -0.023304783 0.021855772 0.991459370
1305031124.083837 -0.042461634 0.205754071 0.074222937 -0.127378926 -0.026169339 0.022508524 0.991253316
1305031124.111331 -0.040143974 0.197955564 0.077816978 -0.122201256 -0.030654926 0.021656645 0.991795421
1305031124.147446 -0.041330088 0.195521012 0.078932166 -0.115250364 -0.031257924 0.019254472 0.992657781
1305031124.182694 -0.039736710 0.185101837 0.083276004 -0.117126025 -0.033630189 0.017858163 0.992386818
1305031124.211396 -0.037863415 0.174709842 0.087191790 -0.113036543 -0.036074195 0.015821856 0.992809653
1305031124.249327 -0.041496322 0.172122061 0.085792623 -0.105627082 -0.034877490 0.015378483 0.993674994
1305031124.282545 -0.042304453 0.165928409 0.087508373 -0.105095960 -0.038791008 0.014955010 0.993592680
1305031124.311361 -0.039137758 0.154397100 0.091444097 -0.103629731 -0.044797201 0.015533605 0.993485153
1305031124.350354 -0.040640112 0.150344536 0.091739967 -0.096790865 -0.046970874 0.013941021 0.994098008
1305031124.382420 -0.037842929 0.140507787 0.095554918 -0.094874941 -0.050933544 0.013266432 0.994096816
1305031124.411439 -0.037982706 0.131026596 0.096968196 -0.090589575 -0.052070845 0.012443514 0.994448245
1305031124.450245 -0.037548617 0.122120850 0.098222911 -0.084215052 -0.053398173 0.010574575 0.994959652
1305031124.480099 -0.038082194 0.111671783 0.099745870 -0.079200678 -0.054245975 0.008296542 0.995347083
1305031124.511324 -0.039751295 0.105410174 0.100140870 -0.071522333 -0.054969419 0.005671249 0.995907009
1305031124.550437 -0.040722728 0.096868619 0.101399906 -0.067582317 -0.056182578 0.003007247 0.996126056
1305031124.579404 -0.040849157 0.086779028 0.104027450 -0.064491212 -0.058708157 0.000803791 0.996189535
1305031124.611358 -0.040608678 0.076423779 0.106847897 -0.060355432 -0.061340630 -0.001085940 0.996289790
1305031124.651271 -0.041275293 0.067680977 0.108823612 -0.056638878 -0.063234679 -0.003262564 0.996384859
1305031124.679362 -0.039380595 0.056746230 0.112852380 -0.053587988 -0.066092618 -0.004810254 0.996361852
1305031124.711251 -0.039034676 0.048596170 0.115377158 -0.049161535 -0.066309996 -0.006783896 0.996564150
1305031124.749890 -0.040439911 0.039190128 0.118076742 -0.047205899 -0.065742001 -0.008578869 0.996682465
1305031124.779365 -0.040909968 0.030003715 0.121122859 -0.043912817 -0.066859439 -0.009198319 0.996753156
1305031124.811360 -0.040902574 0.020907886 0.124463849 -0.042096175 -0.067854971 -0.009872723 0.996757805
1305031124.850535 -0.040985063 0.010146321 0.129689708 -0.042656917 -0.069438815 -0.010362541 0.996619940
1305031124.879355 -0.037058391 -0.000322814 0.135651439 -0.041011095 -0.071384110 -0.010715811 0.996547818
1305031124.911448 -0.037682079 -0.005974364 0.139080852 -0.038680602 -0.068506069 -0.010745866 0.996842623
1305031124.950730 -0.037978876 -0.015486275 0.144888565 -0.041909229 -0.067286000 -0.011004523 0.996792376
1305031124.979438 -0.038765289 -0.031245664 0.149908811 -0.043334406 -0.066271193 -0.009017645 0.996819437
1305031125.011454 -0.042460386 -0.038531825 0.151851386 -0.038209647 -0.067077070 -0.008376716 0.996980727
1305031125.050763 -0.038091991 -0.040929634 0.157209679 -0.034554284 -0.071346477 -0.006792473 0.996829748
1305031125.079364 -0.038566805 -0.050067246 0.161668554 -0.035917800 -0.070197470 -0.003959761 0.996878386
1305031125.111364 -0.040436748 -0.060750693 0.164424062 -0.036003765 -0.070506804 -0.003184475 0.996856272
1305031125.151013 -0.039335854 -0.067059249 0.167144373 -0.031801086 -0.071341872 -0.005330474 0.996930599
1305031125.179353 -0.041352261 -0.068587855 0.168330804 -0.030548258 -0.067878462 -0.004851180 0.997214019
1305031125.211320 -0.042366549 -0.079622202 0.172662079 -0.035184585 -0.066491790 -0.004580461 0.997155905
1305031125.250632 -0.044961087 -0.090000570 0.175930694 -0.034128703 -0.065601908 -0.007171167 0.997236311
1305031125.279467 -0.044426959 -0.092552401 0.177655846 -0.030332653 -0.066005550 -0.007837418 0.997327328
1305031125.311493 -0.043464750 -0.101719186 0.182019636 -0.031287476 -0.065021485 -0.007433727 0.997365534
1305031125.348880 -0.047294583 -0.105937444 0.181236312 -0.026944866 -0.062187377 -0.010899164 0.997641146
1305031125.379401 -0.043084331 -0.108596809 0.186557651 -0.026588548 -0.062297039 -0.014306520 0.997600853
1305031125.411335 -0.042937778 -0.113012128 0.189273670 -0.026882540 -0.056097735 -0.014866740 0.997952580
1305031125.451195 -0.045229517 -0.117795736 0.191234276 -0.029823421 -0.050107598 -0.017093617 0.998152077
1305031125.479424 -0.045286611 -0.125363261 0.193601206 -0.030295091 -0.046257220 -0.018574003 0.998297334
1305031125.511316 -0.046600781 -0.125405043 0.192886829 -0.029025439 -0.041828271 -0.019301550 0.998516619
1305031125.551020 -0.046603031 -0.127950698 0.193798319 -0.030049238 -0.038873266 -0.021502523 0.998560727
1305031125.579308 -0.046039991 -0.128993541 0.194959581 -0.031303454 -0.035601765 -0.023374764 0.998602092
1305031125.611533 -0.046578828 -0.134454861 0.194929183 -0.031967573 -0.032195222 -0.023637105 0.998690546
1305031125.650575 -0.051987268 -0.137477770 0.190911055 -0.028337574 -0.029815771 -0.021322124 0.998926103
1305031125.679328 -0.055051427 -0.130696863 0.185174644 -0.022772999 -0.032705814 -0.020414058 0.998996973
1305031125.711443 -0.051877126 -0.132375658 0.185839564 -0.022459019 -0.039605036 -0.018624526 0.998789370
1305031125.751260 -0.049650930 -0.122763693 0.181144893 -0.016187696 -0.042504814 -0.016829174 0.998823345
1305031125.779348 -0.048187956 -0.116673157 0.179125488 -0.016049424 -0.044005081 -0.019573409 0.998710632
1305031125.811573 -0.046809372 -0.107830822 0.176257059 -0.014599726 -0.043691959 -0.020424046 0.998729587
1305031125.847412 -0.047557034 -0.102438591 0.173258245 -0.016847001 -0.041850928 -0.022574253 0.998726726
1305031125.879318 -0.050467230 -0.094976977 0.168600380 -0.016355390 -0.041239079 -0.023383709 0.998741746
1305031125.911305 -0.053015657 -0.084124066 0.164375931 -0.018590866 -0.043441154 -0.022318074 0.998633683
1305031125.947343 -0.054661755 -0.081108905 0.161084399 -0.023066174 -0.049583629 -0.020038947 0.998302519
1305031125.979324 -0.053001627 -0.070216417 0.158227101 -0.022270000 -0.057548597 -0.016543332 0.997957170
1305031126.011333 -0.048884012 -0.059818536 0.156646654 -0.023880240 -0.064610846 -0.016023722 0.997496068
1305031126.047324 -0.043510675 -0.048620373 0.155551091 -0.026075415 -0.067961000 -0.014832903 0.997236907
1305031126.079356 -0.043266580 -0.038628582 0.153262660 -0.029816324 -0.066249013 -0.014542261 0.997251570
1305031126.111370 -0.042735644 -0.031423293 0.152489126 -0.034007177 -0.065627031 -0.015153226 0.997149467
1305031126.147432 -0.043291815 -0.017513838 0.150141180 -0.034569453 -0.063959301 -0.013646447 0.997260213
1305031126.179384 -0.044727102 -0.006026701 0.146760091 -0.040185701 -0.063175134 -0.013225668 0.997105360
1305031126.211319 -0.041326463 0.000264712 0.147048563 -0.045655705 -0.065318510 -0.012548716 0.996740520
1305031126.247298 -0.040325370 0.013409479 0.144690767 -0.047034476 -0.064299673 -0.012205862 0.996746898
1305031126.279363 -0.038793661 0.023475219 0.143881232 -0.050802387 -0.063154437 -0.012783815 0.996627927
1305031126.311332 -0.036864236 0.035195984 0.141902700 -0.053983200 -0.060867321 -0.014073579 0.996585667
1305031126.347363 -0.037622459 0.043169610 0.140301749 -0.058636088 -0.056559175 -0.015453117 0.996556103
1305031126.379423 -0.039707873 0.051667403 0.137711197 -0.061990362 -0.052620947 -0.017110992 0.996541739
1305031126.411465 -0.039906595 0.061799135 0.135072529 -0.065483093 -0.050950956 -0.018842524 0.996373892
1305031126.447361 -0.040131863 0.067502081 0.133473739 -0.070576020 -0.049441006 -0.018069969 0.996116519
1305031126.479533 -0.042084947 0.074809700 0.130096465 -0.072769910 -0.048572611 -0.015340385 0.996047139
1305031126.511410 -0.042235151 0.086757846 0.126010627 -0.073939167 -0.049949545 -0.013971438 0.995913088
1305031126.547374 -0.038514383 0.094167054 0.126039878 -0.079666533 -0.052233774 -0.013218922 0.995364308
1305031126.579454 -0.037285473 0.101101123 0.124371856 -0.083749376 -0.050434221 -0.011321013 0.995145321
1305031126.611528 -0.037365787 0.108444750 0.122769013 -0.088229761 -0.048490062 -0.010104166 0.994867861
1305031126.647376 -0.035248782 0.110587299 0.122098148 -0.093757875 -0.047524117 -0.007844088 0.994429171
1305031126.679479 -0.035249576 0.115533412 0.120430365 -0.095433615 -0.045085628 -0.003372553 0.994408548
1305031126.711583 -0.033717219 0.120551564 0.119286254 -0.097911410 -0.044147413 -0.000120262 0.994215429
1305031126.747316 -0.032520413 0.120609917 0.118340723 -0.100786246 -0.042758770 0.002917934 0.993984580
1305031126.779379 -0.032440707 0.126311123 0.115952127 -0.099298745 -0.041531470 0.005968038 0.994172692
1305031126.811602 -0.028924838 0.129966423 0.114928007 -0.099138826 -0.040958855 0.006851808 0.994206667
1305031126.847343 -0.027938619 0.132064596 0.112919517 -0.099884845 -0.037468217 0.007529893 0.994264781
1305031126.879357 -0.029592862 0.135394529 0.110895604 -0.099468097 -0.034242984 0.007650396 0.994421899
1305031126.911364 -0.027543209 0.135292307 0.110665515 -0.100491181 -0.033100467 0.007109946 0.994361758
1305031126.947437 -0.028963335 0.136671975 0.108594067 -0.100904666 -0.031031283 0.008677065 0.994374156
1305031126.979337 -0.028313654 0.135429621 0.108169384 -0.102090031 -0.032238603 0.009943249 0.994202912
1305031127.011371 -0.028195776 0.135024920 0.107833020 -0.100830838 -0.033098873 0.010149634 0.994301021
1305031127.047297 -0.028031684 0.136455253 0.107380502 -0.099250495 -0.033470005 0.011520403 0.994432688
1305031127.079299 -0.028506123 0.135854483 0.107712306 -0.099713944 -0.033740900 0.011704138 0.994375050
1305031127.111435 -0.030151684 0.133176655 0.107638307 -0.100461863 -0.035080578 0.012592200 0.994242489
1305031127.147307 -0.030051263 0.129875228 0.108177081 -0.100329570 -0.038613562 0.013307005 0.994115651
1305031127.179349 -0.030048233 0.130654603 0.107991718 -0.097151645 -0.041425437 0.012761344 0.994325221
1305031127.211700 -0.028318852 0.128780097 0.109565109 -0.096870743 -0.043864943 0.012532697 0.994250894
1305031127.247374 -0.027966205 0.124658570 0.111193955 -0.096176125 -0.044314124 0.011609741 0.994309604
1305031127.279465 -0.029063255 0.124923460 0.110881351 -0.092896469 -0.043936152 0.010427663 0.994651258
1305031127.311362 -0.029739611 0.121928222 0.112376563 -0.093931161 -0.044676591 0.009819209 0.994527280
1305031127.347356 -0.029507451 0.116768211 0.114659078 -0.093457922 -0.046545092 0.009238645 0.994491756
1305031127.379262 -0.030178361 0.117807664 0.115065455 -0.089562647 -0.047390159 0.008924778 0.994813085
1305031127.411371 -0.031261988 0.116381250 0.116156965 -0.089306727 -0.048043128 0.007976821 0.994812846
1305031127.447333 -0.030628935 0.111149184 0.118761942 -0.090300858 -0.049909595 0.007868047 0.994632065
1305031127.479362 -0.032105740 0.113183461 0.118629627 -0.086699903 -0.050158281 0.006984257 0.994946480
1305031127.511356 -0.032449435 0.112192161 0.120298967 -0.087794706 -0.051390808 0.005866033 0.994794786
1305031127.547348 -0.031822339 0.107634179 0.122368336 -0.089206427 -0.052828394 0.005942484 0.994593441
1305031127.579345 -0.032809190 0.108105622 0.122289538 -0.086786442 -0.052740768 0.005482949 0.994814754
1305031127.611271 -0.032857977 0.109175190 0.122961126 -0.086365588 -0.053371284 0.005262843 0.994818985
1305031127.647358 -0.032041527 0.105868012 0.124344155 -0.088549607 -0.054151464 0.006751114 0.994575799
1305031127.679298 -0.032355808 0.104732469 0.124938510 -0.087137245 -0.054476354 0.007464386 0.994677722
1305031127.711375 -0.033114798 0.106581062 0.124349341 -0.085607544 -0.054818869 0.007029159 0.994794846
1305031127.747304 -0.032366656 0.104451455 0.125651628 -0.087483622 -0.055787779 0.007141997 0.994576931
1305031127.779346 -0.032825880 0.102249473 0.126320973 -0.087090224 -0.055798497 0.007416656 0.994608879
1305031127.811829 -0.033522129 0.103383444 0.125544041 -0.084895514 -0.055801809 0.006269125 0.994806290
1305031127.847366 -0.033658147 0.102298029 0.125508443 -0.085560992 -0.055847112 0.005304328 0.994752407
1305031127.879380 -0.034384191 0.101426780 0.125675201 -0.085757241 -0.055908021 0.005002001 0.994733632
1305031127.911476 -0.035301737 0.101673454 0.125561029 -0.085113548 -0.056400441 0.004490787 0.994763494
1305031127.947366 -0.035754241 0.102719076 0.125824034 -0.085253179 -0.057041664 0.004507433 0.994714916
1305031127.979371 -0.035434384 0.101612702 0.127429694 -0.087212913 -0.058132119 0.004415672 0.994482338
1305031128.011427 -0.034513850 0.102379218 0.128947616 -0.087721951 -0.058747970 0.004040396 0.994402945
1305031128.047369 -0.033434123 0.100038067 0.131355524 -0.091134779 -0.058414493 0.005469737 0.994108796
1305031128.079334 -0.034136403 0.097552292 0.132663369 -0.091827080 -0.057687461 0.006178947 0.994083405
1305031128.111391 -0.033498719 0.097200774 0.133672282 -0.091164306 -0.058333799 0.007076498 0.994100690
1305031128.147418 -0.033208508 0.096975416 0.134738803 -0.091798134 -0.058504105 0.008631277 0.994020045
1305031128.179350 -0.031804655 0.093131162 0.136649296 -0.092662394 -0.059256349 0.010006414 0.993882418
1305031128.211447 -0.032794051 0.094602101 0.135920361 -0.089786306 -0.058582619 0.010277402 0.994183540
1305031128.247480 -0.033346888 0.094996274 0.135651663 -0.089913741 -0.058751807 0.010513911 0.994159520
1305031128.279336 -0.032111775 0.092492901 0.137134224 -0.091060445 -0.059852377 0.010690018 0.993987620
1305031128.311483 -0.032886911 0.093421504 0.136346728 -0.089192592 -0.059428342 0.009876378 0.994190812
1305031128.347423 -0.033723786 0.093784690 0.136178151 -0.088916399 -0.059117347 0.009009400 0.994242311
1305031128.379404 -0.034192882 0.092341371 0.136428356 -0.089649208 -0.059359256 0.007215640 0.994176745
1305031128.411337 -0.033909556 0.091623470 0.136412650 -0.089258730 -0.059661910 0.006390713 0.994199395
1305031128.447296 -0.034670312 0.091674432 0.135925606 -0.088648438 -0.059341379 0.004904313 0.994281650
1305031128.479296 -0.035601936 0.090876482 0.135854453 -0.089037128 -0.059115183 0.003772805 0.994265318
1305031128.511433 -0.034789689 0.090094507 0.136147305 -0.088889934 -0.059489138 0.003136114 0.994258404
1305031128.547399 -0.034303822 0.089886852 0.136507943 -0.088929161 -0.059276797 0.002729323 0.994268775
1305031128.579455 -0.034496177 0.087790519 0.136419475 -0.089215748 -0.058501109 0.002623111 0.994289339
1305031128.611395 -0.035879940 0.087704599 0.135761097 -0.087764844 -0.057942059 0.002636708 0.994451165
1305031128.647352 -0.036844000 0.087927647 0.134696186 -0.087036632 -0.058626402 0.002955714 0.994474113
1305031128.679282 -0.036440827 0.086620077 0.134927914 -0.087096535 -0.060247853 0.002292280 0.994373739
1305031128.711457 -0.035315633 0.086827323 0.135050654 -0.085769370 -0.060777947 0.001708600 0.994458020
1305031128.747363 -0.035047311 0.087241873 0.134726062 -0.084745511 -0.059991073 0.000623442 0.994594812
