1305031102.975203 -0.016462211 0.037995175 0.211478189 -0.043384641 -0.008610797 -0.006868422 0.998997748
1305031103.011215 -0.015575773 0.040390298 0.221904188 -0.044623964 -0.015657570 -0.003644905 0.998874485
1305031103.043227 -0.015894629 0.043295234 0.258716017 -0.049942680 -0.022655774 0.000267775 0.998495042
1305031103.075319 -0.015023807 0.048351195 0.273603082 -0.047392935 -0.026566437 0.002636577 0.998519480
1305031103.111240 -0.016439715 0.054070182 0.276564181 -0.044495177 -0.025130192 0.003035491 0.998688877
1305031103.143318 -0.013405045 0.052694678 0.259677082 -0.044669017 -0.026318654 0.004266232 0.998645961
1305031103.175452 -0.015483786 0.059672404 0.290207237 -0.046413187 -0.024411881 0.004789827 0.998612523
1305031103.211220 -0.014289220 0.061323680 0.268375278 -0.048427187 -0.024185270 0.005353190 0.998519480
1305031103.243216 -0.014248554 0.063378051 0.273803681 -0.055495016 -0.024041267 0.008837628 0.998130381
1305031103.275370 -0.019854238 0.062866449 0.276265264 -0.065647207 -0.023972949 0.011943507 0.997483373
1305031103.311210 -0.017990712 0.059443325 0.282726943 -0.073490933 -0.034787584 0.013072203 0.996603251
1305031103.343223 -0.013822907 0.062940978 0.288622946 -0.072402470 -0.041132770 0.012899348 0.996443450
1305031103.375327 -0.013271459 0.062851779 0.289533496 -0.075648993 -0.039752308 0.014629637 0.996234357
1305031103.411260 -0.014226078 0.054862726 0.276282996 -0.079155758 -0.038322635 0.015220588 0.996009052
1305031103.443280 -0.015535386 0.052831847 0.272171050 -0.079325244 -0.039996456 0.014495349 0.995940566
1305031103.475274 -0.015545703 0.049826883 0.269363910 -0.079394445 -0.042718608 0.012442248 0.995849788
1305031103.511333 -0.012951196 0.047511838 0.274270445 -0.078565881 -0.045657206 0.011598441 0.995795310
1305031103.543444 -0.012364438 0.042998184 0.268115848 -0.075225517 -0.047150567 0.009611376 0.996004820
1305031103.575474 -0.013124013 0.040462535 0.258253902 -0.070841067 -0.048035219 0.009566755 0.996284425
1305031103.611223 -0.015613461 0.036791872 0.247091144 -0.068465814 -0.049631421 0.009593775 0.996371984
1305031103.643445 -0.016333764 0.033745710 0.238141835 -0.065447234 -0.052946582 0.009825632 0.996401906
1305031103.675523 -0.013328747 0.029999522 0.230006739 -0.063321084 -0.056753807 0.010328085 0.996324658
1305031103.711610 -0.010092760 0.027479783 0.222256050 -0.060868461 -0.058846354 0.011583368 0.996342301
1305031103.743326 -0.008245001 0.022413313 0.213153034 -0.059051059 -0.059166331 0.010580017 0.996443868
1305031103.775342 -0.008367691 0.021216027 0.200733721 -0.055191211 -0.058188014 0.007089228 0.996753633
1305031103.811242 -0.007794394 0.020161245 0.188366547 -0.054878347 -0.056884047 0.003629190 0.996864796
1305031103.843251 -0.010546182 0.020530134 0.175340310 -0.057013799 -0.055281833 0.001435251 0.996840656
1305031103.875361 -0.011367558 0.012320984 0.166169822 -0.064808562 -0.057882473 -0.001796865 0.996215940
1305031103.911221 -0.009831370 0.005284885 0.154328838 -0.065075092 -0.062188622 -0.003695498 0.995933831
1305031103.943211 -0.007735305 0.003201448 0.142351285 -0.062881127 -0.065346457 -0.004228096 0.995870471
1305031103.975373 -0.005454775 -0.001155537 0.132166475 -0.061437294 -0.067720912 -0.005166546 0.995797515
1305031104.011232 -0.001350736 -0.005683725 0.123530492 -0.057638340 -0.069241263 -0.005916141 0.995915890
1305031104.043249 0.002110404 -0.008022930 0.112038404 -0.050547883 -0.066983066 -0.007727528 0.996442914
1305031104.075425 0.004692386 -0.007113094 0.100827321 -0.045652594 -0.063086085 -0.010290931 0.996910274
1305031104.111235 0.007118220 -0.012154412 0.091850184 -0.043304279 -0.057832737 -0.011826277 0.997316539
1305031104.143230 0.006283303 -0.017186401 0.076835990 -0.039296702 -0.051077630 -0.013158114 0.997834504
1305031104.175424 0.005913553 -0.019247161 0.064443022 -0.035181902 -0.047541142 -0.014040586 0.998150766
1305031104.211283 0.007051602 -0.023100244 0.053974934 -0.031713836 -0.045126125 -0.013366433 0.998388290
1305031104.243196 0.007112047 -0.023389269 0.044011518 -0.026231902 -0.042707734 -0.013737892 0.998648703
1305031104.275546 0.007428214 -0.025037264 0.033705514 -0.021863706 -0.039979015 -0.014731378 0.998852611
1305031104.311219 0.009545960 -0.026218567 0.024283860 -0.018265249 -0.037411708 -0.014330078 0.999030232
1305031104.343342 0.010712017 -0.027237903 0.015514618 -0.015402372 -0.033555109 -0.015093483 0.999204218
1305031104.375837 0.010069246 -0.027712980 0.006098224 -0.013392514 -0.028316470 -0.014899960 0.999398232
1305031104.411509 0.008015389 -0.028970243 -0.002618436 -0.012279412 -0.023818212 -0.014636507 0.999533713
1305031104.443288 0.002850023 -0.027120141 -0.011592210 -0.010783782 -0.020623671 -0.014244464 0.999627650
1305031104.475456 -0.000561043 -0.029958451 -0.020956287 -0.012096002 -0.020782081 -0.013385670 0.999621212
1305031104.511329 -0.001796453 -0.030027369 -0.003818757 -0.012786722 -0.023733782 -0.011921532 0.999565482
1305031104.543368 -0.000100170 -0.030527286 -0.010406879 -0.009151807 -0.026314465 -0.011290534 0.999548078
1305031104.575343 0.004202532 -0.036091868 -0.016496081 -0.006432009 -0.027230863 -0.010132900 0.999557137
1305031104.611336 0.012609181 -0.039172757 -0.018963315 0.002350755 -0.025649142 -0.006624686 0.999646306
1305031104.643243 0.013546973 -0.039508335 -0.029085372 0.014953990 -0.017998043 -0.007359789 0.999699116
1305031104.675525 0.015349629 -0.047133874 -0.038340796 0.023736417 -0.009952073 -0.005974387 0.999650896
1305031104.711277 0.013735370 -0.043605782 -0.048462044 0.039558880 -0.001550411 -0.003884266 0.999208510
1305031104.743280 0.014386174 -0.038349222 -0.054298788 0.054249354 0.005626781 -0.001103921 0.998510957
1305031104.775327 0.017285174 -0.040925011 -0.062546901 0.064696781 0.011536028 0.000994734 0.997837782
1305031104.811465 0.016508538 -0.037928909 -0.069427729 0.076226801 0.018765889 0.002124280 0.996911645
1305031104.843258 0.015625477 -0.032728173 -0.072770610 0.085666500 0.025613206 0.004783639 0.995983124
1305031104.875350 0.011265161 -0.028731875 -0.079524979 0.091700405 0.030045565 0.006288881 0.995313406
1305031104.911534 0.013485428 -0.027404124 -0.080609091 0.093698606 0.030284723 0.008355215 0.995104790
1305031104.943262 0.012206164 -0.027087793 -0.080140501 0.094169788 0.031637829 0.008842405 0.995014012
1305031104.975202 0.012030741 -0.020952897 -0.077728629 0.094406106 0.030772597 0.009458073 0.995013118
1305031105.011290 0.013660866 -0.018653806 -0.072138667 0.089779861 0.029688429 0.010433520 0.995464385
1305031105.043373 0.012375677 -0.017448988 -0.068135500 0.083866179 0.029714065 0.008992254 0.995993316
1305031105.075320 0.011282500 -0.017793227 -0.059466299 0.076469921 0.029178197 0.006989826 0.996620357
1305031105.111299 0.011601929 -0.018477872 -0.049590770 0.070329823 0.027472790 0.005512330 0.997130156
1305031105.143106 0.008285082 -0.007022415 -0.039347094 0.067007780 0.025494048 0.004142130 0.997418106
1305031105.175159 0.007264584 0.001896338 -0.025641181 0.056768853 0.021685090 0.001371183 0.998150885
1305031105.211268 0.001702430 -0.013125796 -0.018284718 0.039368384 0.019488120 -0.002002116 0.999032676
1305031105.243270 -0.001774780 -0.009903959 -0.009487413 0.032088835 0.014540648 -0.003887822 0.999371707
1305031105.275288 -0.007012664 -0.006051193 0.000141800 0.022579068 0.009977651 -0.005444744 0.999680459
1305031105.311290 -0.008505095 -0.010495220 0.011181572 0.010372235 0.002419973 -0.005693995 0.999927044
1305031105.343302 -0.007966805 -0.011796414 0.025809949 0.001987977 -0.005337694 -0.006659597 0.999961555
1305031105.375338 -0.010188325 -0.012260620 0.035960283 -0.001597483 -0.009806444 -0.006882660 0.999926925
1305031105.411286 -0.011739518 -0.007091522 0.044831697 -0.005909251 -0.013950679 -0.007828801 0.999854565
1305031105.443316 -0.011099568 -0.010129378 0.058742456 -0.013949848 -0.019082457 -0.008016293 0.999688447
1305031105.475280 -0.012725298 -0.009024492 0.067970090 -0.017147079 -0.021760030 -0.008121712 0.999583185
1305031105.511332 -0.011201819 -0.006966423 0.080293976 -0.021382133 -0.025416626 -0.007800021 0.999417841
1305031105.543282 -0.010711223 -0.008219715 0.093181044 -0.026263088 -0.026821332 -0.006403042 0.999274671
1305031105.575449 -0.012973294 -0.007097491 0.102869414 -0.029013045 -0.027224483 -0.006922673 0.999184251
1305031105.611378 -0.011187248 -0.007739243 0.117417641 -0.032222815 -0.029391129 -0.005428015 0.999033749
1305031105.643273 -0.014114155 -0.006034146 0.127247661 -0.032462358 -0.028556114 -0.003180943 0.999059856
1305031105.675166 -0.010234023 -0.005238795 0.138821319 -0.034774136 -0.031360559 -0.001676662 0.998901606
1305031105.711309 -0.006893015 -0.006287290 0.150230452 -0.034627516 -0.030499168 -0.001794465 0.998933196
1305031105.743312 -0.007167862 -0.000784093 0.160594165 -0.031252153 -0.026369978 -0.001973050 0.999161661
1305031105.775339 -0.004624310 -0.002562798 0.170009151 -0.033376202 -0.022638464 -0.001913525 0.999184608
1305031105.811283 -0.006130065 -0.000487487 0.180916280 -0.031538051 -0.016804716 -0.001298740 0.999360442
1305031105.843271 -0.003799430 0.001354977 0.191490844 -0.029952737 -0.014130628 0.000088986 0.999451458
1305031105.875337 -0.002272533 0.008244974 0.201881453 -0.027235908 -0.009374795 0.002714401 0.999581397
1305031105.911262 -0.001628469 0.011338794 0.212525278 -0.029705370 -0.005534735 0.007746009 0.999513388
1305031105.943272 -0.002987818 0.014396502 0.220824599 -0.032135807 -0.001319786 0.009610972 0.999436438
1305031105.975329 -0.002720586 0.017563157 0.231487900 -0.036544703 0.000341061 0.010829258 0.999273300
1305031106.011285 -0.001863442 0.021926351 0.242204353 -0.039689176 0.002122349 0.012444475 0.999132335
1305031106.043355 -0.002931152 0.024704695 0.251756996 -0.044195559 0.004589926 0.013713605 0.998918235
1305031106.075330 -0.004061489 0.027367325 0.260370642 -0.048216011 0.005596671 0.015230913 0.998705089
1305031106.111327 -0.006902215 0.032615572 0.267067641 -0.052128065 0.007169112 0.015633237 0.998492301
1305031106.143355 -0.008788910 0.033394378 0.276166797 -0.059713509 0.006312874 0.017541228 0.998041451
1305031106.175534 -0.007461415 0.035773877 0.271236658 -0.061179105 0.003901323 0.018469350 0.997948289
1305031106.211275 -0.007466779 0.036076620 0.279303253 -0.064917743 0.001750255 0.019414496 0.997700214
1305031106.243267 -0.007698515 0.038407672 0.285023630 -0.064800851 0.000082701 0.023296960 0.997626245
1305031106.276385 -0.009128078 0.042132001 0.289691687 -0.065497681 -0.001060560 0.024124280 0.997560501
1305031106.311238 -0.009899538 0.045046479 0.293562323 -0.068546489 -0.002010612 0.027016705 0.997280002
1305031106.343258 -0.008666314 0.051378749 0.296829432 -0.071725391 -0.004643589 0.028545246 0.997005045
1305031106.375388 -0.006172562 0.051928215 0.298980325 -0.081184909 -0.005430782 0.021527793 0.996451735
1305031106.411320 -0.005297806 0.046448369 0.300780803 -0.089898363 -0.000786494 0.015269080 0.995833576
1305031106.443278 -0.009780512 0.044979915 0.300591052 -0.090136833 0.005176425 0.010272438 0.995862961
1305031106.475345 -0.011807010 0.043237425 0.298184901 -0.090151459 0.005096297 0.008678187 0.995877206
1305031106.511129 -0.013621476 0.039203949 0.293618739 -0.089523010 0.002662954 0.008709264 0.995943129
1305031106.543302 -0.012219497 0.036541391 0.285314709 -0.086623132 -0.002333053 0.007493202 0.996210277
1305031106.575282 -0.011705198 0.034734000 0.277411073 -0.083469830 -0.004470440 0.006815842 0.996476948
1305031106.611151 -0.012422560 0.033870094 0.267978460 -0.082815193 -0.007365826 0.004226943 0.996528745
1305031106.643207 -0.011544202 0.028102731 0.259753495 -0.084288567 -0.010653380 0.002229067 0.996381938
1305031106.675279 -0.014564832 0.027243273 0.248414159 -0.081250250 -0.012266341 0.001809435 0.996616602
1305031106.711508 -0.016189128 0.024022261 0.238299400 -0.083251990 -0.017347345 0.000569397 0.996377349
1305031106.743341 -0.017136598 0.020948345 0.226185545 -0.081900701 -0.023376064 0.000677762 0.996366084
1305031106.775390 -0.015229066 0.018091580 0.213603780 -0.081170879 -0.030151259 0.001046363 0.996243477
1305031106.811289 -0.015478758 0.018648874 0.216463879 -0.082064480 -0.034409143 0.000782600 0.996032536
1305031106.843416 -0.014873080 0.010896167 0.190638304 -0.084042147 -0.037840802 -0.000922438 0.995742977
1305031106.875905 -0.011716841 0.006349176 0.177680597 -0.079070866 -0.041526437 -0.004162953 0.995995045
1305031106.911243 -0.011679312 0.007547403 0.178741127 -0.074611701 -0.041531317 -0.008188275 0.996313810
1305031106.943439 -0.010449106 0.001155632 0.167764053 -0.074490629 -0.041104309 -0.012263402 0.996298730
1305031106.975547 -0.009527924 -0.005291918 0.154514492 -0.069590271 -0.039203431 -0.015570519 0.996683419
1305031107.011576 -0.009907222 -0.000910748 0.137306258 -0.060358036 -0.036082312 -0.019246543 0.997338712
1305031107.043281 -0.010183318 -0.006843858 0.125898853 -0.062028635 -0.033410218 -0.021513514 0.997282982
1305031107.075432 -0.012598929 -0.012025500 0.112383902 -0.057920139 -0.031408697 -0.022324501 0.997577250
1305031107.111229 -0.011903006 -0.011480822 0.099194095 -0.052241478 -0.032256469 -0.023003951 0.997848272
1305031107.143260 -0.009074107 -0.012151124 0.087969571 -0.050280251 -0.032420684 -0.023230847 0.997938454
1305031107.175399 -0.008935140 -0.018339040 0.078603968 -0.049637463 -0.030528935 -0.023978010 0.998012602
1305031107.211358 -0.005217371 -0.022761252 0.069468588 -0.044131774 -0.029653830 -0.024932638 0.998274207
1305031107.243378 -0.005985649 -0.021040954 0.058010548 -0.036495138 -0.025653491 -0.025662895 0.998674810
1305031107.275398 -0.003207162 -0.025581725 0.049471922 -0.032100704 -0.023127247 -0.025275540 0.998897314
1305031107.311226 -0.002379235 -0.026332978 0.039947025 -0.024876060 -0.019763205 -0.026625898 0.999140441
1305031107.343509 0.002711738 -0.029425077 0.031710371 -0.014167979 -0.017688449 -0.025237348 0.999424577
1305031107.375413 0.003667539 -0.025826907 0.024229743 -0.003849021 -0.013004714 -0.026139041 0.999566317
1305031107.411271 0.004073037 -0.028925579 0.016968505 0.002508316 -0.007236408 -0.026884859 0.999609172
1305031107.443419 0.007158099 -0.028522206 0.010591909 0.007768276 -0.003135478 -0.026266368 0.999619842
1305031107.475377 0.008752409 -0.029255448 0.006911781 0.010749223 0.001562170 -0.025441810 0.999617279
1305031107.511352 0.009119580 -0.024746483 0.003936455 0.013455402 0.005590472 -0.025141390 0.999577701
1305031107.543605 0.013650967 -0.026463112 0.004560801 0.010022227 0.006972958 -0.022280861 0.999677181
1305031107.575454 0.015789703 -0.031736217 0.005266434 0.008114663 0.008710796 -0.019509498 0.999738812
1305031107.611271 0.017081898 -0.024035359 0.003929799 0.011083282 0.010259828 -0.017910136 0.999725521
1305031107.643323 0.017393816 -0.021488791 0.006095587 0.007838024 0.011007704 -0.017208464 0.999760628
1305031107.675568 0.016089799 -0.021796433 0.007275392 0.006405894 0.012102922 -0.016991781 0.999761879
1305031107.711307 0.015639640 -0.020695649 0.007674308 0.005501744 0.012793792 -0.015853450 0.999777317
1305031107.743538 0.013469730 -0.017909914 0.008502731 0.002614400 0.012131057 -0.015095006 0.999809027
1305031107.775802 0.013299652 -0.017033642 0.011770173 0.000200860 0.009323484 -0.016554942 0.999819458
1305031107.811596 0.015321869 -0.016631629 0.013776622 -0.002383583 0.006744734 -0.016269680 0.999842048
1305031107.843332 0.017410189 -0.014518396 0.016415127 -0.004174550 0.005593726 -0.016893595 0.999832928
1305031107.875358 0.021702603 -0.015727334 0.019736132 -0.004958891 0.005552549 -0.020242020 0.999767363
1305031107.911541 0.024353053 -0.016881060 0.021840040 -0.004599249 0.008311005 -0.022400163 0.999703944
1305031107.943122 0.029538777 -0.018101992 0.024143245 -0.003116733 0.010952276 -0.022438107 0.999683380
1305031107.975807 0.034091700 -0.018072661 0.026625905 -0.000567046 0.015137631 -0.022400888 0.999634326
1305031108.011320 0.041208640 -0.016995501 0.027433019 0.003813273 0.019518651 -0.024270613 0.999507606
1305031108.043418 0.050163433 -0.017556207 0.025224557 0.005287475 0.023964254 -0.023657527 0.999418855
1305031108.075352 0.062197920 -0.019531783 0.029294280 0.005878272 0.033193432 -0.016192218 0.999300480
1305031108.111378 0.065217823 -0.017948028 0.033571392 0.009533921 0.040315356 -0.016056422 0.999012470
1305031108.143334 0.075875424 -0.013181913 0.037670027 0.013168725 0.042763818 -0.014389249 0.998894751
1305031108.176058 0.080495656 -0.009389154 0.037774105 0.012189873 0.047761034 -0.011554001 0.998717546
1305031108.211475 0.091611028 -0.009788435 0.043069128 0.007360309 0.048488200 -0.011884129 0.998725951
1305031108.243347 0.105053127 -0.015240226 0.045951303 0.004931757 0.049994469 -0.013512770 0.998645902
1305031108.275358 0.110433765 -0.009712070 0.047398660 0.006701078 0.055371337 -0.012894434 0.998360097
1305031108.311332 0.113795936 -0.005974913 0.050868258 0.003759642 0.058344070 -0.011563800 0.998222470
1305031108.343278 0.117311388 -0.007046651 0.047311265 -0.002385095 0.055328749 -0.011951969 0.998393774
1305031108.375410 0.123869151 -0.006438111 0.049133241 -0.007617911 0.052971061 -0.006783301 0.998543978
1305031108.411361 0.133048475 -0.007004878 0.051299669 -0.012883012 0.048618883 -0.000950121 0.998733878
1305031108.443610 0.142904982 -0.005409390 0.053413905 -0.016829850 0.046830628 0.006219871 0.998741686
1305031108.475471 0.154969841 -0.007846230 0.056917589 -0.020641781 0.045914978 0.013361362 0.998642683
1305031108.511378 0.169728696 -0.009052252 0.059184413 -0.020375654 0.046880588 0.018866805 0.998514414
1305031108.543737 0.180673450 -0.013445368 0.058904022 -0.017830560 0.053538714 0.017480737 0.998253524
1305031108.575414 0.189669549 -0.007040035 0.058657080 -0.012231903 0.058439843 0.016225912 0.998084128
1305031108.611407 0.199736789 -0.006307960 0.060728751 -0.012251530 0.063850760 0.017166724 0.997736573
1305031108.643303 0.202541679 -0.003215665 0.061054483 -0.011154247 0.069434509 0.018562298 0.997351468
1305031108.675375 0.221746400 0.000279362 0.059078880 -0.012856280 0.072488353 0.024483822 0.996985793
1305031108.711411 0.221662521 -0.005303690 0.063059196 -0.019403934 0.081203379 0.023563830 0.996230006
1305031108.743502 0.224953786 -0.006262330 0.064814582 -0.021192977 0.087387837 0.023894066 0.995662212
1305031108.775493 0.230395555 -0.005066514 0.065576375 -0.022089150 0.091527961 0.026098486 0.995215297
1305031108.811244 0.233321831 -0.006737458 0.065253235 -0.024170125 0.094485305 0.031200411 0.994743586
1305031108.843264 0.238171652 -0.007229692 0.063807026 -0.022887925 0.092800587 0.039172068 0.994650543
1305031108.876515 0.233913451 -0.008775011 0.062861681 -0.021907823 0.092817225 0.043044299 0.994511068
1305031108.911364 0.235883564 -0.013026103 0.060796905 -0.020258905 0.088847555 0.048846025 0.994640529
1305031108.943243 0.234709680 -0.013014019 0.058683779 -0.015153570 0.085047379 0.050640941 0.994973779
1305031108.975268 0.226216525 -0.007436762 0.055633955 -0.009891311 0.081714250 0.048827589 0.995409846
1305031109.011269 0.226489946 -0.007898605 0.054417223 -0.010576435 0.076966591 0.047344349 0.995852768
1305031109.043277 0.222196609 -0.008363130 0.049979229 -0.009696332 0.075935416 0.046530943 0.995979249
1305031109.075410 0.214573622 -0.005320643 0.046311162 -0.010360609 0.074803405 0.040607948 0.996317267
1305031109.111282 0.212513596 -0.006097569 0.045211367 -0.014113002 0.071522228 0.039204709 0.996568322
1305031109.143334 0.202481210 -0.010025581 0.046130329 -0.016106835 0.069615640 0.033071641 0.996895432
1305031109.175464 0.194020793 -0.006148941 0.045519616 -0.015058293 0.063432999 0.028993906 0.997451186
1305031109.211379 0.187164426 0.001916638 0.044194654 -0.017176244 0.058102954 0.032515522 0.997633100
1305031109.243290 0.180017397 -0.000511303 0.045635954 -0.026959261 0.054761104 0.037770394 0.997420549
1305031109.275308 0.169590861 -0.007349182 0.043999977 -0.031138677 0.051558703 0.041813396 0.997308254
1305031109.311329 0.156435952 -0.004857320 0.041825742 -0.027684305 0.043918949 0.042690784 0.997738540
1305031109.343248 0.146889254 -0.000938928 0.041807353 -0.029027201 0.034268178 0.040806983 0.998157263
1305031109.375397 0.137963504 -0.004183284 0.043029353 -0.032988556 0.025765119 0.040883671 0.998286724
1305031109.411329 0.128983229 -0.001337610 0.041802280 -0.032438055 0.018377233 0.037434202 0.998603404
1305031109.443302 0.121469468 0.006202746 0.046399783 -0.032770183 0.012544278 0.032272387 0.998862982
1305031109.475363 0.112535693 0.004239712 0.045662843 -0.035971221 0.010353155 0.028637381 0.998888791
1305031109.511273 0.102458797 0.000885455 0.044721585 -0.036877237 0.008430335 0.024334799 0.998987913
1305031109.543294 0.089892276 0.001165600 0.042132460 -0.034381833 0.007875707 0.022489948 0.999124646
1305031109.575362 0.079211809 0.002180847 0.039818611 -0.033957683 0.008172721 0.022388339 0.999139071
1305031109.611310 0.068800665 0.001840691 0.037086312 -0.034363095 0.007192523 0.019849127 0.999186397
1305031109.643229 0.059921596 0.005295387 0.037474118 -0.033455189 0.005834386 0.018936004 0.999243796
1305031109.675263 0.047342528 0.006245891 0.034697745 -0.035528444 0.007030010 0.020756653 0.999128342
1305031109.711312 0.038193598 0.008898281 0.033168051 -0.037475981 0.003578941 0.020073261 0.999089479
1305031109.743274 0.028467532 0.009249220 0.034525640 -0.041981664 0.000667657 0.019403914 0.998929739
1305031109.775277 0.021223260 0.008520285 0.036842864 -0.045341223 -0.001724946 0.020116860 0.998767495
1305031109.811371 0.009661200 0.010100475 0.035154380 -0.046941075 -0.001594767 0.018628037 0.998722672
1305031109.843296 -0.000889330 0.010757403 0.036330264 -0.050400633 -0.003677397 0.018174695 0.998556912
1305031109.875306 -0.015787175 0.011756013 0.035851371 -0.053817686 -0.004630942 0.016361624 0.998405993
1305031109.911265 -0.024689281 0.009294732 0.040555906 -0.055790424 -0.010991721 0.010693135 0.998324752
1305031109.943299 -0.032819889 0.016985469 0.040967934 -0.054623231 -0.014539114 0.007425359 0.998373568
1305031109.975258 -0.043345496 0.015444368 0.044918709 -0.059800450 -0.016492037 0.002173817 0.998071730
1305031110.011256 -0.050984584 0.016379654 0.048030883 -0.061964981 -0.019991130 -0.004429439 0.997868299
1305031110.043299 -0.060946248 0.016596908 0.050098851 -0.064503469 -0.020554312 -0.011691453 0.997637272
1305031110.075319 -0.070993930 0.018137338 0.050526708 -0.066152163 -0.020458248 -0.016719332 0.997459650
1305031110.111325 -0.083362244 0.018936636 0.052994873 -0.070467733 -0.020664392 -0.021771468 0.997062325
1305031110.143432 -0.095367551 0.016735623 0.055695850 -0.072469331 -0.023093311 -0.025112623 0.996786952
1305031110.175641 -0.101826996 0.021636134 0.055699464 -0.072230548 -0.027159078 -0.026392888 0.996668756
1305031110.211637 -0.112798452 0.021280106 0.059202515 -0.076090790 -0.029053377 -0.028205294 0.996278346
1305031110.243323 -0.121607058 0.018099835 0.058425661 -0.077846140 -0.032793581 -0.028325578 0.996023178
1305031110.279321 -0.128011823 0.017970905 0.059517570 -0.076297835 -0.037075412 -0.029150169 0.995968997
1305031110.311404 -0.136536181 0.018047050 0.059604801 -0.073771901 -0.040064286 -0.030110788 0.996015012
1305031110.343355 -0.145649195 0.022137944 0.060057409 -0.071215011 -0.044006247 -0.031243702 0.995999813
1305031110.379281 -0.156231329 0.021487910 0.058008980 -0.070751429 -0.048356064 -0.035467964 0.995689690
1305031110.411469 -0.164255902 0.028460853 0.059467781 -0.067757271 -0.054955117 -0.037825532 0.995468795
1305031110.443260 -0.171931714 0.031587131 0.060449351 -0.071155488 -0.061010886 -0.040399350 0.994777560
1305031110.479331 -0.184893280 0.027987543 0.059222933 -0.075414725 -0.065305531 -0.047351670 0.993884087
1305031110.511429 -0.194774643 0.030355506 0.061370760 -0.075023122 -0.071747005 -0.051750299 0.993250132
1305031110.543408 -0.200628206 0.032223299 0.057544187 -0.076409519 -0.078573436 -0.053412538 0.992539585
1305031110.579426 -0.206227332 0.034249883 0.057137087 -0.080586918 -0.085233748 -0.057842970 0.991410673
1305031110.611307 -0.213021293 0.031505693 0.061701864 -0.085714571 -0.089239672 -0.062350959 0.990354300
1305031110.643418 -0.218832225 0.029073346 0.060716502 -0.085286558 -0.092005417 -0.065786183 0.989915848
1305031110.679606 -0.224300146 0.035314355 0.057794280 -0.082946345 -0.093458377 -0.067539319 0.989860535
1305031110.711412 -0.228482187 0.032407857 0.058615707 -0.087822869 -0.095558375 -0.068576813 0.989167809
1305031110.743249 -0.235506430 0.031072097 0.059669137 -0.088993095 -0.096454822 -0.071232468 0.988788426
1305031110.779193 -0.234743506 0.032048136 0.059575405 -0.088524953 -0.099959999 -0.071084030 0.988493025
1305031110.811386 -0.238958865 0.035395056 0.060650155 -0.087686278 -0.098957680 -0.073429927 0.988497138
1305031110.843218 -0.240990430 0.035150182 0.060906190 -0.089433528 -0.100789726 -0.075064100 0.988032639
1305031110.879313 -0.239963412 0.034030564 0.059189852 -0.089930303 -0.103136785 -0.074173257 0.987812579
1305031110.911333 -0.240396276 0.035811294 0.060541566 -0.089756086 -0.103801839 -0.074422084 0.987740040
1305031110.943862 -0.236630499 0.035307720 0.060885098 -0.089986287 -0.106862180 -0.075767554 0.987290323
1305031110.979345 -0.226401389 0.034678083 0.059127606 -0.090497218 -0.109427400 -0.075298660 0.986998498
1305031111.011431 -0.215958446 0.032140952 0.061094131 -0.093186080 -0.107739419 -0.075176194 0.986943305
1305031111.043327 -0.212041929 0.032437298 0.061204795 -0.092091121 -0.101749159 -0.072762340 0.987862289
1305031111.079283 -0.209237248 0.035828032 0.060381897 -0.092484951 -0.097596757 -0.070928276 0.988377750
1305031111.111508 -0.205174312 0.034482095 0.063673690 -0.094339289 -0.094569035 -0.066985793 0.988771796
1305031111.143257 -0.195105836 0.029735353 0.062853858 -0.094581053 -0.093775682 -0.066488974 0.988857806
1305031111.179326 -0.184724107 0.029098339 0.062165417 -0.092145137 -0.090903029 -0.066538855 0.989352584
1305031111.211433 -0.176258609 0.029229354 0.061306085 -0.090197586 -0.083008811 -0.062672339 0.990477681
1305031111.243236 -0.177541807 0.027757192 0.062087685 -0.090034880 -0.076013014 -0.063417554 0.991006553
1305031111.279308 -0.158761233 0.025223045 0.065715522 -0.086462677 -0.079989202 -0.060498055 0.991194189
1305031111.311547 -0.153693631 0.031948909 0.063650616 -0.080154955 -0.074287027 -0.056777138 0.992387533
1305031111.343397 -0.153190494 0.030470286 0.060356040 -0.084362395 -0.072835885 -0.057010420 0.992132902
1305031111.379134 -0.137504712 0.023559565 0.065616064 -0.086198084 -0.078749023 -0.053273540 0.991730988
1305031111.411296 -0.136904821 0.024907142 0.061449550 -0.081211522 -0.075872593 -0.051788062 0.992454529
1305031111.443386 -0.118610889 0.025783934 0.066520691 -0.080707394 -0.085864991 -0.057210136 0.991383135
1305031111.479259 -0.093461111 0.022561630 0.073845632 -0.078424789 -0.088202961 -0.056644253 0.991393626
1305031111.511264 -0.089083962 0.020834990 0.069020778 -0.074780449 -0.073677383 -0.054814536 0.992962658
1305031111.543250 -0.076442942 0.015810546 0.070796408 -0.072756775 -0.069086872 -0.053900208 0.993492961
1305031111.579237 -0.065662101 0.021623757 0.068509944 -0.066292048 -0.059759416 -0.047354478 0.994882762
1305031111.611271 -0.064351521 0.018711941 0.065336198 -0.068747252 -0.051899623 -0.041009530 0.995438814
1305031111.643395 -0.043608982 0.012756859 0.075399607 -0.067578793 -0.059250806 -0.033293411 0.995396435
1305031111.679320 -0.027756631 0.019295970 0.073024668 -0.059455164 -0.053857721 -0.024713574 0.996470630
1305031111.711760 -0.019551588 0.016569005 0.071154125 -0.060444456 -0.044395279 -0.022975372 0.996919096
1305031111.743386 -0.002538335 0.018931214 0.084900193 -0.054607965 -0.037780233 -0.018906321 0.997613728
1305031111.779423 0.016403534 0.017783411 0.080389954 -0.052165136 -0.024344122 -0.015145392 0.998226821
1305031111.811406 0.016135002 0.013956440 0.074414372 -0.051062863 -0.004834739 -0.014455264 0.998579144
1305031111.843299 0.021939460 0.014605680 0.073033392 -0.047338910 0.006228661 -0.013995649 0.998761415
1305031111.879442 0.031946570 0.014689492 0.069720909 -0.048140217 0.012572847 -0.009493930 0.998716354
1305031111.911354 0.033964925 0.010379214 0.071653292 -0.049221862 0.014725763 -0.003337311 0.998673737
1305031111.943300 0.047301833 0.011313096 0.071365952 -0.046958100 0.009246346 0.005851197 0.998836935
1305031111.979449 0.066608630 0.011282708 0.072166167 -0.046075504 0.006490652 0.012657342 0.998836696
1305031112.011433 0.074581541 0.010149594 0.071794197 -0.044437032 0.015073059 0.012550086 0.998819649
1305031112.043270 0.081646420 0.009177975 0.069364652 -0.040816855 0.023328919 0.009947551 0.998844743
1305031112.079339 0.095782213 0.006739027 0.069474913 -0.040397875 0.032279380 0.010788405 0.998603880
1305031112.111423 0.105334222 0.011468103 0.072153732 -0.035095911 0.041213810 0.004963737 0.998521447
1305031112.144342 0.120175965 0.014155000 0.072163932 -0.033294819 0.043508172 -0.000238091 0.998498082
1305031112.179390 0.136950865 0.015829543 0.072233349 -0.034719419 0.052488390 -0.003389629 0.998012066
1305031112.211254 0.140215859 0.005298308 0.072906956 -0.039179012 0.064764857 -0.009528548 0.997085631
1305031112.243369 0.152070031 0.000159153 0.071267188 -0.034777142 0.072883040 -0.013664313 0.996640325
1305031112.279353 0.156057954 0.002941673 0.075049669 -0.028214615 0.080467008 -0.017026870 0.996212423
1305031112.311312 0.157629400 -0.008072618 0.070174426 -0.027019244 0.084562205 -0.019678690 0.995857418
1305031112.343323 0.166531235 -0.004329920 0.071625896 -0.018409856 0.084330201 -0.017367788 0.996116400
1305031112.379360 0.173247963 -0.005087298 0.069410577 -0.014561953 0.083577819 -0.014042306 0.996295869
1305031112.411442 0.183854714 -0.003481359 0.069268674 -0.011387045 0.080076054 -0.009660545 0.996676922
1305031112.443391 0.194706947 -0.006335643 0.068916425 -0.009933263 0.077793717 -0.003172718 0.996914983
1305031112.479418 0.211753353 0.000577909 0.069281526 -0.003282968 0.072145790 0.009544615 0.997343004
1305031112.511504 0.217180863 -0.000141510 0.069583908 -0.001564729 0.069309391 0.016867936 0.997451365
1305031112.543212 0.225870416 -0.000690733 0.068557635 0.000786762 0.065264553 0.021018669 0.997646272
1305031112.579252 0.232516855 0.001288837 0.068552300 0.003707482 0.062099725 0.026968461 0.997698665
1305031112.611261 0.244457498 0.004250910 0.068812385 0.004602563 0.059801482 0.031948447 0.997688234
1305031112.643246 0.256222099 0.007853330 0.068935454 0.003480738 0.062997758 0.041809123 0.997131467
1305031112.679952 0.257495344 0.007052232 0.070209704 0.001005459 0.069749333 0.044035066 0.996591687
1305031112.711251 0.261155546 0.009962836 0.070268199 0.000144027 0.073205329 0.046540707 0.996230364
1305031112.743245 0.262202799 0.016741211 0.069521554 -0.002141333 0.076712810 0.049974494 0.995797694
1305031112.779310 0.259196013 0.013072040 0.073053807 -0.011129645 0.082142092 0.051670175 0.995218098
1305031112.811310 0.247643650 0.007549721 0.074355781 -0.015670359 0.086523861 0.049203191 0.994910598
1305031112.843286 0.245886639 0.013960488 0.075465754 -0.015371396 0.080868967 0.047342788 0.995481074
1305031112.879421 0.247438475 0.014137936 0.074426755 -0.018729430 0.076098196 0.050254628 0.995656967
1305031112.911411 0.239346266 0.013592215 0.074643075 -0.021627424 0.075022221 0.052341271 0.995572329
1305031112.943321 0.234813392 0.012719087 0.075157665 -0.023652146 0.069761924 0.051621459 0.995946348
1305031112.979278 0.232192978 0.011447817 0.073683389 -0.024689561 0.063266717 0.049416997 0.996466577
1305031113.011353 0.226338208 0.013591862 0.071471110 -0.025694570 0.060529727 0.047901731 0.996685207
1305031113.043231 0.220412672 0.013997447 0.071577884 -0.029510647 0.058946826 0.046637982 0.996734321
1305031113.079251 0.210808486 0.007036960 0.072862789 -0.032645680 0.057988312 0.041226007 0.996931314
1305031113.111316 0.202796951 0.010133620 0.068477899 -0.028956398 0.052451067 0.035527397 0.997571170
1305031113.143306 0.196022630 0.015354633 0.068018854 -0.029126553 0.049260080 0.033803564 0.997788787
1305031113.179343 0.186142668 0.009720006 0.068286806 -0.033910699 0.048675332 0.035362516 0.997612238
1305031113.211259 0.174503133 0.008839994 0.064587019 -0.032166269 0.044515356 0.036801945 0.997812271
1305031113.243227 0.161879733 0.012403817 0.063094117 -0.032678459 0.038987122 0.036886066 0.998023808
1305031113.279312 0.156101465 0.008264012 0.065252274 -0.036120240 0.031824958 0.038872045 0.998083889
1305031113.311452 0.142851934 0.002870410 0.062070534 -0.032822821 0.026566256 0.042875413 0.998187661
1305031113.343252 0.124135427 0.005730914 0.059420791 -0.027567480 0.020386538 0.040718760 0.998582184
1305031113.379312 0.104609020 0.001907907 0.059273724 -0.032186467 0.015096203 0.035757668 0.998727918
1305031113.411625 0.096579276 -0.001882715 0.062360477 -0.032605276 0.005987706 0.037792448 0.998735607
1305031113.443266 0.080478139 -0.000734218 0.057665396 -0.031038940 0.002240534 0.032119472 0.998999476
1305031113.479311 0.064691000 -0.000559667 0.055274177 -0.034182351 -0.002176422 0.025283869 0.999093354
1305031113.511523 0.050987985 -0.002014600 0.058220122 -0.038585603 -0.007256992 0.024096914 0.998938322
1305031113.543242 0.038701128 -0.005028314 0.059193790 -0.041372612 -0.012656302 0.021316882 0.998836160
1305031113.579301 0.025837732 -0.001861124 0.058433078 -0.039568093 -0.016777389 0.015333754 0.998958349
1305031113.611268 0.015887715 -0.000518844 0.060593225 -0.041745514 -0.019971635 0.010874623 0.998869479
1305031113.643222 0.008378206 -0.000275498 0.062481109 -0.044382345 -0.021644650 0.007873348 0.998749077
1305031113.679288 -0.004618103 -0.001294822 0.061875142 -0.045635823 -0.019490151 0.003835635 0.998760641
1305031113.711931 -0.012184502 -0.002703841 0.063412853 -0.046580117 -0.020416528 -0.000595299 0.998705745
1305031113.743590 -0.022336552 -0.000575106 0.063543551 -0.044808511 -0.017565623 -0.005948601 0.998823464
1305031113.779320 -0.034045286 -0.002687397 0.064137697 -0.044693727 -0.014260439 -0.010071103 0.998848200
1305031113.811237 -0.045279991 0.000171843 0.063794933 -0.042315356 -0.012384270 -0.012054660 0.998954833
1305031113.843295 -0.055273365 0.001949382 0.064067140 -0.042527974 -0.009940628 -0.015294928 0.998928726
1305031113.879281 -0.068635128 -0.006165274 0.064953946 -0.044536296 -0.007852860 -0.020260563 0.998771429
1305031113.911290 -0.076281525 -0.000587616 0.065425716 -0.039163258 -0.010080073 -0.020249605 0.998976767
1305031113.943291 -0.083822899 -0.000879942 0.067049228 -0.036860958 -0.008935730 -0.022663703 0.999023438
1305031113.979293 -0.096607238 -0.000618780 0.067380980 -0.033390786 -0.005745404 -0.028324628 0.999024391
1305031114.011257 -0.109858654 0.000819337 0.065705746 -0.029787725 -0.003294337 -0.033311766 0.998995543
1305031114.043301 -0.124109797 -0.000682161 0.065649100 -0.029393362 -0.004479327 -0.035435185 0.998929560
1305031114.079285 -0.135322228 -0.001839222 0.064283252 -0.027646845 -0.009396756 -0.036217239 0.998917282
1305031114.111263 -0.145580485 0.001544453 0.065339863 -0.024127068 -0.014800177 -0.039463833 0.998820007
1305031114.143284 -0.153383449 0.002244137 0.068625383 -0.023901397 -0.020690484 -0.042042568 0.998615563
1305031114.179337 -0.160562709 -0.000737185 0.070695154 -0.022511857 -0.023909271 -0.044553634 0.998467088
1305031114.211303 -0.172809839 0.007513320 0.068916440 -0.017803723 -0.022333730 -0.046842400 0.998493850
1305031114.243337 -0.187304348 0.007990194 0.070942074 -0.019927911 -0.022756530 -0.051155772 0.998232484
1305031114.279390 -0.199931979 0.009091787 0.071155265 -0.019329384 -0.027551353 -0.053187780 0.998017192
1305031114.311429 -0.208345309 0.011488044 0.073879205 -0.019782279 -0.035834663 -0.053343989 0.997736871
1305031114.343331 -0.211715177 0.010057198 0.074810922 -0.021452436 -0.043304443 -0.055641178 0.997280598
1305031114.379320 -0.218140289 0.008800729 0.076920949 -0.021865798 -0.045826841 -0.059955765 0.996908784
1305031114.411397 -0.228714988 0.009584529 0.076815307 -0.020568661 -0.046201579 -0.064623468 0.996627390
1305031114.443345 -0.241908208 0.011850446 0.078422427 -0.020044170 -0.047770187 -0.066779681 0.996421933
1305031114.479332 -0.254791707 0.009501323 0.077778935 -0.021595865 -0.052304670 -0.067744613 0.996096611
1305031114.511266 -0.254994690 0.011246823 0.077491626 -0.021525662 -0.063181192 -0.068640731 0.995406032
1305031114.543236 -0.254312515 0.010220362 0.080917396 -0.024702497 -0.069752559 -0.068377301 0.994911492
1305031114.579237 -0.258242995 0.008245209 0.081067257 -0.026715396 -0.070606709 -0.065197274 0.995012701
1305031114.611391 -0.262677699 0.010816908 0.081130281 -0.027965847 -0.071050629 -0.062616274 0.995112538
1305031114.644136 -0.271367222 0.010117435 0.081778869 -0.033252884 -0.070971951 -0.062129546 0.994985998
1305031114.679251 -0.275734395 0.008320879 0.083365977 -0.036563512 -0.076670431 -0.062965050 0.994394362
1305031114.711306 -0.273673981 0.006055785 0.084440939 -0.037881311 -0.083276197 -0.061554257 0.993901968
1305031114.743200 -0.273190498 0.003328187 0.083794028 -0.038074598 -0.087418117 -0.065010056 0.993318737
1305031114.779289 -0.270993769 0.004672862 0.083214819 -0.035145883 -0.090062104 -0.068197832 0.992976606
1305031114.811303 -0.272470862 0.005507547 0.081973173 -0.035187114 -0.090899587 -0.068264730 0.992894292
1305031114.843208 -0.271346033 0.004109350 0.081603020 -0.035953481 -0.091812678 -0.071037218 0.992588282
1305031114.879281 -0.267158866 0.007035227 0.080424249 -0.035157446 -0.093036763 -0.070055306 0.992572606
1305031114.912879 -0.264498949 0.009614992 0.080764137 -0.035399135 -0.093305066 -0.070695080 0.992493451
1305031114.943234 -0.255662650 0.011488494 0.080726415 -0.037354030 -0.095599093 -0.071685329 0.992132425
1305031114.979280 -0.252219856 0.013961643 0.081135675 -0.038612463 -0.092695996 -0.072853871 0.992274582
1305031115.011300 -0.244536459 0.018064462 0.081833258 -0.041340388 -0.092893802 -0.073940322 0.992065787
1305031115.043508 -0.234825581 0.014783061 0.085347265 -0.046662252 -0.092433020 -0.074155934 0.991856694
1305031115.079238 -0.226904139 0.018444940 0.086638212 -0.046316996 -0.089710459 -0.074545465 0.992093623
1305031115.111230 -0.212095067 0.018432546 0.089067020 -0.049630638 -0.088869981 -0.072278187 0.992176771
1305031115.143275 -0.204174951 0.014697363 0.090823412 -0.052750476 -0.080242239 -0.070126288 0.992905259
1305031115.179440 -0.200215116 0.018251527 0.093186818 -0.052446980 -0.074865669 -0.070081808 0.993344367
1305031115.211374 -0.185512006 0.013995808 0.100299232 -0.054463752 -0.076021925 -0.066423133 0.993399382
1305031115.243297 -0.173187122 0.010745236 0.102775931 -0.051000148 -0.072056398 -0.062414546 0.994138479
1305031115.279966 -0.163593560 0.016266104 0.103322797 -0.047607124 -0.069467679 -0.059126765 0.994691789
1305031115.311704 -0.144858211 0.008624073 0.110705763 -0.050935838 -0.068617664 -0.052406758 0.994962633
1305031115.343235 -0.131667316 0.013392179 0.108864591 -0.044624906 -0.060920734 -0.047862213 0.995995224
1305031115.379166 -0.135277405 0.022330666 0.107054576 -0.045276165 -0.050667092 -0.044345483 0.996702790
1305031115.411237 -0.119715013 0.017781679 0.113744356 -0.053556528 -0.060121983 -0.041470438 0.995890200
1305031115.443159 -0.101069018 0.018434387 0.118740678 -0.056277875 -0.065824017 -0.035540111 0.995608807
1305031115.479241 -0.089739904 0.018005792 0.118767813 -0.060959030 -0.065195434 -0.029785026 0.995563388
1305031115.511253 -0.074826531 0.014978126 0.121288255 -0.065351725 -0.066055179 -0.023947019 0.995385587
1305031115.543604 -0.060283046 0.020950031 0.129245818 -0.061425880 -0.055183943 -0.017354753 0.996433854
1305031115.579315 -0.055243507 0.015847806 0.124612555 -0.063189305 -0.038726240 -0.011462153 0.997184038
1305031115.611424 -0.042112723 0.013128716 0.125972033 -0.063302599 -0.034035604 -0.007065994 0.997388780
1305031115.643254 -0.026771463 0.010279134 0.122646689 -0.063225098 -0.028299714 0.001290400 0.997597098
1305031115.679241 -0.021528482 0.008668616 0.117268182 -0.062372070 -0.021631679 0.012552237 0.997739553
1305031115.711320 -0.006834658 0.012553319 0.120334059 -0.059455317 -0.023968741 0.019510251 0.997752428
1305031115.743250 0.011573954 0.012104258 0.122919932 -0.059702076 -0.020211108 0.027179068 0.997641385
1305031115.779425 0.021831555 0.012312153 0.122961015 -0.057099774 -0.009942108 0.033833072 0.997745454
1305031115.811277 0.046134416 0.012581196 0.122525021 -0.056952599 -0.006571089 0.039946001 0.997555792
1305031115.843224 0.051270057 0.009105103 0.117270112 -0.060861100 0.007820456 0.046606600 0.997026861
1305031115.879198 0.073221095 0.007139375 0.117226914 -0.061936300 0.008936229 0.057730775 0.996369004
1305031115.911118 0.082012527 0.009058109 0.114892147 -0.058608152 0.013512989 0.062387813 0.996238053
1305031115.943311 0.096969359 0.011103425 0.115605101 -0.059253167 0.017335543 0.069815211 0.995647728
1305031115.980740 0.105029151 0.013256583 0.114156224 -0.059690259 0.024037819 0.075367078 0.995077431
1305031116.011379 0.120112933 0.012891920 0.115032576 -0.063060209 0.030349644 0.078709468 0.994438112
1305031116.043164 0.132830396 0.016519664 0.113133669 -0.063770339 0.040673945 0.078999281 0.994001031
1305031116.080030 0.133401021 0.023182947 0.117415428 -0.065748475 0.055413194 0.085161448 0.992649972
1305031116.111300 0.139186814 0.020826748 0.119398743 -0.073835351 0.067066841 0.087835908 0.991128206
1305031116.143441 0.169249415 0.028897880 0.131002069 -0.074607424 0.062830381 0.090509310 0.991107523
1305031116.179572 0.175170988 0.030211858 0.131858900 -0.076288238 0.068993874 0.093235061 0.990316689
1305031116.211299 0.183293596 0.029406905 0.134628937 -0.081873089 0.074211374 0.096034169 0.989225388
1305031116.243320 0.190093204 0.028172525 0.136163533 -0.084347039 0.081151918 0.098393150 0.988240242
1305031116.279385 0.197646648 0.028625255 0.138380185 -0.085305445 0.090219788 0.101469621 0.987059951
1305031116.311336 0.198471442 0.031474274 0.137861013 -0.086012363 0.102158472 0.105207212 0.985442519
1305031116.343292 0.210337386 0.023200423 0.137486339 -0.091695942 0.103298955 0.109237276 0.984372079
1305031116.379384 0.210347041 0.023920957 0.136461958 -0.085007638 0.108636886 0.109153822 0.984407067
1305031116.411333 0.209552318 0.021275282 0.129581034 -0.083370760 0.112230778 0.112836435 0.983728349
1305031116.443369 0.210623667 0.024859507 0.127809003 -0.083763599 0.113743789 0.122017533 0.982424438
1305031116.479850 0.210950062 0.020156704 0.126707196 -0.086188883 0.115105428 0.126194730 0.981527925
1305031116.511205 0.209080666 0.019639000 0.124836035 -0.084309176 0.113754235 0.121894360 0.982391834
1305031116.543262 0.203174889 0.022962876 0.122205548 -0.079383887 0.114917256 0.118422776 0.983091176
1305031116.579313 0.197808862 0.022389716 0.123041444 -0.081015922 0.112459384 0.114654996 0.983688772
1305031116.611261 0.179861277 0.019290779 0.120238453 -0.080460146 0.113477811 0.107892342 0.984382153
1305031116.643355 0.175247371 0.019360550 0.116707548 -0.078792334 0.102412418 0.099509001 0.986611068
1305031116.679281 0.162547186 0.021931300 0.118385322 -0.076718055 0.097904406 0.090162456 0.988129437
1305031116.711634 0.153437391 0.022320831 0.115028247 -0.075683378 0.092918471 0.080883183 0.989492834
1305031116.743291 0.138763785 0.025438607 0.114348248 -0.075227037 0.089648731 0.068975180 0.990730226
1305031116.779298 0.126893625 0.024558596 0.114050366 -0.078035481 0.086263314 0.059060633 0.991453946
1305031116.811318 0.111449070 0.022950495 0.114009492 -0.078290887 0.085057288 0.050152536 0.992028475
1305031116.846089 0.095772602 0.025925584 0.111978926 -0.074453928 0.077636212 0.042036328 0.993308723
1305031116.880165 0.081847891 0.025868554 0.111870408 -0.076161884 0.067948096 0.036541842 0.994106174
1305031116.912044 0.069220632 0.025864813 0.109416157 -0.075714640 0.056809675 0.032104049 0.994992077
1305031116.943296 0.055579361 0.028571021 0.109118566 -0.075239591 0.043887813 0.024218518 0.995904803
1305031116.979351 0.042881485 0.028036095 0.109451070 -0.075092442 0.032699779 0.014952932 0.996528149
1305031117.011382 0.030229537 0.030852076 0.110002384 -0.072169118 0.020825930 0.004137586 0.997166395
1305031117.043261 0.023078505 0.036431409 0.110938199 -0.070151821 0.008390262 -0.000278990 0.997501016
1305031117.079520 0.006465923 0.037954845 0.104615472 -0.072221607 0.002847070 -0.005623594 0.997368693
1305031117.111238 -0.004571876 0.035668120 0.099978916 -0.076042637 -0.007654196 -0.007943279 0.997043550
1305031117.143218 -0.011044955 0.041213721 0.102810711 -0.076236360 -0.019022988 -0.008033985 0.996875942
1305031117.179264 -0.018980414 0.042798817 0.103558943 -0.078547202 -0.027195062 -0.013561527 0.996447086
1305031117.211361 -0.022538016 0.046426609 0.107530303 -0.078764640 -0.034900874 -0.016693972 0.996142268
1305031117.243277 -0.025795534 0.046539634 0.104573376 -0.082711719 -0.037771851 -0.016423834 0.995721996
1305031117.279299 -0.026206765 0.043825772 0.106498368 -0.088656023 -0.038031798 -0.021240797 0.995109260
1305031117.311200 -0.029014051 0.041729812 0.107200429 -0.092792004 -0.035934716 -0.022488223 0.994782686
1305031117.343243 -0.032535687 0.038522191 0.107612878 -0.095233090 -0.035034373 -0.023643713 0.994557321
1305031117.379454 -0.032071173 0.034698144 0.108012512 -0.095601745 -0.035920497 -0.023760566 0.994487524
1305031117.411221 -0.035893787 0.030233629 0.108068228 -0.095134020 -0.035743561 -0.023202347 0.994551957
1305031117.443274 -0.034851413 0.027633622 0.107302621 -0.092432134 -0.038085382 -0.021858877 0.994750261
1305031117.479403 -0.035225671 0.022827391 0.107328780 -0.091340341 -0.039030597 -0.020406255 0.994845271
1305031117.511325 -0.033683334 0.016924517 0.108206213 -0.089057729 -0.041586261 -0.018703626 0.994982123
1305031117.544285 -0.035380188 0.013207382 0.108246475 -0.084285296 -0.041648827 -0.018388836 0.995401025
1305031117.579155 -0.035499942 0.008775400 0.108006932 -0.081502497 -0.043431874 -0.019698838 0.995531499
1305031117.611159 -0.036753036 0.004254870 0.109621100 -0.080537163 -0.044718742 -0.019074259 0.995565236
1305031117.643252 -0.037096687 -0.003442807 0.111484438 -0.080135949 -0.047070187 -0.017905124 0.995510936
1305031117.679262 -0.038929068 -0.005584588 0.112925716 -0.078536004 -0.048904281 -0.017745610 0.995552897
1305031117.711184 -0.035976306 -0.015216514 0.116564155 -0.081281506 -0.053288173 -0.014753979 0.995156288
1305031117.743184 -0.037540019 -0.022844445 0.119355835 -0.081805550 -0.054697052 -0.012008550 0.995073795
1305031117.779467 -0.037893787 -0.026675841 0.121825539 -0.080705218 -0.057032432 -0.010288097 0.995051801
1305031117.811320 -0.036713682 -0.037713267 0.126105264 -0.083844818 -0.059645712 -0.008062697 0.994659483
1305031117.843291 -0.032882538 -0.045088124 0.129999965 -0.082102887 -0.061339974 -0.006930294 0.994710267
1305031117.879451 -0.031942710 -0.049878586 0.133209944 -0.080221087 -0.058938958 -0.006736616 0.995010257
1305031117.911407 -0.032939821 -0.058189284 0.137372151 -0.080471769 -0.056941405 -0.006506471 0.995107830
1305031117.943253 -0.033276688 -0.063927501 0.138977796 -0.079251930 -0.054815270 -0.006979676 0.995321929
1305031117.979228 -0.035460304 -0.069449037 0.141973600 -0.080499142 -0.052258238 -0.007607996 0.995354772
1305031118.011228 -0.035855606 -0.079711206 0.147962838 -0.083509915 -0.052294984 -0.008033808 0.995101392
1305031118.043521 -0.036097646 -0.086801991 0.152327180 -0.082763411 -0.051148072 -0.007666703 0.995226264
1305031118.079334 -0.034560170 -0.091490299 0.156042367 -0.081984535 -0.050763439 -0.008852678 0.995300591
1305031118.111217 -0.031932436 -0.099872723 0.161011443 -0.082045332 -0.048017580 -0.009894149 0.995422006
1305031118.143256 -0.034780085 -0.106838942 0.163127422 -0.080878288 -0.042218208 -0.011966084 0.995757580
1305031118.179323 -0.035018850 -0.115964621 0.167731002 -0.081342570 -0.039654750 -0.014067889 0.995797634
1305031118.211202 -0.039274655 -0.124094933 0.170032546 -0.078557409 -0.035369061 -0.013243687 0.996193945
1305031118.243173 -0.039143570 -0.131509274 0.172501907 -0.076208360 -0.036710784 -0.012599499 0.996336222
1305031118.279194 -0.039182283 -0.141940728 0.177842245 -0.074083351 -0.037263941 -0.013139918 0.996468961
1305031118.311299 -0.039944660 -0.145662636 0.179298952 -0.066495061 -0.037372455 -0.013455383 0.996995807
1305031118.343324 -0.035865795 -0.147864923 0.182970792 -0.061226964 -0.038340226 -0.013592443 0.997294605
1305031118.379208 -0.038927600 -0.154211149 0.183258981 -0.057740562 -0.035261434 -0.015377793 0.997590184
1305031118.411296 -0.040061004 -0.162385091 0.185153037 -0.057502143 -0.036797762 -0.015682112 0.997543752
1305031118.445692 -0.036296930 -0.164580300 0.194883287 -0.056998566 -0.039673045 -0.012224312 0.997510791
1305031118.479285 -0.037218783 -0.167545676 0.195682287 -0.056819066 -0.039526645 -0.010340872 0.997548163
1305031118.511255 -0.035225850 -0.164676219 0.196797073 -0.053932127 -0.040658269 -0.008779505 0.997677863
1305031118.544414 -0.033449665 -0.159083709 0.197228774 -0.053226378 -0.040725607 -0.009206082 0.997709215
1305031118.579285 -0.032558963 -0.158224195 0.197714612 -0.055492878 -0.039818853 -0.009730493 0.997617304
1305031118.616142 -0.030386563 -0.155304611 0.195624501 -0.056008127 -0.038447645 -0.011407422 0.997624516
1305031118.645325 -0.031949282 -0.148310900 0.194444373 -0.055692870 -0.035644896 -0.014129289 0.997711420
1305031118.679295 -0.032613482 -0.143410370 0.192184240 -0.058769219 -0.034186967 -0.016048554 0.997556984
1305031118.711421 -0.035219811 -0.143552065 0.188764140 -0.061388593 -0.033114534 -0.019907180 0.997365832
1305031118.746770 -0.038201351 -0.133830577 0.184504986 -0.057482440 -0.034187745 -0.018816041 0.997583568
1305031118.779277 -0.037979852 -0.115559563 0.176622808 -0.055604637 -0.037318550 -0.018048039 0.997591972
1305031118.811221 -0.036699321 -0.116368197 0.178430289 -0.062391169 -0.040378887 -0.021155469 0.997010231
1305031118.846753 -0.033779621 -0.109234557 0.172840759 -0.058052927 -0.040875476 -0.019733593 0.997281134
1305031118.879208 -0.033252392 -0.094138518 0.164497092 -0.054498799 -0.038434811 -0.021380255 0.997544765
1305031118.911177 -0.035107773 -0.090841711 0.162593499 -0.058698125 -0.036483798 -0.024043711 0.997319102
1305031118.946974 -0.033668309 -0.079290435 0.155974314 -0.055821490 -0.035738021 -0.025661094 0.997470915
1305031118.979374 -0.035440434 -0.067387417 0.149726242 -0.055321138 -0.034028649 -0.029507132 0.997452259
1305031119.011363 -0.037404150 -0.057303015 0.145514026 -0.057735205 -0.033452827 -0.031758346 0.997265756
1305031119.047172 -0.039293732 -0.050293870 0.141074717 -0.059636228 -0.033247922 -0.032432728 0.997138977
1305031119.079223 -0.041866217 -0.042486597 0.135602370 -0.059822001 -0.034416549 -0.032576960 0.997083545
1305031119.111328 -0.042661838 -0.036447540 0.129965678 -0.060495295 -0.037516985 -0.032412864 0.996936440
1305031119.147616 -0.044709448 -0.024568945 0.124432065 -0.058634780 -0.040067133 -0.030902795 0.996996284
1305031119.179226 -0.042250529 -0.022144858 0.121452861 -0.061032627 -0.045700341 -0.030612500 0.996618986
1305031119.211364 -0.040618088 -0.011789703 0.116788894 -0.056769542 -0.048044875 -0.028822992 0.996814013
1305031119.247399 -0.041614406 -0.003023243 0.112402618 -0.055478372 -0.048883840 -0.028360412 0.996859133
1305031119.279212 -0.041447103 0.004682543 0.108886577 -0.054878287 -0.049924668 -0.028760357 0.996829331
1305031119.311212 -0.042981870 0.011502731 0.104385659 -0.054853819 -0.049371772 -0.026025575 0.996933341
1305031119.347741 -0.043735970 0.018160244 0.101630419 -0.053796910 -0.050921563 -0.023333393 0.996979654
1305031119.379239 -0.042748436 0.029554179 0.097797059 -0.051196005 -0.053508136 -0.022992603 0.996989071
1305031119.411484 -0.038830776 0.036630992 0.096474096 -0.052021317 -0.055246364 -0.022189740 0.996869683
1305031119.447706 -0.038466930 0.041048177 0.093598887 -0.053792693 -0.052744493 -0.021809151 0.996919572
1305031119.479267 -0.039005805 0.051322766 0.090014949 -0.050738133 -0.050394915 -0.022554385 0.997184694
1305031119.511240 -0.041277390 0.059263736 0.087022685 -0.051964585 -0.048274033 -0.021850871 0.997242093
1305031119.547382 -0.042012461 0.067906037 0.083494358 -0.052774593 -0.047726709 -0.019940179 0.997265935
1305031119.579559 -0.040276952 0.081059515 0.081481822 -0.051736563 -0.047436003 -0.020376369 0.997325361
1305031119.615017 -0.043115459 0.086031258 0.080629647 -0.056617856 -0.044154890 -0.019806948 0.997222364
1305031119.647903 -0.042630531 0.096991256 0.077620596 -0.057638325 -0.044163335 -0.018678539 0.997185290
1305031119.679208 -0.038419358 0.108134001 0.077647060 -0.059791539 -0.044215620 -0.020802142 0.997014165
1305031119.715232 -0.041751146 0.113598175 0.076218680 -0.066123612 -0.037887711 -0.018596383 0.996918440
1305031119.747193 -0.047396287 0.120456979 0.075068958 -0.069443457 -0.033632036 -0.013844240 0.996922672
1305031119.779169 -0.045858588 0.126440808 0.074114978 -0.072933659 -0.036413193 -0.011237075 0.996608496
1305031119.814537 -0.043818276 0.133726075 0.073547192 -0.074603587 -0.038560774 -0.007198441 0.996441424
1305031119.847429 -0.043637075 0.140972048 0.072181113 -0.076762252 -0.037473500 -0.002848603 0.996340871
1305031119.879214 -0.043132186 0.143962890 0.071830355 -0.078497477 -0.036138363 -0.002578335 0.996255755
1305031119.911401 -0.046389639 0.156508178 0.068808332 -0.074582763 -0.032296851 -0.002560799 0.996688366
1305031119.947392 -0.044968892 0.161000878 0.067899510 -0.079451017 -0.031692252 -0.002515549 0.996331632
1305031119.979537 -0.044920415 0.165874511 0.067014813 -0.081249669 -0.028422602 -0.003617758 0.996281803
1305031120.015264 -0.047423620 0.178144529 0.065107487 -0.080849692 -0.023884820 -0.002274081 0.996437430
1305031120.047290 -0.051540580 0.171815127 0.062290099 -0.092824027 -0.020538127 -0.002343115 0.995467961
1305031120.079418 -0.050806932 0.172571123 0.061174087 -0.094246022 -0.023433629 0.000279256 0.995273054
1305031120.115232 -0.052091021 0.177050322 0.061572034 -0.093549736 -0.025133066 0.001815363 0.995295644
1305031120.148157 -0.051049031 0.172366157 0.062457722 -0.097935490 -0.026279354 0.002368139 0.994842947
1305031120.179246 -0.050063193 0.168049946 0.062091313 -0.098344557 -0.025986152 0.005524871 0.994797766
1305031120.215249 -0.049484462 0.163459897 0.062684737 -0.094877996 -0.026520941 0.005557334 0.995120049
1305031120.248003 -0.048403896 0.161877781 0.063557111 -0.090146430 -0.027240556 0.003496183 0.995549738
1305031120.279430 -0.049066164 0.156201348 0.064834125 -0.087829381 -0.025958322 0.001600055 0.995795965
1305031120.315196 -0.048134029 0.149077445 0.065592378 -0.086507708 -0.025996091 -0.000755409 0.995911658
1305031120.347787 -0.049055878 0.142613709 0.067390308 -0.083316326 -0.024853289 -0.002603276 0.996209741
1305031120.379437 -0.048356421 0.134697318 0.070756868 -0.082664751 -0.025578797 -0.003100575 0.996244252
1305031120.415445 -0.045784667 0.122637071 0.075912789 -0.078627922 -0.027827131 -0.002922213 0.996511281
1305031120.447417 -0.045195140 0.118390538 0.077801786 -0.071101286 -0.028880948 -0.002662517 0.997047365
1305031120.479432 -0.044903707 0.107183494 0.081957899 -0.070275590 -0.029726790 -0.002878666 0.997080386
1305031120.514819 -0.046378423 0.098948419 0.084951863 -0.063762560 -0.030703105 -0.000843096 0.997492313
1305031120.547736 -0.045670506 0.091338046 0.087625533 -0.058206070 -0.034237657 0.001176051 0.997716606
1305031120.579551 -0.047335442 0.084845103 0.090936787 -0.055350095 -0.037152741 0.005064148 0.997762680
1305031120.615236 -0.043603566 0.076471850 0.096201681 -0.053168934 -0.043747097 0.008040105 0.997594416
1305031120.647354 -0.043325245 0.069331676 0.098797113 -0.048722912 -0.046392504 0.008117839 0.997701347
1305031120.679318 -0.041851223 0.064192913 0.103550985 -0.046076421 -0.048583489 0.009124338 0.997714043
1305031120.714522 -0.041674834 0.056994509 0.105805948 -0.044453755 -0.049007725 0.009910354 0.997759461
1305031120.747369 -0.041811459 0.049966060 0.109630585 -0.043685429 -0.051247362 0.010504656 0.997674763
1305031120.779894 -0.038814031 0.041060649 0.114404425 -0.042479642 -0.054851711 0.010972371 0.997530162
1305031120.814944 -0.038915649 0.036881119 0.115730651 -0.039081804 -0.055002496 0.010174104 0.997669220
1305031120.847921 -0.039186995 0.028240908 0.117952965 -0.041004695 -0.055715308 0.008226909 0.997570395
1305031120.883435 -0.035134293 0.019046675 0.122278288 -0.039968625 -0.057504572 0.007166150 0.997519076
1305031120.915444 -0.038191076 0.015508139 0.122472733 -0.037331954 -0.054293860 0.004639415 0.997816086
1305031120.947488 -0.038067278 0.007017693 0.125042439 -0.038488548 -0.054144464 0.003152164 0.997786105
1305031120.983366 -0.038344003 0.000078564 0.127926812 -0.038183000 -0.054317810 0.000794752 0.997793078
1305031121.015019 -0.037754282 -0.007688952 0.129956141 -0.037074104 -0.055341762 -0.000298792 0.997778893
1305031121.047498 -0.039182570 -0.012026021 0.131076053 -0.035823543 -0.054444984 -0.001192827 0.997873247
1305031121.083099 -0.039062787 -0.023989886 0.133325040 -0.037237298 -0.055968001 -0.002383184 0.997735083
1305031121.114696 -0.039541900 -0.028977852 0.134070337 -0.034090571 -0.056950133 -0.001935997 0.997792959
1305031121.147331 -0.040056787 -0.035058986 0.134993270 -0.032203287 -0.057440307 -0.002863311 0.997825325
1305031121.183271 -0.040219683 -0.042828210 0.136610880 -0.031032879 -0.058791727 -0.003465247 0.997781813
1305031121.211420 -0.038399316 -0.049569353 0.140834272 -0.028451446 -0.059525698 -0.003319091 0.997815669
1305031121.247194 -0.041673459 -0.053942140 0.141408399 -0.025700068 -0.056712266 -0.004338467 0.998050272
1305031121.282876 -0.040537041 -0.062857077 0.145212591 -0.026963232 -0.058901068 -0.002581635 0.997896314
1305031121.313568 -0.039910134 -0.072043270 0.147029474 -0.025249051 -0.059124641 -0.001937211 0.997929394
1305031121.347517 -0.042688079 -0.076666988 0.148500502 -0.022808919 -0.059335761 -0.000888511 0.997977078
1305031121.383226 -0.039437339 -0.086275883 0.153432161 -0.022437053 -0.062306199 -0.000223861 0.997804821
1305031121.414318 -0.039909147 -0.092029095 0.154396147 -0.017656336 -0.061089609 -0.001404995 0.997975171
1305031121.447319 -0.039478108 -0.097957119 0.156002656 -0.016742071 -0.061105642 -0.000904261 0.997990489
1305031121.482964 -0.037788715 -0.108593300 0.162032232 -0.016673479 -0.060115851 0.000832807 0.998051763
1305031121.514107 -0.041844554 -0.113021150 0.160533026 -0.012939083 -0.056363709 0.001614315 0.998325109
1305031121.547270 -0.040791199 -0.116308339 0.164507478 -0.013650876 -0.057088606 0.003100486 0.998270988
1305031121.583204 -0.039045587 -0.127207294 0.167974561 -0.017111463 -0.056685686 0.002134841 0.998243153
1305031121.614700 -0.038621865 -0.132756993 0.170236290 -0.015859311 -0.055098288 0.001222586 0.998354256
1305031121.647183 -0.037664682 -0.133887559 0.172926098 -0.013534361 -0.051462453 -0.000876894 0.998582840
1305031121.683200 -0.041015901 -0.142594263 0.173132047 -0.017325427 -0.046287671 -0.002770068 0.998774111
1305031121.714520 -0.043320522 -0.149685726 0.172721714 -0.018746089 -0.044639111 -0.003041124 0.998822629
1305031121.747145 -0.042489074 -0.151538104 0.175414309 -0.019757306 -0.044982035 -0.002512631 0.998789251
1305031121.782835 -0.041487530 -0.162666470 0.181245804 -0.024383891 -0.045388099 0.000238924 0.998671770
1305031121.811540 -0.038882613 -0.163521051 0.184339821 -0.024663804 -0.045446146 0.002841948 0.998658240
1305031121.847335 -0.040982902 -0.164185405 0.181274161 -0.026096027 -0.042189784 0.005116118 0.998755634
1305031121.882060 -0.042121701 -0.166392148 0.180722937 -0.028530151 -0.041292183 0.010899070 0.998680234
1305031121.914931 -0.042772215 -0.166918844 0.181699380 -0.030396391 -0.043078870 0.013067856 0.998523653
1305031121.947288 -0.040093388 -0.166424841 0.183140650 -0.030064724 -0.046253402 0.012916444 0.998393655
1305031121.982926 -0.039619826 -0.162355512 0.182857141 -0.029096184 -0.046072125 0.012325794 0.998438179
1305031122.014256 -0.042011246 -0.160483986 0.181090534 -0.029682633 -0.044968814 0.009665995 0.998500526
1305031122.047306 -0.041108593 -0.156080216 0.179108098 -0.028205594 -0.046785492 0.006010081 0.998488605
1305031122.082959 -0.040005721 -0.150574386 0.177590281 -0.026983825 -0.047696169 0.002605446 0.998493910
1305031122.114672 -0.041676022 -0.142215088 0.174654841 -0.024561470 -0.047022518 -0.000940689 0.998591363
1305031122.150725 -0.039806828 -0.134833515 0.172372878 -0.024535157 -0.048144579 -0.006092975 0.998520374
1305031122.183042 -0.038626559 -0.129331246 0.172696546 -0.023125596 -0.048087012 -0.010684196 0.998518229
1305031122.214959 -0.039197255 -0.111854218 0.167847782 -0.021994518 -0.046372049 -0.015278356 0.998565197
1305031122.251319 -0.042188998 -0.109320231 0.165020689 -0.029173303 -0.044099003 -0.019647447 0.998407841
1305031122.283560 -0.044194497 -0.098591670 0.160394728 -0.028589459 -0.044108637 -0.021253109 0.998391390
1305031122.314289 -0.047802411 -0.081555299 0.150560424 -0.030316211 -0.044169273 -0.027632158 0.998181581
1305031122.351327 -0.045368776 -0.077508807 0.154037178 -0.038604908 -0.048492827 -0.028156172 0.997680008
1305031122.382630 -0.048282422 -0.067982271 0.146954313 -0.042619366 -0.048953954 -0.028885784 0.997473180
1305031122.414997 -0.049313456 -0.063595198 0.144078493 -0.047562920 -0.053040218 -0.029384816 0.997026086
1305031122.451257 -0.051258136 -0.054253936 0.136478469 -0.048670460 -0.056363959 -0.028666055 0.996811211
1305031122.483360 -0.050434727 -0.046220694 0.134631112 -0.051372878 -0.062057819 -0.028233368 0.996349633
1305031122.515097 -0.051346082 -0.036573663 0.128240898 -0.051465206 -0.064756505 -0.030375673 0.996110022
1305031122.551490 -0.048420236 -0.026337981 0.126604095 -0.051635895 -0.067113422 -0.031720951 0.995903254
1305031122.583208 -0.048605561 -0.020481769 0.121379927 -0.053628847 -0.065470785 -0.033464648 0.995850205
1305031122.614980 -0.051847991 -0.015271663 0.117562406 -0.054964501 -0.064313032 -0.032943957 0.995870173
1305031122.648788 -0.051312149 -0.006353454 0.113355294 -0.053070351 -0.066554911 -0.031391177 0.995875776
1305031122.683402 -0.051596999 0.001134153 0.108513586 -0.052523222 -0.067358837 -0.030178996 0.995888233
1305031122.715208 -0.053673372 0.009793028 0.106227390 -0.051950406 -0.069392897 -0.027251419 0.995862961
1305031122.751298 -0.052316301 0.021480097 0.102909908 -0.049746819 -0.072438575 -0.027121533 0.995762169
1305031122.783423 -0.050134860 0.032936290 0.101061665 -0.051432382 -0.073980115 -0.026839100 0.995570838
1305031122.812555 -0.048946537 0.037572578 0.098754324 -0.057284173 -0.073491968 -0.028381569 0.995244682
1305031122.851418 -0.045491148 0.043988522 0.098182067 -0.059128456 -0.071492471 -0.030492106 0.995220006
1305031122.883754 -0.046797194 0.054333627 0.095048152 -0.060169894 -0.064263336 -0.029588133 0.995677829
1305031122.914571 -0.051781211 0.057876647 0.093954600 -0.064668022 -0.059290342 -0.029184230 0.995716333
1305031122.951341 -0.051257655 0.061957806 0.092112713 -0.066554211 -0.059058663 -0.028035387 0.995638788
1305031122.982815 -0.053609367 0.069538906 0.087991618 -0.067486905 -0.057790551 -0.024738697 0.995737791
1305031123.015450 -0.053079806 0.073998019 0.087412886 -0.070252851 -0.059345152 -0.021470260 0.995530844
1305031123.051827 -0.050824910 0.078765124 0.085979551 -0.069704913 -0.060017031 -0.020139227 0.995556951
1305031123.082975 -0.051353291 0.089231417 0.083403245 -0.067245379 -0.058835242 -0.017815603 0.995840907
1305031123.113873 -0.051503148 0.098672464 0.082173869 -0.068516910 -0.057693269 -0.015464037 0.995860338
1305031123.150822 -0.052613162 0.103153415 0.080236241 -0.072079174 -0.056298371 -0.015005125 0.995695710
1305031123.182155 -0.049026065 0.112958595 0.080207601 -0.072708808 -0.056514271 -0.014637411 0.995643198
1305031123.214704 -0.048138730 0.120972686 0.079104051 -0.076212987 -0.052320387 -0.015184163 0.995602131
1305031123.250618 -0.050363883 0.134757102 0.078267597 -0.077312134 -0.047346927 -0.017155336 0.995734334
1305031123.282347 -0.049522698 0.139990285 0.077202134 -0.087191522 -0.044570178 -0.013171691 0.995106876
1305031123.311327 -0.046775095 0.145711794 0.078845643 -0.092844978 -0.042279664 -0.011950517 0.994710743
1305031123.350481 -0.047720656 0.150261477 0.077580817 -0.098643199 -0.037326947 -0.012156154 0.994348228
1305031123.382255 -0.049307030 0.160127342 0.076444529 -0.100718983 -0.031119842 -0.008505091 0.994391739
1305031123.411363 -0.050067145 0.165959418 0.075184524 -0.103269987 -0.025629433 -0.006951604 0.994298816
1305031123.451255 -0.050192740 0.174162388 0.074522629 -0.103781871 -0.023279086 -0.006255534 0.994307935
1305031123.483594 -0.047587167 0.180894613 0.073552504 -0.107396632 -0.022847071 -0.001155128 0.993953049
1305031123.511360 -0.048647817 0.184343219 0.072120801 -0.111351833 -0.020128306 0.000870182 0.993576765
1305031123.551513 -0.047135618 0.189795420 0.071136706 -0.112884916 -0.021028247 0.003562634 0.993379116
1305031123.579583 -0.045651663 0.195544824 0.071198642 -0.114630215 -0.021251725 0.006828625 0.993157387
1305031123.611335 -0.045390692 0.200935289 0.069416985 -0.115603946 -0.019667896 0.008166086 0.993067086
1305031123.652411 -0.042851366 0.209781602 0.069218040 -0.117083840 -0.018867003 0.008596944 0.992905557
1305031123.683753 -0.041982830 0.214857578 0.068329081 -0.120601937 -0.015516269 0.009857972 0.992530704
1305031123.711323 -0.040944010 0.221772447 0.067543373 -0.123046339 -0.012238095 0.011032716 0.992264092
1305031123.751723 -0.040700950 0.221296921 0.067186788 -0.128604308 -0.010217925 0.012494593 0.991564572
1305031123.783858 -0.041468859 0.224104762 0.065671518 -0.129489645 -0.010067793 0.014245892 0.991427243
1305031123.811608 -0.038846891 0.229666606 0.067231461 -0.129191965 -0.012247014 0.015786046 0.991418302
1305031123.851444 -0.037872270 0.229245692 0.066582933 -0.130815476 -0.012805771 0.017598297 0.991167784
1305031123.883786 -0.038606036 0.223256022 0.065953925 -0.134450287 -0.013493191 0.018622888 0.990653455
1305031123.911243 -0.039287761 0.224428594 0.065274149 -0.129511580 -0.014667117 0.018632300 0.991294324
1305031123.951442 -0.037967119 0.224207044 0.065365180 -0.128711224 -0.016016342 0.019196231 0.991366923
1305031123.983415 -0.040720213 0.216156036 0.066133246 -0.133995846 -0.016336882 0.021801179 0.990607321
1305031124.011302 -0.039020821 0.210345343 0.067467250 -0.129598424 -0.021494752 0.021798203 0.991093874
1305031124.051505 -0.039328437 0.210225821 0.069140881 -0.122985162 -0.024376778 0.021543704 0.991875112
1305031124.083837 -0.042498335 0.197630346 0.069318786 -0.126350269 -0.024670765 0.022146543 0.991431534
1305031124.111331 -0.043981593 0.186816707 0.072000146 -0.123331897 -0.026619734 0.021000015 0.991786063
1305031124.147446 -0.040564433 0.191983849 0.075385444 -0.112662159 -0.030693825 0.019547844 0.992966771
1305031124.182694 -0.040741634 0.184303433 0.078135461 -0.112858258 -0.031671979 0.017667446 0.992949009
1305031124.211396 -0.040997989 0.173643664 0.080605119 -0.107399337 -0.032437269 0.014504864 0.993580818
1305031124.249327 -0.040644869 0.169445366 0.081651896 -0.102822036 -0.034319505 0.015583764 0.993985355
1305031124.282545 -0.042433422 0.164229050 0.083447725 -0.101837777 -0.037490625 0.015047065 0.993980408
1305031124.311361 -0.039676718 0.152112320 0.086077243 -0.100840583 -0.043240249 0.016223902 0.993830085
1305031124.350354 -0.039671917 0.148073331 0.087821595 -0.094336130 -0.046491042 0.014322671 0.994351149
1305031124.382420 -0.037413076 0.137475148 0.090001799 -0.093229443 -0.049926285 0.013292905 0.994303226
1305031124.411439 -0.037173294 0.127949193 0.091620222 -0.089141980 -0.051350757 0.013162903 0.994607270
1305031124.450245 -0.037687987 0.120864935 0.093095779 -0.081858985 -0.052305289 0.010575046 0.995214283
1305031124.480099 -0.037707724 0.110849366 0.095005795 -0.076658174 -0.053558804 0.008038764 0.995585442
1305031124.511324 -0.038750563 0.104706451 0.095765702 -0.069451913 -0.054585423 0.006231717 0.996071279
1305031124.550437 -0.039182086 0.095277362 0.097075388 -0.066343442 -0.056095466 0.003230468 0.996213496
1305031124.579404 -0.040050641 0.086057261 0.099760123 -0.062761508 -0.058254674 0.000690582 0.996326685
1305031124.611358 -0.038944423 0.075840257 0.101812050 -0.058810282 -0.061313331 -0.000513051 0.996384382
1305031124.651271 -0.039643519 0.067312866 0.104469255 -0.055329677 -0.063227817 -0.003041539 0.996459544
1305031124.679362 -0.037475504 0.057555165 0.108583383 -0.051910125 -0.066250786 -0.004373801 0.996442139
1305031124.711251 -0.037723504 0.050051056 0.110369325 -0.047623113 -0.065961614 -0.006141601 0.996666133
1305031124.749890 -0.038117487 0.038511913 0.113729246 -0.047066398 -0.065992430 -0.007487575 0.996681333
1305031124.779365 -0.037756700 0.031056177 0.117186807 -0.043027557 -0.067765698 -0.008115583 0.996739984
1305031124.811360 -0.037983730 0.023788195 0.121211290 -0.040415481 -0.068783723 -0.008840074 0.996773422
1305031124.850535 -0.038106866 0.012521907 0.125274152 -0.041564275 -0.070139989 -0.009249645 0.996627927
1305031124.879355 -0.033112578 -0.000490923 0.131467730 -0.041412238 -0.072849251 -0.009275414 0.996439636
1305031124.911448 -0.035521869 -0.006315841 0.133475959 -0.039159577 -0.068784021 -0.009996784 0.996812582
1305031124.950730 -0.035146840 -0.014462790 0.141326740 -0.042023875 -0.068399154 -0.010122665 0.996721148
1305031124.979438 -0.035411727 -0.028895240 0.144996718 -0.043019991 -0.067386143 -0.007686412 0.996769428
1305031125.011454 -0.038219199 -0.037461303 0.146884352 -0.038780734 -0.068517551 -0.007234645 0.996869624
1305031125.050763 -0.035146758 -0.040802523 0.150163412 -0.035724610 -0.071993589 -0.006113014 0.996746361
1305031125.079364 -0.035606045 -0.049481668 0.153665438 -0.037197284 -0.070704326 -0.003705653 0.996796608
1305031125.111364 -0.035956375 -0.060593128 0.156983048 -0.037892841 -0.071804047 -0.002362040 0.996695936
1305031125.151013 -0.034391243 -0.065743387 0.159492999 -0.033419456 -0.072928339 -0.004166144 0.996768415
1305031125.179353 -0.036129154 -0.068453640 0.159760088 -0.032885917 -0.069367014 -0.003319853 0.997043490
1305031125.211320 -0.037468344 -0.079111800 0.167138889 -0.037516575 -0.068229638 -0.003318956 0.996958435
1305031125.250632 -0.038580745 -0.088262618 0.170491353 -0.036138203 -0.068036735 -0.005677558 0.997011900
1305031125.279467 -0.039833162 -0.091008224 0.171325564 -0.032303702 -0.067509167 -0.006714695 0.997172952
1305031125.311493 -0.038202003 -0.101661123 0.175160274 -0.034254614 -0.066931739 -0.006431580 0.997148633
1305031125.348880 -0.041377511 -0.102836892 0.176559791 -0.028603906 -0.064539909 -0.009357367 0.997461200
1305031125.379401 -0.035281643 -0.107610129 0.183768392 -0.029216006 -0.066097111 -0.012590551 0.997305930
1305031125.411335 -0.036317803 -0.110814884 0.185669646 -0.028962467 -0.059152517 -0.013347897 0.997739434
1305031125.451195 -0.037145771 -0.117423117 0.187912747 -0.033208221 -0.053901188 -0.015184337 0.997878432
1305031125.479424 -0.037161395 -0.124993570 0.190248147 -0.033784572 -0.050130296 -0.017281868 0.998021483
1305031125.511316 -0.038280837 -0.123744212 0.190372050 -0.031978965 -0.045931097 -0.017418368 0.998280644
1305031125.551020 -0.038329825 -0.126484603 0.191466033 -0.033133753 -0.042891581 -0.019555019 0.998338640
1305031125.579308 -0.037384033 -0.127300367 0.192797452 -0.034400385 -0.039928630 -0.021478739 0.998379171
1305031125.611533 -0.038497370 -0.135038003 0.191817895 -0.036313184 -0.035989445 -0.022340972 0.998442292
1305031125.650575 -0.044344038 -0.136426240 0.187254414 -0.031693630 -0.033061352 -0.019920748 0.998751998
1305031125.679328 -0.047619861 -0.129095167 0.182863697 -0.025687506 -0.035982955 -0.019019976 0.998841107
1305031125.711443 -0.044517279 -0.131853834 0.181622714 -0.025878444 -0.042753175 -0.017288104 0.998600841
1305031125.751260 -0.041704327 -0.119735911 0.179003626 -0.018172557 -0.046164051 -0.014864323 0.998657942
1305031125.779348 -0.041770443 -0.113579668 0.175563663 -0.017741593 -0.046726298 -0.017949961 0.998588860
1305031125.811573 -0.040405609 -0.104336500 0.172391966 -0.015895585 -0.046343770 -0.018548356 0.998626828
1305031125.847412 -0.039057981 -0.101841174 0.171193570 -0.019725503 -0.045914881 -0.020670598 0.998536646
1305031125.879318 -0.042673428 -0.095664300 0.165550604 -0.019340292 -0.044502467 -0.021842442 0.998583198
1305031125.911305 -0.047546424 -0.083244205 0.157899186 -0.020713270 -0.045073025 -0.020820394 0.998551905
1305031125.947343 -0.049895473 -0.081246696 0.153860494 -0.025528790 -0.050607082 -0.019046756 0.998210609
1305031125.979324 -0.048182458 -0.070410937 0.151032209 -0.024400596 -0.058861963 -0.015597901 0.997845948
1305031126.011333 -0.043721545 -0.061154440 0.150069311 -0.026223984 -0.066148393 -0.015352657 0.997346938
1305031126.047324 -0.039112478 -0.047986656 0.149565995 -0.027183194 -0.069313452 -0.013448278 0.997133851
1305031126.079356 -0.039203752 -0.036637224 0.147920609 -0.030115312 -0.067651227 -0.012607546 0.997174740
1305031126.111370 -0.039373893 -0.029921941 0.148906648 -0.034354560 -0.066855684 -0.014018777 0.997072458
1305031126.147432 -0.038982958 -0.016337082 0.143757209 -0.034712620 -0.065204158 -0.011885004 0.997197151
1305031126.179384 -0.039082684 -0.005016963 0.142386720 -0.040418394 -0.065423369 -0.011096931 0.996976912
1305031126.211319 -0.037259329 0.000784741 0.143033281 -0.045653362 -0.066854127 -0.011103963 0.996655941
1305031126.247298 -0.036042653 0.014246953 0.139351279 -0.046487339 -0.065762706 -0.011191669 0.996688962
1305031126.279363 -0.034661539 0.023842804 0.138820902 -0.050131150 -0.064877585 -0.011592036 0.996565819
1305031126.311332 -0.032101415 0.034976762 0.135408029 -0.053292822 -0.062777840 -0.013124484 0.996517241
1305031126.347363 -0.033409484 0.041779529 0.134862989 -0.058349162 -0.058364660 -0.014946242 0.996476531
1305031126.379423 -0.034654032 0.050630499 0.131902829 -0.061536562 -0.054719500 -0.015682932 0.996480346
1305031126.411465 -0.035468139 0.059603423 0.130068436 -0.065200619 -0.052670360 -0.017816957 0.996321857
1305031126.447361 -0.036737781 0.064505130 0.128700361 -0.070346929 -0.050651941 -0.017794127 0.996076822
1305031126.479533 -0.040185921 0.071957260 0.124961831 -0.072442338 -0.048719075 -0.015029945 0.996068597
1305031126.511410 -0.039486181 0.084176935 0.122291729 -0.073113628 -0.050793685 -0.013138137 0.995942652
1305031126.547374 -0.034397699 0.089864708 0.121933013 -0.079863772 -0.053913213 -0.011956446 0.995274901
1305031126.579454 -0.033758644 0.096751988 0.120159216 -0.083815448 -0.051739540 -0.010063349 0.995086312
1305031126.611528 -0.035145141 0.104378343 0.118199252 -0.087835871 -0.048910383 -0.009187801 0.994891047
1305031126.647376 -0.033513907 0.106870808 0.118040495 -0.093018301 -0.047692005 -0.007725557 0.994491518
1305031126.679479 -0.033759136 0.110634297 0.116139770 -0.095373146 -0.045141604 -0.002836043 0.994413495
1305031126.711583 -0.032068893 0.116202518 0.114722557 -0.097547241 -0.044342339 0.000656664 0.994242370
1305031126.747316 -0.031830531 0.118410036 0.114160195 -0.099193245 -0.042471208 0.003676150 0.994154572
1305031126.779379 -0.031578436 0.124133080 0.111580938 -0.097573698 -0.041385423 0.006833875 0.994343936
1305031126.811602 -0.027748246 0.126922488 0.111260280 -0.097964942 -0.041176684 0.007534202 0.994309127
1305031126.847343 -0.027334027 0.129508957 0.108532012 -0.098183557 -0.037203614 0.008077211 0.994439840
1305031126.879357 -0.028077014 0.131479606 0.107165143 -0.098740816 -0.034664202 0.008572285 0.994472325
1305031126.911364 -0.027527846 0.132405221 0.106212787 -0.099079296 -0.032542627 0.007901422 0.994515896
1305031126.947437 -0.029001774 0.133601084 0.104137853 -0.099540897 -0.030328885 0.009451391 0.994526207
1305031126.979337 -0.027747495 0.131540105 0.103550136 -0.101304002 -0.031828858 0.010736258 0.994288266
1305031127.011371 -0.027399685 0.131486654 0.103591695 -0.099843852 -0.032992095 0.010908412 0.994396150
1305031127.047297 -0.027356429 0.132828772 0.102745406 -0.098275118 -0.033209536 0.012199691 0.994530201
1305031127.079299 -0.028086390 0.132438689 0.102631263 -0.098671325 -0.033186309 0.012552496 0.994487345
1305031127.111435 -0.028035533 0.128831714 0.103327855 -0.100037314 -0.035645917 0.013257717 0.994256556
1305031127.147307 -0.029524434 0.127206549 0.103592575 -0.098804757 -0.038222019 0.013844136 0.994276166
1305031127.179349 -0.029448349 0.127126426 0.104106106 -0.096308865 -0.041100822 0.013417080 0.994412065
1305031127.211700 -0.027526271 0.125632137 0.105779432 -0.095911294 -0.043844488 0.013321488 0.994334579
1305031127.247374 -0.026907921 0.121994369 0.106977038 -0.094816543 -0.044327635 0.012247486 0.994431913
1305031127.279465 -0.027731035 0.120848849 0.106808864 -0.092600346 -0.044046916 0.011420717 0.994663060
1305031127.311362 -0.029745497 0.119352803 0.107755937 -0.092584856 -0.043867450 0.010357497 0.994684100
1305031127.347356 -0.029164538 0.113748610 0.110329270 -0.092536978 -0.046046685 0.010087656 0.994592786
1305031127.379262 -0.029701158 0.114279255 0.110309705 -0.088867575 -0.046894595 0.009643435 0.994892180
1305031127.411371 -0.030150723 0.113239199 0.111658007 -0.088554494 -0.047855888 0.008924292 0.994881034
1305031127.447333 -0.029420346 0.108152106 0.114185750 -0.089539535 -0.049838673 0.008911740 0.994695604
1305031127.479362 -0.030941259 0.109859824 0.113594018 -0.086083770 -0.050007332 0.007917413 0.995000601
1305031127.511356 -0.031155236 0.109325916 0.115319394 -0.086918190 -0.051294640 0.006892950 0.994870126
1305031127.547348 -0.031627730 0.105582125 0.117098659 -0.087858684 -0.051972967 0.006512871 0.994754851
1305031127.579345 -0.032511033 0.106187589 0.117587283 -0.085226893 -0.052092008 0.006104594 0.994980156
1305031127.611271 -0.032153621 0.106951885 0.118111432 -0.085080408 -0.052990712 0.005852644 0.994946778
1305031127.647358 -0.031011997 0.104142666 0.120284379 -0.087062448 -0.054062393 0.007332229 0.994707823
1305031127.679298 -0.031544473 0.102135107 0.120086811 -0.086250752 -0.054202456 0.008267008 0.994763553
1305031127.711375 -0.032213569 0.104023837 0.119841233 -0.084588997 -0.054651394 0.007487176 0.994887888
1305031127.747304 -0.030622201 0.102041192 0.121002704 -0.086516067 -0.056126010 0.007904349 0.994636834
1305031127.779346 -0.031465009 0.099506527 0.121354952 -0.086319827 -0.055730939 0.007876643 0.994676292
1305031127.811829 -0.032713398 0.101648286 0.120459974 -0.083469793 -0.055422734 0.006620922 0.994945824
1305031127.847366 -0.032574385 0.100762643 0.120860621 -0.084032349 -0.055804431 0.005929401 0.994881511
1305031127.879380 -0.033329792 0.098928861 0.121020310 -0.084847614 -0.055760711 0.005506126 0.994817197
1305031127.911476 -0.034061555 0.100112967 0.121429153 -0.083724238 -0.056460246 0.005287815 0.994874120
1305031127.947366 -0.034208648 0.100511052 0.121578336 -0.084153689 -0.057188597 0.005330745 0.994796097
1305031127.979371 -0.034275346 0.099616274 0.122542694 -0.086008742 -0.057935674 0.005100726 0.994595349
1305031128.011427 -0.032958530 0.100048989 0.124284387 -0.086728424 -0.058866564 0.004819544 0.994479597
1305031128.047369 -0.032165244 0.098256722 0.126521498 -0.089871332 -0.058370814 0.006032999 0.994223118
1305031128.079334 -0.032520980 0.095378101 0.127640277 -0.090812519 -0.057850156 0.007061181 0.994161248
1305031128.111391 -0.032063834 0.094800346 0.128828079 -0.090309680 -0.058394831 0.007731498 0.994170189
1305031128.147418 -0.030910417 0.094544396 0.129798338 -0.091085151 -0.059138950 0.009591442 0.994039297
1305031128.179350 -0.030291902 0.091251709 0.131564721 -0.091586277 -0.059422627 0.010694078 0.993965030
1305031128.211447 -0.031385053 0.092527986 0.131113961 -0.088813841 -0.058688343 0.010923385 0.994257748
1305031128.247480 -0.031939618 0.093047373 0.130748868 -0.088856183 -0.058875732 0.011243033 0.994239330
1305031128.279336 -0.030870039 0.090293877 0.132010624 -0.090212181 -0.059872739 0.011269663 0.994057357
1305031128.311483 -0.031572580 0.091356128 0.131256282 -0.088202596 -0.059451167 0.010744024 0.994268775
1305031128.347423 -0.032177836 0.091391690 0.131082997 -0.088186055 -0.059336372 0.009973855 0.994285166
1305031128.379404 -0.032471120 0.090037368 0.131394774 -0.088970825 -0.059681393 0.008356363 0.994209468
1305031128.411337 -0.032743990 0.089529864 0.131486595 -0.088265985 -0.059608921 0.007017073 0.994287014
1305031128.447296 -0.033139154 0.088993490 0.130819157 -0.088163793 -0.059492461 0.005898907 0.994310319
1305031128.479296 -0.033733908 0.088561431 0.130807906 -0.088346548 -0.059392259 0.004550335 0.994307160
1305031128.511433 -0.033749964 0.087861992 0.130910814 -0.088098630 -0.059309103 0.003876851 0.994336963
1305031128.547399 -0.033194780 0.087689601 0.131158084 -0.088169478 -0.059108000 0.003656161 0.994343519
1305031128.579455 -0.032794744 0.085860014 0.131401941 -0.088305041 -0.058763754 0.003333086 0.994352996
1305031128.611395 -0.034141392 0.085412055 0.130664811 -0.086964794 -0.058138408 0.003032387 0.994508862
1305031128.647352 -0.035741039 0.086117700 0.129771456 -0.086017303 -0.058420513 0.003485182 0.994573236
1305031128.679282 -0.034231592 0.084639698 0.130562693 -0.086369529 -0.060816653 0.003381782 0.994399428
1305031128.711457 -0.033184454 0.084950291 0.130933464 -0.084858648 -0.061469384 0.002487960 0.994491994
1305031128.747363 -0.033697151 0.085364059 0.130051851 -0.083839200 -0.059979144 0.001282182 0.994671762
