1305031102.675285 -0.005491259 0.018786054 0.140383333 -0.041721895 -0.017970717 -0.000673405 0.998967409
1305031102.711263 -0.005381664 0.018554054 0.150715590 -0.042858377 -0.018477272 0.000535324 0.998910129
1305031102.743234 -0.004389874 0.022483610 0.160633162 -0.043851618 -0.019579267 0.003445583 0.998840213
1305031102.775472 -0.002302648 0.022652276 0.171693921 -0.046448123 -0.018657662 0.001778534 0.998744845
1305031102.811232 -0.001537438 0.028732579 0.183364868 -0.045278471 -0.016315132 0.000884103 0.998840749
1305031102.843290 -0.001048333 0.026631830 0.192286655 -0.048992131 -0.013261883 0.000346445 0.998711050
1305031102.875363 -0.003197693 0.030736133 0.202529371 -0.046766352 -0.009668067 -0.002232777 0.998856544
1305031102.911185 -0.004233218 0.032940324 0.211426258 -0.046264708 -0.007982798 -0.003449184 0.998891354
1305031102.943229 -0.009458219 0.033531245 0.217386574 -0.046894517 -0.005523494 -0.004973387 0.998872161
1305031102.975203 -0.012840779 0.036288701 0.224254325 -0.047154766 -0.010979285 -0.004838859 0.998815536
1305031103.011215 -0.014378777 0.039618582 0.231693760 -0.047342822 -0.016718222 -0.002184510 0.998736382
1305031103.043227 -0.014652168 0.041943926 0.240095958 -0.049021367 -0.022759775 0.000539381 0.998538196
1305031103.075319 -0.011172086 0.042133078 0.250846535 -0.049335375 -0.027647888 0.003227588 0.998394310
1305031103.111240 -0.011921240 0.047694385 0.256093472 -0.046803944 -0.026906112 0.004114304 0.998533189
1305031103.143318 -0.011234052 0.049381346 0.264728278 -0.048621595 -0.027575150 0.005784491 0.998419762
1305031103.175452 -0.011558525 0.053539243 0.269651145 -0.048508827 -0.025832165 0.006257942 0.998468995
1305031103.211220 -0.013567929 0.058853686 0.275140792 -0.051605470 -0.025072470 0.007028532 0.998327971
1305031103.243216 -0.013419007 0.060983911 0.280762434 -0.058543716 -0.025075961 0.010440894 0.997915208
1305031103.275370 -0.019236935 0.061885230 0.282045722 -0.067648515 -0.024478434 0.013671703 0.997315168
1305031103.311210 -0.018047122 0.057700802 0.288282692 -0.076127559 -0.034881450 0.014461693 0.996382833
1305031103.343223 -0.012075880 0.059501685 0.292492181 -0.076212965 -0.042382080 0.014717720 0.996081650
1305031103.375327 -0.010865326 0.058897093 0.293059945 -0.079835646 -0.041399557 0.016399011 0.995812893
1305031103.411260 -0.012567167 0.054362323 0.291747034 -0.083182879 -0.039808121 0.017501203 0.995585024
1305031103.443280 -0.014333122 0.053136472 0.287853211 -0.082853079 -0.041091096 0.016896559 0.995570898
1305031103.475274 -0.013108454 0.049632054 0.284980863 -0.083479509 -0.044536084 0.015374462 0.995395064
1305031103.511333 -0.013201199 0.045895141 0.280093074 -0.081440829 -0.045837272 0.012865739 0.995540440
1305031103.543444 -0.013179413 0.041789781 0.274153203 -0.077803493 -0.046986766 0.010574483 0.995804727
1305031103.575474 -0.013798026 0.040462017 0.266040504 -0.072938599 -0.047936324 0.010711825 0.996126175
1305031103.611223 -0.014984828 0.036471736 0.258034617 -0.071146056 -0.050387625 0.012023528 0.996119857
1305031103.643445 -0.014237523 0.032962609 0.249799088 -0.068589650 -0.054617546 0.012533795 0.996069908
1305031103.675523 -0.012478193 0.029851625 0.241392732 -0.065994680 -0.057605114 0.012509772 0.996077240
1305031103.711610 -0.010675872 0.026902085 0.232146382 -0.063666657 -0.059001237 0.012438762 0.996147931
1305031103.743326 -0.009631274 0.021594059 0.223019570 -0.062014867 -0.058756966 0.011170389 0.996281564
1305031103.775342 -0.009499954 0.020481711 0.211215839 -0.058039170 -0.057940617 0.007797411 0.996600986
1305031103.811242 -0.008964123 0.020061746 0.199937075 -0.057432335 -0.056769628 0.004473749 0.996724010
1305031103.843251 -0.012485900 0.020476252 0.187396273 -0.059385221 -0.054693662 0.001404543 0.996734679
1305031103.875361 -0.012908453 0.011468185 0.178256631 -0.067743674 -0.057457346 -0.001530681 0.996045768
1305031103.911221 -0.012181674 0.005612785 0.168215334 -0.067550197 -0.061443578 -0.003325236 0.995816529
1305031103.943211 -0.010765877 0.003903588 0.156744584 -0.065050162 -0.064355440 -0.004254967 0.995795488
1305031103.975373 -0.008649494 -0.001335163 0.146436647 -0.064071558 -0.066691734 -0.005347628 0.995700002
1305031104.011232 -0.005285527 -0.007304614 0.136819214 -0.061026666 -0.067605346 -0.006851391 0.995820403
1305031104.043249 -0.001896667 -0.009163748 0.125325769 -0.053636014 -0.065483913 -0.008597691 0.996373951
1305031104.075425 -0.000328708 -0.008074245 0.114879653 -0.048647154 -0.060962670 -0.011882072 0.996883035
1305031104.111235 0.003471835 -0.013787677 0.105971687 -0.046841856 -0.056395989 -0.013194695 0.997221768
1305031104.143230 0.000444906 -0.017467584 0.092758313 -0.042145457 -0.048805151 -0.015061895 0.997805059
1305031104.175424 -0.000230666 -0.018265050 0.081921577 -0.037475608 -0.045186739 -0.015691858 0.998152018
1305031104.211283 0.000298405 -0.022368241 0.071756437 -0.033977624 -0.042655628 -0.015832681 0.998386383
1305031104.243196 0.000218209 -0.023625795 0.061777156 -0.029027715 -0.040085685 -0.016004097 0.998646259
1305031104.275546 0.001395852 -0.025281295 0.051688612 -0.024717752 -0.037717752 -0.016777102 0.998841822
1305031104.311219 0.002027404 -0.026437424 0.042750854 -0.020960139 -0.034561142 -0.016948808 0.999038994
1305031104.343342 0.004011296 -0.025545286 0.034989234 -0.017182026 -0.031177714 -0.016896926 0.999223292
1305031104.375837 0.003605898 -0.026220066 0.026444698 -0.015269864 -0.026061140 -0.016616132 0.999405563
1305031104.411509 0.000564281 -0.027648827 0.016355520 -0.014080767 -0.020870663 -0.016581191 0.999545515
1305031104.443288 -0.004336533 -0.026635068 0.007281896 -0.012991250 -0.017636912 -0.016339466 0.999626517
1305031104.475456 -0.007163355 -0.027761115 -0.000088521 -0.013427774 -0.018259766 -0.015669471 0.999620318
1305031104.511329 -0.004255250 -0.031466767 -0.004456615 -0.013875148 -0.022631420 -0.013016870 0.999562860
1305031104.543368 -0.002092457 -0.032389205 -0.011156313 -0.010395283 -0.025436357 -0.012409911 0.999545336
1305031104.575343 0.002834869 -0.037972357 -0.017301977 -0.007513625 -0.026607994 -0.011896260 0.999546945
1305031104.611336 0.008886308 -0.045944422 -0.024883600 -0.000086219 -0.023698300 -0.010282403 0.999666274
1305031104.643243 0.011569645 -0.042369716 -0.032932505 0.013308058 -0.016802805 -0.009433434 0.999725699
1305031104.675525 0.012254150 -0.047412176 -0.041294523 0.023379903 -0.008726115 -0.009035479 0.999647737
1305031104.711277 0.011769975 -0.048521422 -0.049085930 0.037182596 -0.000924412 -0.007061697 0.999283075
1305031104.743280 0.013680380 -0.046784081 -0.057180837 0.050781026 0.005741886 -0.005177572 0.998679876
1305031104.775327 0.013639992 -0.044464402 -0.065348931 0.063362338 0.013159622 -0.003032321 0.997899234
1305031104.811465 0.015524855 -0.040526770 -0.071101747 0.074916154 0.019383635 -0.000113105 0.997001410
1305031104.843258 0.013370097 -0.036696270 -0.075231127 0.083895698 0.026559489 0.001935457 0.996118665
1305031104.875350 0.012898045 -0.030940410 -0.078526236 0.090360977 0.029492000 0.005250901 0.995458484
1305031104.911534 0.012836453 -0.028280281 -0.079206713 0.092862464 0.030534955 0.007526306 0.995182157
1305031104.943262 0.014831994 -0.026057335 -0.078615144 0.094062522 0.030648407 0.008518525 0.995057940
1305031104.975202 0.013901969 -0.020992693 -0.075433485 0.093922846 0.030062120 0.009495660 0.995080173
1305031105.011290 0.014984821 -0.018920593 -0.070474893 0.089226313 0.029186552 0.010550975 0.995527744
1305031105.043373 0.014488526 -0.016059401 -0.063781023 0.083982661 0.028709551 0.009444185 0.996008754
1305031105.075320 0.014143622 -0.015989479 -0.056836054 0.076736301 0.027916402 0.007531952 0.996632040
1305031105.111299 0.010974202 -0.018043680 -0.048038311 0.070372403 0.027697632 0.005251908 0.997122347
1305031105.143106 0.007467699 -0.010162037 -0.039769396 0.065836132 0.025828997 0.003196605 0.997491002
1305031105.175159 0.006167074 -0.006313239 -0.029564880 0.053351562 0.022544071 0.000343963 0.998321176
1305031105.211268 0.002142258 -0.012389034 -0.019075194 0.039355207 0.019330757 -0.002565576 0.999035001
1305031105.243270 -0.000691490 -0.010395312 -0.008912270 0.031471744 0.014214085 -0.004312115 0.999394238
1305031105.275288 -0.004774272 -0.007134554 0.001837621 0.021842146 0.008639962 -0.005551478 0.999708712
1305031105.311290 -0.008691655 -0.008679470 0.013093913 0.011269138 0.002109229 -0.007027396 0.999909580
1305031105.343302 -0.008675009 -0.011600352 0.025315069 0.002106812 -0.004966066 -0.007350167 0.999958456
1305031105.375338 -0.009876931 -0.013293439 0.034979597 -0.002144363 -0.009792327 -0.007381971 0.999922514
1305031105.411286 -0.010542129 -0.007358450 0.045055669 -0.006079676 -0.014650749 -0.007730184 0.999844313
1305031105.443316 -0.011425938 -0.010363675 0.056520104 -0.013885180 -0.018704625 -0.008658240 0.999691129
1305031105.475280 -0.011523886 -0.009911284 0.066924684 -0.017558785 -0.022363469 -0.008526131 0.999559343
1305031105.511332 -0.012267211 -0.006794117 0.078070357 -0.021060979 -0.024787996 -0.009109071 0.999429345
1305031105.543282 -0.012402033 -0.008661652 0.089575127 -0.026148563 -0.025671119 -0.008067085 0.999295831
1305031105.575449 -0.014037089 -0.006813477 0.099837013 -0.028537935 -0.026511248 -0.008208948 0.999207318
1305031105.611378 -0.011920275 -0.008555979 0.112074874 -0.032186169 -0.028549442 -0.007135193 0.999048591
1305031105.643273 -0.013487102 -0.007032254 0.122210436 -0.032576621 -0.028418461 -0.004217830 0.999056220
1305031105.675166 -0.011269957 -0.004818379 0.134507805 -0.034156103 -0.030510897 -0.002930580 0.998946369
1305031105.711309 -0.007452996 -0.007119997 0.147785112 -0.034595955 -0.029887712 -0.003180330 0.998949289
1305031105.743312 -0.007059135 -0.001448692 0.157897443 -0.031358488 -0.026134428 -0.002659730 0.999162912
1305031105.775339 -0.004355265 -0.001818686 0.170171261 -0.032663554 -0.022701016 -0.002510739 0.999205410
1305031105.811283 -0.004859087 -0.000688271 0.180268675 -0.031235671 -0.017316505 -0.001826458 0.999360383
1305031105.843271 -0.002952868 0.001310289 0.192199454 -0.029740788 -0.014520417 -0.000415613 0.999452055
1305031105.875337 -0.001265281 0.007103315 0.202065423 -0.027783189 -0.009999507 0.002105712 0.999561727
1305031105.911262 -0.001090917 0.009396603 0.211774468 -0.030717464 -0.005769450 0.006924523 0.999487460
1305031105.943272 -0.000875198 0.013814088 0.221178904 -0.032585684 -0.002534402 0.009568562 0.999419928
1305031105.975329 -0.001436149 0.017166909 0.230838954 -0.036654357 -0.000048531 0.011026631 0.999267161
1305031106.011285 0.000369923 0.020505138 0.241247967 -0.040749848 0.001143570 0.013153397 0.999082148
1305031106.043355 -0.000889106 0.023312127 0.250186622 -0.045177888 0.003840165 0.013952992 0.998874128
1305031106.075330 -0.001373392 0.026737610 0.259173930 -0.048882909 0.004500503 0.016271465 0.998661816
1305031106.111327 -0.004031104 0.032092836 0.267144173 -0.052692693 0.005724604 0.016653944 0.998455465
1305031106.143355 -0.005192861 0.033116333 0.275722086 -0.060153149 0.004316060 0.018688587 0.998004794
1305031106.175534 -0.006255070 0.034668226 0.283706725 -0.064268209 0.002894558 0.019760486 0.997732818
1305031106.211275 -0.006590228 0.034824472 0.291310340 -0.068122402 0.001138081 0.020474223 0.997466207
1305031106.243267 -0.008435159 0.038158007 0.297029316 -0.067119800 0.000337479 0.023811691 0.997460663
1305031106.276385 -0.008868045 0.042496625 0.301518291 -0.067466721 -0.001470723 0.025051316 0.997405887
1305031106.311238 -0.008884577 0.044919726 0.305629522 -0.071067691 -0.002928314 0.028354036 0.997064114
1305031106.343258 -0.010708662 0.050628230 0.308103800 -0.074420922 -0.003359789 0.028625160 0.996810377
1305031106.375388 -0.007182852 0.051473714 0.310759872 -0.083494082 -0.005385054 0.021809198 0.996255040
1305031106.411320 -0.006693911 0.045781143 0.312346756 -0.092335418 -0.000365607 0.015708432 0.995603979
1305031106.443278 -0.010678500 0.043945577 0.311201364 -0.093147963 0.005457201 0.010737503 0.995579422
1305031106.475345 -0.012775771 0.042388197 0.308142215 -0.092823461 0.005549271 0.009314505 0.995623529
1305031106.511129 -0.013945393 0.038593356 0.303849667 -0.092137553 0.002502255 0.009290976 0.995699763
1305031106.543302 -0.011876073 0.036519639 0.296931684 -0.088883013 -0.002992081 0.008720919 0.995999396
1305031106.575282 -0.012220405 0.034586016 0.288594216 -0.085743859 -0.004546048 0.007438154 0.996279061
1305031106.611151 -0.013152219 0.033888221 0.279436558 -0.084879950 -0.007380746 0.004807175 0.996352255
1305031106.643207 -0.012763973 0.028486101 0.270885646 -0.085952580 -0.010410273 0.002323454 0.996242106
1305031106.675279 -0.015792385 0.028079059 0.260105610 -0.082681477 -0.011945393 0.001915180 0.996502578
1305031106.711508 -0.016906116 0.024020767 0.250382662 -0.085273005 -0.017304907 0.000703230 0.996207058
1305031106.743341 -0.016886506 0.021072235 0.238839701 -0.083832942 -0.023864675 0.001327762 0.996193111
1305031106.775390 -0.015754394 0.018058673 0.226477593 -0.083199978 -0.030256901 0.001109821 0.996072769
1305031106.811289 -0.015866023 0.017833354 0.213460222 -0.082510710 -0.033867992 0.000762593 0.996014237
1305031106.843416 -0.016276320 0.010762304 0.202372223 -0.084731676 -0.037484210 -0.000604831 0.995698273
1305031106.875905 -0.013581978 0.006157564 0.189575016 -0.079781994 -0.040996328 -0.004288218 0.995959699
1305031106.911243 -0.012852964 0.007831929 0.175536796 -0.074255832 -0.040562127 -0.008438869 0.996378183
1305031106.943439 -0.012462725 0.001977321 0.164007112 -0.073726885 -0.039694045 -0.013031645 0.996402979
1305031106.975547 -0.011800979 -0.003064016 0.151832774 -0.068237580 -0.037764817 -0.016283115 0.996821105
1305031107.011576 -0.011748239 -0.000476686 0.135354728 -0.059857506 -0.034990609 -0.020215381 0.997388601
1305031107.043281 -0.012097972 -0.005345748 0.123968996 -0.061004777 -0.032266222 -0.022489933 0.997362316
1305031107.075432 -0.015268378 -0.010905834 0.111128017 -0.057142753 -0.029970650 -0.023804633 0.997632086
1305031107.111229 -0.014061878 -0.010226874 0.098426014 -0.051423177 -0.031185076 -0.024301421 0.997894049
1305031107.143260 -0.011537403 -0.010577397 0.086582817 -0.049346525 -0.031003529 -0.024473105 0.998000383
1305031107.175399 -0.010788059 -0.016370725 0.077702366 -0.048439771 -0.029612949 -0.025358753 0.998064935
1305031107.211358 -0.008846473 -0.021292349 0.066662155 -0.042985309 -0.027704632 -0.027119961 0.998323202
1305031107.243378 -0.008410125 -0.020352401 0.055800017 -0.035818495 -0.024362089 -0.027448790 0.998684168
1305031107.275398 -0.005383839 -0.025179416 0.046375748 -0.031641033 -0.022010183 -0.027160682 0.998887718
1305031107.311226 -0.004173088 -0.030414227 0.037471265 -0.025540033 -0.018488172 -0.027909154 0.999113083
1305031107.343509 -0.001162342 -0.034216937 0.029078104 -0.015119867 -0.015572772 -0.027779680 0.999378383
1305031107.375413 0.000632544 -0.030023126 0.020369461 -0.004556343 -0.010874582 -0.027255133 0.999558985
1305031107.411271 0.002090027 -0.030322796 0.015137615 0.002068156 -0.006278384 -0.028176939 0.999581099
1305031107.443419 0.004630723 -0.028841097 0.009277327 0.007799915 -0.002045913 -0.027890204 0.999578476
1305031107.475377 0.006802492 -0.029766610 0.006276791 0.010572882 0.002246030 -0.026915524 0.999579251
1305031107.511352 0.008346438 -0.025469279 0.003501216 0.013227948 0.005762410 -0.025997704 0.999557853
1305031107.543605 0.012518852 -0.026619721 0.003702823 0.009953005 0.007395661 -0.023128057 0.999655604
1305031107.575454 0.014038011 -0.031041430 0.004310847 0.008489483 0.009433280 -0.020656303 0.999706089
1305031107.611271 0.015618857 -0.023971435 0.003944404 0.011017097 0.010754005 -0.018731469 0.999706030
1305031107.643323 0.016391203 -0.023795385 0.006174575 0.007517200 0.012040845 -0.017750259 0.999741673
1305031107.675568 0.015833430 -0.023495773 0.007274047 0.006292757 0.012811281 -0.017266423 0.999749005
1305031107.711307 0.015342541 -0.020435167 0.008381227 0.005618839 0.012778401 -0.016171867 0.999771774
1305031107.743538 0.012868344 -0.016364569 0.009522557 0.003385965 0.012203828 -0.015809726 0.999794841
1305031107.775802 0.012582050 -0.017346891 0.011747780 0.000076642 0.009534908 -0.017115863 0.999808073
1305031107.811596 0.014908581 -0.015707277 0.013701584 -0.001981459 0.006846883 -0.016727719 0.999834716
1305031107.843332 0.016106334 -0.014688922 0.015277221 -0.004289159 0.006226285 -0.017470285 0.999818802
1305031107.875358 0.020358417 -0.017130060 0.018544583 -0.005662929 0.006136608 -0.020967068 0.999745309
1305031107.911541 0.022964573 -0.017794771 0.020150566 -0.005077992 0.008981578 -0.023313669 0.999674976
1305031107.943122 0.028036598 -0.018998558 0.022038242 -0.003445447 0.011639500 -0.023682846 0.999645829
1305031107.975807 0.033362642 -0.020245809 0.024107279 -0.001371233 0.015593417 -0.023369614 0.999604344
1305031108.011320 0.039450224 -0.018749502 0.026432905 0.003049519 0.020165008 -0.025277007 0.999472439
1305031108.043418 0.052144248 -0.019248363 0.026377495 0.004772081 0.024878193 -0.022594085 0.999423742
1305031108.075352 0.060151633 -0.019952038 0.031260502 0.005838990 0.033790518 -0.016712939 0.999272108
1305031108.111378 0.065063082 -0.020498918 0.032110672 0.008579434 0.040510919 -0.017552946 0.998988032
1305031108.143334 0.074630484 -0.017678361 0.035492446 0.011296587 0.043463886 -0.016187711 0.998859942
1305031108.176058 0.084681325 -0.011618384 0.036226247 0.011460960 0.046414115 -0.013011905 0.998771787
1305031108.211475 0.093393229 -0.013649887 0.039620355 0.005883628 0.047744922 -0.013695479 0.998748362
1305031108.243347 0.104998887 -0.020264626 0.043420568 0.002935776 0.049765915 -0.015638299 0.998634160
1305031108.275358 0.111922637 -0.013736087 0.045967303 0.005274776 0.054707643 -0.014988722 0.998376012
1305031108.311332 0.119391978 -0.009444219 0.048547097 0.002722321 0.056134429 -0.013601775 0.998326838
1305031108.343278 0.126475155 -0.007304359 0.051591683 -0.002316169 0.054916855 -0.011739292 0.998419225
1305031108.375410 0.132998154 -0.006398653 0.054547906 -0.007453304 0.052652549 -0.006528210 0.998563766
1305031108.411361 0.142597884 -0.006730867 0.056856312 -0.012618681 0.048546944 -0.000414846 0.998741090
1305031108.443610 0.155150786 -0.004355221 0.058643781 -0.016224897 0.045908712 0.006614118 0.998791993
1305031108.475471 0.165629908 -0.007286349 0.061102398 -0.020265935 0.044906542 0.013751286 0.998690903
1305031108.511378 0.182378501 -0.012265975 0.061631061 -0.021412611 0.045503017 0.018118499 0.998570323
1305031108.543737 0.190295935 -0.013951147 0.064258732 -0.017613767 0.053190809 0.016649237 0.998290181
1305031108.575414 0.196947917 -0.006877294 0.064544894 -0.011827723 0.058877513 0.015141169 0.998080313
1305031108.611407 0.208343804 -0.006544747 0.067193463 -0.012536720 0.064081155 0.016216969 0.997734129
1305031108.643303 0.216528207 -0.003129499 0.065725662 -0.011278609 0.069392771 0.017463267 0.997372746
1305031108.675375 0.228793412 0.001031612 0.066631436 -0.012993323 0.073414125 0.021127028 0.996993065
1305031108.711411 0.233205214 -0.001955761 0.069708169 -0.018398540 0.082363561 0.024478983 0.996131778
1305031108.743502 0.241612107 -0.002422883 0.068582520 -0.019574676 0.086313002 0.026328417 0.995727718
1305031108.775493 0.248300165 -0.001294154 0.067836449 -0.020359596 0.089668430 0.028605055 0.995352626
1305031108.811244 0.249358013 -0.002196064 0.070031106 -0.022251403 0.094244577 0.033464123 0.994737625
1305031108.843264 0.252068251 -0.004677698 0.068298422 -0.022018857 0.094204500 0.040084124 0.994501829
1305031108.876515 0.251668036 -0.005065372 0.066968203 -0.020202085 0.091984458 0.045746636 0.994503856
1305031108.911364 0.252248198 -0.008592051 0.066352487 -0.018406494 0.088585444 0.050909489 0.994596422
1305031108.943243 0.246817246 -0.011524251 0.064766064 -0.014487426 0.086946808 0.050742403 0.994814336
1305031108.975268 0.245801419 -0.006046250 0.058865305 -0.008698398 0.079964682 0.049912535 0.995509267
1305031109.011269 0.247750059 -0.005029880 0.057573430 -0.008781842 0.074706756 0.049132422 0.995955706
1305031109.043277 0.238405615 -0.007539878 0.057389848 -0.009052753 0.075945139 0.045060791 0.996052146
1305031109.075410 0.234771490 -0.001136798 0.053086534 -0.008065765 0.072074138 0.041125920 0.996518373
1305031109.111282 0.224613667 -0.003317140 0.057244889 -0.013011937 0.072352462 0.036858212 0.996612906
1305031109.143334 0.212321296 -0.006713840 0.056903865 -0.014669327 0.071468852 0.033599872 0.996768773
1305031109.175464 0.206471339 -0.000698102 0.054572646 -0.012418499 0.063601270 0.031464450 0.997401953
1305031109.211379 0.205230474 0.010092975 0.052376311 -0.013361125 0.055570602 0.035964146 0.997717381
1305031109.243290 0.188745812 0.005833224 0.055476442 -0.024135049 0.056365937 0.039470378 0.997337699
1305031109.275308 0.173084751 -0.005526555 0.055532210 -0.030392377 0.054877043 0.041981012 0.997147143
1305031109.311329 0.162324786 -0.000200529 0.054816626 -0.025644105 0.045867816 0.043316424 0.997678399
1305031109.343248 0.152466327 0.003979863 0.052113440 -0.027084192 0.035778254 0.042104177 0.998104990
1305031109.375397 0.144608274 0.000419931 0.051348541 -0.031074729 0.026506538 0.041229315 0.998314559
1305031109.411329 0.136099055 0.002865684 0.049743596 -0.030593716 0.018846307 0.037742648 0.998641253
1305031109.443302 0.127199844 0.005403653 0.048095927 -0.033327702 0.013360513 0.032611597 0.998822927
1305031109.475363 0.114397630 0.002894118 0.048320141 -0.036976889 0.012388878 0.029095495 0.998815656
1305031109.511273 0.103776328 0.000195718 0.047461312 -0.037482627 0.010382323 0.024686100 0.998938382
1305031109.543294 0.094852112 0.001235137 0.044336043 -0.034431461 0.008352114 0.022450577 0.999119997
1305031109.575362 0.083272047 0.003187647 0.042960521 -0.033512846 0.008542076 0.022080997 0.999157846
1305031109.611310 0.072416566 0.003511006 0.040917248 -0.033763051 0.007325544 0.020029960 0.999202251
1305031109.643229 0.064801261 0.005355414 0.039756503 -0.033833474 0.005399436 0.019527903 0.999222100
1305031109.675263 0.052541558 0.006450389 0.038025443 -0.035929810 0.005916367 0.021509524 0.999105275
1305031109.711312 0.041215450 0.009348875 0.037197821 -0.037616670 0.003163900 0.020477273 0.999077439
1305031109.743274 0.032393459 0.008937946 0.036985308 -0.042633373 -0.000210498 0.019955937 0.998891413
1305031109.775277 0.023942241 0.008128076 0.038889393 -0.046061676 -0.002387616 0.020549823 0.998724341
1305031109.811371 0.010657551 0.011525536 0.038801651 -0.046867698 -0.002016899 0.019150427 0.998715460
1305031109.843296 -0.000714202 0.011565004 0.039196666 -0.050356928 -0.003964098 0.018151969 0.998558462
1305031109.875306 -0.014038451 0.012016512 0.039679598 -0.054074705 -0.006082365 0.016410412 0.998383522
1305031109.911265 -0.024818864 0.010748295 0.043962974 -0.055612464 -0.011731470 0.011375685 0.998318732
1305031109.943299 -0.033363469 0.017550603 0.045368347 -0.055052068 -0.015586711 0.007440982 0.998334110
1305031109.975258 -0.045141723 0.016235979 0.048412330 -0.059993226 -0.017123848 0.002361386 0.998049140
1305031110.011256 -0.055293664 0.018547092 0.052191153 -0.061407726 -0.019672440 -0.004502105 0.997908771
1305031110.043299 -0.064794309 0.018682381 0.053959783 -0.063922942 -0.020695120 -0.011788222 0.997670591
1305031110.075319 -0.076103784 0.021121632 0.055351939 -0.065261684 -0.020411184 -0.016982550 0.997514844
1305031110.111325 -0.088057406 0.021898124 0.057595752 -0.069619246 -0.021124098 -0.021823594 0.997111142
1305031110.143432 -0.096813425 0.016845886 0.060302053 -0.072936729 -0.025281969 -0.025116539 0.996699691
1305031110.175641 -0.106374815 0.023595069 0.060149554 -0.072043501 -0.028122380 -0.026508866 0.996652424
1305031110.211637 -0.115430728 0.021068849 0.062400915 -0.076817058 -0.031120013 -0.028323170 0.996156812
1305031110.243323 -0.124280810 0.018669099 0.063650623 -0.078125857 -0.035139047 -0.027881945 0.995933831
1305031110.279321 -0.130504474 0.018097531 0.064340919 -0.076700464 -0.039568096 -0.028673336 0.995856047
1305031110.311404 -0.141559035 0.017892450 0.062522754 -0.074344255 -0.041443598 -0.030330837 0.995909333
1305031110.343355 -0.151495323 0.020931941 0.062229030 -0.072354428 -0.045290243 -0.031532992 0.995851040
1305031110.379281 -0.160472482 0.021462064 0.062281057 -0.071297824 -0.050858662 -0.035112102 0.995538652
1305031110.411469 -0.170412987 0.025932694 0.059535917 -0.069804773 -0.056491796 -0.037881564 0.995239198
1305031110.443260 -0.178712770 0.028229710 0.059853196 -0.073544264 -0.062371179 -0.041145075 0.994488895
1305031110.479331 -0.189398408 0.026050558 0.061853126 -0.077165753 -0.068658099 -0.047340147 0.993524253
1305031110.511429 -0.198946729 0.026937744 0.061426669 -0.077374510 -0.075427555 -0.051236633 0.992823601
1305031110.543408 -0.206717268 0.032392018 0.061380949 -0.077119678 -0.081938453 -0.054431714 0.992157161
1305031110.579426 -0.213129535 0.036460608 0.061972022 -0.080395952 -0.088561714 -0.059261564 0.991050661
1305031110.611307 -0.219202280 0.030508908 0.064139761 -0.087000281 -0.092812926 -0.063193239 0.989860237
1305031110.643418 -0.225898162 0.030008659 0.065786049 -0.085546173 -0.094963029 -0.066380978 0.989574373
1305031110.679606 -0.232614115 0.036186166 0.061741985 -0.083533056 -0.096780673 -0.068533950 0.989423454
1305031110.711412 -0.237888113 0.034672990 0.063661866 -0.087706849 -0.098532356 -0.069991283 0.988787174
1305031110.743249 -0.241877437 0.033389620 0.063978933 -0.088639624 -0.100383259 -0.071357198 0.988420129
1305031110.779193 -0.242919043 0.034702636 0.063399419 -0.088119991 -0.102878116 -0.071833804 0.988175511
1305031110.811386 -0.245529532 0.034766883 0.062862664 -0.088909172 -0.102978602 -0.073590718 0.987965047
1305031110.843218 -0.248767227 0.034656525 0.062915564 -0.090538286 -0.104285717 -0.075879760 0.987506747
1305031110.879313 -0.246355921 0.033990003 0.063251927 -0.090799116 -0.107623860 -0.075727031 0.987136304
1305031110.911333 -0.246513069 0.035501331 0.063451171 -0.090920292 -0.108433306 -0.076050214 0.987011731
1305031110.943862 -0.241451144 0.035582911 0.064442664 -0.090774119 -0.112144969 -0.076744147 0.986556590
1305031110.979345 -0.232142255 0.036597904 0.064817049 -0.090548918 -0.113769650 -0.076796494 0.986387193
1305031111.011431 -0.223867714 0.035188943 0.067231297 -0.092601672 -0.111026786 -0.075725973 0.986591876
1305031111.043327 -0.220713913 0.036145911 0.067376979 -0.091226481 -0.104496770 -0.073514685 0.987599969
1305031111.079283 -0.217742518 0.039456986 0.067073554 -0.091732942 -0.100335710 -0.071527958 0.988130331
1305031111.111508 -0.208974347 0.034056749 0.068614483 -0.095425457 -0.099502712 -0.067941099 0.988117993
1305031111.143257 -0.202244610 0.033627219 0.070502937 -0.093501016 -0.096968912 -0.067057222 0.988614142
1305031111.179326 -0.186333328 0.034314383 0.074345723 -0.090302341 -0.097130455 -0.066220701 0.988951981
1305031111.211433 -0.179365203 0.035336785 0.072754040 -0.088135824 -0.088213295 -0.062631026 0.990216076
1305031111.243236 -0.178956360 0.031757910 0.071718097 -0.088939510 -0.082037762 -0.062977254 0.990653038
1305031111.279308 -0.162870586 0.028857626 0.075701728 -0.085494451 -0.084304065 -0.060609169 0.990913749
1305031111.311547 -0.160080329 0.033577211 0.069364466 -0.080203041 -0.076202258 -0.057159707 0.992216468
1305031111.343397 -0.156535208 0.035120349 0.069505647 -0.083090328 -0.077173769 -0.057287138 0.991896331
1305031111.379134 -0.140925109 0.026887145 0.075665779 -0.085577607 -0.082736045 -0.052744210 0.991488397
1305031111.411296 -0.137895286 0.028657353 0.069366045 -0.080187432 -0.080504671 -0.052915715 0.992113352
1305031111.443386 -0.120607972 0.029825175 0.075694062 -0.079687752 -0.089567222 -0.057076268 0.991145730
1305031111.479259 -0.097522423 0.027352259 0.084191173 -0.076840475 -0.089494534 -0.055853169 0.991446733
1305031111.511264 -0.091206111 0.025213430 0.078987323 -0.073562071 -0.076535411 -0.055178255 0.992817342
1305031111.543250 -0.079973459 0.022475323 0.082577050 -0.070357352 -0.071194328 -0.054332361 0.993493438
1305031111.579237 -0.067412920 0.022697240 0.076815248 -0.066934519 -0.062126040 -0.047068879 0.994708300
1305031111.611271 -0.065727606 0.018444927 0.069980375 -0.069808580 -0.053731032 -0.040794186 0.995276630
1305031111.643395 -0.047809131 0.013760733 0.079519302 -0.067684636 -0.058702584 -0.033272263 0.995422423
1305031111.679320 -0.031630415 0.019232169 0.077334456 -0.060627460 -0.053118300 -0.024777656 0.996438086
1305031111.711760 -0.020601407 0.017789537 0.078279197 -0.060946170 -0.045537621 -0.023043016 0.996835470
1305031111.743386 0.000889133 0.011148795 0.082110681 -0.059655365 -0.039468016 -0.019592701 0.997246027
1305031111.779423 0.008927852 0.017253660 0.082545921 -0.053650249 -0.019625233 -0.014966445 0.998254776
1305031111.811406 0.016445333 0.012706364 0.077366509 -0.052524488 -0.004875340 -0.015846640 0.998481989
1305031111.843299 0.024393937 0.013076546 0.074736342 -0.048627108 0.005858128 -0.014588250 0.998693287
1305031111.879442 0.032204624 0.011125632 0.068720154 -0.050574195 0.013533367 -0.009260194 0.998585641
1305031111.911354 0.034379106 0.010683310 0.074686982 -0.049257323 0.015708445 -0.003676548 0.998655796
1305031111.943300 0.048181489 0.011187188 0.074539237 -0.047319576 0.010253605 0.005815400 0.998810232
1305031111.979449 0.067095585 0.012871581 0.078562990 -0.045690734 0.007994743 0.012865675 0.998840809
1305031112.011433 0.078413062 0.009820499 0.077078320 -0.044802878 0.015226504 0.012328907 0.998803735
1305031112.043270 0.091735989 0.010138913 0.076155983 -0.041153733 0.021827584 0.011003403 0.998853743
1305031112.079339 0.106117345 0.009072603 0.075529031 -0.039649524 0.031620540 0.010926976 0.998653412
1305031112.111423 0.107147522 0.009549678 0.074758932 -0.036549475 0.043083429 0.005488814 0.998387575
1305031112.144342 0.123067901 0.012960387 0.074922025 -0.034672674 0.045095298 0.000235235 0.998380780
1305031112.179390 0.140728816 0.012758534 0.073761374 -0.037081145 0.054836154 -0.002583048 0.997803211
1305031112.211254 0.144210771 0.004729746 0.076840550 -0.039797913 0.066856876 -0.009257187 0.996925592
1305031112.243369 0.155027747 -0.000156681 0.076553851 -0.035548743 0.075618587 -0.013934003 0.996405482
1305031112.279353 0.158824161 0.000156116 0.077955440 -0.029952792 0.083465688 -0.016542695 0.995922983
1305031112.311312 0.168669611 -0.003475039 0.076586880 -0.024966883 0.085091345 -0.018007515 0.995897472
1305031112.343323 0.178116813 -0.002449766 0.075351790 -0.017745059 0.084872991 -0.015975855 0.996105671
1305031112.379360 0.186082140 -0.001055216 0.075243413 -0.012921945 0.083434314 -0.011996953 0.996357262
1305031112.411442 0.196932927 0.000065382 0.074698552 -0.010080049 0.080294803 -0.007451423 0.996692300
1305031112.443391 0.206462234 -0.003118989 0.074283682 -0.008979792 0.078964502 -0.001163245 0.996836305
1305031112.479418 0.209633023 -0.002641252 0.075860694 -0.005869438 0.079140991 0.007558457 0.996817470
1305031112.511504 0.217417449 -0.002545216 0.075372294 -0.003438710 0.075794287 0.015290244 0.997000277
1305031112.543212 0.222777918 -0.004348331 0.076957501 -0.001797895 0.073159367 0.018769408 0.997142017
1305031112.579252 0.233281076 -0.002068957 0.072854459 0.001387329 0.068497129 0.025393784 0.997327089
1305031112.611261 0.248547956 0.002549584 0.070967868 0.003112236 0.065036483 0.032528408 0.997347713
1305031112.643246 0.255569428 0.002681575 0.071851581 0.000199658 0.070756607 0.039417163 0.996714473
1305031112.679952 0.256366611 0.001310241 0.073043287 -0.002344528 0.077891715 0.042212345 0.996065021
1305031112.711251 0.259634912 0.004175242 0.072884068 -0.003175063 0.081788965 0.044715170 0.995641053
1305031112.743245 0.260599524 0.011598714 0.072827056 -0.005489812 0.085517727 0.047939479 0.995167494
1305031112.779310 0.258586138 0.007082327 0.075575024 -0.014586091 0.090376623 0.050428249 0.994523168
1305031112.811310 0.248222545 0.002940584 0.077475972 -0.018010253 0.093705177 0.047900990 0.994283915
1305031112.843286 0.246932685 0.009362517 0.077741176 -0.017989224 0.087759666 0.046384227 0.994898558
1305031112.879421 0.247593075 0.009770313 0.077977404 -0.021412471 0.083680801 0.049144946 0.995049655
1305031112.911411 0.239068240 0.009144037 0.080735132 -0.024427554 0.082615346 0.050518401 0.995000422
1305031112.943321 0.231857538 0.006370835 0.080989212 -0.027336087 0.078288876 0.048748013 0.995362878
1305031112.979278 0.230817959 0.007390374 0.079704016 -0.027340941 0.070860825 0.047242012 0.995991647
1305031113.011353 0.227209032 0.011053323 0.077675760 -0.027521998 0.067038968 0.047492031 0.996239305
1305031113.043231 0.220200673 0.010036480 0.077309519 -0.032053463 0.065794311 0.045135617 0.996296346
1305031113.079251 0.207699329 0.001493911 0.079196572 -0.035706848 0.065527834 0.039065920 0.996446192
1305031113.111316 0.200980514 0.006770826 0.075513467 -0.030745422 0.059513800 0.035093386 0.997136533
1305031113.143306 0.195023358 0.012005555 0.073138975 -0.031266794 0.055892829 0.033906609 0.997370899
1305031113.179343 0.185044929 0.005155168 0.072585829 -0.036271274 0.054783687 0.035473693 0.997208476
1305031113.211259 0.171371534 0.004719576 0.071055427 -0.034500651 0.051113110 0.036053844 0.997445345
1305031113.243227 0.160106465 0.008861959 0.068778247 -0.034858134 0.044714361 0.036631122 0.997719228
1305031113.279312 0.151554987 0.000953507 0.068668596 -0.039999370 0.038806371 0.038559318 0.997700989
1305031113.311452 0.140817299 -0.001976984 0.065566078 -0.035541818 0.031887457 0.042129435 0.997970462
1305031113.343252 0.121545270 0.001574072 0.066608258 -0.029316485 0.024644192 0.039615836 0.998480737
1305031113.379312 0.111581147 0.002458292 0.067103155 -0.032313004 0.014891446 0.036775779 0.998689950
1305031113.411625 0.101480693 -0.005224755 0.065780208 -0.034637082 0.007540300 0.037963752 0.998650134
1305031113.443266 0.081361823 0.001229576 0.066712819 -0.029822852 0.004182526 0.031805161 0.999040306
1305031113.479311 0.067333899 0.003099256 0.067468040 -0.032579936 -0.002145172 0.026344104 0.999119580
1305031113.511523 0.054163828 -0.000410719 0.066046990 -0.037845504 -0.007558615 0.024251027 0.998960674
1305031113.543242 0.039308775 -0.004647313 0.063289747 -0.041098535 -0.012041575 0.020777246 0.998866439
1305031113.579301 0.026613327 -0.001184396 0.062747732 -0.039504629 -0.016407732 0.015696136 0.998961389
1305031113.611268 0.018020729 -0.001535244 0.065277845 -0.042460948 -0.020406373 0.011378665 0.998824894
1305031113.643222 0.007630386 -0.000961589 0.066254064 -0.044761248 -0.021029254 0.007547558 0.998747826
1305031113.679288 -0.004427252 -0.001401039 0.066191420 -0.045785721 -0.019965224 0.003893628 0.998744190
1305031113.711931 -0.013744850 -0.002090567 0.067500018 -0.046131186 -0.020146526 -0.000808433 0.998731911
1305031113.743590 -0.022417435 -0.001514241 0.067533232 -0.045302849 -0.018370831 -0.005953838 0.998786628
1305031113.779320 -0.035802811 -0.002804386 0.067846112 -0.044601422 -0.014589295 -0.010508998 0.998843074
1305031113.811237 -0.045948833 -0.001632752 0.067507721 -0.043226555 -0.013621815 -0.012302196 0.998896658
1305031113.843295 -0.055710047 0.001486937 0.068247356 -0.042764094 -0.011582782 -0.015951788 0.998890698
1305031113.879281 -0.069866002 -0.004803885 0.069693476 -0.043679755 -0.009839376 -0.020730460 0.998782039
1305031113.911290 -0.077965401 -0.000048174 0.069979928 -0.038853802 -0.012007751 -0.020983551 0.998952389
1305031113.943291 -0.086363822 -0.000640810 0.071680523 -0.036681894 -0.010704732 -0.023451351 0.998994470
1305031113.979293 -0.099708721 -0.000750953 0.071265705 -0.033420928 -0.007602130 -0.029001618 0.998991609
1305031114.011257 -0.113207556 0.001661239 0.070861161 -0.029418269 -0.005739347 -0.034057949 0.998970330
1305031114.043301 -0.128228426 0.001358770 0.069672048 -0.028341232 -0.006952018 -0.036142971 0.998920500
1305031114.079285 -0.139382139 0.000673001 0.069976166 -0.026321040 -0.012414926 -0.036484558 0.998910427
1305031114.111263 -0.150038823 0.004962678 0.070718892 -0.022467904 -0.017806388 -0.040396858 0.998772383
1305031114.143284 -0.158959597 0.005164532 0.073247194 -0.022577835 -0.023390450 -0.043457072 0.998526216
1305031114.179337 -0.166202858 0.001575679 0.074727803 -0.021343682 -0.026652711 -0.045656092 0.998373508
1305031114.211303 -0.177504763 0.010700278 0.073957607 -0.016361771 -0.026224580 -0.048278432 0.998355567
1305031114.243337 -0.191329554 0.009582331 0.075932764 -0.019236697 -0.027431889 -0.052316848 0.998068333
1305031114.279390 -0.203734100 0.010639762 0.077595875 -0.018631335 -0.032835092 -0.054689970 0.997789443
1305031114.311429 -0.211337030 0.013399493 0.079628982 -0.018961309 -0.041724484 -0.054663304 0.997452497
1305031114.343331 -0.215607077 0.013291562 0.082348354 -0.020052111 -0.049203530 -0.057244737 0.996945322
1305031114.379320 -0.222506717 0.011716539 0.083444513 -0.020563010 -0.051691104 -0.061471850 0.996557295
1305031114.411397 -0.233361304 0.012948047 0.084194936 -0.019083787 -0.052434608 -0.066217192 0.996243834
1305031114.443345 -0.244667426 0.014776664 0.084751576 -0.018681582 -0.055313792 -0.068034306 0.995973229
1305031114.479332 -0.255287230 0.013064366 0.084394395 -0.019751176 -0.061379902 -0.069680676 0.995483339
1305031114.511266 -0.258247048 0.015680119 0.085448086 -0.019447183 -0.070863642 -0.071254864 0.994747639
1305031114.543236 -0.259185046 0.013990169 0.088172361 -0.023045689 -0.076780044 -0.069965348 0.994323194
1305031114.579237 -0.263450056 0.012781365 0.089168638 -0.024678655 -0.077505000 -0.066733263 0.994449914
1305031114.611391 -0.268547952 0.015220816 0.089053676 -0.026187297 -0.077732496 -0.064268611 0.994555891
1305031114.644136 -0.275404185 0.014451298 0.089998737 -0.031188605 -0.079087324 -0.063754506 0.994337857
1305031114.679251 -0.279868156 0.012182595 0.090678588 -0.034654818 -0.084957644 -0.064919874 0.993663251
1305031114.711306 -0.278664738 0.009827852 0.092061102 -0.036024380 -0.090995118 -0.063570283 0.993167102
1305031114.743200 -0.278528571 0.007919371 0.091983870 -0.035763938 -0.094898261 -0.066944607 0.992589355
1305031114.779289 -0.276464969 0.008783905 0.090964794 -0.033113118 -0.097431161 -0.069871627 0.992234170
1305031114.811303 -0.275217563 0.011678399 0.090159878 -0.032135844 -0.097468637 -0.070660323 0.992206752
1305031114.843208 -0.273934156 0.011007112 0.090057991 -0.032451443 -0.098415032 -0.073116183 0.991925120
1305031114.879281 -0.270140052 0.014145898 0.089968793 -0.031786706 -0.099271446 -0.072416082 0.991912603
1305031114.912879 -0.267595172 0.016219772 0.089479230 -0.032205984 -0.099381216 -0.072982326 0.991846621
1305031114.943234 -0.258845627 0.017323259 0.089844011 -0.034543090 -0.101394951 -0.074127823 0.991479158
1305031114.979280 -0.253453404 0.020209435 0.090692192 -0.035625700 -0.099318318 -0.074769311 0.991602838
1305031115.011300 -0.246644005 0.024490096 0.092324167 -0.038330480 -0.098810554 -0.075813219 0.991473436
1305031115.043508 -0.237005681 0.019510066 0.094087288 -0.044218961 -0.098036461 -0.075856410 0.991301835
1305031115.079238 -0.229054600 0.024552973 0.096187487 -0.043556809 -0.095111229 -0.076282762 0.991583407
1305031115.111230 -0.214375272 0.024651760 0.100889429 -0.046720222 -0.093812913 -0.074543715 0.991695285
1305031115.143275 -0.205431446 0.020512283 0.101385646 -0.049880832 -0.085163943 -0.072039656 0.992506564
1305031115.179440 -0.202892959 0.024069764 0.103084542 -0.049843676 -0.078881644 -0.071513429 0.993065536
1305031115.211374 -0.186229452 0.017766150 0.109035969 -0.052637141 -0.080276638 -0.067899294 0.993063271
1305031115.243297 -0.176406771 0.014723760 0.110150471 -0.049176678 -0.074811034 -0.064382225 0.993901372
1305031115.279966 -0.166571885 0.021216962 0.111670420 -0.045566633 -0.071906269 -0.058969833 0.994623423
1305031115.311704 -0.145509094 0.012100502 0.116919816 -0.049296211 -0.071747147 -0.052929152 0.994796813
1305031115.343235 -0.133352652 0.016479366 0.117705628 -0.043409243 -0.062809557 -0.049462352 0.995853424
1305031115.379166 -0.135158703 0.024106240 0.115120143 -0.044897292 -0.053699408 -0.045806903 0.996495008
1305031115.411237 -0.123800777 0.020232566 0.120186202 -0.052914929 -0.060414501 -0.041627504 0.995900214
1305031115.443159 -0.103830613 0.021532359 0.125856176 -0.055511620 -0.065931827 -0.035475772 0.995647013
1305031115.479241 -0.092209980 0.022951070 0.126691282 -0.059128959 -0.065116413 -0.029862095 0.995676577
1305031115.511253 -0.067836344 0.017877977 0.132247552 -0.064294986 -0.068826385 -0.024369335 0.995256364
1305031115.543604 -0.048859991 0.018133929 0.136045679 -0.063694268 -0.058413099 -0.016778100 0.996117175
1305031115.579315 -0.040221233 0.015282905 0.132162377 -0.064037733 -0.044230789 -0.012088714 0.996893525
1305031115.611424 -0.028672764 0.014345181 0.132314593 -0.063243382 -0.037763473 -0.007130733 0.997257888
1305031115.643254 -0.012167941 0.012452288 0.132454813 -0.062346239 -0.032737181 0.000166301 0.997517526
1305031115.679241 -0.004703312 0.009941787 0.126776680 -0.061873544 -0.027062705 0.010958908 0.997656822
1305031115.711320 0.012502437 0.013167239 0.129899889 -0.059988774 -0.029643152 0.019737000 0.997563541
1305031115.743250 0.030182144 0.011795001 0.131638557 -0.060457382 -0.024811499 0.026446460 0.997511864
1305031115.779425 0.044790775 0.010642257 0.128736407 -0.059009269 -0.016019523 0.033713575 0.997559369
1305031115.811277 0.061747972 0.012576856 0.128331825 -0.058636077 -0.009428347 0.042682122 0.997321963
1305031115.843224 0.072745025 0.011231349 0.128764808 -0.061535377 0.000949619 0.049871728 0.996857703
1305031115.879198 0.078383461 0.009009504 0.127214640 -0.061089937 0.009614419 0.057535205 0.996426225
1305031115.911118 0.090843573 0.012690228 0.128427267 -0.057584967 0.011978230 0.062598392 0.996304154
1305031115.943311 0.103509538 0.014082613 0.128996506 -0.058254961 0.017798305 0.069074385 0.995750189
1305031115.980740 0.114188656 0.016746156 0.129955605 -0.058839362 0.023191949 0.074898027 0.995183587
1305031116.011379 0.128803134 0.019295005 0.131483704 -0.060438998 0.029968133 0.078087606 0.994661450
1305031116.043164 0.144205555 0.021473976 0.132950693 -0.063009664 0.039622378 0.080503248 0.993971348
1305031116.080030 0.146526411 0.026955780 0.133680031 -0.065247118 0.053488236 0.084014229 0.992886424
1305031116.111300 0.157531783 0.024148883 0.137434229 -0.074069358 0.062093660 0.086659938 0.991538286
1305031116.143441 0.162716448 0.023826588 0.139373526 -0.078108758 0.071819201 0.090046577 0.990268946
1305031116.179572 0.172255635 0.024836691 0.139545992 -0.080287710 0.076839492 0.092735052 0.989469409
1305031116.211299 0.180723518 0.026116285 0.140389487 -0.084014557 0.081943616 0.096214764 0.988417685
1305031116.243320 0.192880571 0.019767627 0.141769916 -0.090178952 0.086180054 0.099409550 0.987197280
1305031116.279385 0.200889185 0.022391651 0.142839357 -0.089371525 0.094867520 0.102020144 0.986207247
1305031116.311336 0.206526682 0.024930742 0.141606525 -0.090654552 0.103314377 0.106365547 0.984781325
1305031116.343292 0.211884201 0.021468423 0.143058732 -0.092743300 0.109406769 0.110457204 0.983477533
1305031116.379384 0.214581266 0.021154128 0.141567335 -0.087056123 0.112921864 0.110980690 0.983541131
1305031116.411333 0.213208362 0.025499418 0.138680995 -0.081128374 0.116743021 0.113462374 0.983318627
1305031116.443369 0.212996870 0.027046926 0.137381241 -0.082872361 0.119366199 0.122440293 0.981780112
1305031116.479850 0.214376166 0.021520890 0.136049882 -0.085804649 0.120040432 0.126881301 0.980881751
1305031116.511205 0.209859326 0.022047237 0.134113401 -0.083121665 0.120477803 0.122614391 0.981601536
1305031116.543262 0.205635771 0.023499358 0.131746918 -0.079799049 0.120292000 0.118221715 0.982438564
1305031116.579313 0.193789944 0.025312480 0.132338613 -0.078902319 0.121491097 0.115181364 0.982724607
1305031116.611261 0.183916479 0.020543374 0.132921174 -0.080686189 0.117589302 0.108914450 0.983768344
1305031116.643355 0.171014369 0.018386316 0.131113037 -0.080184139 0.111644551 0.098896347 0.985558510
1305031116.679281 0.163635448 0.018671932 0.130235732 -0.079790980 0.103124857 0.090127967 0.987357914
1305031116.711634 0.155424774 0.019428961 0.128098875 -0.078864507 0.097253419 0.081043974 0.988814473
1305031116.743291 0.142901495 0.023035530 0.126399904 -0.077990673 0.093151212 0.070096225 0.990114570
1305031116.779298 0.132900536 0.020211298 0.123081818 -0.082097225 0.087750480 0.059695814 0.990957260
1305031116.811318 0.116223797 0.019866493 0.123428389 -0.081299692 0.086137585 0.051662151 0.991615713
1305031116.846089 0.102781437 0.019466819 0.120558642 -0.079662181 0.076955318 0.043637343 0.992888510
1305031116.880165 0.087663516 0.023349132 0.120872572 -0.078784391 0.067721121 0.036746878 0.993909717
1305031116.912044 0.072510399 0.021533413 0.119795360 -0.079123028 0.057933953 0.032730520 0.994641602
1305031116.943296 0.052594703 0.029237926 0.118065476 -0.076014891 0.046916012 0.024583846 0.995698869
1305031116.979351 0.038641032 0.028846620 0.116142519 -0.075593188 0.035943728 0.014455815 0.996385872
1305031117.011382 0.024356186 0.031611316 0.115141749 -0.073000558 0.025220396 0.005764095 0.996996343
1305031117.043261 0.016793849 0.032935038 0.112135187 -0.073534660 0.012500146 0.000989339 0.997213840
1305031117.079520 0.002406219 0.035517462 0.108740948 -0.074838936 0.004629676 -0.004823284 0.997173190
1305031117.111238 -0.007643904 0.033969149 0.105248258 -0.078158878 -0.006180494 -0.006646033 0.996899605
1305031117.143218 -0.016329410 0.038596638 0.103712104 -0.079105325 -0.016547823 -0.006915327 0.996704936
1305031117.179264 -0.025132105 0.041138373 0.105205916 -0.081066817 -0.024887560 -0.012467530 0.996319890
1305031117.211361 -0.026191752 0.043795094 0.111527726 -0.081926838 -0.034466129 -0.015300072 0.995924711
1305031117.243277 -0.027029401 0.047959402 0.112114221 -0.083750725 -0.037978888 -0.017209206 0.995614052
1305031117.279299 -0.026962280 0.045684487 0.114157729 -0.089433596 -0.038561363 -0.021609927 0.995011389
1305031117.311200 -0.030083856 0.043789573 0.115489610 -0.093413830 -0.036398374 -0.023271149 0.994689643
1305031117.343243 -0.032948740 0.040208947 0.116012231 -0.095902056 -0.036013108 -0.024305178 0.994442105
1305031117.379454 -0.033717595 0.036875799 0.116137624 -0.095828563 -0.036126066 -0.024565222 0.994438708
1305031117.411221 -0.035521552 0.032008424 0.115635648 -0.095412955 -0.037198480 -0.023802783 0.994457662
1305031117.443274 -0.035059210 0.029754143 0.115066156 -0.092449687 -0.039181754 -0.022420485 0.994693518
1305031117.479403 -0.035875745 0.024486110 0.115280069 -0.091432445 -0.039837189 -0.021084294 0.994790673
1305031117.511325 -0.036083404 0.017847935 0.116032019 -0.089258462 -0.041580409 -0.019394949 0.994951189
1305031117.544285 -0.036988296 0.014582987 0.115499698 -0.084102698 -0.042106610 -0.018821888 0.995389104
1305031117.579155 -0.038344923 0.009523171 0.115300633 -0.081491284 -0.043252755 -0.020483067 0.995524406
1305031117.611159 -0.039024241 0.004697646 0.117164992 -0.080375701 -0.044942692 -0.019909283 0.995551884
1305031117.643252 -0.040127393 -0.001938842 0.119431071 -0.079195745 -0.046811230 -0.018691624 0.995583951
1305031117.679262 -0.040615842 -0.006238576 0.121101916 -0.078672700 -0.049471036 -0.018097499 0.995507777
1305031117.711184 -0.040723264 -0.014986733 0.123991653 -0.080395758 -0.051959537 -0.015938604 0.995280206
1305031117.743184 -0.041100539 -0.022772180 0.127439365 -0.080809034 -0.054116584 -0.012770668 0.995177507
1305031117.779467 -0.041428529 -0.028158352 0.128949538 -0.080262505 -0.056385975 -0.010795805 0.995119095
1305031117.811320 -0.040515110 -0.038252287 0.134185314 -0.082522184 -0.059008557 -0.008995932 0.994800091
1305031117.843291 -0.036188759 -0.045639150 0.138540342 -0.080464110 -0.060759336 -0.007698437 0.994874179
1305031117.879451 -0.037438042 -0.050258942 0.141532123 -0.078231633 -0.057246029 -0.007880319 0.995259047
1305031117.911407 -0.039239768 -0.060676031 0.144780293 -0.079000868 -0.054860428 -0.008411421 0.995328367
1305031117.943253 -0.039900493 -0.066170119 0.147473738 -0.077207781 -0.052684970 -0.009057531 0.995580852
1305031117.979228 -0.041932866 -0.072480910 0.150980413 -0.078821957 -0.050397541 -0.009305787 0.995570481
1305031118.011228 -0.041009024 -0.083951794 0.157093018 -0.082274191 -0.050935823 -0.009409616 0.995262742
1305031118.043521 -0.041695058 -0.090283543 0.161148518 -0.080820024 -0.049539294 -0.009360036 0.995452881
1305031118.079334 -0.039357953 -0.097303279 0.165627837 -0.080967911 -0.049566705 -0.010495436 0.995428145
1305031118.111217 -0.037220411 -0.105539903 0.171096340 -0.080699563 -0.046369527 -0.011274121 0.995595515
1305031118.143256 -0.040589649 -0.112530649 0.172189295 -0.079167113 -0.040348768 -0.013175900 0.995957315
1305031118.179323 -0.040903933 -0.121361762 0.177159205 -0.079061091 -0.037734084 -0.015337055 0.996037304
1305031118.211202 -0.044936262 -0.130716577 0.179349706 -0.076784089 -0.033765096 -0.014243667 0.996374071
1305031118.243173 -0.047487397 -0.140065789 0.183445454 -0.074568152 -0.033960354 -0.014854332 0.996526778
1305031118.279194 -0.046400581 -0.149685562 0.188412860 -0.071819142 -0.034884740 -0.015306537 0.996689916
1305031118.311299 -0.047187880 -0.154325187 0.190549403 -0.064634919 -0.035077587 -0.015560117 0.997170866
1305031118.343324 -0.045215957 -0.157811955 0.193442523 -0.059430379 -0.034889795 -0.016710516 0.997482598
1305031118.379208 -0.048605829 -0.164677054 0.194129631 -0.055912968 -0.031961616 -0.018328767 0.997755587
1305031118.411296 -0.049612641 -0.165324837 0.195188254 -0.051957943 -0.033537950 -0.018118216 0.997921467
1305031118.445692 -0.047020718 -0.166193098 0.197855145 -0.051098946 -0.034669388 -0.014561741 0.997985423
1305031118.479285 -0.048053280 -0.169193059 0.199649841 -0.050918769 -0.034698922 -0.012683077 0.998019218
1305031118.511255 -0.045316275 -0.166311026 0.200594306 -0.047968283 -0.035937775 -0.011182788 0.998139501
1305031118.544414 -0.044757128 -0.161522716 0.200353950 -0.047941808 -0.035249274 -0.011806635 0.998158157
1305031118.579285 -0.043121886 -0.160329953 0.200714976 -0.050097920 -0.034712955 -0.011997391 0.998068750
1305031118.616142 -0.042158902 -0.155334905 0.200205326 -0.049599580 -0.032884214 -0.014464601 0.998122871
1305031118.645325 -0.042839400 -0.147942811 0.197682217 -0.049476873 -0.030295964 -0.016901167 0.998172581
1305031118.679295 -0.043669071 -0.144234225 0.196032658 -0.053304996 -0.028812135 -0.018570310 0.997989774
1305031118.711421 -0.045558169 -0.142774358 0.194316804 -0.055335078 -0.028436817 -0.021769591 0.997825384
1305031118.746770 -0.049077980 -0.133298367 0.189085737 -0.051902555 -0.029287299 -0.021289635 0.997995555
1305031118.779277 -0.045349903 -0.118621662 0.183478698 -0.052172445 -0.034401894 -0.020889819 0.997826695
1305031118.811221 -0.041875795 -0.120469086 0.184318945 -0.059849426 -0.038162600 -0.022138825 0.997231960
1305031118.846753 -0.039664261 -0.112018257 0.181506336 -0.054917913 -0.038744532 -0.020899283 0.997519970
1305031118.879208 -0.038816176 -0.094555154 0.172548264 -0.051136520 -0.036407091 -0.022843011 0.997766376
1305031118.911177 -0.040567655 -0.091094777 0.170584172 -0.054941982 -0.034637682 -0.025646804 0.997558951
1305031118.946974 -0.040038608 -0.080227882 0.165171951 -0.052935701 -0.033510718 -0.027231449 0.997663915
1305031118.979374 -0.041731015 -0.067944765 0.157793581 -0.052662313 -0.031723417 -0.031331267 0.997616470
1305031119.011363 -0.043493658 -0.059883613 0.153141677 -0.056265172 -0.031320836 -0.033707809 0.997355044
1305031119.047172 -0.044324677 -0.052881859 0.148765311 -0.058597263 -0.031828426 -0.034080725 0.997191966
1305031119.079223 -0.044976361 -0.042949647 0.141897321 -0.058418084 -0.033972949 -0.033656117 0.997146189
1305031119.111328 -0.045175280 -0.035110809 0.137009546 -0.058583308 -0.037619781 -0.032954998 0.997028947
1305031119.147616 -0.046505857 -0.025684385 0.131374076 -0.058332317 -0.040495262 -0.031497963 0.996978104
1305031119.179226 -0.045383058 -0.021554979 0.127909333 -0.059755832 -0.045335695 -0.031482890 0.996685863
1305031119.211364 -0.043360714 -0.011842705 0.123165190 -0.056409892 -0.047994051 -0.029578472 0.996814728
1305031119.247399 -0.044921815 -0.003146706 0.118698120 -0.055294558 -0.048495706 -0.028973492 0.996870756
1305031119.279212 -0.043405257 0.005265212 0.114722557 -0.054746244 -0.050075233 -0.028731873 0.996829867
1305031119.311212 -0.044088159 0.012520541 0.110907108 -0.054756138 -0.050158251 -0.026243832 0.996893764
1305031119.347741 -0.045079410 0.018136734 0.107699178 -0.054470941 -0.051571716 -0.023922618 0.996895671
1305031119.379239 -0.044267345 0.029215548 0.104106806 -0.052470673 -0.054087996 -0.023219455 0.996886253
1305031119.411484 -0.041064158 0.036299750 0.102459572 -0.053416293 -0.055259958 -0.022491839 0.996788442
1305031119.447706 -0.040418670 0.042346969 0.099308133 -0.054549545 -0.052974738 -0.022109756 0.996859670
1305031119.479267 -0.042260237 0.053944737 0.096311137 -0.051242735 -0.050144982 -0.023282683 0.997154713
1305031119.511240 -0.043990735 0.062103398 0.092806891 -0.052539043 -0.048239563 -0.022664672 0.997195542
1305031119.547382 -0.044040516 0.071439125 0.090771489 -0.053194050 -0.048362475 -0.021088749 0.997189403
1305031119.579559 -0.042446718 0.083083883 0.088413335 -0.053845722 -0.047946803 -0.020964110 0.997177184
1305031119.615017 -0.044506654 0.088970028 0.086159080 -0.058217540 -0.045019187 -0.020762851 0.997072160
1305031119.647903 -0.045409434 0.101963565 0.084738076 -0.058658984 -0.044443369 -0.019423442 0.997099102
1305031119.679208 -0.042611986 0.111473940 0.084152326 -0.062116846 -0.043535572 -0.021279491 0.996891797
1305031119.715232 -0.043769896 0.117941037 0.083742172 -0.068226568 -0.038630869 -0.019094216 0.996738791
1305031119.747193 -0.048932031 0.124524012 0.079778284 -0.072030760 -0.034511790 -0.014804972 0.996695220
1305031119.779169 -0.049447712 0.132075265 0.078963995 -0.074677899 -0.036076538 -0.012359250 0.996478260
1305031119.814537 -0.047711831 0.139690831 0.078364693 -0.076438256 -0.037877049 -0.008243173 0.996320546
1305031119.847429 -0.046679039 0.147619918 0.077514924 -0.078499235 -0.037354276 -0.003802279 0.996206820
1305031119.879214 -0.047184322 0.152496129 0.077193335 -0.079262219 -0.035356082 -0.003949122 0.996218741
1305031119.911401 -0.049222276 0.165305451 0.074185118 -0.075831980 -0.032519281 -0.003259767 0.996584833
1305031119.947392 -0.048602663 0.170318231 0.073162004 -0.080454484 -0.031258933 -0.003355477 0.996262372
1305031119.979537 -0.048017655 0.174521312 0.072091013 -0.082757272 -0.028360896 -0.004421937 0.996156275
1305031120.015264 -0.049755972 0.184349477 0.070112258 -0.084705934 -0.024434481 -0.002679311 0.996102750
1305031120.047290 -0.051869377 0.181334451 0.069491714 -0.094244048 -0.022783352 -0.000831223 0.995288014
1305031120.079418 -0.053229775 0.181420669 0.068433598 -0.096168555 -0.024271687 0.001228933 0.995068312
1305031120.115232 -0.053168640 0.185886696 0.068281487 -0.095714957 -0.026800565 0.003140599 0.995042920
1305031120.148157 -0.050995260 0.181327239 0.069368273 -0.099755228 -0.028597578 0.003745939 0.994593918
1305031120.179246 -0.049251575 0.175274119 0.070406370 -0.101036504 -0.028997594 0.006809385 0.994436741
1305031120.215249 -0.048759133 0.170631453 0.071159877 -0.097546197 -0.029441619 0.006993750 0.994770825
1305031120.248003 -0.048391581 0.168804899 0.071657255 -0.092782140 -0.029550446 0.004786072 0.995236337
1305031120.279430 -0.049924150 0.164785266 0.073073201 -0.089980394 -0.027812688 0.002487353 0.995552003
1305031120.315196 -0.049777586 0.157985821 0.074879184 -0.088155478 -0.027517185 0.000317453 0.995726526
1305031120.347787 -0.049574431 0.152016670 0.076773927 -0.084532253 -0.027132954 -0.001296976 0.996050417
1305031120.379437 -0.048936848 0.143261373 0.079875775 -0.084052220 -0.027698884 -0.001702429 0.996074855
1305031120.415445 -0.046650663 0.128494039 0.085085057 -0.081387602 -0.029656973 -0.001675651 0.996239781
1305031120.447417 -0.047738422 0.124968030 0.085651785 -0.072759762 -0.029460775 -0.002522723 0.996911108
1305031120.479432 -0.046419729 0.113203824 0.090403534 -0.072062679 -0.030887416 -0.001675494 0.996920288
1305031120.514819 -0.047613740 0.104696423 0.094009697 -0.065767102 -0.032198571 0.000504937 0.997315228
1305031120.547736 -0.047176380 0.096927859 0.097027883 -0.059696976 -0.035478987 0.002449392 0.997582853
1305031120.579551 -0.048203740 0.090604320 0.099630199 -0.056240402 -0.038786586 0.005426139 0.997648835
1305031120.615236 -0.047154225 0.081355974 0.105113827 -0.053981267 -0.043652695 0.008116797 0.997554302
1305031120.647354 -0.045858696 0.075219929 0.108390808 -0.048701625 -0.046920441 0.008377926 0.997675538
1305031120.679318 -0.044266563 0.069445774 0.112376809 -0.046060529 -0.049014557 0.009469311 0.997690499
1305031120.714522 -0.043944873 0.061574455 0.114799798 -0.044496879 -0.049483463 0.009838068 0.997734725
1305031120.747369 -0.044179756 0.053335339 0.118082017 -0.044087444 -0.051662594 0.010435797 0.997636378
1305031120.779894 -0.041923199 0.044326156 0.122765586 -0.042608250 -0.054731417 0.010527922 0.997536063
1305031120.814944 -0.042094350 0.039616190 0.123925634 -0.039174519 -0.054731172 0.009571008 0.997686446
1305031120.847921 -0.041221511 0.031131599 0.127656311 -0.040678814 -0.056196421 0.007919679 0.997559249
1305031120.883435 -0.039048810 0.021943668 0.130945116 -0.039130758 -0.056695428 0.006215471 0.997605026
1305031120.915444 -0.040447488 0.017965548 0.132074952 -0.036714021 -0.054605901 0.004363632 0.997823238
1305031120.947488 -0.040990204 0.009451497 0.134955510 -0.037440803 -0.054173633 0.002265206 0.997826755
1305031120.983366 -0.041985728 0.001293018 0.136808887 -0.037292182 -0.053767934 -0.000182088 0.997856855
1305031121.015019 -0.041820962 -0.007379102 0.138684943 -0.036422893 -0.054494213 -0.001281970 0.997848749
1305031121.047498 -0.042502027 -0.011832917 0.140553251 -0.035041090 -0.054141026 -0.001977173 0.997916281
1305031121.083099 -0.044806331 -0.024109315 0.142959803 -0.035934396 -0.054543681 -0.003694707 0.997857749
1305031121.114696 -0.044213064 -0.029717889 0.144359291 -0.033052690 -0.056228757 -0.003062282 0.997865975
1305031121.147331 -0.045277867 -0.037527621 0.145264760 -0.031653475 -0.056378111 -0.003993446 0.997899592
1305031121.183271 -0.045295052 -0.045051593 0.147303298 -0.030089494 -0.057898562 -0.004505550 0.997858763
1305031121.211420 -0.042709671 -0.053382453 0.150882110 -0.028132459 -0.058802094 -0.004645175 0.997862339
1305031121.247194 -0.046051323 -0.058478326 0.151170760 -0.025592895 -0.056070887 -0.005602516 0.998082995
1305031121.282876 -0.046377841 -0.068024814 0.154393137 -0.026765965 -0.057529353 -0.004450368 0.997975051
1305031121.313568 -0.045465574 -0.077314556 0.157669127 -0.024788687 -0.058064133 -0.003891322 0.997997463
1305031121.347517 -0.047929227 -0.082144350 0.158699200 -0.022198964 -0.058315210 -0.002661029 0.998047829
1305031121.383226 -0.044523902 -0.093849324 0.163212806 -0.022573860 -0.061190624 -0.001590959 0.997869551
1305031121.414318 -0.045322575 -0.098767713 0.165374979 -0.017222635 -0.060022350 -0.002949235 0.998044133
1305031121.447319 -0.046021614 -0.103925027 0.167078033 -0.015638415 -0.059340123 -0.002444291 0.998112321
1305031121.482964 -0.043181710 -0.116183549 0.171566278 -0.015955428 -0.058534451 -0.001011075 0.998157382
1305031121.514107 -0.047484059 -0.119251624 0.169448763 -0.011485659 -0.054976344 -0.000692585 0.998421371
1305031121.547270 -0.047130443 -0.123218291 0.171837211 -0.012175601 -0.055170219 0.000049397 0.998402715
1305031121.583204 -0.046881206 -0.134314239 0.175746650 -0.015217681 -0.054044828 -0.001063815 0.998421967
1305031121.614700 -0.045986731 -0.139782488 0.175308943 -0.014066285 -0.052362781 -0.002157115 0.998526692
1305031121.647183 -0.044561617 -0.143154949 0.177587032 -0.012743884 -0.048816383 -0.004410469 0.998716712
1305031121.683200 -0.048189253 -0.150190070 0.178938106 -0.015623427 -0.043880135 -0.006215244 0.998895288
1305031121.714520 -0.050717078 -0.157067031 0.179923818 -0.016659603 -0.042298909 -0.005384825 0.998951554
1305031121.747145 -0.050313119 -0.160225272 0.182199955 -0.018051567 -0.042362444 -0.004982835 0.998926818
1305031121.782835 -0.050053980 -0.167395130 0.184804007 -0.020737315 -0.042085670 -0.003042528 0.998894155
1305031121.811540 -0.048256248 -0.169999078 0.187342823 -0.021811167 -0.041574452 -0.000608181 0.998897135
1305031121.847335 -0.048418388 -0.173113853 0.187892064 -0.024003359 -0.039700542 0.002237872 0.998920739
1305031121.882060 -0.050043739 -0.174964726 0.188821092 -0.026302604 -0.038897306 0.008223594 0.998863101
1305031121.914931 -0.051603712 -0.175283760 0.188486204 -0.027826967 -0.040028077 0.010081552 0.998760104
1305031121.947288 -0.048638456 -0.176023677 0.189837143 -0.028180098 -0.043230798 0.010007763 0.998617470
1305031121.982926 -0.048387453 -0.170270890 0.189671293 -0.026661066 -0.042893823 0.009639564 0.998677313
1305031122.014256 -0.049057215 -0.169543162 0.187738165 -0.027933886 -0.042616859 0.007414303 0.998673379
1305031122.047306 -0.050210495 -0.164076522 0.185912505 -0.026041852 -0.043493968 0.003587040 0.998707771
1305031122.082959 -0.048545986 -0.158740297 0.184489101 -0.025165239 -0.044606816 0.000176509 0.998687565
1305031122.114672 -0.049578380 -0.149127513 0.180995122 -0.022489836 -0.044232819 -0.003520891 0.998761833
1305031122.150725 -0.047980197 -0.142148688 0.179573134 -0.022903971 -0.045244694 -0.008484214 0.998677313
1305031122.183042 -0.047015551 -0.133730963 0.175431684 -0.020828348 -0.044338021 -0.013465816 0.998708665
1305031122.214959 -0.047669247 -0.115414508 0.170702517 -0.020047769 -0.042525653 -0.017986521 0.998732269
1305031122.251319 -0.049046941 -0.112686813 0.169087172 -0.027062487 -0.041476734 -0.022141524 0.998527467
1305031122.283560 -0.051899262 -0.100986294 0.166787937 -0.026124138 -0.041504230 -0.024504120 0.998496115
1305031122.314289 -0.051907476 -0.084924690 0.160134107 -0.029718202 -0.043582357 -0.028063662 0.998213291
1305031122.351327 -0.052666992 -0.079816319 0.157152802 -0.036985558 -0.045681197 -0.031034352 0.997788608
1305031122.382630 -0.054874979 -0.069074936 0.152648076 -0.040680457 -0.046896629 -0.031707086 0.997567236
1305031122.414997 -0.056548208 -0.064484283 0.148951054 -0.045563683 -0.050602917 -0.032231949 0.997158170
1305031122.451257 -0.057028990 -0.054394044 0.143583328 -0.046700414 -0.055000670 -0.030873610 0.996915638
1305031122.483360 -0.057094526 -0.046533585 0.139402658 -0.049766425 -0.059848260 -0.030643782 0.996495068
1305031122.515097 -0.055751055 -0.037965521 0.135674015 -0.050683491 -0.064229652 -0.031945925 0.996135116
1305031122.551490 -0.052050471 -0.029491309 0.131765038 -0.052167576 -0.066644691 -0.032988522 0.995865822
1305031122.583208 -0.052667603 -0.021880651 0.127862751 -0.053502757 -0.064995915 -0.034428872 0.995855212
1305031122.614980 -0.056056596 -0.015373977 0.124205925 -0.054403327 -0.063870527 -0.033881612 0.995898008
1305031122.648788 -0.055627137 -0.006294484 0.119810171 -0.052622758 -0.066033244 -0.032833774 0.995887756
1305031122.683402 -0.056245103 0.002669746 0.115929350 -0.051738825 -0.066919044 -0.031511206 0.995917678
1305031122.715208 -0.058079883 0.011102231 0.111824162 -0.051401988 -0.068803608 -0.028796842 0.995888829
1305031122.751298 -0.055890821 0.023040216 0.108212173 -0.049753606 -0.072248705 -0.028167257 0.995746613
1305031122.783423 -0.054788932 0.033195090 0.106426142 -0.052279729 -0.073026992 -0.028936543 0.995538354
1305031122.812555 -0.053613473 0.039697208 0.105159968 -0.057475921 -0.072684251 -0.029939495 0.995247245
1305031122.851418 -0.049494319 0.047857035 0.105190016 -0.058757067 -0.070742093 -0.031524591 0.995263457
1305031122.883754 -0.051845223 0.057238381 0.102037519 -0.060744129 -0.063339867 -0.031390805 0.995646954
1305031122.914571 -0.055293575 0.061086327 0.099545479 -0.065123774 -0.059289373 -0.030525701 0.995646417
1305031122.951341 -0.055776566 0.066968434 0.097667992 -0.066040568 -0.058443051 -0.029611902 0.995663702
1305031122.982815 -0.057344541 0.075875886 0.094639488 -0.066706821 -0.057834115 -0.025671359 0.995764196
1305031123.015450 -0.056407135 0.079810143 0.092932053 -0.069864228 -0.059371643 -0.022834271 0.995526254
1305031123.051827 -0.055297684 0.085223213 0.091685027 -0.069317378 -0.059433416 -0.021370048 0.995593309
1305031123.082975 -0.055642977 0.095555693 0.088592887 -0.067201830 -0.058343783 -0.018755432 0.995855510
1305031123.113873 -0.055464588 0.102343380 0.088059202 -0.070199676 -0.057475206 -0.016226504 0.995743573
1305031123.150822 -0.056318007 0.108825214 0.086897321 -0.072808631 -0.056359369 -0.016206933 0.995620310
1305031123.182155 -0.053235963 0.120394319 0.084565185 -0.072880432 -0.055873159 -0.015225630 0.995657980
1305031123.214704 -0.052434761 0.129082188 0.083257109 -0.076313458 -0.051437408 -0.015985923 0.995627880
1305031123.250618 -0.053877711 0.141496897 0.080522493 -0.079233795 -0.046677515 -0.017505040 0.995608747
1305031123.282347 -0.051776361 0.149811387 0.082148232 -0.086964846 -0.044956930 -0.013956975 0.995098591
1305031123.311327 -0.051740367 0.156277522 0.082574382 -0.092222027 -0.040818103 -0.013318507 0.994812369
1305031123.350481 -0.051280439 0.163307577 0.082388349 -0.096661322 -0.036877632 -0.012824416 0.994551241
1305031123.382255 -0.049667511 0.171782687 0.082164846 -0.100054286 -0.032919046 -0.009373618 0.994393110
1305031123.411363 -0.050313175 0.176021338 0.081059836 -0.103863485 -0.027625112 -0.007299222 0.994181037
1305031123.451255 -0.049641542 0.182590649 0.080443740 -0.104957163 -0.025494730 -0.005695355 0.994133592
1305031123.483594 -0.048264328 0.190510988 0.079620212 -0.108048774 -0.024278769 -0.000854240 0.993848681
1305031123.511360 -0.047533903 0.193870068 0.078630894 -0.112382725 -0.022784730 0.002103924 0.993401527
1305031123.551513 -0.047260717 0.201274931 0.077106416 -0.112804160 -0.022772579 0.004284936 0.993346989
1305031123.579583 -0.045721117 0.206307009 0.076940395 -0.115233362 -0.023015089 0.007516286 0.993043363
1305031123.611335 -0.044254135 0.215821549 0.075312853 -0.113887131 -0.022062443 0.008906328 0.993208766
1305031123.652411 -0.042780548 0.222061142 0.075061448 -0.117196023 -0.020533461 0.008695449 0.992858410
1305031123.683753 -0.041774713 0.227837920 0.074149281 -0.120501585 -0.017126855 0.010077034 0.992514253
1305031123.711323 -0.040326465 0.232398599 0.074089952 -0.124577194 -0.014393806 0.011371929 0.992040336
1305031123.751723 -0.041543454 0.233219579 0.073803671 -0.129136771 -0.011521848 0.013193212 0.991472065
1305031123.783858 -0.043128073 0.234206051 0.072158709 -0.131755710 -0.010612020 0.014959139 0.991112530
1305031123.811608 -0.041662451 0.235652447 0.071805656 -0.132365346 -0.011820613 0.016033452 0.991000831
1305031123.851444 -0.041744594 0.234137625 0.071022213 -0.134690836 -0.011704550 0.018346949 0.990648627
1305031123.883786 -0.042028017 0.229615986 0.070598036 -0.136929214 -0.012801327 0.019502502 0.990306079
1305031123.911243 -0.040639091 0.230591416 0.071026310 -0.131971732 -0.015231730 0.018283918 0.990967810
1305031123.951442 -0.040786352 0.230328351 0.070273280 -0.131447107 -0.015470734 0.019756638 0.991005540
1305031123.983415 -0.041381538 0.216991231 0.072099261 -0.139947385 -0.017401246 0.021797944 0.989766002
1305031124.011302 -0.041822676 0.211412191 0.073527426 -0.135396078 -0.021077015 0.021544496 0.990333021
1305031124.051505 -0.041967664 0.209841877 0.074652597 -0.129847825 -0.024128610 0.021941563 0.990997434
1305031124.083837 -0.040340487 0.205804005 0.077366486 -0.128562421 -0.027901283 0.022292858 0.991058171
1305031124.111331 -0.039292756 0.192253605 0.081894584 -0.126925498 -0.031699341 0.021296589 0.991176844
1305031124.147446 -0.041013971 0.194306418 0.081814408 -0.117118463 -0.031854652 0.019403588 0.992417276
1305031124.182694 -0.040288307 0.187337950 0.084834367 -0.116410114 -0.033409838 0.017293395 0.992488503
1305031124.211396 -0.037982613 0.171762258 0.089330427 -0.115786001 -0.036098000 0.016023252 0.992488682
1305031124.249327 -0.041165750 0.173678175 0.088497490 -0.105260976 -0.035417054 0.014956021 0.993701220
1305031124.282545 -0.042272922 0.167192653 0.090293333 -0.104948275 -0.039127577 0.014796242 0.993597507
1305031124.311361 -0.038913153 0.155757084 0.093836993 -0.103689060 -0.045235861 0.015829248 0.993454397
1305031124.350354 -0.039973546 0.151148126 0.094288126 -0.097290069 -0.047721926 0.014632042 0.994003594
1305031124.382420 -0.039143626 0.142252013 0.096401401 -0.094614632 -0.050288189 0.013713825 0.994148433
1305031124.411439 -0.038185999 0.132665634 0.098602824 -0.090376712 -0.052200023 0.013308700 0.994449615
1305031124.450245 -0.037779629 0.124140747 0.100421458 -0.083697759 -0.053680278 0.011169020 0.994981587
1305031124.480099 -0.037864454 0.112041682 0.101777293 -0.079668775 -0.054708343 0.008503804 0.995282650
1305031124.511324 -0.038891535 0.106211297 0.102519959 -0.071811363 -0.055861853 0.006252411 0.995833039
1305031124.550437 -0.039559599 0.097387835 0.104198843 -0.067965128 -0.057278436 0.003441503 0.996036172
1305031124.579404 -0.039957345 0.086986050 0.106616706 -0.064988196 -0.059646357 0.001283248 0.996101022
1305031124.611358 -0.039674401 0.076262079 0.109125838 -0.060935877 -0.062249128 -0.000777612 0.996198416
1305031124.651271 -0.040385071 0.067367636 0.111233383 -0.057284530 -0.064135753 -0.002861785 0.996291578
1305031124.679362 -0.037904516 0.056187108 0.115357794 -0.054333549 -0.067255184 -0.004180982 0.996246517
1305031124.711251 -0.037401997 0.047990352 0.117708653 -0.049927596 -0.067523614 -0.005919152 0.996450067
1305031124.749890 -0.038346812 0.037520435 0.121401362 -0.048331264 -0.067341655 -0.007730808 0.996528685
1305031124.779365 -0.038781501 0.027861960 0.124833852 -0.045207147 -0.068542846 -0.008388455 0.996588111
1305031124.811360 -0.039741851 0.020665638 0.127147377 -0.042483069 -0.068847373 -0.009234862 0.996679485
1305031124.850535 -0.040026478 0.009208377 0.132104024 -0.043263420 -0.070201956 -0.009700514 0.996546984
1305031124.879355 -0.036490019 -0.001016011 0.138238952 -0.041471016 -0.071967304 -0.010134425 0.996492922
1305031124.911448 -0.036803972 -0.006912435 0.141062304 -0.039152991 -0.069172487 -0.010348012 0.996782422
1305031124.950730 -0.037241939 -0.016067181 0.147869036 -0.042149495 -0.068080679 -0.010485576 0.996733904
1305031124.979438 -0.039688542 -0.031259172 0.152029514 -0.042977992 -0.066096842 -0.009421059 0.996842682
1305031125.011454 -0.042906251 -0.038879886 0.154456049 -0.037965856 -0.067199446 -0.008715510 0.996978879
1305031125.050763 -0.038753785 -0.042048711 0.159321383 -0.034688529 -0.071279809 -0.007132754 0.996827483
1305031125.079364 -0.038602710 -0.051352806 0.163734257 -0.036089957 -0.070460856 -0.004184786 0.996852696
1305031125.111364 -0.040954687 -0.061210476 0.166786388 -0.035656884 -0.070622042 -0.003602677 0.996859133
1305031125.151013 -0.039178640 -0.066951327 0.170580804 -0.031302527 -0.071860045 -0.005184220 0.996909916
1305031125.179353 -0.040178258 -0.068822868 0.170166999 -0.030276811 -0.068662763 -0.004905867 0.997168303
1305031125.211320 -0.042038556 -0.079397395 0.174539015 -0.034552895 -0.066932641 -0.004952299 0.997146726
1305031125.250632 -0.044030875 -0.089986280 0.176443473 -0.033528499 -0.066149101 -0.007660561 0.997216880
1305031125.279467 -0.044426307 -0.092485033 0.178214431 -0.029581683 -0.066110939 -0.008590641 0.997336686
1305031125.311493 -0.044120155 -0.101518154 0.182472125 -0.030437449 -0.064830497 -0.007952142 0.997400284
1305031125.348880 -0.047130492 -0.105463728 0.182985663 -0.026107052 -0.062579207 -0.011266142 0.997634888
1305031125.379401 -0.043410748 -0.109168231 0.187817797 -0.026111817 -0.062349465 -0.014889798 0.997601569
1305031125.411335 -0.043135408 -0.113378264 0.190178692 -0.026220374 -0.056144428 -0.015606935 0.997956276
1305031125.451195 -0.045505948 -0.119016528 0.191854954 -0.029588453 -0.050111402 -0.017858028 0.998145521
1305031125.479424 -0.045520414 -0.126331344 0.194461569 -0.029932594 -0.046344034 -0.019397985 0.998288512
1305031125.511316 -0.046878330 -0.126156956 0.194435567 -0.028533461 -0.042047970 -0.020137576 0.998505056
1305031125.551020 -0.046258852 -0.128089160 0.195740297 -0.029391963 -0.039356571 -0.021805711 0.998554766
1305031125.579308 -0.045471605 -0.130024835 0.196782529 -0.031059457 -0.036162235 -0.023918623 0.998576760
1305031125.611533 -0.047019769 -0.135876000 0.196135402 -0.031792466 -0.032200813 -0.024524942 0.998674572
1305031125.650575 -0.052207198 -0.138474181 0.192151144 -0.027919209 -0.029931663 -0.022004656 0.998919606
1305031125.679328 -0.055788368 -0.131574273 0.186505809 -0.022336388 -0.032695722 -0.021004243 0.998994946
1305031125.711443 -0.052621830 -0.133074537 0.186926365 -0.021941166 -0.039527144 -0.019274347 0.998791575
1305031125.751260 -0.050303545 -0.122448139 0.182402998 -0.015278228 -0.042477746 -0.017369119 0.998829603
1305031125.779348 -0.048753854 -0.116518393 0.180563658 -0.015237985 -0.043992296 -0.020066621 0.998714089
1305031125.811573 -0.047049541 -0.108640961 0.177064672 -0.014330994 -0.043763999 -0.020906687 0.998720288
1305031125.847412 -0.047766659 -0.102422424 0.174981907 -0.016211132 -0.042073566 -0.023082303 0.998716295
1305031125.879318 -0.050331756 -0.095309280 0.169904441 -0.015982104 -0.041556496 -0.023600008 0.998729527
1305031125.911305 -0.053607576 -0.084748931 0.164979666 -0.018380338 -0.043368544 -0.022810197 0.998629570
1305031125.947343 -0.055598099 -0.082221948 0.161603495 -0.023057548 -0.049343258 -0.020544423 0.998304307
1305031125.979324 -0.053526267 -0.070866562 0.159150422 -0.022158062 -0.057570744 -0.016919084 0.997952104
1305031126.011333 -0.048768912 -0.059859242 0.159038708 -0.023480413 -0.065082073 -0.016366230 0.997469366
1305031126.047324 -0.044214904 -0.049024291 0.157961458 -0.025820272 -0.068060555 -0.015542456 0.997225881
1305031126.079356 -0.043181233 -0.037467845 0.156207368 -0.028986188 -0.066786632 -0.014614874 0.997239053
1305031126.111370 -0.042115584 -0.030825209 0.154819340 -0.033592805 -0.066333197 -0.015129662 0.997117102
1305031126.147432 -0.042080835 -0.017224804 0.152575642 -0.034443006 -0.064908400 -0.013244329 0.997208714
1305031126.179384 -0.043315083 -0.005846091 0.150219530 -0.040181980 -0.064378716 -0.012854215 0.997033358
1305031126.211319 -0.040590279 -0.000453739 0.150513828 -0.046098039 -0.066174984 -0.012632100 0.996662557
1305031126.247298 -0.038931496 0.012992426 0.147912920 -0.047464717 -0.065393277 -0.011782963 0.996660411
1305031126.279363 -0.037805356 0.022737926 0.146737531 -0.051395196 -0.064106956 -0.012468044 0.996540725
1305031126.311332 -0.036187191 0.034470357 0.143797144 -0.054620411 -0.061503649 -0.013944096 0.996513665
1305031126.347363 -0.036935978 0.042177543 0.142252952 -0.059402596 -0.057253793 -0.015346472 0.996472657
1305031126.379423 -0.038162023 0.051052935 0.139931038 -0.062728569 -0.053863090 -0.016481437 0.996439815
1305031126.411465 -0.038469195 0.060900260 0.137410030 -0.066361867 -0.052027516 -0.018563192 0.996265352
1305031126.447361 -0.039214477 0.066248849 0.135180295 -0.071638338 -0.050157424 -0.018049112 0.996005237
1305031126.479533 -0.041211795 0.074294239 0.132341325 -0.073478699 -0.049438480 -0.015274999 0.995953500
1305031126.511410 -0.041412205 0.086111419 0.128092065 -0.074813977 -0.050697681 -0.013850464 0.995811582
1305031126.547374 -0.037816692 0.093706772 0.128762931 -0.080578811 -0.053015031 -0.012667835 0.995256722
1305031126.579454 -0.036656819 0.100930609 0.127538815 -0.084429428 -0.051233899 -0.010947562 0.995051205
1305031126.611528 -0.036998153 0.107798770 0.125751883 -0.089262329 -0.049039494 -0.009627079 0.994753599
1305031126.647376 -0.034707412 0.110091060 0.125927657 -0.094683722 -0.048296176 -0.007446696 0.994307280
1305031126.679479 -0.034695417 0.115440339 0.123577952 -0.096076399 -0.045768339 -0.003110976 0.994316280
1305031126.711583 -0.033733208 0.120691769 0.121715680 -0.098566286 -0.044479731 0.000056220 0.994135916
1305031126.747316 -0.031901479 0.120924920 0.121033072 -0.101267278 -0.043584216 0.003092180 0.993899286
1305031126.779379 -0.031932596 0.126898915 0.118331239 -0.099578843 -0.042196870 0.005954102 0.994116724
1305031126.811602 -0.028471550 0.129924864 0.117686719 -0.099863388 -0.041606214 0.006758770 0.994107902
1305031126.847343 -0.028398121 0.132809311 0.115649179 -0.100045204 -0.037553012 0.007372893 0.994246602
1305031126.879357 -0.028291147 0.134551868 0.113725439 -0.100760020 -0.035459936 0.007758379 0.994248331
1305031126.911364 -0.027457543 0.135224625 0.113024488 -0.101293333 -0.033475474 0.007164917 0.994267404
1305031126.947437 -0.028523158 0.136395842 0.111259781 -0.101800539 -0.031693954 0.008649779 0.994262159
1305031126.979337 -0.027588770 0.135177493 0.110887781 -0.103039332 -0.033080757 0.010060620 0.994076133
1305031127.011371 -0.026752852 0.134085551 0.110720091 -0.102219611 -0.034390029 0.010450129 0.994112313
1305031127.047297 -0.027248804 0.136376441 0.110060409 -0.099958070 -0.034312285 0.011363438 0.994334877
1305031127.079299 -0.027647363 0.135714427 0.110223040 -0.100476600 -0.034582309 0.011485367 0.994271874
1305031127.111435 -0.028897401 0.132813632 0.110314980 -0.101417735 -0.036209699 0.012602023 0.994104862
1305031127.147307 -0.028891426 0.129248276 0.111145362 -0.101473846 -0.039701026 0.013436421 0.993954897
1305031127.179349 -0.028554242 0.129653096 0.110926628 -0.098491974 -0.042719867 0.012693009 0.994139433
1305031127.211700 -0.026890904 0.127943426 0.113039553 -0.098148137 -0.045237511 0.012560758 0.994063735
1305031127.247374 -0.026913695 0.124146469 0.114327610 -0.097193502 -0.045346543 0.011734908 0.994162679
1305031127.279465 -0.027715385 0.124389634 0.113927431 -0.093945846 -0.045125347 0.010587560 0.994497776
1305031127.311362 -0.028948620 0.121650279 0.115332559 -0.094736911 -0.045510326 0.009862261 0.994412601
1305031127.347356 -0.028564952 0.116752833 0.117861003 -0.094171777 -0.047526054 0.009510293 0.994375408
1305031127.379262 -0.028969675 0.117416948 0.118121035 -0.090418376 -0.048493274 0.009094638 0.994680941
1305031127.411371 -0.029944167 0.116492838 0.119487517 -0.089899674 -0.049246658 0.008378082 0.994697213
1305031127.447333 -0.029390365 0.111237302 0.121818706 -0.090910457 -0.051037796 0.008336957 0.994515419
1305031127.479362 -0.030631339 0.112756222 0.121778667 -0.087647334 -0.051467825 0.007394501 0.994793594
1305031127.511356 -0.031369336 0.112018637 0.123329282 -0.088545442 -0.052407771 0.006190644 0.994673193
1305031127.547348 -0.030611936 0.107680991 0.125358164 -0.089810207 -0.053908803 0.006154603 0.994479835
1305031127.579345 -0.031543795 0.108393639 0.125371158 -0.087286636 -0.053889360 0.005947317 0.994706810
1305031127.611271 -0.031976774 0.109457508 0.125951514 -0.086875960 -0.054252625 0.005631687 0.994724870
1305031127.647358 -0.030927703 0.105946004 0.127442077 -0.089114636 -0.055150125 0.007094581 0.994468033
1305031127.679298 -0.031438805 0.104744554 0.127886549 -0.087783843 -0.055399362 0.007744747 0.994567692
1305031127.711375 -0.032372337 0.106919505 0.127410948 -0.086033657 -0.055680744 0.007248800 0.994708657
1305031127.747304 -0.031313147 0.104503520 0.128763586 -0.088067710 -0.056786150 0.007410693 0.994466960
1305031127.779346 -0.031759646 0.102244578 0.128982410 -0.087644123 -0.056759913 0.007619243 0.994504273
1305031127.811829 -0.032695834 0.103802033 0.128176391 -0.085286394 -0.056631513 0.006480640 0.994724631
1305031127.847366 -0.032762390 0.102808893 0.128327131 -0.085873678 -0.056742851 0.005623057 0.994673014
1305031127.879380 -0.033883050 0.101646766 0.128241226 -0.086119145 -0.056524493 0.004981038 0.994667590
1305031127.911476 -0.034726508 0.102029316 0.128438801 -0.085457705 -0.057129759 0.004589033 0.994691968
1305031127.947366 -0.034632251 0.102953821 0.128832877 -0.085705228 -0.058099736 0.004825084 0.994613349
1305031127.979371 -0.034799725 0.102247670 0.130354196 -0.087414645 -0.058917619 0.004656485 0.994417250
1305031128.011427 -0.033632930 0.102506824 0.131983623 -0.088232726 -0.059644800 0.004265512 0.994303405
1305031128.047369 -0.032849200 0.100407593 0.134474292 -0.091486953 -0.059171360 0.005612723 0.994030893
1305031128.079334 -0.032972541 0.097936995 0.135743856 -0.092228457 -0.058793239 0.006578253 0.993978858
1305031128.111391 -0.032490626 0.097261772 0.136503518 -0.091714323 -0.059274081 0.007337651 0.993992567
1305031128.147418 -0.032350387 0.096796587 0.137408316 -0.092481486 -0.059344042 0.008836931 0.993905127
1305031128.179350 -0.030813146 0.093453147 0.139659941 -0.093069799 -0.060205206 0.010335760 0.993783951
1305031128.211447 -0.031953868 0.094833247 0.138596937 -0.090174749 -0.059412017 0.010419985 0.994097650
1305031128.247480 -0.032304879 0.095336415 0.138679698 -0.090291671 -0.059725456 0.010776845 0.994064450
1305031128.279336 -0.031376574 0.092517041 0.139659956 -0.091557652 -0.060579602 0.010883722 0.993895829
1305031128.311483 -0.032121055 0.093691416 0.139262229 -0.089559697 -0.060240664 0.010108568 0.994106591
1305031128.347423 -0.032813106 0.093746044 0.138936028 -0.089467600 -0.059988700 0.009170881 0.994139194
1305031128.379404 -0.033081502 0.092464030 0.139567405 -0.090197325 -0.060403980 0.007477590 0.994062304
1305031128.411337 -0.033197250 0.091929987 0.139238730 -0.089514218 -0.060451955 0.006312013 0.994129241
1305031128.447296 -0.033634514 0.091888264 0.138800845 -0.089099817 -0.060319033 0.005279059 0.994180560
1305031128.479296 -0.034122206 0.091152795 0.138759688 -0.089456141 -0.060348827 0.004089564 0.994152308
1305031128.511433 -0.033600368 0.090228818 0.139173567 -0.089350984 -0.060554333 0.003343459 0.994152129
1305031128.547399 -0.033563569 0.090279490 0.139392629 -0.089226387 -0.060072880 0.002993757 0.994193614
1305031128.579455 -0.033578366 0.087975487 0.139179707 -0.089631900 -0.059401110 0.002743927 0.994198203
1305031128.611395 -0.034663998 0.087836362 0.138367683 -0.088236205 -0.058961220 0.002931240 0.994348705
1305031128.647352 -0.035788745 0.088352434 0.137704164 -0.087327354 -0.059651393 0.003098190 0.994387269
1305031128.679282 -0.034872290 0.086515158 0.138183653 -0.087756120 -0.061588876 0.002647352 0.994232714
1305031128.711457 -0.034102984 0.086737305 0.138297886 -0.086373180 -0.061963029 0.001909409 0.994332254
1305031128.747363 -0.033997137 0.087244987 0.137812927 -0.085283853 -0.061032195 0.000791332 0.994485319
