1305031102.675285 -0.004142499 0.018753024 0.140838102 -0.041890699 -0.018781500 -0.000143901 0.998945653
1305031102.711263 -0.004089398 0.018518180 0.151316240 -0.043011051 -0.019307159 0.001000496 0.998887539
1305031102.743234 -0.004389246 0.022554915 0.160751387 -0.043810774 -0.019593585 0.003442764 0.998841763
1305031102.775472 -0.002285049 0.022708371 0.171819329 -0.046418104 -0.018680042 0.001788601 0.998745799
1305031102.811232 -0.002047297 0.028899647 0.183718964 -0.045184411 -0.015993524 0.000715354 0.998850405
1305031102.843290 -0.001037983 0.026732156 0.192419842 -0.048931152 -0.013280650 0.000346503 0.998713791
1305031102.875363 -0.003744022 0.030910769 0.202896982 -0.046661176 -0.009317589 -0.002415131 0.998864353
1305031102.911185 -0.004720621 0.033115517 0.211784452 -0.046160441 -0.007664699 -0.003621601 0.998898089
1305031102.943229 -0.009969747 0.033720288 0.217756718 -0.046779472 -0.005187372 -0.005154799 0.998878479
1305031102.975203 -0.013363456 0.036470138 0.224638611 -0.047045343 -0.010634994 -0.005021343 0.998823524
1305031103.011215 -0.016675483 0.040083252 0.231872290 -0.046707045 -0.015200637 -0.003292294 0.998787522
1305031103.043227 -0.016915847 0.042391412 0.240276054 -0.048393011 -0.021244043 -0.000565995 0.998602211
1305031103.075319 -0.013407361 0.042576253 0.251002878 -0.048692260 -0.026130062 0.002102673 0.998469710
1305031103.111240 -0.014130146 0.048096463 0.256255537 -0.046186645 -0.025389982 0.002991208 0.998605609
1305031103.143318 -0.013408137 0.049768854 0.264896631 -0.048004281 -0.026063690 0.004670963 0.998496056
1305031103.175452 -0.013646726 0.053963285 0.269830883 -0.047890611 -0.024355402 0.005214382 0.998542011
1305031103.211220 -0.016254950 0.059994645 0.275021434 -0.050150543 -0.023144627 0.005474588 0.998458445
1305031103.243216 -0.015930621 0.062064778 0.280696064 -0.057143945 -0.023252368 0.008987065 0.998054683
1305031103.275370 -0.021778833 0.063092403 0.282040685 -0.066130579 -0.022607243 0.012150042 0.997480869
1305031103.311210 -0.020629922 0.058774531 0.288313091 -0.074722521 -0.033004437 0.012922035 0.996574283
1305031103.343223 -0.014595809 0.060521387 0.292422056 -0.074830264 -0.040518142 0.013216304 0.996285141
1305031103.375327 -0.013447355 0.059905924 0.292933553 -0.078442469 -0.039485436 0.014835835 0.996025920
1305031103.411260 -0.015256269 0.055432633 0.291594595 -0.081723683 -0.037823789 0.015888723 0.995810270
1305031103.443280 -0.016967688 0.054217689 0.287719458 -0.081408992 -0.039158877 0.015307991 0.995793581
1305031103.475274 -0.015821066 0.051493421 0.284909010 -0.081697851 -0.042574465 0.013798851 0.995651782
1305031103.511333 -0.015770357 0.047893673 0.280109525 -0.079616889 -0.044001181 0.011405829 0.995788634
1305031103.543444 -0.015491839 0.043523267 0.274033576 -0.076223731 -0.045296676 0.009336613 0.996017575
1305031103.575474 -0.017186288 0.041580677 0.265267640 -0.071564190 -0.045674317 0.009275171 0.996346533
1305031103.611223 -0.018680029 0.037526108 0.257066905 -0.069773220 -0.047963198 0.010506295 0.996353805
1305031103.643445 -0.016161926 0.033262689 0.249970153 -0.068106540 -0.053283192 0.011618055 0.996186435
1305031103.675523 -0.014402391 0.030195424 0.241308883 -0.065491773 -0.056237072 0.011635109 0.996199191
1305031103.711610 -0.012750181 0.027340811 0.232151449 -0.063072942 -0.057576545 0.011461921 0.996280789
1305031103.743326 -0.011744962 0.021969328 0.222904041 -0.061487399 -0.057320457 0.010198908 0.996408403
1305031103.775342 -0.011435796 0.021045551 0.211266756 -0.057441410 -0.056663997 0.006911286 0.996715546
1305031103.811242 -0.011034431 0.020569954 0.199878827 -0.056871589 -0.055400595 0.003543523 0.996836901
1305031103.843251 -0.014801433 0.020824049 0.187009200 -0.058924623 -0.053159647 0.000461312 0.996845901
1305031103.875361 -0.015252808 0.011666617 0.178225607 -0.067363180 -0.055990037 -0.002475047 0.996153176
1305031103.911221 -0.014311586 0.005853502 0.168423280 -0.067187577 -0.060149621 -0.004142394 0.995917022
1305031103.943211 -0.013006588 0.004191145 0.156719685 -0.064685851 -0.062975645 -0.005008926 0.995903969
1305031103.975373 -0.006619127 -0.001925955 0.147697389 -0.064525910 -0.067752793 -0.005085106 0.995600343
1305031104.011232 -0.003249036 -0.006218273 0.137873009 -0.060987804 -0.068797961 -0.006347178 0.995744467
1305031104.043249 -0.000000728 -0.008511107 0.126081437 -0.053813852 -0.066540524 -0.008174181 0.996297956
1305031104.075425 0.001401930 -0.007493526 0.115167297 -0.048753541 -0.062020894 -0.011073299 0.996821880
1305031104.111235 0.004970938 -0.013076085 0.105817653 -0.046827566 -0.057250828 -0.012478661 0.997182906
1305031104.143230 0.002374839 -0.016818181 0.092937417 -0.042243894 -0.049932949 -0.014060284 0.997759700
1305031104.175424 0.001431327 -0.018193066 0.081606731 -0.037760407 -0.046087466 -0.014992812 0.998110890
1305031104.211283 0.002807276 -0.022163978 0.071872830 -0.034285173 -0.043971095 -0.014818173 0.998334348
1305031104.243196 0.002645207 -0.023684077 0.061540470 -0.029438267 -0.041324995 -0.015126834 0.998597383
1305031104.275546 0.003358644 -0.025273925 0.051396757 -0.025053259 -0.038764231 -0.016032996 0.998805583
1305031104.311219 0.004608658 -0.026408266 0.042399675 -0.021260872 -0.035818186 -0.016148699 0.999001622
1305031104.343342 0.005811834 -0.025493532 0.034435887 -0.017415538 -0.032067593 -0.016428703 0.999198914
1305031104.375837 0.005451987 -0.026018156 0.025687138 -0.015465345 -0.026950177 -0.016070073 0.999387920
1305031104.411509 0.003663421 -0.026582520 0.018134994 -0.014085007 -0.022502122 -0.015506007 0.999527276
1305031104.443288 -0.001147535 -0.025606196 0.009401436 -0.012978500 -0.019326517 -0.015247643 0.999612689
1305031104.475456 -0.004045012 -0.026874656 0.001642053 -0.013463416 -0.019869287 -0.014769484 0.999602795
1305031104.511329 -0.004288451 -0.030121570 -0.004582547 -0.013387953 -0.022674495 -0.013272154 0.999565125
1305031104.543368 -0.002006020 -0.031878754 -0.011848885 -0.010267620 -0.025431350 -0.012497934 0.999545693
1305031104.575343 0.003504256 -0.037707765 -0.017043918 -0.007721017 -0.026815316 -0.011261230 0.999547124
1305031104.611336 0.011138340 -0.045380037 -0.022639483 -0.000169243 -0.024709761 -0.009370779 0.999650717
1305031104.643243 0.011801604 -0.042510651 -0.032257389 0.013081484 -0.016893808 -0.009128070 0.999730051
1305031104.675525 0.014651767 -0.048813969 -0.040208228 0.022441488 -0.009693782 -0.008098550 0.999668360
1305031104.711277 0.012957445 -0.048612688 -0.050224893 0.036723271 -0.001230100 -0.006107957 0.999306023
1305031104.743280 0.015009085 -0.046569258 -0.057719517 0.050432436 0.005308442 -0.004372770 0.998703778
1305031104.775327 0.014772264 -0.044838421 -0.063879229 0.063006915 0.012652509 -0.002354016 0.997930110
1305031104.811465 0.016973110 -0.041020148 -0.069854274 0.074524380 0.018795544 0.000731267 0.997041762
1305031104.843258 0.015904075 -0.038808495 -0.074736275 0.082581632 0.025701921 0.003494335 0.996246696
1305031104.875350 0.012766894 -0.033633921 -0.078743771 0.089082874 0.029583009 0.005563892 0.995569229
1305031104.911534 0.014596693 -0.030222429 -0.078321740 0.091729045 0.029874934 0.008336255 0.995300829
1305031104.943262 0.014732094 -0.029103797 -0.078021578 0.092699803 0.030700155 0.008763094 0.995182097
1305031104.975202 0.013823755 -0.023296304 -0.074658409 0.092726424 0.030055782 0.009924730 0.995188415
1305031105.011290 0.014309569 -0.020566277 -0.069904670 0.088374048 0.029436925 0.010693818 0.995594859
1305031105.043373 0.013408671 -0.016021486 -0.061834339 0.083996691 0.028857464 0.009089646 0.996006608
1305031105.075320 0.013449235 -0.016438140 -0.054484572 0.076511256 0.027897488 0.007364765 0.996651173
1305031105.111299 0.010383192 -0.017791163 -0.045753941 0.070418641 0.027674593 0.005070078 0.997120678
1305031105.143106 0.006914065 -0.009582102 -0.036523022 0.066258535 0.025661748 0.002882060 0.997468293
1305031105.175159 0.005815187 -0.006322282 -0.028021483 0.053295061 0.022476191 0.000754441 0.998325527
1305031105.211268 0.000336183 -0.012215317 -0.017277736 0.039646041 0.019886008 -0.003134781 0.999010980
1305031105.243270 -0.002981385 -0.010162481 -0.007409219 0.031815946 0.014973059 -0.004994518 0.999369085
1305031105.275288 -0.006223965 -0.007268239 0.002716546 0.021990644 0.009103918 -0.006308914 0.999696851
1305031105.311290 -0.008705447 -0.009082377 0.012729630 0.011051866 0.002148832 -0.007111789 0.999911368
1305031105.343302 -0.007812903 -0.012372516 0.024762806 0.001738408 -0.005290202 -0.007204372 0.999958515
1305031105.375338 -0.008744684 -0.013480122 0.035464726 -0.002308613 -0.010313833 -0.006975739 0.999919832
1305031105.411286 -0.010001812 -0.008230436 0.044811163 -0.006466094 -0.014867201 -0.007779127 0.999838293
1305031105.443316 -0.010551216 -0.011049261 0.056853965 -0.014238629 -0.019105457 -0.008501642 0.999679923
1305031105.475280 -0.011290260 -0.010295795 0.067258328 -0.017687667 -0.022487340 -0.008580860 0.999553800
1305031105.511332 -0.010698030 -0.008108348 0.077838778 -0.021899844 -0.025538016 -0.008499673 0.999397814
1305031105.543282 -0.010808855 -0.009592634 0.089721337 -0.026834911 -0.026485756 -0.007409115 0.999261498
1305031105.575449 -0.012525788 -0.007814881 0.099667117 -0.029251060 -0.027261706 -0.007569111 0.999171555
1305031105.611378 -0.010385618 -0.009581363 0.111943454 -0.032935172 -0.029349186 -0.006542929 0.999005020
1305031105.643273 -0.012202207 -0.007805913 0.122431584 -0.033190724 -0.029164389 -0.003658485 0.999016702
1305031105.675166 -0.009761324 -0.005544872 0.134482384 -0.034746792 -0.031302355 -0.002326404 0.998903096
1305031105.711309 -0.005731137 -0.007592245 0.147611216 -0.035124477 -0.030789264 -0.002347816 0.998905778
1305031105.743312 -0.005699348 -0.001811529 0.157999307 -0.031801347 -0.026883505 -0.002001682 0.999130607
1305031105.775339 -0.003245143 -0.003038634 0.169485688 -0.033487588 -0.023205357 -0.001974755 0.999167800
1305031105.811283 -0.003636464 -0.000883179 0.180464208 -0.031589746 -0.018079298 -0.001006977 0.999336898
1305031105.843271 -0.001870979 0.000764922 0.191807866 -0.030203843 -0.015071572 0.000068228 0.999430120
1305031105.875337 -0.000231315 0.006402712 0.201512903 -0.028328300 -0.010588946 0.002318660 0.999539912
1305031105.911262 -0.000324136 0.008884508 0.211501315 -0.031088622 -0.006208249 0.007129949 0.999471903
1305031105.943272 -0.000138949 0.013814564 0.221061289 -0.032628477 -0.002978230 0.009747528 0.999415576
1305031105.975329 -0.000320927 0.016813550 0.230595395 -0.036976300 -0.000746943 0.011240511 0.999252617
1305031106.011285 0.000569121 0.020243339 0.239925757 -0.040851887 0.001094384 0.012792796 0.999082744
1305031106.043355 -0.000938760 0.022981895 0.249014467 -0.045298915 0.003897112 0.013524433 0.998874307
1305031106.075330 -0.001650695 0.026434416 0.257519603 -0.048901901 0.004802121 0.015461389 0.998672366
1305031106.111327 -0.003533926 0.031599637 0.265408844 -0.052923210 0.005478342 0.016307192 0.998450398
1305031106.143355 -0.004597344 0.032060128 0.273910582 -0.060859527 0.004030446 0.018503817 0.997966647
1305031106.175534 -0.005763955 0.034006603 0.281710684 -0.064670414 0.002699457 0.019488195 0.997712731
1305031106.211275 -0.008244873 0.036246367 0.291049153 -0.066860326 0.002083373 0.019769022 0.997564316
1305031106.243267 -0.009079822 0.038371485 0.296332955 -0.066753432 0.000766135 0.023267880 0.997497857
1305031106.276385 -0.009909181 0.042824198 0.300853133 -0.067018941 -0.000831293 0.024514625 0.997450173
1305031106.311238 -0.009945341 0.045662601 0.305011690 -0.070275314 -0.002206565 0.027738336 0.997139454
1305031106.343258 -0.011196963 0.051227923 0.307859927 -0.074014783 -0.003082028 0.028666919 0.996840239
1305031106.375388 -0.008174533 0.052218549 0.310110837 -0.082830288 -0.004668650 0.021336624 0.996324301
1305031106.411320 -0.007637519 0.047728006 0.312283456 -0.090694852 0.000254584 0.015157233 0.995763361
1305031106.443278 -0.011782337 0.044538721 0.310773790 -0.092575595 0.006222774 0.010260533 0.995633364
1305031106.475345 -0.013288773 0.042784024 0.307541102 -0.092445306 0.005802279 0.009027546 0.995659947
1305031106.511129 -0.014352562 0.039139546 0.302983999 -0.091684654 0.002765706 0.009192133 0.995741844
1305031106.543302 -0.012831657 0.037566818 0.296065509 -0.087997749 -0.002350722 0.008202046 0.996084094
1305031106.575282 -0.013313324 0.034989417 0.287747294 -0.085343413 -0.003806744 0.007030098 0.996319532
1305031106.611151 -0.014691768 0.034405097 0.278532326 -0.084413700 -0.006284779 0.003960439 0.996403098
1305031106.643207 -0.014205923 0.028855303 0.270128459 -0.085574843 -0.009397245 0.001523095 0.996286273
1305031106.675279 -0.016742060 0.028367890 0.258961767 -0.082349911 -0.011215782 0.001332689 0.996539474
1305031106.711508 -0.018581698 0.024362247 0.248553842 -0.084938742 -0.016243435 0.000593045 0.996253610
1305031106.743341 -0.018976152 0.022222362 0.237677172 -0.082932815 -0.022610351 0.000698512 0.996298373
1305031106.775390 -0.017121723 0.018012617 0.225680441 -0.083116427 -0.029213350 0.000784128 0.996111274
1305031106.811289 -0.016708544 0.018080834 0.212988377 -0.082257733 -0.033217154 0.000226927 0.996057332
1305031106.843416 -0.016713921 0.010647058 0.202448994 -0.084703974 -0.037130658 -0.001136198 0.995713472
1305031106.875905 -0.013274590 0.006942777 0.190602511 -0.079304889 -0.041234631 -0.004387665 0.995987535
1305031106.911243 -0.013637132 0.008553220 0.175818086 -0.073787168 -0.040161811 -0.008948258 0.996424794
1305031106.943439 -0.013012879 0.002200248 0.164448693 -0.073607974 -0.039465398 -0.013311950 0.996417165
1305031106.975547 -0.010380032 -0.004581425 0.150864184 -0.069081075 -0.038571585 -0.016438635 0.996729553
1305031107.011576 -0.010643689 -0.001482386 0.134314343 -0.060530957 -0.035435162 -0.019886695 0.997338891
1305031107.043281 -0.011029868 -0.006211471 0.123184234 -0.061541133 -0.032778349 -0.022294637 0.997317016
1305031107.075432 -0.013604738 -0.012475619 0.110063478 -0.058095470 -0.030770130 -0.023407146 0.997562110
1305031107.111229 -0.012936205 -0.011825095 0.097452134 -0.052330449 -0.031687468 -0.024102073 0.997835934
1305031107.143260 -0.010680696 -0.011926074 0.085830033 -0.050157618 -0.031370245 -0.024175957 0.997955739
1305031107.175399 -0.010039886 -0.017594181 0.076688603 -0.049167212 -0.029877584 -0.025036138 0.998029590
1305031107.211358 -0.007366286 -0.022950595 0.066366971 -0.044055443 -0.028473198 -0.026615134 0.998268485
1305031107.243378 -0.007417167 -0.022025555 0.054825235 -0.036753342 -0.024742370 -0.027155980 0.998648882
1305031107.275398 -0.004777344 -0.026300643 0.045953825 -0.032317568 -0.022198673 -0.026888473 0.998869240
1305031107.311226 -0.004722117 -0.030107392 0.037070841 -0.025511438 -0.018241253 -0.028112186 0.999112666
1305031107.343509 -0.000670818 -0.034320030 0.028986117 -0.015386108 -0.015870770 -0.027861807 0.999367356
1305031107.375413 0.000511047 -0.030107195 0.019978590 -0.004674171 -0.010862307 -0.027637344 0.999548078
1305031107.411271 0.002903990 -0.031036470 0.014182673 0.001561854 -0.006612079 -0.028124278 0.999581337
1305031107.443419 0.005562739 -0.029075993 0.009200609 0.007508353 -0.002498475 -0.027563220 0.999588728
1305031107.475377 0.007840873 -0.029502431 0.006654074 0.010436202 0.001692528 -0.026512645 0.999592602
1305031107.511352 0.009394341 -0.025543394 0.003522616 0.012932219 0.005231990 -0.025667617 0.999573171
1305031107.543605 0.012228685 -0.026265085 0.003446180 0.010092635 0.007451565 -0.023582708 0.999643207
1305031107.575454 0.014170717 -0.030579520 0.004509724 0.008630844 0.009204403 -0.020945454 0.999701023
1305031107.611271 0.015518115 -0.024197014 0.003760376 0.010959203 0.010652940 -0.019241806 0.999698043
1305031107.643323 0.016641119 -0.023851713 0.005855895 0.007475616 0.011817694 -0.017902801 0.999741971
1305031107.675568 0.015775600 -0.023217708 0.007171398 0.006436385 0.012716577 -0.017597640 0.999743581
1305031107.711307 0.015027023 -0.020046413 0.008490728 0.005826304 0.012767368 -0.016458280 0.999766111
1305031107.743538 0.012989756 -0.016125554 0.009534525 0.003498574 0.012040649 -0.015900062 0.999794960
1305031107.775802 0.012458067 -0.017139338 0.011652527 0.000131802 0.009459605 -0.017323688 0.999805152
1305031107.811596 0.014386650 -0.015460328 0.013963139 -0.001822052 0.006941075 -0.017022470 0.999829352
1305031107.843332 0.015748071 -0.014524178 0.015226035 -0.004247557 0.006232218 -0.017673273 0.999815404
1305031107.875358 0.019861611 -0.016954688 0.018264299 -0.005638602 0.006235864 -0.021082308 0.999742448
1305031107.911541 0.023095746 -0.017635921 0.019757345 -0.005032803 0.008773405 -0.023308432 0.999677181
1305031107.943122 0.026939215 -0.019147368 0.021507561 -0.003583516 0.011945991 -0.023751808 0.999640107
1305031107.975807 0.032672688 -0.020300934 0.023598049 -0.001406508 0.015792701 -0.023730977 0.999592662
1305031108.011320 0.040012851 -0.019093605 0.025465358 0.002869730 0.019826811 -0.025386501 0.999476969
1305031108.043418 0.053638410 -0.018715303 0.027073536 0.005007808 0.024294337 -0.023105906 0.999425232
1305031108.075352 0.060409397 -0.019544074 0.030796023 0.006158710 0.033562798 -0.017961344 0.999256253
1305031108.111378 0.063583672 -0.019250067 0.034156743 0.009096541 0.040668622 -0.017618820 0.998975933
1305031108.143334 0.074035496 -0.016142873 0.036617178 0.012051522 0.043376867 -0.016525235 0.998849392
1305031108.176058 0.082098737 -0.010445471 0.039518237 0.012039320 0.046829015 -0.013343972 0.998741210
1305031108.211475 0.092910722 -0.013175022 0.041162785 0.006207664 0.047223471 -0.013774096 0.998770118
1305031108.243347 0.107388310 -0.018198133 0.045300964 0.004017954 0.048355620 -0.015623599 0.998699903
1305031108.275358 0.115127288 -0.011802154 0.046594001 0.006238321 0.052891321 -0.014984824 0.998468339
1305031108.311332 0.119430184 -0.008097753 0.049543530 0.003452996 0.055448253 -0.013862522 0.998359323
1305031108.343278 0.126467496 -0.005782915 0.052890260 -0.001479864 0.054303091 -0.011847618 0.998453081
1305031108.375410 0.133412823 -0.004611354 0.055616103 -0.006501676 0.051720299 -0.006610371 0.998618543
1305031108.411361 0.143285260 -0.004690279 0.058751125 -0.011615720 0.047579765 -0.000445133 0.998799801
1305031108.443610 0.154121563 -0.003975661 0.060058296 -0.015991939 0.045566469 0.006701736 0.998810828
1305031108.475471 0.165612772 -0.006708705 0.062062275 -0.019912230 0.044113569 0.013408386 0.998738050
1305031108.511378 0.180332661 -0.011622737 0.062641203 -0.021186097 0.045579921 0.017923795 0.998575151
1305031108.543737 0.187596679 -0.014466709 0.064184427 -0.018154979 0.053717270 0.016077371 0.998261690
1305031108.575414 0.198578537 -0.006305139 0.064136818 -0.011599591 0.057335064 0.015109940 0.998173237
1305031108.611407 0.208834186 -0.007142688 0.066829912 -0.012594199 0.063042320 0.015377392 0.997812927
1305031108.643303 0.215685531 -0.004306867 0.066180333 -0.011718994 0.069071203 0.017146092 0.997395575
1305031108.675375 0.233727962 0.002555530 0.065956466 -0.012137202 0.070534535 0.021933310 0.997194290
1305031108.711411 0.238385558 0.000402643 0.069225274 -0.017116748 0.079356395 0.025510719 0.996372819
1305031108.743502 0.242985651 -0.001881083 0.069896191 -0.019320015 0.084893540 0.026203698 0.995858014
1305031108.775493 0.250010431 -0.000426339 0.069391489 -0.020006415 0.088023342 0.028536001 0.995508552
1305031108.811244 0.250282228 -0.002640593 0.071040466 -0.022518814 0.092837490 0.032834582 0.994884908
1305031108.843264 0.255486459 -0.003392997 0.071237855 -0.021457691 0.091362007 0.039598718 0.994798720
1305031108.876515 0.254723936 -0.004177436 0.069693282 -0.019965943 0.089353323 0.044921964 0.994786084
1305031108.911364 0.255353808 -0.007516891 0.069525018 -0.017970622 0.086005986 0.050343260 0.994859576
1305031108.943243 0.249591649 -0.010120010 0.067352340 -0.014047380 0.084495455 0.050117102 0.995063543
1305031108.975268 0.247026831 -0.005035488 0.063336655 -0.008551853 0.078380607 0.048646629 0.995699167
1305031109.011269 0.249032393 -0.004109191 0.062211778 -0.008667569 0.073182389 0.048038598 0.996123254
1305031109.043277 0.240570277 -0.006632203 0.060846545 -0.008813979 0.073941037 0.044505771 0.996230006
1305031109.075410 0.235618219 -0.000267855 0.057937928 -0.008035089 0.070726894 0.039747871 0.996671081
1305031109.111282 0.231169030 -0.001750988 0.056850754 -0.012205290 0.068524443 0.037272088 0.996878266
1305031109.143334 0.211989298 -0.005747896 0.059602890 -0.014348101 0.070725523 0.032840610 0.996851802
1305031109.175464 0.205817699 -0.000360121 0.055599764 -0.012410717 0.062850453 0.030419303 0.997482061
1305031109.211379 0.203426361 0.010956937 0.053737797 -0.013196805 0.055476751 0.034700025 0.997769594
1305031109.243290 0.191717431 0.008771221 0.055991717 -0.022706820 0.054314464 0.039460883 0.997485459
1305031109.275308 0.178067669 -0.001777760 0.056488372 -0.028514229 0.052047033 0.042728830 0.997322559
1305031109.311329 0.162916481 0.001832813 0.056683268 -0.024736311 0.045141947 0.043048393 0.997746050
1305031109.343248 0.151131481 0.005909417 0.055136539 -0.026121078 0.035644136 0.042502802 0.998118579
1305031109.375397 0.143360615 0.002432203 0.053534310 -0.030133810 0.026331784 0.041906979 0.998319745
1305031109.411329 0.134131268 0.004139938 0.051609058 -0.030024089 0.019140583 0.038426924 0.998626828
1305031109.443302 0.126118734 0.006692023 0.049669497 -0.032651182 0.013262911 0.032955021 0.998835266
1305031109.475363 0.116684504 0.004169541 0.050335623 -0.036341686 0.010836442 0.029541591 0.998843908
1305031109.511273 0.105494179 0.001255592 0.049481470 -0.036992896 0.009154673 0.025147714 0.998957098
1305031109.543294 0.096488662 0.002288852 0.046611384 -0.033928405 0.007301705 0.022946246 0.999134123
1305031109.575362 0.085524254 0.004113407 0.045092668 -0.033091225 0.007318246 0.022733288 0.999166965
1305031109.611310 0.074118450 0.004290233 0.043984182 -0.033401899 0.006194626 0.020134799 0.999219954
1305031109.643229 0.066237375 0.006254236 0.041691169 -0.033374261 0.004490067 0.019393379 0.999244630
1305031109.675263 0.054117382 0.007737946 0.040653888 -0.035419006 0.004938267 0.021701191 0.999124706
1305031109.711312 0.042936213 0.011556118 0.040876441 -0.036728196 0.002118561 0.020944715 0.999103546
1305031109.743274 0.033759274 0.010200166 0.039581448 -0.042161576 -0.000980459 0.020110859 0.998907924
1305031109.775277 0.023047216 0.009099273 0.039775517 -0.045634598 -0.002175269 0.020553717 0.998744369
1305031109.811371 0.010844268 0.011715148 0.039238505 -0.046797682 -0.002129742 0.019380499 0.998714089
1305031109.843296 0.000123917 0.012018359 0.039362382 -0.050195262 -0.004341893 0.018426793 0.998560011
1305031109.875306 -0.013813618 0.013573261 0.041095074 -0.053265486 -0.006312814 0.016224390 0.998428643
1305031109.911265 -0.023562508 0.010963026 0.044323198 -0.055586174 -0.012304587 0.011377365 0.998313248
1305031109.943299 -0.032567143 0.018372748 0.045861244 -0.054565102 -0.015884496 0.007223137 0.998357713
1305031109.975258 -0.044207558 0.017383769 0.048536204 -0.059364639 -0.017298067 0.002076036 0.998084307
1305031110.011256 -0.053996589 0.019251145 0.052258164 -0.060992662 -0.019969787 -0.004696178 0.997927368
1305031110.043299 -0.063532390 0.019575879 0.054754272 -0.063510224 -0.021040006 -0.011642911 0.997691453
1305031110.075319 -0.073088437 0.021470621 0.056049034 -0.065079942 -0.021514796 -0.016619096 0.997509658
1305031110.111325 -0.086243130 0.020958647 0.055150706 -0.070112087 -0.021427957 -0.021548634 0.997076154
1305031110.143432 -0.096834153 0.016258480 0.057485260 -0.073252968 -0.024534041 -0.025492424 0.996685624
1305031110.175641 -0.103474453 0.021760076 0.057200879 -0.072916962 -0.028861491 -0.026324019 0.996572733
1305031110.211637 -0.112602241 0.019968500 0.060065206 -0.077327795 -0.031764187 -0.028449897 0.996093392
1305031110.243323 -0.122959018 0.017257720 0.061053365 -0.078792050 -0.034989215 -0.028176242 0.995878339
1305031110.279321 -0.128442019 0.017141785 0.062263764 -0.077161603 -0.039806552 -0.028882442 0.995804846
1305031110.311404 -0.137817681 0.017494041 0.061304968 -0.074517250 -0.042571068 -0.030624960 0.995839834
1305031110.343355 -0.148173124 0.020743774 0.061254747 -0.072440468 -0.046222772 -0.031804461 0.995793283
1305031110.379281 -0.157874793 0.021413635 0.060424078 -0.071264878 -0.051330693 -0.035703465 0.995495737
1305031110.411469 -0.167628154 0.026818885 0.059156761 -0.069315404 -0.057068203 -0.038292665 0.995224714
1305031110.443260 -0.175723165 0.029201195 0.059024878 -0.072985165 -0.062995233 -0.041867793 0.994460583
1305031110.479331 -0.186503485 0.027039014 0.060686298 -0.076599427 -0.069050610 -0.047858819 0.993516028
1305031110.511429 -0.195161402 0.028020520 0.060952280 -0.076777205 -0.076377727 -0.051785424 0.992768824
1305031110.543408 -0.207997769 0.030706763 0.059041508 -0.078016862 -0.081639327 -0.054730806 0.992095232
1305031110.579426 -0.214150622 0.034520146 0.060046088 -0.081395023 -0.088198923 -0.059413154 0.990992367
1305031110.611307 -0.219213560 0.029942947 0.062664360 -0.087360255 -0.092929952 -0.062873431 0.989837945
1305031110.643418 -0.225892290 0.027399940 0.062625684 -0.086900458 -0.095192127 -0.065795720 0.989473403
1305031110.679606 -0.231156588 0.035141628 0.061235413 -0.083966792 -0.097528122 -0.067989297 0.989350915
1305031110.711412 -0.235349923 0.033569500 0.063542254 -0.088126659 -0.099884413 -0.069302432 0.988662720
1305031110.743249 -0.240241393 0.031690493 0.062804461 -0.089342497 -0.101191930 -0.071272239 0.988280475
1305031110.779193 -0.240831912 0.033368759 0.062736928 -0.088722624 -0.103981942 -0.071427517 0.988035500
1305031110.811386 -0.243388593 0.034223139 0.062694460 -0.089059100 -0.104104541 -0.073259503 0.987858176
1305031110.843218 -0.246982202 0.034511968 0.063127182 -0.090530977 -0.105176628 -0.075337112 0.987454474
1305031110.879313 -0.244226187 0.033764686 0.063663766 -0.090789035 -0.108801790 -0.075075135 0.987057865
1305031110.911333 -0.244354278 0.035242699 0.063511476 -0.090927638 -0.109590679 -0.075673193 0.986912131
1305031110.943862 -0.240426853 0.035414089 0.064609289 -0.090731591 -0.112673216 -0.076835811 0.986493170
1305031110.979345 -0.230228931 0.036187731 0.064593747 -0.090624541 -0.114812784 -0.076350786 0.986293972
1305031111.011431 -0.222681642 0.033533171 0.066341713 -0.093363009 -0.111692488 -0.075530544 0.986459970
1305031111.043327 -0.219517142 0.034696229 0.066975184 -0.091834567 -0.105292477 -0.073127188 0.987487853
1305031111.079283 -0.216011479 0.039063502 0.066855915 -0.091785714 -0.101354308 -0.071193635 0.988045633
1305031111.111508 -0.207560837 0.033026803 0.068522483 -0.095843554 -0.100478701 -0.067781039 0.987989724
1305031111.143257 -0.200032860 0.031129990 0.069177985 -0.094636649 -0.098296113 -0.066549912 0.988409281
1305031111.179326 -0.188571021 0.032647688 0.070453361 -0.091363057 -0.096152410 -0.066311486 0.988943994
1305031111.211433 -0.181351408 0.033659015 0.069417849 -0.089263625 -0.087459095 -0.062291082 0.990203381
1305031111.243236 -0.181156278 0.031376764 0.069372289 -0.089437768 -0.081275485 -0.062715285 0.990687609
1305031111.279308 -0.164817646 0.027441105 0.072066501 -0.086516395 -0.083593972 -0.060497019 0.990892053
1305031111.311547 -0.162831038 0.033377372 0.066917576 -0.080560654 -0.075220890 -0.057235856 0.992257953
1305031111.343397 -0.157266021 0.033299170 0.067668550 -0.084153600 -0.077289455 -0.056843247 0.991823256
1305031111.379134 -0.141652405 0.024487097 0.072862141 -0.086916380 -0.082802929 -0.052546941 0.991376817
1305031111.411296 -0.138656527 0.027193181 0.067942120 -0.081024803 -0.080753416 -0.052781679 0.992032230
1305031111.443386 -0.121699274 0.028197657 0.073498636 -0.080627128 -0.089662157 -0.056930687 0.991069555
1305031111.479259 -0.098495476 0.026268428 0.081650801 -0.077620387 -0.089315102 -0.055735659 0.991408825
1305031111.511264 -0.094048925 0.025424510 0.076756872 -0.073678814 -0.075553939 -0.055581134 0.992861390
1305031111.543250 -0.082267798 0.021935344 0.079392292 -0.070946604 -0.070348583 -0.054584641 0.993497968
1305031111.579237 -0.066302374 0.025972929 0.079659462 -0.065314010 -0.063327923 -0.047785286 0.994706094
1305031111.611271 -0.066498466 0.021048211 0.071697779 -0.068474345 -0.053698618 -0.041724507 0.995332479
1305031111.643395 -0.047063254 0.016313039 0.081830144 -0.066519037 -0.059619658 -0.033841483 0.995427251
1305031111.679320 -0.031956039 0.023161478 0.081254929 -0.058710739 -0.053894930 -0.025438150 0.996494472
1305031111.711760 -0.019713942 0.021445837 0.082136303 -0.059040576 -0.046654966 -0.023811232 0.996880412
1305031111.743386 0.001961680 0.016956657 0.088115998 -0.056619253 -0.040970437 -0.020587731 0.997342408
1305031111.779423 0.011233158 0.023071639 0.088878125 -0.050822277 -0.022625567 -0.015163305 0.998336256
1305031111.811406 0.014153801 0.018281102 0.085074753 -0.049912747 -0.004949464 -0.015358930 0.998623252
1305031111.843299 0.024352226 0.017989250 0.081257217 -0.046420816 0.005008840 -0.013896824 0.998812735
1305031111.879442 0.031770106 0.015954513 0.075401127 -0.048373874 0.012881578 -0.008581803 0.998709381
1305031111.911354 0.036494285 0.011849210 0.076751247 -0.048990533 0.014131485 -0.002959938 0.998694897
1305031111.943300 0.048528500 0.012816327 0.076438263 -0.046672530 0.009578725 0.005940442 0.998846650
1305031111.979449 0.067812823 0.013901295 0.081427597 -0.045427706 0.006928853 0.013307706 0.998854995
1305031112.011433 0.079263568 0.010330061 0.080086738 -0.044968370 0.014052608 0.012927410 0.998805881
1305031112.043270 0.091712199 0.010031241 0.079873756 -0.041516360 0.020790266 0.011312557 0.998857439
1305031112.079339 0.104879662 0.009186358 0.078137748 -0.039768387 0.031077106 0.011094959 0.998663902
1305031112.111423 0.104755245 0.011826071 0.079680271 -0.035529729 0.042998761 0.005335747 0.998428941
1305031112.144342 0.123265319 0.012074423 0.073620722 -0.035056666 0.044668380 0.000115181 0.998386621
1305031112.179390 0.138821676 0.011877545 0.073357895 -0.037453033 0.054905590 -0.002456602 0.997785866
1305031112.211254 0.140051976 0.005024854 0.076443724 -0.039648980 0.067956924 -0.009106633 0.996858537
1305031112.243369 0.151604444 -0.000254121 0.076286197 -0.035630066 0.076246344 -0.013801673 0.996356666
1305031112.279353 0.160642654 0.001274384 0.078255847 -0.029424131 0.082270049 -0.016947161 0.996031463
1305031112.311312 0.168839723 -0.003031769 0.077141911 -0.024875354 0.084019452 -0.018955136 0.995973229
1305031112.343323 0.178511769 -0.001573150 0.076995023 -0.017338349 0.083786882 -0.016657684 0.996193588
1305031112.379360 0.185726807 -0.000814101 0.077459864 -0.012912869 0.082754947 -0.012867164 0.996403158
1305031112.411442 0.196471512 0.001053691 0.077197433 -0.009730882 0.079570398 -0.008414107 0.996746242
1305031112.443391 0.206839904 -0.002157586 0.077262990 -0.008564441 0.077768438 -0.001833227 0.996932983
1305031112.479418 0.211902782 -0.000718510 0.077499285 -0.004838306 0.077466555 0.007319765 0.996956348
1305031112.511504 0.217574403 -0.002159581 0.078361407 -0.003315793 0.074593224 0.014574002 0.997102022
1305031112.543212 0.226175085 -0.002571139 0.077660359 -0.000848874 0.070771292 0.018922200 0.997312725
1305031112.579252 0.233901545 -0.001329588 0.075613603 0.001765901 0.067011885 0.024981031 0.997437835
1305031112.611261 0.249416918 0.003271088 0.073287979 0.003423675 0.063355371 0.031966511 0.997473061
1305031112.643246 0.256703258 0.003636852 0.074364260 0.000676112 0.069006003 0.039339237 0.996840060
1305031112.679952 0.257167339 0.002633181 0.075588897 -0.001729389 0.076284327 0.041998494 0.996199727
1305031112.711251 0.261579543 0.004828894 0.076028958 -0.002981159 0.079627842 0.043563150 0.995867848
1305031112.743245 0.263703287 0.012567637 0.075497910 -0.005099500 0.082710691 0.046957985 0.995453596
1305031112.779310 0.261411130 0.007529983 0.078451455 -0.014504120 0.087780938 0.049352974 0.994810760
1305031112.811310 0.250148833 0.004030083 0.081492007 -0.017674685 0.091681749 0.046738643 0.994533837
1305031112.843286 0.248796657 0.010691587 0.081701979 -0.017347060 0.085682429 0.045707405 0.995122313
1305031112.879421 0.248982608 0.010635296 0.081738949 -0.021098593 0.081788808 0.048083827 0.995265484
1305031112.911411 0.241598085 0.009912515 0.081925958 -0.024051951 0.080065265 0.050080579 0.995240152
1305031112.943321 0.233659461 0.008621918 0.084960967 -0.026313337 0.076342575 0.048356373 0.995560706
1305031112.979278 0.234244198 0.010022806 0.082272828 -0.025968241 0.068181358 0.047328927 0.996211290
1305031113.011353 0.228253871 0.012861565 0.081430860 -0.026740473 0.065543547 0.046756875 0.996394873
1305031113.043231 0.222344801 0.012044225 0.080399610 -0.031141380 0.063788339 0.044493496 0.996484578
1305031113.079251 0.209035411 0.002246110 0.081976086 -0.035500187 0.063667208 0.037892327 0.996619463
1305031113.111316 0.200036108 0.006151186 0.078690723 -0.031442937 0.058887552 0.033187464 0.997217238
1305031113.143306 0.196058735 0.011769651 0.075640589 -0.031556502 0.054196876 0.032468211 0.997503221
1305031113.179343 0.184874743 0.006064000 0.075672299 -0.036118377 0.053828478 0.034101762 0.997313917
1305031113.211259 0.170976371 0.005737599 0.074352339 -0.034184046 0.049994037 0.035229571 0.997542441
1305031113.243227 0.160502017 0.010785269 0.072383493 -0.033953503 0.043251302 0.035805728 0.997844875
1305031113.279312 0.152962893 0.003495239 0.072847970 -0.038835607 0.036655977 0.037573606 0.997865915
1305031113.311452 0.141363248 -0.002459575 0.069141284 -0.036024313 0.030144820 0.041101903 0.998050153
1305031113.343252 0.121238135 0.003334777 0.068871729 -0.028730405 0.024106348 0.040015541 0.998494983
1305031113.379312 0.108814478 0.002439368 0.066582717 -0.032606184 0.015772071 0.037120752 0.998654127
1305031113.411625 0.099711381 -0.004065965 0.066519260 -0.034235124 0.007795482 0.038373932 0.998646379
1305031113.443266 0.082296424 0.002241699 0.066588022 -0.029532867 0.003271672 0.031848524 0.999050915
1305031113.479311 0.066435322 0.004134372 0.067349158 -0.032296397 -0.002230949 0.026157184 0.999133527
1305031113.511523 0.054639656 0.001032240 0.067636490 -0.037321761 -0.008180183 0.024414837 0.998971522
1305031113.543242 0.040972576 -0.003158947 0.064933471 -0.040619828 -0.013076545 0.021191398 0.998864353
1305031113.579301 0.028058207 0.000616261 0.065368883 -0.038873050 -0.017424820 0.016028894 0.998963654
1305031113.611268 0.017979048 0.000186482 0.066186614 -0.041670412 -0.020671645 0.011219083 0.998854578
1305031113.643222 0.008113976 -0.000325102 0.066638075 -0.044479765 -0.021299630 0.007570387 0.998754501
1305031113.679288 -0.004488841 -0.000858125 0.066344634 -0.045477170 -0.019836806 0.003768828 0.998761296
1305031113.711931 -0.012967604 -0.002071105 0.067578800 -0.046199530 -0.020418350 -0.000710937 0.998723269
1305031113.743590 -0.022823583 -0.000482307 0.068503089 -0.044782538 -0.018207744 -0.005897749 0.998813391
1305031113.779320 -0.036833692 -0.001519309 0.068672359 -0.043948121 -0.014166925 -0.010598394 0.998877168
1305031113.811237 -0.046084903 -0.000512579 0.068648666 -0.042717982 -0.013690053 -0.012283213 0.998917878
1305031113.843295 -0.057278115 0.002406718 0.069033645 -0.042409714 -0.011071263 -0.015558325 0.998917818
1305031113.879281 -0.070610203 -0.004751721 0.070109390 -0.043650180 -0.009637398 -0.020763146 0.998784602
1305031113.911290 -0.078345932 -0.000199639 0.070017710 -0.038855948 -0.011960849 -0.020939765 0.998953819
1305031113.943291 -0.086477235 -0.000918630 0.071604244 -0.036830500 -0.010759992 -0.023201976 0.998994172
1305031113.979293 -0.100230835 0.000402562 0.071873292 -0.032881457 -0.007516948 -0.028794173 0.999016106
1305031114.011257 -0.113276020 0.002366113 0.071429484 -0.029066384 -0.005783549 -0.033936560 0.998984516
1305031114.043301 -0.128318623 0.001111587 0.070516646 -0.028421255 -0.007009119 -0.036049806 0.998921216
1305031114.079285 -0.139624968 0.000865012 0.071090378 -0.026225951 -0.012356380 -0.036242068 0.998922467
1305031114.111263 -0.150652558 0.004893273 0.071419820 -0.022493908 -0.017555742 -0.040102378 0.998788118
1305031114.143284 -0.159462944 0.005628238 0.073967971 -0.022375632 -0.023236893 -0.043089837 0.998550296
1305031114.179337 -0.166373610 0.002104412 0.075677074 -0.021161003 -0.026559448 -0.045167010 0.998402119
1305031114.211303 -0.178056896 0.010492087 0.074485220 -0.016443346 -0.025925661 -0.047902275 0.998380125
1305031114.243337 -0.191921741 0.008602828 0.075488403 -0.019759547 -0.027368359 -0.051715486 0.998091221
1305031114.279390 -0.204351187 0.008883354 0.075865872 -0.019546714 -0.032688994 -0.053501409 0.997841120
1305031114.311429 -0.212320581 0.011706939 0.077690616 -0.019811500 -0.041390702 -0.053438410 0.997516274
1305031114.343331 -0.216930658 0.012015719 0.080639720 -0.020668952 -0.048661221 -0.056361154 0.997009695
1305031114.379320 -0.224053398 0.010343623 0.081800856 -0.021295767 -0.051076602 -0.060479101 0.996634305
1305031114.411397 -0.236296251 0.010384047 0.081407115 -0.020445963 -0.051193424 -0.065303311 0.996341646
1305031114.443345 -0.248126641 0.012229851 0.081770547 -0.020033596 -0.053861950 -0.067222536 0.996081650
1305031114.479332 -0.257942557 0.010287970 0.082272708 -0.021228323 -0.060325328 -0.068339005 0.995610356
1305031114.511266 -0.261156738 0.012854919 0.082613073 -0.020881969 -0.069656819 -0.070258573 0.994874656
1305031114.543236 -0.260344297 0.012613212 0.085954413 -0.023791483 -0.075785503 -0.069031805 0.994447112
1305031114.579237 -0.264506310 0.011180878 0.087228075 -0.025514344 -0.076574087 -0.065692000 0.994570255
1305031114.611391 -0.269654691 0.014184933 0.087214604 -0.026764477 -0.076789133 -0.063405141 0.994669199
1305031114.644136 -0.277006567 0.012867147 0.088070780 -0.032078411 -0.077777550 -0.062834002 0.994471490
1305031114.679251 -0.281522095 0.010853508 0.089020111 -0.035417799 -0.083636425 -0.063967228 0.993810177
1305031114.711306 -0.280368924 0.008181942 0.089693077 -0.036921006 -0.089663588 -0.062621124 0.993315578
1305031114.743200 -0.280308723 0.006603736 0.090168484 -0.036536459 -0.093523897 -0.066283822 0.992736042
1305031114.779289 -0.278576136 0.006565427 0.088284798 -0.034335464 -0.095922343 -0.069302030 0.992379606
1305031114.811303 -0.276754856 0.009883557 0.087735601 -0.033090472 -0.096227288 -0.069665626 0.992366910
1305031114.843208 -0.275619566 0.009041245 0.087350756 -0.033520587 -0.097081348 -0.072315410 0.992079675
1305031114.879281 -0.272006541 0.011839281 0.086885557 -0.033017658 -0.097827353 -0.071705513 0.992067516
1305031114.912879 -0.269510329 0.013688795 0.086442858 -0.033579789 -0.097965829 -0.072086439 0.992007375
1305031114.943234 -0.260466099 0.015803767 0.087373078 -0.035438646 -0.100080468 -0.073335133 0.991640091
1305031114.979280 -0.255598247 0.017973019 0.087826818 -0.036924742 -0.097786717 -0.074138008 0.991754949
1305031115.011300 -0.248346657 0.022164512 0.088716164 -0.039649937 -0.097483993 -0.075041711 0.991611540
1305031115.043508 -0.238168374 0.019066993 0.092630520 -0.044561762 -0.097021915 -0.075159751 0.991439342
1305031115.079238 -0.233012751 0.021943204 0.092442065 -0.044969186 -0.093447976 -0.075581506 0.991732180
1305031115.111230 -0.214867190 0.023021858 0.098646149 -0.047682226 -0.093214728 -0.073339507 0.991795719
1305031115.143275 -0.206710622 0.020320445 0.100025594 -0.050139602 -0.084236361 -0.071205556 0.992632866
1305031115.179440 -0.203206062 0.022494979 0.100611679 -0.050810821 -0.078538641 -0.070457660 0.993119180
1305031115.211374 -0.186704099 0.017803496 0.107614897 -0.052774195 -0.079907455 -0.066856883 0.993156493
1305031115.243297 -0.175737053 0.014828014 0.109761246 -0.049185295 -0.074996650 -0.063726693 0.993929148
1305031115.279966 -0.164307952 0.021204364 0.111396924 -0.045604069 -0.072773926 -0.059091754 0.994551361
1305031115.311704 -0.144614428 0.015202398 0.120164305 -0.047932774 -0.071963638 -0.051902294 0.994901896
1305031115.343235 -0.132760659 0.020146221 0.120810486 -0.041681770 -0.062829509 -0.048817161 0.995957792
1305031115.379166 -0.133766890 0.025363101 0.115927793 -0.044437457 -0.053862404 -0.044883259 0.996548831
1305031115.411237 -0.122700445 0.020144938 0.120289207 -0.052949540 -0.061182518 -0.041849550 0.995842159
1305031115.443159 -0.102619044 0.020236300 0.125148073 -0.056170315 -0.066704847 -0.035602767 0.995554030
1305031115.479241 -0.091483086 0.021524526 0.126157388 -0.059772704 -0.065552883 -0.030273039 0.995597124
1305031115.511253 -0.066072240 0.021660384 0.136814564 -0.062211912 -0.069966011 -0.025336286 0.995285153
1305031115.543604 -0.047147695 0.021997659 0.141829208 -0.061398178 -0.059914913 -0.018476866 0.996142089
1305031115.579315 -0.038217202 0.019645236 0.137498751 -0.061419688 -0.045533095 -0.013556944 0.996980727
1305031115.611424 -0.027088715 0.019102355 0.139791623 -0.060660180 -0.039489076 -0.007814674 0.997346401
1305031115.643254 -0.011483341 0.017237885 0.139302239 -0.059803799 -0.033931814 -0.000156819 0.997633278
1305031115.679241 -0.004657705 0.011730280 0.130626187 -0.060815752 -0.027526245 0.010565563 0.997713447
1305031115.711320 0.013121869 0.016081223 0.134739935 -0.058356091 -0.030559000 0.019485787 0.997637749
1305031115.743250 0.031099586 0.018591892 0.141515478 -0.056711353 -0.026690219 0.025861613 0.997698665
1305031115.779425 0.044135232 0.015752817 0.135622606 -0.056094520 -0.016682602 0.032986250 0.997740924
1305031115.811277 0.062374167 0.012318829 0.127906457 -0.058898628 -0.010016798 0.043029536 0.997285843
1305031115.843224 0.073286220 0.010847650 0.127806246 -0.061621048 0.000630894 0.049396913 0.996876359
1305031115.879198 0.077065669 0.009367619 0.128087953 -0.060499843 0.010430060 0.056492817 0.996513724
1305031115.911118 0.092060000 0.011492867 0.129052743 -0.058140710 0.011540852 0.062225558 0.996300399
1305031115.943311 0.104639769 0.012910471 0.129525587 -0.058805089 0.017304875 0.068658501 0.995755255
1305031115.980740 0.116052881 0.016102662 0.129843578 -0.059046637 0.021787794 0.074395351 0.995240748
1305031116.011379 0.134351596 0.017384801 0.130539253 -0.061663736 0.026802793 0.078357019 0.994655430
1305031116.043164 0.147009373 0.019331288 0.133487448 -0.064357035 0.037861839 0.080111131 0.993985355
1305031116.080030 0.152374581 0.024839837 0.135598585 -0.066773288 0.049737263 0.083587930 0.993015945
1305031116.111300 0.163558468 0.024972152 0.136714175 -0.073775485 0.058066875 0.086881921 0.991784751
1305031116.143441 0.165401146 0.027268430 0.139901355 -0.076029725 0.069713727 0.089629143 0.990619063
1305031116.179572 0.172510996 0.028085995 0.142484099 -0.078384139 0.075316004 0.092139326 0.989794791
1305031116.211299 0.180836752 0.029089510 0.143827572 -0.082357831 0.080802925 0.095591910 0.988711417
1305031116.243320 0.193647280 0.022144355 0.144410729 -0.088908494 0.083941571 0.098100744 0.987636209
1305031116.279385 0.202056870 0.023924163 0.145198286 -0.088528089 0.092817798 0.101175070 0.986565351
1305031116.311336 0.207753628 0.023639478 0.142802149 -0.091677800 0.101299897 0.104954220 0.985047281
1305031116.343292 0.214448333 0.018149458 0.145432025 -0.095324837 0.106828928 0.108464055 0.983735919
1305031116.379384 0.214880034 0.016077608 0.145264834 -0.090756461 0.112122141 0.108357705 0.983590603
1305031116.411333 0.214416936 0.022057172 0.142042086 -0.083812691 0.115088977 0.111461885 0.983517289
1305031116.443369 0.215695292 0.023637462 0.139724106 -0.085568607 0.116784632 0.120842636 0.982057214
1305031116.479850 0.216331691 0.018720567 0.139790893 -0.088065095 0.118077427 0.125317529 0.981120706
1305031116.511205 0.213012040 0.018882312 0.137008667 -0.085635759 0.117769949 0.121451437 0.981858611
1305031116.543262 0.206441268 0.020893723 0.135917425 -0.081924170 0.119094290 0.116844676 0.982574344
1305031116.579313 0.195520401 0.022663224 0.135595590 -0.081199557 0.119524352 0.113717914 0.982949018
1305031116.611261 0.185016304 0.019525683 0.135602251 -0.081783943 0.115894884 0.107376911 0.984047771
1305031116.643355 0.176814213 0.019862246 0.132610008 -0.079756550 0.107131161 0.098645419 0.986119092
1305031116.679281 0.168352783 0.018962143 0.132706076 -0.080166228 0.099220887 0.089485131 0.987785935
1305031116.711634 0.157375291 0.019436905 0.130433664 -0.079293706 0.095063038 0.080166131 0.989064693
1305031116.743291 0.144505143 0.026007868 0.129207090 -0.076587208 0.091114372 0.069260612 0.990472376
1305031116.779298 0.131625906 0.026748724 0.126292706 -0.078229822 0.086833224 0.058623385 0.991414845
1305031116.811318 0.117207974 0.023009222 0.124178410 -0.079485334 0.084192730 0.050579116 0.991985619
1305031116.846089 0.100739740 0.023371097 0.121563531 -0.077521667 0.076930806 0.043044727 0.993085682
1305031116.880165 0.084284484 0.025960149 0.121939465 -0.077251285 0.068409339 0.036967777 0.993974745
1305031116.912044 0.072730742 0.025380548 0.121674940 -0.077032171 0.056703959 0.031977009 0.994901121
1305031116.943296 0.054307416 0.030784024 0.117430113 -0.075169817 0.045329418 0.024356168 0.995842099
1305031116.979351 0.040792346 0.027527735 0.115955792 -0.076422408 0.033724692 0.013895131 0.996408165
1305031117.011382 0.026838448 0.030653549 0.115467273 -0.073539361 0.023422169 0.005677274 0.997001052
1305031117.043261 0.015177473 0.033427045 0.112599462 -0.073237456 0.013182301 0.000329100 0.997227371
1305031117.079520 0.004370456 0.035197243 0.109557256 -0.074998774 0.003350281 -0.005728845 0.997161567
1305031117.111238 -0.007218443 0.035582609 0.107463591 -0.077254273 -0.006641289 -0.007545163 0.996960759
1305031117.143218 -0.016180975 0.040499017 0.106953457 -0.078127444 -0.016886633 -0.006821978 0.996776998
1305031117.179264 -0.024013422 0.042349126 0.107784316 -0.080486305 -0.025693169 -0.012169329 0.996350229
1305031117.211361 -0.026320823 0.044309877 0.111371666 -0.081608258 -0.034207929 -0.015685959 0.995953739
1305031117.243277 -0.027306821 0.047680233 0.112649463 -0.083892316 -0.037837572 -0.017298128 0.995605946
1305031117.279299 -0.027595036 0.046069846 0.114148058 -0.089264341 -0.038184259 -0.021624627 0.995040774
1305031117.311200 -0.031002469 0.043673657 0.114931449 -0.093467198 -0.035794251 -0.023307439 0.994705677
1305031117.343243 -0.033561230 0.040423803 0.115525544 -0.095826894 -0.035517626 -0.024337770 0.994466364
1305031117.379454 -0.034216315 0.036273859 0.115331046 -0.096139513 -0.035697192 -0.024500044 0.994425774
1305031117.411221 -0.036836956 0.032141149 0.115451038 -0.095361926 -0.036428533 -0.023736697 0.994492650
1305031117.443274 -0.036161464 0.029603772 0.115006797 -0.092507459 -0.038562827 -0.022557165 0.994709253
1305031117.479403 -0.036668010 0.024183879 0.115068108 -0.091642328 -0.039375801 -0.020919733 0.994793236
1305031117.511325 -0.037125207 0.017680462 0.115400068 -0.089369811 -0.040911376 -0.019242998 0.994971871
1305031117.544285 -0.037685908 0.014110720 0.115146242 -0.084402941 -0.041661952 -0.018575575 0.995387018
1305031117.579155 -0.039186731 0.009234432 0.115367569 -0.081687592 -0.042800609 -0.020314245 0.995531321
1305031117.611159 -0.039563201 0.004112375 0.116796210 -0.080736086 -0.044582516 -0.019705987 0.995542943
1305031117.643252 -0.040755946 -0.002653515 0.119026683 -0.079654790 -0.046345416 -0.018483536 0.995572984
1305031117.679262 -0.041554436 -0.007215247 0.120729610 -0.079214089 -0.048917834 -0.018014336 0.995493650
1305031117.711184 -0.040703457 -0.015387768 0.124179222 -0.080691420 -0.051994856 -0.015708232 0.995258093
1305031117.743184 -0.040487532 -0.023558971 0.127883896 -0.081334859 -0.054395046 -0.012194482 0.995126665
1305031117.779467 -0.041188672 -0.028799096 0.129351616 -0.080680303 -0.056519397 -0.010446745 0.995081484
1305031117.811320 -0.039850824 -0.038639143 0.134566039 -0.082893126 -0.059382480 -0.008326315 0.994752824
1305031117.843291 -0.035330184 -0.045792207 0.138807699 -0.080698870 -0.061196450 -0.006998025 0.994833529
1305031117.879451 -0.036307029 -0.051453978 0.140977487 -0.078915246 -0.057608388 -0.007427295 0.995187640
1305031117.911407 -0.037736148 -0.061579250 0.144805163 -0.079627343 -0.055461284 -0.007676959 0.995251000
1305031117.943253 -0.037959654 -0.066654608 0.147922322 -0.077776633 -0.053500816 -0.007742851 0.995504141
1305031117.979228 -0.041195389 -0.072894551 0.150815800 -0.079157762 -0.050666686 -0.008666378 0.995535970
1305031118.011228 -0.040372994 -0.084295914 0.157707989 -0.082538806 -0.051237002 -0.008788248 0.995231092
1305031118.043521 -0.040627759 -0.091630287 0.161414340 -0.081653625 -0.049932860 -0.008593790 0.995372057
1305031118.079334 -0.039398968 -0.097836889 0.166294366 -0.081378862 -0.049482025 -0.009831161 0.995405614
1305031118.111217 -0.036600821 -0.106083512 0.172634080 -0.081098080 -0.046808243 -0.010839161 0.995547414
1305031118.143256 -0.040199302 -0.112659946 0.173468620 -0.079322293 -0.040633161 -0.012653083 0.995940208
1305031118.179323 -0.039725903 -0.121999189 0.179631010 -0.079720147 -0.038588077 -0.014084511 0.995970547
1305031118.211202 -0.043557391 -0.131721541 0.180849984 -0.077621743 -0.034525689 -0.013174008 0.996297777
1305031118.243173 -0.044914939 -0.138733119 0.182697222 -0.074485838 -0.035085291 -0.013490580 0.996513367
1305031118.279194 -0.043215722 -0.149725363 0.187929094 -0.072229818 -0.036309302 -0.013797842 0.996631384
1305031118.311299 -0.044006765 -0.155779690 0.190068915 -0.065668233 -0.036383055 -0.014093950 0.997078419
1305031118.343324 -0.041888818 -0.158471301 0.193263769 -0.060196850 -0.036297746 -0.014719646 0.997417748
1305031118.379208 -0.045926727 -0.164421976 0.194560483 -0.056191809 -0.033189766 -0.016655417 0.997729182
1305031118.411296 -0.046702478 -0.166158736 0.195956543 -0.053006742 -0.034748089 -0.016179439 0.997858226
1305031118.445692 -0.044292957 -0.167242289 0.198919266 -0.052198175 -0.035844546 -0.012921290 0.997909606
1305031118.479285 -0.044116214 -0.170473322 0.200875938 -0.052353144 -0.036416549 -0.010435197 0.997909844
1305031118.511255 -0.041634545 -0.168055072 0.201558575 -0.049568735 -0.037518453 -0.009059130 0.998024702
1305031118.544414 -0.042287752 -0.163054600 0.200637788 -0.049320903 -0.036191434 -0.010153968 0.998075426
1305031118.579285 -0.040556043 -0.161721945 0.202396601 -0.051553044 -0.035909444 -0.010212352 0.997972190
1305031118.616142 -0.039443780 -0.157305509 0.201431915 -0.051303398 -0.034156371 -0.012658830 0.998018563
1305031118.645325 -0.040791512 -0.150612697 0.198238775 -0.051397905 -0.031166315 -0.015632741 0.998069406
1305031118.679295 -0.041689828 -0.145975217 0.196906447 -0.054709099 -0.029709706 -0.017327815 0.997909844
1305031118.711421 -0.043102674 -0.144610375 0.194709450 -0.056854311 -0.029512016 -0.020418895 0.997737288
1305031118.746770 -0.046435621 -0.135256425 0.190643162 -0.053483725 -0.030692937 -0.020128699 0.997893929
1305031118.779277 -0.044265285 -0.120371327 0.185462713 -0.052990828 -0.035217866 -0.020118032 0.997770965
1305031118.811221 -0.040806577 -0.121478833 0.185921401 -0.060168456 -0.038804296 -0.021282889 0.997206628
1305031118.846753 -0.037226573 -0.112038195 0.181546301 -0.055578150 -0.039913870 -0.019647604 0.997462749
1305031118.879208 -0.037420064 -0.094560504 0.174418092 -0.051187664 -0.037248507 -0.021768376 0.997756720
1305031118.911177 -0.037785783 -0.090870626 0.171246752 -0.055239588 -0.036072392 -0.024234025 0.997527003
1305031118.946974 -0.037501723 -0.079727322 0.166226760 -0.053052347 -0.034892984 -0.025978336 0.997643769
1305031118.979374 -0.039306618 -0.067846976 0.159357667 -0.052919317 -0.033121180 -0.030144228 0.997594059
1305031119.011363 -0.040931687 -0.059268735 0.154574007 -0.056347165 -0.032792006 -0.032384440 0.997346938
1305031119.047172 -0.042424008 -0.051739518 0.147913039 -0.058428813 -0.032661974 -0.033275954 0.997202098
1305031119.079223 -0.045168743 -0.043256424 0.142128631 -0.058463003 -0.033842400 -0.033708833 0.997146189
1305031119.111328 -0.045191538 -0.036813434 0.136613399 -0.059405487 -0.037510075 -0.032948848 0.996984601
1305031119.147616 -0.047049180 -0.025450632 0.131894648 -0.058107816 -0.040260073 -0.031710580 0.996994019
1305031119.179226 -0.045567162 -0.022156091 0.128184855 -0.060038332 -0.045255464 -0.031490292 0.996672273
1305031119.211364 -0.044224635 -0.012285617 0.122844078 -0.056553941 -0.047489431 -0.029901819 0.996821105
1305031119.247399 -0.044690620 -0.003751664 0.118782185 -0.055616230 -0.048561566 -0.028932722 0.996850789
1305031119.279212 -0.044097189 0.004918911 0.114824414 -0.054908581 -0.049759425 -0.028989365 0.996829271
1305031119.311212 -0.044413000 0.012093860 0.111207716 -0.054978676 -0.050042577 -0.026489506 0.996880829
1305031119.347741 -0.045874141 0.018095151 0.107891336 -0.054484520 -0.051239278 -0.024114553 0.996907473
1305031119.379239 -0.044581555 0.029948439 0.104485363 -0.052142482 -0.054000977 -0.023127848 0.996910334
1305031119.411484 -0.041812941 0.037116576 0.102452941 -0.053074699 -0.054973025 -0.022316238 0.996826470
1305031119.447706 -0.041578051 0.043707330 0.099911228 -0.053971481 -0.052582409 -0.022046018 0.996913314
1305031119.479267 -0.042969119 0.053534262 0.096263513 -0.051445972 -0.049851663 -0.022744400 0.997171402
1305031119.511240 -0.044565648 0.062402043 0.093170479 -0.052485451 -0.048093341 -0.022156870 0.997216821
1305031119.547382 -0.044210695 0.072013982 0.090706199 -0.053037036 -0.048384581 -0.020599684 0.997206926
1305031119.579559 -0.042599179 0.083841681 0.087801725 -0.053586390 -0.047854912 -0.020350263 0.997208238
1305031119.615017 -0.044502087 0.089282855 0.086246818 -0.058165867 -0.045171048 -0.020104069 0.997081816
1305031119.647903 -0.046086412 0.101104647 0.083494619 -0.059099928 -0.043971919 -0.019350510 0.997095406
1305031119.679208 -0.043461200 0.110873416 0.082701072 -0.062560521 -0.043004300 -0.020881675 0.996895552
1305031119.715232 -0.045473069 0.119137749 0.081617653 -0.067800693 -0.037543681 -0.018855248 0.996813953
1305031119.747193 -0.049828283 0.124971204 0.079341322 -0.071892589 -0.034070086 -0.014232724 0.996728718
1305031119.779169 -0.049130443 0.131749362 0.079726636 -0.074830785 -0.036434930 -0.011986170 0.996458292
1305031119.814537 -0.047587026 0.139772519 0.078724720 -0.076382004 -0.038093992 -0.008011333 0.996318460
1305031119.847429 -0.047478680 0.148357987 0.077460520 -0.078147851 -0.037015192 -0.003747914 0.996247351
1305031119.879214 -0.047139827 0.151048407 0.075623341 -0.079525664 -0.035245076 -0.003717172 0.996202588
1305031119.911401 -0.048557580 0.163056254 0.072427332 -0.076654375 -0.032687873 -0.002883541 0.996517599
1305031119.947392 -0.047603730 0.169179305 0.071727075 -0.080697909 -0.031728230 -0.002862066 0.996229351
1305031119.979537 -0.047247771 0.173409984 0.070757918 -0.083106689 -0.028729385 -0.003769774 0.996119320
1305031120.015264 -0.048120640 0.183168530 0.067859560 -0.084880136 -0.025214059 -0.002574216 0.996068776
1305031120.047290 -0.052652333 0.181459948 0.067802422 -0.094356939 -0.022235490 -0.001004669 0.995289564
1305031120.079418 -0.054964017 0.182004392 0.066853344 -0.095976964 -0.023154367 0.000927784 0.995113790
1305031120.115232 -0.053960662 0.185782760 0.066864029 -0.096046016 -0.026258878 0.003038839 0.995025814
1305031120.148157 -0.052199289 0.181479946 0.068113610 -0.099906921 -0.027886255 0.003697731 0.994599044
1305031120.179246 -0.050614547 0.175784111 0.068882704 -0.100891657 -0.028067106 0.006623277 0.994479358
1305031120.215249 -0.050585795 0.171047702 0.069431350 -0.097419433 -0.028175948 0.006730948 0.994821727
1305031120.248003 -0.049794096 0.168916702 0.069987848 -0.092848971 -0.028560542 0.004472144 0.995260417
1305031120.279430 -0.049214646 0.162785649 0.071089253 -0.090563670 -0.028027873 0.002492273 0.995493114
1305031120.315196 -0.048886359 0.155711636 0.072987907 -0.088837974 -0.027822411 0.000749827 0.995657146
1305031120.347787 -0.048711035 0.149335802 0.075341254 -0.085366122 -0.027462253 -0.001264942 0.995970309
1305031120.379437 -0.048576683 0.141314045 0.077846818 -0.084411114 -0.027662335 -0.001753635 0.996045411
1305031120.415445 -0.045958459 0.126156464 0.082920134 -0.082143135 -0.029766293 -0.000916793 0.996175528
1305031120.447417 -0.047125921 0.123932600 0.084820226 -0.072688475 -0.029703347 -0.002169915 0.996909916
1305031120.479432 -0.045783475 0.111088738 0.089360476 -0.072619699 -0.031111967 -0.001441023 0.996873260
1305031120.514819 -0.048461009 0.104834996 0.093814813 -0.065668814 -0.031886186 0.000608781 0.997331738
1305031120.547736 -0.048538867 0.097728200 0.096438661 -0.059285659 -0.034851853 0.002492861 0.997629404
1305031120.579551 -0.049428008 0.091712251 0.099273339 -0.055793770 -0.038236205 0.005782424 0.997693181
1305031120.615236 -0.047278624 0.081507809 0.103948630 -0.054035034 -0.043507703 0.008586794 0.997553825
1305031120.647354 -0.046481237 0.075036943 0.107699744 -0.048893705 -0.046606649 0.008628261 0.997678757
1305031120.679318 -0.044360761 0.068977952 0.111253873 -0.046383757 -0.048842236 0.009704952 0.997681737
1305031120.714522 -0.044743806 0.061272554 0.114352383 -0.044780456 -0.049078878 0.010311601 0.997737229
1305031120.747369 -0.045511179 0.053173248 0.117462382 -0.044182617 -0.050923653 0.010618157 0.997668266
1305031120.779894 -0.042594731 0.044035506 0.122167818 -0.042851191 -0.054352526 0.010829951 0.997543097
1305031120.814944 -0.043133058 0.039478850 0.123578236 -0.039292473 -0.054187864 0.010010081 0.997707129
1305031120.847921 -0.042410247 0.031105231 0.126995981 -0.040653873 -0.055534050 0.008268150 0.997594535
1305031120.883435 -0.039185975 0.021153580 0.130121663 -0.039651278 -0.056583636 0.006406369 0.997589588
1305031120.915444 -0.040732794 0.017209413 0.131269783 -0.037208516 -0.054388050 0.004518073 0.997816145
1305031120.947488 -0.041020058 0.008334206 0.133887008 -0.038121331 -0.054021847 0.002476829 0.997808754
1305031120.983366 -0.042452142 0.000393615 0.135884941 -0.037923411 -0.053419217 0.000064483 0.997851789
1305031121.015019 -0.041894428 -0.008234750 0.138365775 -0.037037142 -0.054481011 -0.001109438 0.997827053
1305031121.047498 -0.042924225 -0.012917066 0.139528096 -0.035637852 -0.053853534 -0.002147557 0.997910380
1305031121.083099 -0.044762567 -0.024001190 0.142396539 -0.035973080 -0.054532692 -0.003790361 0.997856557
1305031121.114696 -0.043267913 -0.029934105 0.143368840 -0.033312760 -0.056510460 -0.002591110 0.997842729
1305031121.147331 -0.044543311 -0.036151454 0.145069674 -0.031236932 -0.056728426 -0.003449479 0.997894943
1305031121.183271 -0.044564977 -0.044552594 0.146959573 -0.029966105 -0.058194045 -0.004190515 0.997846663
1305031121.211420 -0.041654736 -0.053366516 0.150344744 -0.028341649 -0.059207816 -0.004083544 0.997834921
1305031121.247194 -0.044960964 -0.058265019 0.150638133 -0.025733743 -0.056498505 -0.004851444 0.998059213
1305031121.282876 -0.044827402 -0.067824446 0.154070050 -0.026931286 -0.058190648 -0.003653624 0.997935474
1305031121.313568 -0.043697536 -0.077430971 0.156396747 -0.025164764 -0.058660462 -0.002885690 0.997956574
1305031121.347517 -0.046273813 -0.083054543 0.157117516 -0.022945138 -0.058800731 -0.001787535 0.998004377
1305031121.383226 -0.042776592 -0.093892813 0.161509886 -0.022823211 -0.061650746 -0.000931187 0.997836351
1305031121.414318 -0.043543939 -0.099695928 0.163027599 -0.017851563 -0.060423389 -0.002486202 0.998010099
1305031121.447319 -0.044118304 -0.105096154 0.165194824 -0.016441688 -0.059857111 -0.001582335 0.998070300
1305031121.482964 -0.041497510 -0.117225111 0.171056420 -0.016629871 -0.059186250 -0.000163946 0.998108387
1305031121.514107 -0.046089470 -0.120650999 0.169122443 -0.012306579 -0.055509772 0.000128658 0.998382270
1305031121.547270 -0.045645658 -0.124828413 0.171185344 -0.013040184 -0.055681843 0.000710661 0.998363137
1305031121.583204 -0.044884592 -0.135232583 0.175034896 -0.015856864 -0.054770526 -0.000081592 0.998373032
1305031121.614700 -0.045110159 -0.140857413 0.177507401 -0.014401970 -0.052895617 -0.001198568 0.998495460
1305031121.647183 -0.043436885 -0.144060612 0.178140879 -0.013344721 -0.049294934 -0.003962330 0.998687267
1305031121.683200 -0.046818402 -0.150726691 0.178971022 -0.016044626 -0.044352338 -0.005438066 0.998872280
1305031121.714520 -0.049362183 -0.157451481 0.180306256 -0.017024059 -0.042839993 -0.004561541 0.998926461
1305031121.747145 -0.049250789 -0.160804555 0.182381362 -0.018456180 -0.042731281 -0.004129328 0.998907566
1305031121.782835 -0.047949925 -0.167653739 0.185616136 -0.021106258 -0.042912070 -0.001878266 0.998854160
1305031121.811540 -0.045915864 -0.170036674 0.188723743 -0.022006046 -0.042512797 0.000510876 0.998853385
1305031121.847335 -0.046826407 -0.172539651 0.189323142 -0.023893546 -0.040394671 0.003226756 0.998892844
1305031121.882060 -0.048035845 -0.174272314 0.189855292 -0.026178794 -0.039676055 0.009343769 0.998825908
1305031121.914931 -0.049804952 -0.175418660 0.189675465 -0.028095586 -0.040772066 0.011064651 0.998712122
1305031121.947288 -0.046443544 -0.175569564 0.191089526 -0.028112797 -0.044146463 0.011145831 0.998567283
1305031121.982926 -0.045553014 -0.170912787 0.190930039 -0.027215222 -0.044042435 0.010968876 0.998598635
1305031122.014256 -0.048358206 -0.168746755 0.188616201 -0.027611660 -0.042885363 0.008123426 0.998665333
1305031122.047306 -0.047945432 -0.163497642 0.187354296 -0.025990706 -0.044479940 0.004662305 0.998661280
1305031122.082959 -0.046753272 -0.158710301 0.185626820 -0.025273887 -0.045377299 0.001126407 0.998649538
1305031122.114672 -0.047539484 -0.149637103 0.182043001 -0.022948140 -0.045084920 -0.002513292 0.998716354
1305031122.150725 -0.046675764 -0.143344969 0.180018276 -0.023641424 -0.045763753 -0.007900924 0.998641253
1305031122.183042 -0.045645662 -0.133674473 0.176796943 -0.020964544 -0.044960931 -0.012803589 0.998686671
1305031122.214959 -0.046760410 -0.116315708 0.172016442 -0.020670649 -0.043028235 -0.017495085 0.998706758
1305031122.251319 -0.047536634 -0.113499016 0.170309350 -0.027814986 -0.042226780 -0.021322316 0.998493135
1305031122.283560 -0.050483175 -0.101518646 0.164991349 -0.026868945 -0.041833512 -0.023606027 0.998484194
1305031122.314289 -0.050524391 -0.085604824 0.161513790 -0.030316100 -0.044422716 -0.027302762 0.998179376
1305031122.351327 -0.050729938 -0.080744386 0.158712879 -0.037526272 -0.046731640 -0.030024797 0.997750700
1305031122.382630 -0.053873874 -0.070476621 0.154286504 -0.041456565 -0.047492042 -0.030772032 0.997536480
1305031122.414997 -0.056083631 -0.065057561 0.149579182 -0.045839138 -0.050820109 -0.031736773 0.997150421
1305031122.451257 -0.056693051 -0.055301301 0.144266680 -0.047118068 -0.055209119 -0.030413866 0.996898651
1305031122.483360 -0.056547925 -0.048062719 0.140305594 -0.050508283 -0.060146607 -0.030308899 0.996450067
1305031122.515097 -0.055274718 -0.039197467 0.136180937 -0.051300481 -0.064490832 -0.031509992 0.996100545
1305031122.551490 -0.051736698 -0.030585803 0.132657826 -0.052640978 -0.066870220 -0.032648880 0.995837033
1305031122.583208 -0.051776126 -0.023148861 0.128918901 -0.054114509 -0.065557338 -0.034043577 0.995798647
1305031122.614980 -0.055603579 -0.017128227 0.124845631 -0.055200707 -0.064188235 -0.033638109 0.995841980
1305031122.648788 -0.055909321 -0.007654148 0.120589525 -0.053278562 -0.066016518 -0.032595910 0.995861769
1305031122.683402 -0.056689505 0.001100157 0.116812885 -0.052448273 -0.066855505 -0.031325996 0.995890677
1305031122.715208 -0.058233894 0.009319544 0.113043383 -0.052223932 -0.068915255 -0.028503465 0.995846808
1305031122.751298 -0.056925163 0.021629505 0.109141938 -0.050299693 -0.071797885 -0.028233157 0.995749891
1305031122.783423 -0.055483043 0.033274889 0.106739581 -0.052229349 -0.072714381 -0.028220013 0.995584428
1305031122.812555 -0.054056287 0.038946815 0.106020950 -0.057845905 -0.072622016 -0.029045280 0.995256901
1305031122.851418 -0.050082669 0.046854254 0.104983434 -0.059241153 -0.070441082 -0.030888898 0.995276034
1305031122.883754 -0.051666085 0.055703685 0.101826824 -0.061602179 -0.063496143 -0.030285014 0.995618522
1305031122.914571 -0.055729121 0.059833854 0.099944726 -0.065822609 -0.059240483 -0.029678172 0.995629013
1305031122.951341 -0.056008767 0.065288797 0.097638778 -0.066937663 -0.058438774 -0.028864846 0.995625973
1305031122.982815 -0.057987075 0.074629262 0.094453715 -0.067207858 -0.057565689 -0.025408519 0.995752811
1305031123.015450 -0.056915555 0.079174995 0.093866274 -0.070171475 -0.059373017 -0.021886343 0.995525897
1305031123.051827 -0.055784367 0.084048823 0.092242993 -0.069887124 -0.059398580 -0.020381570 0.995576322
1305031123.082975 -0.056316704 0.094830543 0.088769488 -0.067545265 -0.058180083 -0.017869782 0.995858133
1305031123.113873 -0.056183416 0.103547253 0.087054946 -0.069754824 -0.057142135 -0.015489790 0.995805740
1305031123.150822 -0.056845631 0.109587841 0.085843615 -0.072594173 -0.056104749 -0.015419279 0.995662868
1305031123.182155 -0.053678423 0.120044500 0.084412374 -0.073289685 -0.055755813 -0.014872382 0.995639861
1305031123.214704 -0.053154722 0.128936455 0.083370320 -0.076593310 -0.051189229 -0.015549227 0.995626092
1305031123.250618 -0.054150347 0.141036898 0.080960140 -0.079807617 -0.046807192 -0.016740164 0.995570004
1305031123.282347 -0.052488130 0.148981795 0.081685498 -0.087610550 -0.044682439 -0.013698310 0.995057881
1305031123.311327 -0.052039877 0.156165361 0.082366690 -0.092540815 -0.040845353 -0.013106468 0.994784415
1305031123.350481 -0.051352277 0.162263110 0.081413649 -0.097513720 -0.036882982 -0.012608727 0.994470596
1305031123.382255 -0.049601410 0.169922113 0.081788674 -0.101324610 -0.033069465 -0.009048278 0.994262457
1305031123.411363 -0.050085839 0.173810348 0.081251174 -0.105474465 -0.027970195 -0.006827557 0.994005144
1305031123.451255 -0.051258590 0.183397472 0.079180285 -0.105328806 -0.024651054 -0.005565779 0.994116247
1305031123.483594 -0.049786828 0.191000432 0.078624062 -0.108601816 -0.023568179 -0.000786682 0.993805587
1305031123.511360 -0.048612978 0.193604708 0.077657595 -0.113449782 -0.022287128 0.002063914 0.993291557
1305031123.551513 -0.048692051 0.202121377 0.076631337 -0.112420037 -0.022067271 0.004397638 0.993405998
1305031123.579583 -0.046444986 0.207230672 0.076735765 -0.114860475 -0.022826223 0.007713509 0.993089378
1305031123.611335 -0.045379851 0.215964124 0.074973032 -0.114090480 -0.021633875 0.009237622 0.993191838
1305031123.652411 -0.042402603 0.222426683 0.075008288 -0.117307119 -0.021129100 0.008953135 0.992830575
1305031123.683753 -0.042370595 0.227494046 0.073626921 -0.121012561 -0.017022593 0.010334095 0.992451191
1305031123.711323 -0.042098954 0.234704942 0.072727084 -0.123087779 -0.013260490 0.011522033 0.992240310
1305031123.751723 -0.042964917 0.237818956 0.072772749 -0.126188427 -0.010752141 0.013634682 0.991854310
1305031123.783858 -0.044344556 0.237922490 0.071352720 -0.129090399 -0.010113106 0.015255510 0.991463900
1305031123.811608 -0.043080050 0.239935756 0.071087241 -0.129589051 -0.011096925 0.016464740 0.991368949
1305031123.851444 -0.042601340 0.236963645 0.069820598 -0.132849827 -0.011199109 0.018397380 0.990902126
1305031123.883786 -0.042406749 0.230391949 0.068973668 -0.136468276 -0.012461019 0.019265007 0.990378737
1305031123.911243 -0.040768996 0.230854183 0.069097988 -0.132079884 -0.015022642 0.018596595 0.990950763
1305031123.951442 -0.041035581 0.232407078 0.068828799 -0.130285874 -0.015312930 0.019942384 0.991157651
1305031123.983415 -0.044104263 0.221926630 0.070542067 -0.136583343 -0.015724853 0.022126872 0.990256608
1305031124.011302 -0.042041238 0.213529736 0.073155537 -0.134183466 -0.021064973 0.021543898 0.990498304
1305031124.051505 -0.042103983 0.213321716 0.073854499 -0.127722025 -0.024158612 0.021990065 0.991271853
1305031124.083837 -0.041004986 0.206689522 0.077014804 -0.127977088 -0.027741408 0.022716993 0.991128743
1305031124.111331 -0.038924862 0.197509915 0.080827296 -0.123707578 -0.032075703 0.021768397 0.991561234
1305031124.147446 -0.041651111 0.197364226 0.081129298 -0.115323372 -0.031553850 0.019525439 0.992634714
1305031124.182694 -0.041515023 0.188342467 0.084534809 -0.116058148 -0.032878399 0.017982261 0.992535233
1305031124.211396 -0.038441375 0.176945180 0.088037796 -0.112380527 -0.035956368 0.015852837 0.992887914
1305031124.249327 -0.041286167 0.174654588 0.087319970 -0.104780234 -0.035387475 0.015405303 0.993746221
1305031124.282545 -0.044280808 0.168220297 0.088709407 -0.104495503 -0.037908312 0.014932488 0.993690431
1305031124.311361 -0.039663225 0.156851351 0.093078941 -0.102761231 -0.044873402 0.015656421 0.993570030
1305031124.350354 -0.040138077 0.151865765 0.093904205 -0.096593164 -0.047763109 0.014261935 0.994075000
1305031124.382420 -0.039092921 0.140293449 0.096028164 -0.095576316 -0.050283290 0.012951817 0.994066894
1305031124.411439 -0.039137103 0.131895825 0.098102123 -0.090813726 -0.051675227 0.012613512 0.994446278
1305031124.450245 -0.038802944 0.123748466 0.099948309 -0.083926924 -0.053076614 0.010686280 0.994999945
1305031124.480099 -0.039499063 0.113488130 0.100863554 -0.078698814 -0.053683609 0.008405792 0.995416462
1305031124.511324 -0.040598247 0.107312433 0.101436689 -0.071049787 -0.054805655 0.005945714 0.995948255
1305031124.550437 -0.041594632 0.098589987 0.102323189 -0.067081638 -0.055908874 0.003272440 0.996174455
1305031124.579404 -0.041353460 0.087186061 0.105388544 -0.064658329 -0.058741961 0.000952346 0.996176600
1305031124.611358 -0.041378137 0.076939672 0.108078517 -0.060357772 -0.061192751 -0.001125553 0.996298730
1305031124.651271 -0.042012081 0.068204455 0.109887347 -0.056676369 -0.063068345 -0.003189297 0.996393502
1305031124.679362 -0.039397698 0.056379572 0.114302181 -0.054142907 -0.066328950 -0.004334523 0.996318340
1305031124.711251 -0.039388515 0.048741218 0.116392285 -0.049241867 -0.066277377 -0.006618484 0.996563494
1305031124.749890 -0.041047078 0.037760865 0.119746037 -0.047822725 -0.065613344 -0.008823602 0.996659458
1305031124.779365 -0.040880863 0.028540011 0.123456523 -0.044517919 -0.067219026 -0.009201405 0.996702135
1305031124.811360 -0.041016437 0.020896250 0.126415372 -0.042408690 -0.068090975 -0.009533188 0.996731758
1305031124.850535 -0.041144423 0.009866301 0.131259054 -0.042887237 -0.069574118 -0.010221414 0.996602058
1305031124.879355 -0.037444405 -0.000835988 0.137619615 -0.041319773 -0.071432084 -0.010489034 0.996534050
1305031124.911448 -0.038775742 -0.006334243 0.140747622 -0.038676150 -0.068213239 -0.011248027 0.996857345
1305031124.950730 -0.038577311 -0.016242441 0.146959633 -0.042183749 -0.067280293 -0.010953522 0.996781766
1305031124.979438 -0.040538780 -0.032124802 0.151867926 -0.043346964 -0.065649897 -0.009579691 0.996854722
1305031125.011454 -0.043100595 -0.039046362 0.154217035 -0.038118694 -0.067096926 -0.008553064 0.996981323
1305031125.050763 -0.038742840 -0.042383965 0.158789843 -0.034910645 -0.071255960 -0.007118897 0.996821523
1305031125.079364 -0.039383925 -0.052339748 0.163237467 -0.036664680 -0.069940776 -0.004028157 0.996868968
1305031125.111364 -0.041048244 -0.062133238 0.167054102 -0.036289234 -0.070542812 -0.002997997 0.996843934
1305031125.151013 -0.038692467 -0.068702973 0.170129091 -0.032139055 -0.071938597 -0.005134862 0.996877909
1305031125.179353 -0.040724777 -0.069351703 0.171029508 -0.030672198 -0.068492681 -0.004486824 0.997169912
1305031125.211320 -0.041974008 -0.080129959 0.175276592 -0.035091035 -0.067002669 -0.004263542 0.997126400
1305031125.250632 -0.044083878 -0.090715624 0.177580521 -0.034052115 -0.066164255 -0.006929674 0.997203410
1305031125.279467 -0.044178918 -0.093525387 0.179339603 -0.030342530 -0.066230498 -0.007632696 0.997313678
1305031125.311493 -0.044255253 -0.102178849 0.183869392 -0.030902401 -0.064865388 -0.007186939 0.997389495
1305031125.348880 -0.046579029 -0.106280543 0.183910355 -0.026586842 -0.062811337 -0.010811828 0.997612655
1305031125.379401 -0.042688340 -0.109627478 0.188566387 -0.026450664 -0.062680334 -0.014458018 0.997578323
1305031125.411335 -0.042721860 -0.113964446 0.191065639 -0.026641779 -0.056393199 -0.015243981 0.997936726
1305031125.451195 -0.044506349 -0.119644389 0.192763060 -0.030035581 -0.050631609 -0.017254157 0.998116553
1305031125.479424 -0.044560924 -0.126689866 0.195623010 -0.030270580 -0.046886280 -0.018704211 0.998266280
1305031125.511316 -0.046049401 -0.126974106 0.194483459 -0.029025018 -0.042322479 -0.019582232 0.998490334
1305031125.551020 -0.046002425 -0.128088400 0.196574628 -0.029451223 -0.039480194 -0.021430055 0.998556316
1305031125.579308 -0.045124065 -0.130426645 0.197380647 -0.031344183 -0.036262702 -0.023304937 0.998578727
1305031125.611533 -0.046412148 -0.135762498 0.197148100 -0.031856205 -0.032469548 -0.023707857 0.998683512
1305031125.650575 -0.051990610 -0.138637230 0.193027854 -0.028105367 -0.030052410 -0.021332856 0.998925328
1305031125.679328 -0.055252049 -0.131776586 0.186989695 -0.022546049 -0.032929346 -0.020522527 0.998992562
1305031125.711443 -0.051489770 -0.133368820 0.187838286 -0.022296034 -0.040049404 -0.018457403 0.998778403
1305031125.751260 -0.049314611 -0.122489020 0.183462605 -0.015442613 -0.042977143 -0.016649626 0.998817921
1305031125.779348 -0.047828756 -0.116929643 0.180911005 -0.015594116 -0.044376031 -0.019411685 0.998704553
1305031125.811573 -0.046992701 -0.108184472 0.177676871 -0.014261710 -0.043775290 -0.020511009 0.998728991
1305031125.847412 -0.047235750 -0.103130452 0.175305381 -0.016690901 -0.042266466 -0.022624327 0.998710692
1305031125.879318 -0.050281264 -0.096290350 0.170025557 -0.016478086 -0.041525230 -0.023545638 0.998724043
1305031125.911305 -0.053469893 -0.085643187 0.165600747 -0.018893572 -0.043474130 -0.022688169 0.998618186
1305031125.947343 -0.055394664 -0.082428247 0.162432268 -0.023337694 -0.049493667 -0.020136371 0.998298705
1305031125.979324 -0.053544022 -0.071721524 0.159088150 -0.022679176 -0.057519104 -0.016771713 0.997945845
1305031126.011333 -0.049513862 -0.060212385 0.158883303 -0.023753915 -0.064673170 -0.016140996 0.997493148
1305031126.047324 -0.044248153 -0.049380139 0.157964662 -0.026105355 -0.067957424 -0.015281963 0.997229517
1305031126.079356 -0.043668136 -0.038876828 0.156128585 -0.029839443 -0.066525050 -0.014469183 0.997233510
1305031126.111370 -0.042502910 -0.031914566 0.154627457 -0.034235664 -0.066076852 -0.015100699 0.997112691
1305031126.147432 -0.042462803 -0.018244987 0.152361423 -0.035059005 -0.064721502 -0.013378031 0.997197568
1305031126.179384 -0.043693610 -0.005796561 0.149084330 -0.040347561 -0.064100325 -0.012823782 0.997045040
1305031126.211319 -0.041353259 0.000390512 0.149690747 -0.045864724 -0.065732129 -0.012508793 0.996704221
1305031126.247298 -0.040104106 0.013858940 0.147101894 -0.047162846 -0.064750090 -0.012050641 0.996713519
1305031126.279363 -0.039031491 0.023759346 0.145556942 -0.050958205 -0.063314095 -0.012965637 0.996607482
1305031126.311332 -0.037183609 0.035460185 0.144069165 -0.054173596 -0.060998473 -0.013726493 0.996572137
1305031126.347363 -0.037631098 0.042500772 0.142422557 -0.059288297 -0.056951199 -0.015389760 0.996496201
1305031126.379423 -0.039394960 0.051598310 0.139677659 -0.062430378 -0.053164348 -0.016870592 0.996489525
1305031126.411465 -0.039458022 0.061220050 0.137070760 -0.066356868 -0.051509928 -0.018415464 0.996295333
1305031126.447361 -0.040388986 0.067283981 0.135261655 -0.071255736 -0.049581390 -0.017817950 0.996065676
1305031126.479533 -0.042193420 0.075373873 0.132297784 -0.073024690 -0.048951477 -0.015066665 0.996014118
1305031126.511410 -0.042643573 0.087063566 0.127592951 -0.074307710 -0.049994584 -0.013878255 0.995884657
1305031126.547374 -0.039283875 0.094517387 0.128132641 -0.080199048 -0.052157193 -0.012921774 0.995329499
1305031126.579454 -0.038279992 0.101501830 0.126339912 -0.084232390 -0.050230425 -0.011095576 0.995117426
1305031126.611528 -0.038370039 0.108251676 0.124249451 -0.089179620 -0.048143044 -0.009496542 0.994806051
1305031126.647376 -0.035582725 0.110915475 0.124272950 -0.094409376 -0.047643092 -0.007421548 0.994365096
1305031126.679479 -0.035020504 0.116148330 0.122942418 -0.095825002 -0.045615856 -0.003041600 0.994347751
1305031126.711583 -0.034101028 0.120697558 0.121097788 -0.098568648 -0.044330757 -0.000161837 0.994142354
1305031126.747316 -0.033152178 0.121359661 0.120430402 -0.100921497 -0.042877562 0.002786125 0.993966103
1305031126.779379 -0.032291103 0.126798287 0.118132055 -0.099710487 -0.042127676 0.005924009 0.994106650
1305031126.811602 -0.030246871 0.130349815 0.116936527 -0.099563256 -0.040584616 0.006316123 0.994183183
1305031126.847343 -0.029218785 0.133279666 0.114917554 -0.099716209 -0.037137557 0.007064920 0.994297504
1305031126.879357 -0.029320501 0.135201976 0.113175303 -0.100387461 -0.034909874 0.007711818 0.994305909
1305031126.911364 -0.028072923 0.136090070 0.112450838 -0.100754164 -0.033203714 0.007141594 0.994331539
1305031126.947437 -0.028698627 0.136996001 0.110635251 -0.101437330 -0.031666953 0.008668356 0.994300008
1305031126.979337 -0.028317029 0.135999396 0.110774353 -0.102444246 -0.032795601 0.009912282 0.994148552
1305031127.011371 -0.028231729 0.135734037 0.110082097 -0.101071693 -0.033573944 0.010204575 0.994260073
1305031127.047297 -0.027669944 0.136022598 0.109415345 -0.100129552 -0.034092303 0.011063888 0.994328618
1305031127.079299 -0.028336342 0.135525361 0.109475374 -0.100653872 -0.034199327 0.011496183 0.994267106
1305031127.111435 -0.029473998 0.132694215 0.109474644 -0.101469718 -0.035834026 0.012444866 0.994115114
1305031127.147307 -0.029723527 0.129532382 0.110423043 -0.101205304 -0.039184194 0.013109576 0.994007170
1305031127.179349 -0.029497247 0.130372494 0.110372655 -0.097990312 -0.042216036 0.012500031 0.994212985
1305031127.211700 -0.028258219 0.128701344 0.111993387 -0.097596526 -0.044347618 0.012329564 0.994161010
1305031127.247374 -0.027815862 0.124812931 0.113529660 -0.096747093 -0.044786647 0.011476916 0.994234562
1305031127.279465 -0.029136483 0.125419661 0.113264054 -0.093249887 -0.044285383 0.010337513 0.994603634
1305031127.311362 -0.030165326 0.122433439 0.114535987 -0.094233304 -0.044769023 0.009659296 0.994496107
1305031127.347356 -0.029525388 0.116906524 0.117233150 -0.094043896 -0.047000192 0.009265535 0.994414866
1305031127.379262 -0.030746590 0.117840111 0.117199749 -0.090126611 -0.047414415 0.008835942 0.994761765
1305031127.411371 -0.031297110 0.116358340 0.118232809 -0.089927226 -0.048335720 0.008094834 0.994741797
1305031127.447333 -0.030565031 0.111271024 0.120799243 -0.090836741 -0.050252710 0.007966405 0.994565189
1305031127.479362 -0.032119669 0.113298774 0.120827511 -0.087193280 -0.050513726 0.006878036 0.994886100
1305031127.511356 -0.032646164 0.112066045 0.122109085 -0.088475883 -0.051530998 0.005864049 0.994727194
1305031127.547348 -0.031843822 0.107855737 0.124302842 -0.089660659 -0.053048532 0.005916931 0.994540989
1305031127.579345 -0.033178762 0.108547837 0.124392219 -0.087101527 -0.052820858 0.005494419 0.994782925
1305031127.611271 -0.033186600 0.109183237 0.124851316 -0.087008797 -0.053455923 0.005232358 0.994758546
1305031127.647358 -0.032654680 0.106311098 0.126517385 -0.088872850 -0.054102462 0.006713455 0.994549870
1305031127.679298 -0.032787852 0.105055213 0.126835287 -0.087573238 -0.054507412 0.007412844 0.994638085
1305031127.711375 -0.033711240 0.106880896 0.126305997 -0.085998237 -0.054774527 0.006909690 0.994764447
1305031127.747304 -0.032697983 0.104700692 0.127584964 -0.087932885 -0.055858634 0.007198646 0.994532943
1305031127.779346 -0.033319235 0.102436893 0.128020421 -0.087518290 -0.055772714 0.007264412 0.994573891
1305031127.811829 -0.034032345 0.103789374 0.127313524 -0.085204117 -0.055787664 0.006127110 0.994781613
1305031127.847366 -0.033908926 0.103072196 0.127781808 -0.085707530 -0.056065802 0.005358331 0.994727135
1305031127.879380 -0.034986015 0.101570383 0.127443194 -0.086182564 -0.055799086 0.004861012 0.994703710
1305031127.911476 -0.035994601 0.102121226 0.127752483 -0.085370772 -0.056357946 0.004313922 0.994744658
1305031127.947366 -0.036267817 0.102961235 0.127889410 -0.085616633 -0.057047322 0.004377118 0.994683981
1305031127.979371 -0.036147851 0.102028266 0.129196301 -0.087528050 -0.057967640 0.004347802 0.994464517
1305031128.011427 -0.034853153 0.102200598 0.130858824 -0.088454425 -0.058807775 0.004166733 0.994333982
1305031128.047369 -0.033847354 0.099992834 0.133497447 -0.091754168 -0.058484100 0.005504658 0.994047523
1305031128.079334 -0.034282982 0.097479478 0.134790465 -0.092451371 -0.057932835 0.006217247 0.994010985
1305031128.111391 -0.033933152 0.097277075 0.135643259 -0.091671303 -0.058359791 0.007005916 0.994053006
1305031128.147418 -0.033676565 0.096837297 0.136632234 -0.092411809 -0.058496140 0.008502765 0.993964791
1305031128.179350 -0.032362826 0.093164273 0.138565227 -0.093202010 -0.059207372 0.010108814 0.993833840
1305031128.211447 -0.033358429 0.094805881 0.137601063 -0.090179019 -0.058497876 0.010180105 0.994153976
1305031128.247480 -0.033595648 0.095330283 0.137693167 -0.090253368 -0.058874980 0.010485941 0.994121790
1305031128.279336 -0.032880835 0.092545800 0.138819277 -0.091535181 -0.059636008 0.010619337 0.993957758
1305031128.311483 -0.033251151 0.093556233 0.138412565 -0.089600854 -0.059490126 0.009877225 0.994150400
1305031128.347423 -0.034410145 0.094053753 0.138197973 -0.089255065 -0.059004992 0.008823160 0.994220376
1305031128.379404 -0.034469560 0.092582546 0.138687879 -0.090040706 -0.059565723 0.007163749 0.994129419
1305031128.411337 -0.034963995 0.091927439 0.138260677 -0.089460760 -0.059305482 0.005931994 0.994205415
1305031128.447296 -0.035511740 0.091953538 0.137788981 -0.088913403 -0.059118528 0.004712525 0.994272232
1305031128.479296 -0.035489760 0.091033712 0.138130635 -0.089479700 -0.059542239 0.003709657 0.994200349
1305031128.511433 -0.035470881 0.090494789 0.138290644 -0.089105360 -0.059393801 0.002986748 0.994245291
1305031128.547399 -0.034905799 0.090042695 0.138459191 -0.089290492 -0.059202068 0.002655014 0.994241059
1305031128.579455 -0.035168760 0.088043556 0.138332948 -0.089501999 -0.058397807 0.002363567 0.994270325
1305031128.611395 -0.036407433 0.087926216 0.137590677 -0.088080399 -0.057869989 0.002541228 0.994427741
1305031128.647352 -0.037462912 0.088184714 0.136754632 -0.087367304 -0.058565274 0.002842144 0.994449079
1305031128.679282 -0.036568001 0.086842835 0.136968449 -0.087509692 -0.060482956 0.002388958 0.994322956
1305031128.711457 -0.035424747 0.086721517 0.137156263 -0.086353689 -0.061033536 0.001690115 0.994391799
1305031128.747363 -0.035649195 0.087522447 0.136514872 -0.085070595 -0.059892040 0.000592128 0.994573057
