1305031102.675285 -0.005122297 0.018781086 0.141070127 -0.041778464 -0.018209606 -0.000498106 0.998960793
1305031102.711263 -0.004868123 0.018452637 0.151394174 -0.042977899 -0.018798782 0.000751019 0.998898804
1305031102.743234 -0.004419588 0.022497987 0.160638481 -0.043844707 -0.019561514 0.003427678 0.998840928
1305031102.775472 -0.002337766 0.022645656 0.171703979 -0.046452988 -0.018637698 0.001770920 0.998745024
1305031102.811232 -0.002160016 0.028864764 0.183213517 -0.045107145 -0.015828729 0.000580906 0.998856604
1305031102.843290 -0.001129626 0.026592180 0.192246601 -0.049017154 -0.013212141 0.000332755 0.998710513
1305031102.875363 -0.003791543 0.030875541 0.202438861 -0.046585307 -0.009186136 -0.002530460 0.998868883
1305031102.911185 -0.004758193 0.033074956 0.211256310 -0.046087064 -0.007541002 -0.003789195 0.998901784
1305031102.943229 -0.010001226 0.033650156 0.217282727 -0.046735816 -0.005075366 -0.005257053 0.998880565
1305031102.975203 -0.013387850 0.036386542 0.224002451 -0.046994939 -0.010505231 -0.005187556 0.998826444
1305031103.011215 -0.012804933 0.038467918 0.232850179 -0.048384923 -0.017317263 -0.002036030 0.998676538
1305031103.043227 -0.015310869 0.041946709 0.240586102 -0.048684765 -0.022411779 -0.000089537 0.998562694
1305031103.075319 -0.011435026 0.041860890 0.250960410 -0.049223945 -0.027442209 0.002673347 0.998407125
1305031103.111240 -0.012623550 0.047611669 0.256376296 -0.046517599 -0.026474403 0.003474368 0.998560548
1305031103.143318 -0.011708740 0.048795037 0.264457971 -0.048695922 -0.027181190 0.005226302 0.998430073
1305031103.175452 -0.011703863 0.053165257 0.269849509 -0.048489951 -0.025751961 0.005844531 0.998474538
1305031103.211220 -0.013042912 0.058368314 0.275340855 -0.051856700 -0.025273325 0.006864469 0.998311102
1305031103.243216 -0.014934336 0.062162384 0.283646464 -0.057583883 -0.024112877 0.009449463 0.998004675
1305031103.275370 -0.020345457 0.062938102 0.285480261 -0.066808492 -0.023911145 0.012700089 0.997398436
1305031103.311210 -0.019987926 0.058840197 0.291691542 -0.075139306 -0.033755571 0.012971168 0.996517122
1305031103.343223 -0.014001991 0.060745459 0.295321047 -0.075223543 -0.041157957 0.013581428 0.996224344
1305031103.375327 -0.012730004 0.059968367 0.296104789 -0.078925498 -0.040284887 0.015195995 0.995950282
1305031103.411260 -0.014313641 0.055751093 0.294520319 -0.082049929 -0.038691424 0.016268834 0.995743990
1305031103.443280 -0.015566569 0.054933101 0.291092157 -0.081598453 -0.040371727 0.015849501 0.995721161
1305031103.475274 -0.014539496 0.051313344 0.287832111 -0.082234718 -0.043591410 0.014065675 0.995559871
1305031103.511333 -0.014960107 0.047974307 0.283246905 -0.079946436 -0.044779480 0.011582457 0.995725453
1305031103.543444 -0.014486174 0.044064719 0.277315855 -0.076328970 -0.046241753 0.009720314 0.995962381
1305031103.575474 -0.016347311 0.042128790 0.268479109 -0.071591623 -0.046443623 0.009560311 0.996306300
1305031103.611223 -0.015181725 0.036071848 0.258024126 -0.071132563 -0.050174151 0.011666734 0.996135831
1305031103.643445 -0.014714809 0.032777864 0.249680474 -0.068391867 -0.054256104 0.011981166 0.996110082
1305031103.675523 -0.012562098 0.029725429 0.241265312 -0.065845966 -0.057472881 0.012178855 0.996098816
1305031103.711610 -0.011098351 0.026957542 0.232146472 -0.063351683 -0.058721047 0.011974756 0.996190250
1305031103.743326 -0.009978937 0.021554973 0.222836912 -0.061800916 -0.058444496 0.010842200 0.996316910
1305031103.775342 -0.009653993 0.020569719 0.211315051 -0.057816517 -0.057826422 0.007503860 0.996622801
1305031103.811242 -0.009309957 0.020319141 0.200070634 -0.057084374 -0.056530286 0.004130725 0.996759057
1305031103.843251 -0.011548836 0.020086788 0.188325703 -0.059682939 -0.055073377 0.001293852 0.996696115
1305031103.875361 -0.011801196 0.011363298 0.179954961 -0.067918941 -0.058027167 -0.001532036 0.996000767
1305031103.911221 -0.011131908 0.005318232 0.169396326 -0.067810751 -0.061907608 -0.003347342 0.995770037
1305031103.943211 -0.010008348 0.003414212 0.157704964 -0.065337591 -0.064623885 -0.004491574 0.995758295
1305031103.975373 -0.007786865 -0.001518831 0.147679597 -0.064437374 -0.067077421 -0.005430530 0.995649993
1305031104.011232 -0.004605928 -0.007161606 0.137971297 -0.061227717 -0.067902334 -0.006974710 0.995787024
1305031104.043249 -0.001027754 -0.009456411 0.126578048 -0.054078653 -0.065841988 -0.008643411 0.996326029
1305031104.075425 0.000358926 -0.008768260 0.115236603 -0.049184598 -0.061320040 -0.011536363 0.996838808
1305031104.111235 0.004228008 -0.014108627 0.106241725 -0.047220830 -0.056714989 -0.012749086 0.997191548
1305031104.143230 0.001621102 -0.017563120 0.093875401 -0.042497627 -0.049472693 -0.014338780 0.997767925
1305031104.175424 0.001213936 -0.018745525 0.082621895 -0.037965801 -0.045923218 -0.015010596 0.998110354
1305031104.211283 0.001864770 -0.022879250 0.072661452 -0.034566659 -0.043412011 -0.014956055 0.998347044
1305031104.243196 0.001695240 -0.023823746 0.062513575 -0.029391492 -0.040818613 -0.015351667 0.998616219
1305031104.275546 0.002886349 -0.025328431 0.052583996 -0.024996992 -0.038517762 -0.016050199 0.998816252
1305031104.311219 0.004776552 -0.026578449 0.044954725 -0.021510512 -0.035953123 -0.015681271 0.998998821
1305031104.343342 0.005879626 -0.025933342 0.036332179 -0.017759461 -0.032028664 -0.016011085 0.999200881
1305031104.375837 0.005668595 -0.026665026 0.027725207 -0.015870309 -0.027041946 -0.015728200 0.999384522
1305031104.411509 0.002929137 -0.027508048 0.018581569 -0.014438500 -0.022120584 -0.015577345 0.999529660
1305031104.443288 -0.002226481 -0.026787318 0.009390255 -0.013421867 -0.018779069 -0.015456154 0.999614060
1305031104.475456 -0.004722915 -0.027880330 0.001867393 -0.013857245 -0.019517753 -0.014762842 0.999604464
1305031104.511329 -0.005342693 -0.031677950 -0.004631595 -0.014015422 -0.022136571 -0.013354522 0.999567509
1305031104.543368 -0.000982918 -0.030547000 -0.009832281 -0.009715089 -0.025917323 -0.011846984 0.999546647
1305031104.575343 0.003818064 -0.035607055 -0.015688652 -0.006727235 -0.027065566 -0.011075786 0.999549627
1305031104.611336 0.011595836 -0.044493046 -0.022122845 0.000407525 -0.024958605 -0.009683645 0.999641538
1305031104.643243 0.012364548 -0.040734734 -0.031273168 0.014023054 -0.017224248 -0.009333929 0.999709725
1305031104.675525 0.013873156 -0.045161996 -0.040090598 0.024105186 -0.009500992 -0.008404415 0.999628901
1305031104.711277 0.013089058 -0.045768522 -0.049161647 0.038102750 -0.001489716 -0.006236723 0.999253213
1305031104.743280 0.014967147 -0.048338544 -0.059889358 0.049733706 0.005514715 -0.004561041 0.998736858
1305031104.775327 0.015602670 -0.047193158 -0.067348279 0.061941065 0.012594707 -0.002517847 0.997997165
1305031104.811465 0.017512430 -0.044038247 -0.072627887 0.073222473 0.018785756 0.000450792 0.997138560
1305031104.843258 0.016351117 -0.040380739 -0.077712536 0.082106061 0.025784483 0.002655328 0.996286452
1305031104.875350 0.012499006 -0.034867987 -0.080487400 0.088739477 0.029864248 0.004715723 0.995595932
1305031104.911534 0.015791686 -0.031236649 -0.079312220 0.091384001 0.029589269 0.008022290 0.995343685
1305031104.943262 0.015559157 -0.030282494 -0.078504242 0.092239648 0.030380925 0.008503929 0.995236933
1305031104.975202 0.015251195 -0.024207573 -0.075446092 0.092349350 0.029663004 0.009833823 0.995236158
1305031105.011290 0.015427846 -0.022031169 -0.071482971 0.087880969 0.029151868 0.010268463 0.995651364
1305031105.043373 0.014332855 -0.018691044 -0.064629920 0.082758375 0.028829223 0.009247164 0.996109664
1305031105.075320 0.014335820 -0.019178908 -0.057450846 0.075331703 0.027896736 0.007311254 0.996741414
1305031105.111299 0.009724865 -0.018592687 -0.047897786 0.070207544 0.028151710 0.004796330 0.997123539
1305031105.143106 0.006808402 -0.010409512 -0.038948365 0.065916352 0.025946490 0.002858849 0.997483671
1305031105.175159 0.006037112 -0.005542616 -0.027301382 0.053714797 0.022366360 0.000664551 0.998305559
1305031105.211268 0.001355230 -0.011322821 -0.017205616 0.039933775 0.019509319 -0.002722468 0.999008119
1305031105.243270 -0.002302621 -0.009052460 -0.006873437 0.032097299 0.014682303 -0.004314749 0.999367595
1305031105.275288 -0.005053897 -0.006306410 0.003175917 0.022240087 0.008652249 -0.005493015 0.999700129
1305031105.311290 -0.008071289 -0.008376226 0.013079056 0.011302777 0.001887477 -0.006822732 0.999911070
1305031105.343302 -0.008503062 -0.010941857 0.024967870 0.002302041 -0.004962762 -0.007116387 0.999959707
1305031105.375338 -0.009253670 -0.012571619 0.035153776 -0.001924998 -0.010009439 -0.007120426 0.999922693
1305031105.411286 -0.009683388 -0.007248214 0.045104496 -0.006059248 -0.014985248 -0.007578434 0.999840617
1305031105.443316 -0.010118874 -0.010268057 0.056990769 -0.013951366 -0.019306403 -0.008378444 0.999681175
1305031105.475280 -0.011333726 -0.009431000 0.067182586 -0.017355949 -0.022397328 -0.008285570 0.999564171
1305031105.511332 -0.009573465 -0.007237921 0.078148104 -0.021585539 -0.026096269 -0.007856574 0.999395490
1305031105.543282 -0.009847390 -0.008660840 0.090434775 -0.026473762 -0.027025295 -0.006849626 0.999260664
1305031105.575449 -0.010996318 -0.007178528 0.100487702 -0.029091923 -0.028091159 -0.006810075 0.999158740
1305031105.611378 -0.009664350 -0.008715138 0.112724997 -0.032588650 -0.029793760 -0.006033963 0.999006450
1305031105.643273 -0.012647698 -0.007154273 0.123602800 -0.032875288 -0.028979123 -0.003489767 0.999033153
1305031105.675166 -0.009852856 -0.004718428 0.135723516 -0.034387529 -0.031324591 -0.001868223 0.998915792
1305031105.711309 -0.005759651 -0.007156552 0.148774356 -0.034959249 -0.030796837 -0.001928229 0.998912215
1305031105.743312 -0.005691681 -0.001243337 0.159316778 -0.031551003 -0.026970733 -0.001603662 0.999136925
1305031105.775339 -0.003017824 -0.002087070 0.170649990 -0.033122268 -0.023398958 -0.001598590 0.999176085
1305031105.811283 -0.004199158 0.000116484 0.181315660 -0.031126631 -0.017698457 -0.000900953 0.999358296
1305031105.843271 -0.001947994 0.001313003 0.192478433 -0.030031312 -0.015067657 0.000360890 0.999435306
1305031105.875337 -0.000483343 0.007468813 0.202331439 -0.027854292 -0.010443400 0.002716972 0.999553740
1305031105.911262 -0.000969134 0.009941206 0.212347597 -0.030544113 -0.005873452 0.007347183 0.999489129
1305031105.943272 -0.000596888 0.014446069 0.221937075 -0.032323770 -0.002792862 0.009800275 0.999425471
1305031105.975329 -0.000699103 0.017725976 0.231517047 -0.036531910 -0.000617774 0.011468669 0.999266446
1305031106.011285 0.000234765 0.020817339 0.240890607 -0.040620252 0.001164796 0.013232222 0.999086320
1305031106.043355 -0.001253325 0.023722528 0.250231087 -0.044992283 0.003926377 0.014198037 0.998878717
1305031106.075330 -0.002123232 0.026671864 0.258744657 -0.048896745 0.004895599 0.016008053 0.998663545
1305031106.111327 -0.004357618 0.033505719 0.269709349 -0.051881492 0.005704604 0.016401650 0.998502254
1305031106.143355 -0.005940133 0.034475673 0.278238893 -0.059365779 0.004604428 0.018244166 0.998058915
1305031106.175534 -0.007069544 0.035877455 0.285630018 -0.063440733 0.003301031 0.019113174 0.997797132
1305031106.211275 -0.007841000 0.036241721 0.293634623 -0.067081235 0.001746333 0.019677643 0.997551918
1305031106.243267 -0.008356521 0.038714126 0.299601227 -0.066879913 0.000153167 0.023526166 0.997483611
1305031106.276385 -0.009095103 0.042955630 0.303945869 -0.067195281 -0.001470347 0.024610678 0.997435212
1305031106.311238 -0.009090331 0.046369363 0.308954358 -0.070175439 -0.002982826 0.028018730 0.997136652
1305031106.343258 -0.010809079 0.051559411 0.310746908 -0.073885851 -0.003348717 0.028121635 0.996864498
1305031106.375388 -0.007434431 0.051357158 0.312829524 -0.083761245 -0.005220753 0.021471988 0.996240795
1305031106.411320 -0.007031362 0.047176629 0.315159351 -0.091336310 -0.000117870 0.015107506 0.995705485
1305031106.443278 -0.010018984 0.044766933 0.314159453 -0.092842974 0.004839920 0.010639984 0.995612144
1305031106.475345 -0.012201218 0.043067738 0.310961485 -0.092616871 0.004976891 0.009258745 0.995646358
1305031106.511129 -0.013605906 0.039376855 0.306936443 -0.091896437 0.002134463 0.008923289 0.995726287
1305031106.543302 -0.012194585 0.037224807 0.299892843 -0.088663302 -0.002875502 0.008020461 0.996025205
1305031106.575282 -0.012593577 0.035407670 0.291471511 -0.085338973 -0.004320408 0.006872494 0.996318936
1305031106.611151 -0.013898345 0.034739330 0.282291710 -0.084459670 -0.006832611 0.003946716 0.996395648
1305031106.643207 -0.013452515 0.029323030 0.273896992 -0.085591167 -0.009910436 0.001564185 0.996279836
1305031106.675279 -0.016176572 0.028740972 0.262876868 -0.082473010 -0.011633794 0.001279269 0.996524572
1305031106.711508 -0.017561302 0.025092203 0.252963841 -0.084796622 -0.016936142 0.000619818 0.996254146
1305031106.743341 -0.017141815 0.020724138 0.237472653 -0.084092595 -0.023577711 0.001194981 0.996178210
1305031106.775390 -0.014772750 0.017657463 0.225617930 -0.083549425 -0.030744556 0.001476696 0.996028185
1305031106.811289 -0.014993196 0.017849972 0.213070214 -0.082526393 -0.034368325 0.000695183 0.995995879
1305031106.843416 -0.015275847 0.010202216 0.202608913 -0.085087590 -0.038110133 -0.000836323 0.995643973
1305031106.875905 -0.011793174 0.006093400 0.190226063 -0.079900347 -0.042080440 -0.004147231 0.995905638
1305031106.911243 -0.011608652 0.007916676 0.175959319 -0.074334122 -0.041330345 -0.008362750 0.996341467
1305031106.943439 -0.011047959 0.001770340 0.164437160 -0.074001595 -0.040556848 -0.012781321 0.996351123
1305031106.975547 -0.010096653 -0.003730254 0.152105123 -0.068767607 -0.038721487 -0.015993102 0.996752679
1305031107.011576 -0.010983174 -0.000554817 0.135357901 -0.060163766 -0.035268396 -0.019753106 0.997369647
1305031107.043281 -0.011325562 -0.005483359 0.124554761 -0.061303429 -0.032642584 -0.021940164 0.997343957
1305031107.075432 -0.013871028 -0.010666417 0.112017892 -0.057288043 -0.030682372 -0.023087498 0.997618973
1305031107.111229 -0.013094986 -0.009912125 0.099144250 -0.051449828 -0.031631779 -0.023799812 0.997890711
1305031107.143260 -0.010875259 -0.010044080 0.087367594 -0.049300402 -0.031273320 -0.023952851 0.998006880
1305031107.175399 -0.010402618 -0.016273772 0.077854596 -0.048584461 -0.029612930 -0.024896495 0.998069525
1305031107.211358 -0.007804159 -0.021043889 0.067755878 -0.043184053 -0.028230565 -0.026517171 0.998316109
1305031107.243378 -0.008211403 -0.019828057 0.056615032 -0.035813086 -0.024402609 -0.027027676 0.998694897
1305031107.275398 -0.004514673 -0.025178973 0.044868585 -0.031933866 -0.022195576 -0.026642105 0.998888314
1305031107.311226 -0.003830538 -0.029011890 0.036763553 -0.025215952 -0.018633621 -0.027604429 0.999127090
1305031107.343509 -0.000818669 -0.033267897 0.028011864 -0.015008732 -0.015665192 -0.027695078 0.999381006
1305031107.375413 0.000866638 -0.028956126 0.019456858 -0.004299926 -0.010938540 -0.027312044 0.999557853
1305031107.411271 0.002407706 -0.029859917 0.013402211 0.002021170 -0.006264954 -0.028178526 0.999581218
1305031107.443419 0.005049145 -0.028284784 0.008205946 0.007852946 -0.002118241 -0.027833000 0.999579489
1305031107.475377 0.007108877 -0.029187908 0.005135353 0.010537941 0.002227920 -0.026730854 0.999584615
1305031107.511352 0.009393663 -0.025461959 0.003238461 0.012997467 0.005289203 -0.025633406 0.999572933
1305031107.543605 0.011992231 -0.026033392 0.003488687 0.010241603 0.007560961 -0.023580369 0.999640882
1305031107.575454 0.013779046 -0.030203789 0.004258772 0.008818081 0.009461986 -0.020955795 0.999696732
1305031107.611271 0.015520678 -0.023908170 0.003662372 0.011112997 0.010723483 -0.019170204 0.999696910
1305031107.643323 0.016112594 -0.023277713 0.005776657 0.007768016 0.012107651 -0.018040333 0.999733806
1305031107.675568 0.015568494 -0.022647848 0.007264976 0.006696130 0.012837882 -0.017453257 0.999742806
1305031107.711307 0.015011043 -0.019579267 0.008517733 0.006004100 0.012801661 -0.016338127 0.999766529
1305031107.743538 0.013298209 -0.016024336 0.009437506 0.003508528 0.011909958 -0.015766785 0.999798596
1305031107.775802 0.012182924 -0.016700704 0.011698686 0.000400102 0.009569440 -0.017437536 0.999802053
1305031107.811596 0.014558157 -0.015393733 0.013333679 -0.001766376 0.006928745 -0.016996510 0.999830008
1305031107.843332 0.015844705 -0.014502582 0.014922118 -0.004124724 0.006254197 -0.017733002 0.999814689
1305031107.875358 0.019696260 -0.016620571 0.017908016 -0.005391126 0.006344480 -0.021149727 0.999741673
1305031107.911541 0.022381309 -0.017202951 0.019499637 -0.004750204 0.009160341 -0.023464981 0.999671400
1305031107.943122 0.027406994 -0.018497357 0.021434098 -0.003252854 0.011825117 -0.023688938 0.999644160
1305031107.975807 0.032668661 -0.020114291 0.023520017 -0.001293025 0.015827045 -0.023795599 0.999590695
1305031108.011320 0.039601427 -0.018801346 0.025959237 0.002998049 0.019981446 -0.025340676 0.999474704
1305031108.043418 0.052496329 -0.019163320 0.026620382 0.004831186 0.024829727 -0.023126243 0.999412477
1305031108.075352 0.058308251 -0.019011194 0.030303441 0.006388212 0.034459237 -0.017632816 0.999230146
1305031108.111378 0.062016744 -0.019547315 0.033290386 0.009055322 0.041447777 -0.018044844 0.998936653
1305031108.143334 0.071209803 -0.016962297 0.035861570 0.011787625 0.044683013 -0.017109729 0.998785138
1305031108.176058 0.085967720 -0.010702414 0.037668921 0.012001571 0.045862425 -0.013280846 0.998787403
1305031108.211475 0.094049618 -0.012313750 0.041038010 0.006532588 0.047511194 -0.013743398 0.998754799
1305031108.243347 0.107074745 -0.017879628 0.045039777 0.004041102 0.049221225 -0.015645945 0.998657167
1305031108.275358 0.116834231 -0.012374634 0.046310470 0.006096030 0.052986782 -0.015288685 0.998459578
1305031108.311332 0.121096626 -0.008638566 0.049153876 0.003282581 0.055495635 -0.013998166 0.998355389
1305031108.343278 0.128377527 -0.006607196 0.052625403 -0.001785835 0.054246951 -0.012054069 0.998453200
1305031108.375410 0.135426372 -0.004757397 0.055725541 -0.006457112 0.051696140 -0.006823887 0.998618662
1305031108.411361 0.144900292 -0.004769155 0.058243573 -0.011526955 0.047615375 -0.000611623 0.998799086
1305031108.443610 0.157482564 -0.003141800 0.059705533 -0.015377100 0.044878636 0.006242468 0.998854578
1305031108.475471 0.167307049 -0.006887046 0.062222630 -0.019802773 0.044231560 0.012979835 0.998740613
1305031108.511378 0.181839004 -0.012579694 0.061539892 -0.021274734 0.045756403 0.017048005 0.998580515
1305031108.543737 0.193502396 -0.012939156 0.065259032 -0.017053628 0.051802769 0.016283838 0.998378932
1305031108.575414 0.201401234 -0.006211981 0.064826950 -0.011328185 0.056809455 0.015287536 0.998203695
1305031108.611407 0.212533042 -0.006819974 0.066853836 -0.012086519 0.062160261 0.016106103 0.997863054
1305031108.643303 0.220418200 -0.003004435 0.065861687 -0.010900152 0.067936495 0.017127790 0.997483075
1305031108.675375 0.233392477 0.001855805 0.067259483 -0.012225460 0.071516797 0.021020090 0.997142911
1305031108.711411 0.237554863 -0.001181560 0.070474625 -0.017713642 0.080637544 0.024126759 0.996293962
1305031108.743502 0.243244484 -0.003207227 0.070354439 -0.019744545 0.085693315 0.025669230 0.995795131
1305031108.775493 0.249566883 -0.001744684 0.069801137 -0.020382967 0.089278549 0.027888296 0.995407522
1305031108.811244 0.251412421 -0.002793541 0.071561590 -0.022348730 0.093529940 0.032861445 0.994822979
1305031108.843264 0.252578974 -0.005061031 0.071054660 -0.022105778 0.093899637 0.038778991 0.994580507
1305031108.876515 0.252340704 -0.005321394 0.069337219 -0.020183394 0.091580383 0.044412304 0.994602025
1305031108.911364 0.252408803 -0.009749888 0.069186442 -0.018827902 0.088440359 0.049394429 0.994677842
1305031108.943243 0.247248217 -0.011637405 0.067600593 -0.014590537 0.086677432 0.049105968 0.994918466
1305031108.975268 0.245133340 -0.006231545 0.063448712 -0.008991618 0.080381811 0.047882382 0.995572746
1305031109.011269 0.247016430 -0.005973580 0.061410122 -0.009367879 0.075186215 0.047333606 0.996001363
1305031109.043277 0.238931596 -0.007509667 0.060367946 -0.009052486 0.075707518 0.043753423 0.996128500
1305031109.075410 0.234372079 -0.001322208 0.057629228 -0.008328476 0.072366342 0.039287455 0.996569216
1305031109.111282 0.228779942 -0.003513353 0.057136461 -0.012961009 0.070711136 0.036297880 0.996751904
1305031109.143334 0.215660647 -0.007024093 0.059885457 -0.014869524 0.070315808 0.031819317 0.996906281
1305031109.175464 0.209422782 -0.000559443 0.058508880 -0.012546764 0.062575087 0.029339302 0.997530043
1305031109.211379 0.207007840 0.009737501 0.056168683 -0.013595364 0.055068068 0.033755116 0.997819245
1305031109.243290 0.197777644 0.007673413 0.056248732 -0.023004666 0.052683655 0.039057959 0.997581899
1305031109.275308 0.177601546 -0.005044248 0.055805456 -0.029846920 0.052930120 0.041694254 0.997280896
1305031109.311329 0.163695469 -0.000781794 0.056398407 -0.025609570 0.045502216 0.042793464 0.997718573
1305031109.343248 0.154539779 0.004917681 0.053665824 -0.026302166 0.035162903 0.041966598 0.998153567
1305031109.375397 0.146752477 0.001106054 0.053336356 -0.030542536 0.026028775 0.041163445 0.998346210
1305031109.411329 0.136991054 0.003411111 0.051108684 -0.030126847 0.018780671 0.037542403 0.998664200
1305031109.443302 0.128795668 0.006950468 0.049675077 -0.032331191 0.012927646 0.032410182 0.998867929
1305031109.475363 0.118814245 0.004730326 0.050271988 -0.035873752 0.010592725 0.028672457 0.998888731
1305031109.511273 0.108179376 0.000861756 0.048010867 -0.037000135 0.008846774 0.024576498 0.998973787
1305031109.543294 0.099108160 0.000662828 0.045172431 -0.034531679 0.006851669 0.022292677 0.999131441
1305031109.575362 0.083203748 0.002244307 0.041082844 -0.033868000 0.008537583 0.022251789 0.999142110
1305031109.611310 0.071998186 0.002718125 0.039271109 -0.033985063 0.007452799 0.019851245 0.999197364
1305031109.643229 0.064623877 0.004363293 0.038048781 -0.034198351 0.005378281 0.019448735 0.999211371
1305031109.675263 0.052631773 0.005441101 0.036184490 -0.036460776 0.005826531 0.021595292 0.999084711
1305031109.711312 0.041212764 0.009161778 0.036402382 -0.037816320 0.002991484 0.020804944 0.999063611
1305031109.743274 0.031240031 0.009303396 0.036311887 -0.042375553 0.000173475 0.019821607 0.998905122
1305031109.775277 0.023526652 0.008264432 0.037917994 -0.045922171 -0.002224619 0.020465437 0.998732865
1305031109.811371 0.011333940 0.010898258 0.037561219 -0.047110934 -0.002338681 0.019229958 0.998701811
1305031109.843296 0.000129041 0.011341632 0.039019879 -0.050486676 -0.004347847 0.018382037 0.998546124
1305031109.875306 -0.013529961 0.012130870 0.039703473 -0.053984284 -0.006373485 0.016382547 0.998387039
1305031109.911265 -0.023745207 0.009763990 0.043191388 -0.056086637 -0.012197314 0.011536376 0.998284757
1305031109.943299 -0.032188252 0.016590443 0.044939104 -0.055461083 -0.016141424 0.007464400 0.998302519
1305031109.975258 -0.044369236 0.015803162 0.047412075 -0.060134534 -0.017151799 0.002210089 0.998040497
1305031110.011256 -0.053816948 0.017782278 0.051113974 -0.061708074 -0.020025371 -0.004693212 0.997882247
1305031110.043299 -0.063383728 0.017955093 0.053437863 -0.064301826 -0.021044947 -0.011484922 0.997642457
1305031110.075319 -0.073181853 0.019877244 0.055217229 -0.065945186 -0.021541866 -0.016595779 0.997452617
1305031110.111325 -0.085495166 0.020112032 0.055659402 -0.070484512 -0.021785660 -0.021838509 0.997035801
1305031110.143432 -0.095249958 0.016337048 0.058661118 -0.073208429 -0.025376283 -0.025484197 0.996668041
1305031110.175641 -0.103001244 0.022167191 0.058885455 -0.072695389 -0.029140702 -0.026597990 0.996573508
1305031110.211637 -0.112169944 0.019680746 0.060751744 -0.077428579 -0.032024469 -0.028666329 0.996071041
1305031110.243323 -0.119960137 0.018460842 0.063264102 -0.078222051 -0.036565356 -0.027985452 0.995872021
1305031110.279321 -0.127182350 0.016696030 0.063553222 -0.077389628 -0.040503424 -0.028824866 0.995760739
1305031110.311404 -0.136886880 0.017864939 0.063169345 -0.074343771 -0.043128692 -0.030556742 0.995830894
1305031110.343355 -0.146022573 0.020452889 0.063151747 -0.072585829 -0.047393560 -0.031713050 0.995730579
1305031110.379281 -0.155145288 0.021418583 0.063421272 -0.071328156 -0.052760441 -0.034994010 0.995441616
1305031110.411469 -0.168032184 0.024605796 0.058135539 -0.070506491 -0.057229988 -0.038043037 0.995141327
1305031110.443260 -0.176219702 0.026733628 0.058188200 -0.074320897 -0.063078940 -0.041303512 0.994379938
1305031110.479331 -0.187211379 0.025837185 0.060396910 -0.077262506 -0.069017105 -0.047685798 0.993475378
1305031110.511429 -0.195507601 0.025868244 0.060258199 -0.077959120 -0.076570243 -0.051448219 0.992679417
1305031110.543408 -0.203795567 0.029975004 0.057555318 -0.078263119 -0.082843192 -0.054982942 0.991962075
1305031110.579426 -0.209370896 0.033806603 0.058460046 -0.081553444 -0.089706093 -0.059400108 0.990844786
1305031110.611307 -0.214298427 0.028696595 0.061207421 -0.087816201 -0.094537795 -0.063058183 0.989633501
1305031110.643418 -0.223026812 0.027365156 0.060665779 -0.086753771 -0.095635593 -0.066992074 0.989363253
1305031110.679606 -0.226764753 0.034590058 0.059991341 -0.084067725 -0.098798156 -0.068576507 0.989175797
1305031110.711412 -0.231689453 0.033176620 0.061570339 -0.088167906 -0.100658558 -0.070047617 0.988527954
1305031110.743249 -0.235847950 0.032215878 0.061979700 -0.088925265 -0.102413125 -0.071505032 0.988175511
1305031110.779193 -0.236743808 0.033672005 0.061919257 -0.088397339 -0.105062917 -0.072060503 0.987904310
1305031110.811386 -0.239315718 0.033819575 0.061013028 -0.089098424 -0.105100162 -0.073793747 0.987709403
1305031110.843218 -0.242724419 0.034256268 0.061837181 -0.090501472 -0.106327862 -0.075961672 0.987286031
1305031110.879313 -0.240484491 0.033577580 0.062289532 -0.090768158 -0.109629519 -0.075978525 0.986899078
1305031110.911333 -0.240243718 0.034306489 0.061819077 -0.091258578 -0.110614538 -0.076242082 0.986723542
1305031110.943862 -0.235928059 0.034023099 0.062474251 -0.091303192 -0.113963693 -0.077101350 0.986271441
1305031110.979345 -0.226622686 0.036103912 0.063658774 -0.090542823 -0.115733273 -0.076840490 0.986155808
1305031111.011431 -0.218870759 0.033956576 0.065302745 -0.093000345 -0.112716280 -0.075914390 0.986348271
1305031111.043327 -0.215435848 0.033936106 0.064650744 -0.092069864 -0.106328577 -0.073612593 0.987318873
1305031111.079283 -0.212275043 0.038459785 0.064886257 -0.091949835 -0.102258615 -0.071626797 0.987905860
1305031111.111508 -0.204204455 0.032714956 0.066650860 -0.095879525 -0.101201415 -0.068265885 0.987879097
1305031111.143257 -0.197336674 0.031795681 0.068027124 -0.094211094 -0.098770477 -0.067068085 0.988367617
1305031111.179326 -0.192332163 0.034434367 0.072420031 -0.090545014 -0.094416924 -0.066261806 0.989189744
1305031111.211433 -0.184815362 0.035078689 0.071546547 -0.088565931 -0.085921645 -0.062185980 0.990407228
1305031111.243236 -0.184709251 0.032254834 0.071029112 -0.088995971 -0.079618923 -0.062664047 0.990865171
1305031111.279308 -0.170179933 0.028919227 0.073546998 -0.085807882 -0.081066214 -0.060787011 0.991145909
1305031111.311547 -0.158437908 0.030469671 0.064925075 -0.081698194 -0.076637253 -0.057379004 0.992048264
1305031111.343397 -0.155027777 0.031662527 0.064853504 -0.084754676 -0.077546723 -0.057492156 0.991714537
1305031111.379134 -0.139513105 0.023413144 0.070020422 -0.087249838 -0.083059661 -0.053125706 0.991295218
1305031111.411296 -0.136115521 0.025405891 0.064463913 -0.081719212 -0.081150055 -0.053213000 0.991919816
1305031111.443386 -0.119979121 0.028487792 0.073140845 -0.080333352 -0.089739703 -0.057288438 0.991065800
1305031111.479259 -0.102448806 0.027798362 0.083405010 -0.076882079 -0.087686479 -0.055624165 0.991617918
1305031111.511264 -0.096991204 0.025419902 0.076893657 -0.073679425 -0.074150577 -0.055247106 0.992985785
1305031111.543250 -0.079741515 0.018225268 0.075713456 -0.072462372 -0.071298696 -0.054569602 0.993321598
1305031111.579237 -0.072850272 0.024874765 0.077448845 -0.066134632 -0.060428649 -0.047143303 0.994862795
1305031111.611271 -0.066366129 0.017901499 0.067674048 -0.070075922 -0.053630967 -0.041232493 0.995245159
1305031111.643395 -0.046965331 0.012770073 0.076862618 -0.068299778 -0.059077814 -0.033562351 0.995348454
1305031111.679320 -0.031856939 0.018189019 0.075413167 -0.061182152 -0.053144477 -0.024834281 0.996401370
1305031111.711760 -0.020086002 0.015675247 0.075238861 -0.061990857 -0.045768082 -0.023299845 0.996754527
1305031111.743386 -0.000225269 0.010944540 0.077938154 -0.059574842 -0.038840938 -0.020045193 0.997266471
1305031111.779423 0.009622066 0.013979220 0.075891212 -0.055288970 -0.019627392 -0.014600378 0.998170674
1305031111.811406 0.012574378 0.012375071 0.076327235 -0.052857373 -0.002659557 -0.015023265 0.998485506
1305031111.843299 0.024793848 0.013540998 0.075150490 -0.048734881 0.005513254 -0.013207966 0.998709202
1305031111.879442 0.031783231 0.013564177 0.072537452 -0.049471550 0.013153749 -0.008567611 0.998652160
1305031111.911354 0.034827191 0.009912059 0.073971853 -0.049747415 0.015265158 -0.003410211 0.998639345
1305031111.943300 0.047895640 0.010582313 0.074157111 -0.047690786 0.010136383 0.005780656 0.998793960
1305031111.979449 0.067345865 0.010818428 0.075668484 -0.046836320 0.007717954 0.013496251 0.998781562
1305031112.011433 0.077395670 0.010000813 0.075658724 -0.044807319 0.015584059 0.012532461 0.998795450
1305031112.043270 0.089446276 0.009641888 0.074410953 -0.041278146 0.022753924 0.010640536 0.998831928
1305031112.079339 0.106396720 0.007756256 0.072627008 -0.040225238 0.031525161 0.010883205 0.998633862
1305031112.111423 0.106953897 0.009392456 0.072951689 -0.036682345 0.043030754 0.005768104 0.998383403
1305031112.144342 0.121795386 0.010758918 0.072545491 -0.035940975 0.045688197 0.000427536 0.998308897
1305031112.179390 0.138145328 0.009124145 0.070741802 -0.038982883 0.055524383 -0.002139118 0.997693717
1305031112.211254 0.143094480 0.004654580 0.075121075 -0.039926581 0.067102760 -0.009152270 0.996904910
1305031112.243369 0.153886765 0.000348722 0.076281928 -0.035343606 0.075790912 -0.013222640 0.996409416
1305031112.279353 0.158125669 0.001004686 0.077867024 -0.029662440 0.083402388 -0.016458398 0.995938420
1305031112.311312 0.170673847 -0.004437817 0.077468827 -0.025316644 0.084294192 -0.019655516 0.995925307
1305031112.343323 0.179479778 -0.002194284 0.077204287 -0.017550599 0.084380880 -0.017342415 0.996128023
1305031112.379360 0.188627094 -0.000488340 0.078097828 -0.012498597 0.082472019 -0.013227163 0.996427238
1305031112.411442 0.199353725 0.000418996 0.077506870 -0.009685406 0.079231389 -0.008773392 0.996770620
1305031112.443391 0.209256202 -0.002212776 0.077457614 -0.008366444 0.077717103 -0.002477138 0.996937275
1305031112.479418 0.214543611 -0.000627361 0.077530831 -0.004527866 0.077323921 0.006894482 0.996971905
1305031112.511504 0.220518947 -0.001915957 0.077530645 -0.002875597 0.074191742 0.014261027 0.997137845
1305031112.543212 0.228962287 -0.002555125 0.077156834 -0.000488359 0.070505559 0.018632878 0.997337222
1305031112.579252 0.236013010 -0.001062378 0.076488420 0.002070638 0.067299113 0.024553891 0.997428536
1305031112.611261 0.250831246 0.003056722 0.073825538 0.003556555 0.063847020 0.031413890 0.997458816
1305031112.643246 0.262945175 0.004191318 0.074418411 0.001203677 0.067735821 0.038889103 0.996944368
1305031112.679952 0.262864321 0.002642823 0.076859578 -0.001583990 0.075314149 0.041138474 0.996309638
1305031112.711251 0.265811831 0.004766722 0.075874403 -0.002797127 0.079229586 0.043237399 0.995914340
1305031112.743245 0.268233001 0.013566889 0.076009415 -0.004376943 0.082146816 0.046979237 0.995502710
1305031112.779310 0.263922572 0.007537102 0.079500601 -0.014432908 0.088296413 0.048313625 0.994817197
1305031112.811310 0.254209161 0.004023045 0.080523342 -0.017332247 0.091166899 0.046434376 0.994601429
1305031112.843286 0.252972096 0.010435393 0.081059650 -0.017306831 0.085310139 0.044694521 0.995200992
1305031112.879421 0.253628254 0.010997392 0.081216477 -0.020666279 0.081098281 0.047404338 0.995363653
1305031112.911411 0.245456576 0.009852953 0.082459882 -0.023923216 0.079932615 0.048983157 0.995308518
1305031112.943321 0.238199949 0.008216909 0.083602503 -0.026322041 0.075778551 0.047477912 0.995645821
1305031112.979278 0.237084359 0.008754424 0.081668749 -0.026508309 0.068350226 0.045988899 0.996248245
1305031113.011353 0.232956514 0.012221791 0.079918608 -0.026871936 0.064735614 0.045865450 0.996485591
1305031113.043231 0.225665584 0.010708272 0.079681858 -0.031672046 0.063685030 0.043217890 0.996530652
1305031113.079251 0.210441247 0.001938321 0.081586897 -0.035473447 0.064373821 0.037445527 0.996591926
1305031113.111316 0.202336028 0.005975565 0.078074738 -0.031270020 0.059106454 0.032647543 0.997227550
1305031113.143306 0.197933942 0.012250291 0.075786114 -0.031112848 0.054704934 0.032170087 0.997499108
1305031113.179343 0.187033862 0.006223061 0.075782925 -0.035882413 0.054149076 0.033790689 0.997315645
1305031113.211259 0.174813122 0.006311146 0.074597992 -0.033552907 0.049644578 0.035118442 0.997585237
1305031113.243227 0.164338842 0.010568652 0.071742006 -0.033870239 0.042835120 0.035756927 0.997867405
1305031113.279312 0.154577613 0.003303045 0.073093504 -0.038571373 0.037356220 0.037411224 0.997856259
1305031113.311452 0.136658862 -0.003884132 0.070016563 -0.036269020 0.033841658 0.040571582 0.997944534
1305031113.343252 0.126632839 0.004705468 0.067789622 -0.027672760 0.022805965 0.039758399 0.998565674
1305031113.379312 0.111276768 0.002289703 0.066805869 -0.032450575 0.015366769 0.036699649 0.998681068
1305031113.411625 0.102053545 -0.005918056 0.065781325 -0.035047140 0.007522778 0.037760682 0.998643696
1305031113.443266 0.084904291 0.001563538 0.066245869 -0.029605672 0.003015810 0.031493783 0.999060869
1305031113.479311 0.067256458 0.001896235 0.064748980 -0.033258922 -0.002195612 0.026156258 0.999101996
1305031113.511523 0.055280011 -0.001872063 0.064267151 -0.038485955 -0.007980297 0.023883404 0.998941779
1305031113.543242 0.040078729 -0.005658434 0.061890535 -0.041537091 -0.012273768 0.020721061 0.998846650
1305031113.579301 0.027611639 -0.000913238 0.064123370 -0.039444320 -0.016978484 0.016043635 0.998948693
1305031113.611268 0.018078284 -0.001031382 0.065575056 -0.042272676 -0.020641707 0.011544432 0.998826146
1305031113.643222 0.007411885 -0.001431094 0.065228373 -0.045008712 -0.020874977 0.007685523 0.998738885
1305031113.679288 -0.004475861 -0.001836135 0.065241180 -0.046063222 -0.019767929 0.004109887 0.998734474
1305031113.711931 -0.013594309 -0.002671882 0.066677190 -0.046467923 -0.020044459 -0.000690353 0.998718441
1305031113.743590 -0.023226807 -0.001129806 0.067305580 -0.045112409 -0.017821046 -0.005975881 0.998805046
1305031113.779320 -0.035172608 -0.002453928 0.067795731 -0.044517849 -0.014797949 -0.010272173 0.998846173
1305031113.811237 -0.045112319 -0.000991146 0.067540742 -0.042934503 -0.013926117 -0.012287565 0.998905301
1305031113.843295 -0.055577539 0.001698064 0.067923948 -0.042670395 -0.011620967 -0.015748944 0.998897493
1305031113.879281 -0.068328232 -0.004916707 0.069120631 -0.043779463 -0.010367153 -0.020794645 0.998770952
1305031113.911290 -0.076439701 -0.000326033 0.069307774 -0.039012183 -0.012445928 -0.020998249 0.998940587
1305031113.943291 -0.084402144 -0.000880446 0.070931599 -0.036823545 -0.011355326 -0.023439156 0.998982310
1305031113.979293 -0.097570620 -0.000127797 0.071034156 -0.033163238 -0.008321321 -0.029037630 0.998993397
1305031114.011257 -0.110548280 0.001837412 0.070324890 -0.029298913 -0.006689309 -0.034144614 0.998964965
1305031114.043301 -0.125347972 0.001210975 0.069987170 -0.028457241 -0.007974859 -0.036035735 0.998913407
1305031114.079285 -0.137113348 0.000646027 0.070301905 -0.026292387 -0.013081243 -0.036761694 0.998892486
1305031114.111263 -0.146865398 0.004357432 0.070961043 -0.022802480 -0.018918831 -0.040375743 0.998745143
1305031114.143284 -0.155910134 0.005207966 0.073618539 -0.022552567 -0.024434909 -0.043504037 0.998499691
1305031114.179337 -0.161445722 0.001998230 0.075679794 -0.021222807 -0.028505117 -0.045222402 0.998344600
1305031114.211303 -0.172121942 0.010707300 0.075079471 -0.016371667 -0.028370898 -0.047638237 0.998327434
1305031114.243337 -0.190949678 0.009574143 0.075266160 -0.019356810 -0.027637295 -0.051393408 0.998108327
1305031114.279390 -0.203716964 0.008989865 0.075242877 -0.019653067 -0.032725621 -0.053356979 0.997845590
1305031114.311429 -0.211639553 0.012389089 0.077344216 -0.019546628 -0.041442540 -0.053755146 0.997502327
1305031114.343331 -0.215826422 0.012258034 0.080244109 -0.020642139 -0.048903376 -0.056239747 0.997005224
1305031114.379320 -0.222328588 0.011257878 0.081174374 -0.020904548 -0.051601212 -0.060382389 0.996621430
1305031114.411397 -0.234008789 0.011438442 0.081638172 -0.019954804 -0.051954120 -0.065230846 0.996316969
1305031114.443345 -0.245010272 0.012561835 0.081624657 -0.019873371 -0.054986756 -0.066856384 0.996048033
1305031114.479332 -0.254424900 0.011070479 0.082441762 -0.020883419 -0.061593559 -0.068071842 0.995558321
1305031114.511266 -0.257898301 0.013778280 0.082857653 -0.020437041 -0.070855349 -0.069994465 0.994817853
1305031114.543236 -0.265816569 0.014887346 0.088590890 -0.022766031 -0.073426090 -0.068779394 0.994665623
1305031114.579237 -0.269763052 0.013447149 0.089648411 -0.024494315 -0.074315488 -0.065261759 0.994795561
1305031114.611391 -0.274248362 0.015976306 0.089234084 -0.025949625 -0.074773021 -0.062764101 0.994885087
1305031114.644136 -0.281704515 0.015671857 0.091015026 -0.030754628 -0.075750157 -0.062456753 0.994693518
1305031114.679251 -0.286221892 0.012700962 0.091032013 -0.034543134 -0.081590757 -0.063762598 0.994024158
1305031114.711306 -0.286867112 0.011465264 0.093838535 -0.035485089 -0.087242931 -0.062631801 0.993582785
1305031114.743200 -0.286976695 0.009493480 0.094138682 -0.035300203 -0.090982474 -0.066240378 0.993019819
1305031114.779289 -0.285172701 0.010313925 0.092982009 -0.032729127 -0.093404219 -0.069215596 0.992680073
1305031114.811303 -0.283832073 0.013223489 0.091919363 -0.031669158 -0.093547113 -0.069920339 0.992651582
1305031114.843208 -0.282690346 0.012466555 0.091953397 -0.032087181 -0.094420113 -0.072480515 0.992371798
1305031114.879281 -0.279541016 0.015417302 0.091372557 -0.031502571 -0.094929494 -0.072178051 0.992363989
1305031114.912879 -0.276812375 0.017246021 0.090857565 -0.032062199 -0.095215268 -0.072339505 0.992306948
1305031114.943234 -0.268048257 0.018986184 0.091748975 -0.034077831 -0.097200617 -0.073312387 0.991975844
1305031114.979280 -0.263458163 0.021390904 0.092370212 -0.035430510 -0.094793878 -0.074201077 0.992095232
1305031115.011300 -0.256432205 0.025685716 0.093703404 -0.038101815 -0.094420150 -0.075069152 0.991966605
1305031115.043508 -0.245393082 0.021673994 0.095609657 -0.043402310 -0.093904145 -0.075286224 0.991781354
1305031115.079238 -0.237319991 0.025264587 0.096259154 -0.043475442 -0.091050491 -0.075448565 0.992031872
1305031115.111230 -0.220946938 0.025077032 0.100966394 -0.046781149 -0.090861410 -0.073260352 0.992062807
1305031115.143275 -0.213262469 0.022481639 0.102551222 -0.049209639 -0.081631958 -0.071096644 0.992904782
1305031115.179440 -0.208872437 0.023991877 0.102414444 -0.050169148 -0.076334804 -0.070123948 0.993347228
1305031115.211374 -0.193715081 0.018949257 0.108604282 -0.052370936 -0.077033602 -0.066686936 0.993416309
1305031115.243297 -0.182157457 0.015983295 0.111484043 -0.048802868 -0.072584487 -0.063214637 0.994159758
1305031115.279966 -0.171430558 0.021983434 0.112560831 -0.045388591 -0.069950968 -0.058628455 0.994791150
1305031115.311704 -0.150499538 0.016165197 0.121287212 -0.047491755 -0.069930606 -0.052016880 0.995062053
1305031115.343235 -0.139559314 0.019601505 0.120841712 -0.042024937 -0.060276758 -0.048965279 0.996093869
1305031115.379166 -0.139304802 0.024285249 0.115621075 -0.045015801 -0.051924873 -0.044863727 0.996626616
1305031115.411237 -0.123025060 0.018807072 0.118376300 -0.053780388 -0.061012100 -0.041293774 0.995831311
1305031115.443159 -0.102098122 0.018964456 0.122605838 -0.056944009 -0.066568792 -0.035221569 0.995532691
1305031115.479241 -0.091766946 0.020638093 0.124165446 -0.060395043 -0.065246701 -0.029747060 0.995595515
1305031115.511253 -0.067580409 0.019450087 0.134212002 -0.063415669 -0.069248281 -0.024976134 0.995268464
1305031115.543604 -0.048420288 0.017562978 0.136610523 -0.063793115 -0.058727916 -0.017586123 0.996078372
1305031115.579315 -0.038837574 0.017042793 0.134721294 -0.062910199 -0.045154929 -0.012814272 0.996914804
1305031115.611424 -0.026149740 0.014567991 0.132368520 -0.063210227 -0.038948357 -0.006953606 0.997215688
1305031115.643254 -0.012107930 0.012129464 0.131962731 -0.062569879 -0.032708488 0.000657208 0.997504234
1305031115.679241 -0.004208222 0.008992422 0.125777394 -0.062268168 -0.027139161 0.010945383 0.997630358
1305031115.711320 0.012455854 0.012616967 0.128705218 -0.060122021 -0.029494027 0.019617772 0.997562349
1305031115.743250 0.031716872 0.013133042 0.133387551 -0.059772428 -0.025767200 0.026674388 0.997522831
1305031115.779425 0.045426793 0.011296446 0.128608793 -0.058671493 -0.016295837 0.033974621 0.997565985
1305031115.811277 0.060255885 0.012280982 0.127693355 -0.058729950 -0.008719064 0.042305958 0.997338951
1305031115.843224 0.072430626 0.011306467 0.127777621 -0.061416540 0.001111241 0.049472094 0.996884763
1305031115.879198 0.079131670 0.008485419 0.126438230 -0.061312046 0.009300293 0.057229094 0.996433198
1305031115.911118 0.092966758 0.012859473 0.128966868 -0.057554740 0.010722580 0.062689625 0.996314466
1305031115.943311 0.104954973 0.013895395 0.129524589 -0.058421675 0.016944796 0.069434404 0.995730221
1305031115.980740 0.115523107 0.017188374 0.131066501 -0.058536861 0.022276154 0.074890710 0.995222867
1305031116.011379 0.133624703 0.016896741 0.130422190 -0.062272899 0.027357727 0.079352073 0.994523466
1305031116.043164 0.146992296 0.020818338 0.133806050 -0.063614607 0.037885219 0.080629438 0.993990362
1305031116.080030 0.150708437 0.026306812 0.134697944 -0.065925092 0.050744962 0.083800383 0.993003666
1305031116.111300 0.162487507 0.024832932 0.137759343 -0.073805422 0.058903910 0.086887680 0.991732657
1305031116.143441 0.162996322 0.025378611 0.141428903 -0.077246509 0.071156219 0.089520901 0.990432143
1305031116.179572 0.176917478 0.027119461 0.142041266 -0.078866601 0.074379347 0.092219301 0.989819884
1305031116.211299 0.183941796 0.025442893 0.143179506 -0.084542625 0.080681987 0.095238164 0.988570988
1305031116.243320 0.195978060 0.022051245 0.144856572 -0.088631056 0.084630743 0.098466031 0.987565994
1305031116.279385 0.203135520 0.022879340 0.145715371 -0.088879794 0.094075941 0.101053648 0.986427009
1305031116.311336 0.210581630 0.024132885 0.145777747 -0.091538779 0.101785935 0.104519658 0.985056281
1305031116.343292 0.215322256 0.019846171 0.146150857 -0.093890339 0.108029760 0.108405612 0.983749151
1305031116.379384 0.219133675 0.015671127 0.144272536 -0.090731554 0.111253329 0.108301789 0.983697712
1305031116.411333 0.217564121 0.022760537 0.142141968 -0.083120547 0.114949830 0.111579031 0.983578980
1305031116.443369 0.219526410 0.025354557 0.139571235 -0.084327862 0.116326615 0.121063888 0.982191682
1305031116.479850 0.218691066 0.019365631 0.139955789 -0.087578446 0.118505508 0.124984138 0.981155157
1305031116.511205 0.216368556 0.019011665 0.137327641 -0.085507460 0.117681600 0.121287793 0.981900632
1305031116.543262 0.210250676 0.020959441 0.135519460 -0.081755474 0.118673339 0.116844699 0.982639313
1305031116.579313 0.199391484 0.021820847 0.134629816 -0.081559785 0.119052686 0.113696352 0.982978940
1305031116.611261 0.187127233 0.016959233 0.135379970 -0.083206557 0.116104953 0.106884226 0.983957350
1305031116.643355 0.177771345 0.018634195 0.134577602 -0.080532469 0.108104952 0.097570725 0.986056685
1305031116.679281 0.169312537 0.020203015 0.132598191 -0.079225160 0.100069843 0.089448310 0.987779558
1305031116.711634 0.159147114 0.023458872 0.130617827 -0.076741345 0.095281914 0.079977214 0.989260197
1305031116.743291 0.146952853 0.024501037 0.127524436 -0.077248186 0.090774655 0.069234557 0.990454078
1305031116.779298 0.136672705 0.024466388 0.126945436 -0.079640970 0.085829854 0.058919448 0.991372287
1305031116.811318 0.122690253 0.021436870 0.125904024 -0.080740795 0.082995191 0.050726786 0.991977572
1305031116.846089 0.107655533 0.023078928 0.125456527 -0.077707604 0.074849889 0.042801991 0.993240654
1305031116.880165 0.090478055 0.024973812 0.124001615 -0.078089863 0.066186823 0.036360759 0.994082093
1305031116.912044 0.079910539 0.025725340 0.124822512 -0.077179812 0.053966366 0.031492103 0.995057344
1305031116.943296 0.062633142 0.027889639 0.121147230 -0.077011935 0.042141795 0.023522964 0.995861411
1305031116.979351 0.049603906 0.026971301 0.118872136 -0.076925106 0.030102838 0.012816483 0.996499896
1305031117.011382 0.029637294 0.029768161 0.116473526 -0.073975131 0.021895200 0.005151364 0.997006357
1305031117.043261 0.017474331 0.032416157 0.110912688 -0.073827378 0.012007833 0.000298556 0.997198701
1305031117.079520 0.005194535 0.035255723 0.110137910 -0.074973181 0.002986080 -0.005639157 0.997165143
1305031117.111238 -0.007606543 0.033566751 0.103737511 -0.078247443 -0.006100831 -0.007590020 0.996886373
1305031117.143218 -0.014136189 0.038529947 0.106513649 -0.079220966 -0.017879136 -0.006327291 0.996676624
1305031117.179264 -0.023297079 0.041629411 0.108083047 -0.081155121 -0.026278626 -0.011433399 0.996289432
1305031117.211361 -0.026885480 0.043533336 0.111585505 -0.082169145 -0.034067709 -0.015264832 0.995918989
1305031117.243277 -0.027113270 0.047205970 0.112359062 -0.084314138 -0.037967145 -0.016997052 0.995570540
1305031117.279299 -0.027887568 0.045409959 0.113989472 -0.089739300 -0.038106348 -0.021536278 0.995002985
1305031117.311200 -0.030693170 0.043567061 0.115454756 -0.093528189 -0.036082208 -0.023170048 0.994692743
1305031117.343243 -0.032913465 0.040388942 0.116317280 -0.095824480 -0.036047667 -0.024121054 0.994452834
1305031117.379454 -0.033413086 0.036701392 0.116446167 -0.096004970 -0.036308534 -0.024136538 0.994425535
1305031117.411221 -0.035595004 0.032183915 0.116138265 -0.095381930 -0.037166763 -0.023446983 0.994470298
1305031117.443274 -0.034797516 0.030102132 0.115684621 -0.092328727 -0.039364543 -0.022111025 0.994704425
1305031117.479403 -0.035872787 0.024613539 0.115337320 -0.091385514 -0.039840344 -0.020850055 0.994799852
1305031117.511325 -0.035529882 0.017768476 0.116077475 -0.089285746 -0.041799717 -0.019169819 0.994943917
1305031117.544285 -0.036780078 0.014424183 0.115157008 -0.084140658 -0.042133793 -0.018709304 0.995386899
1305031117.579155 -0.038298391 0.010072202 0.115695760 -0.081168897 -0.043294344 -0.020396953 0.995550692
1305031117.611159 -0.038622200 0.004870761 0.117553398 -0.080299407 -0.045170419 -0.019649414 0.995552897
1305031117.643252 -0.039220102 -0.002433168 0.119224317 -0.079455577 -0.047164608 -0.018447090 0.995551109
1305031117.679262 -0.040350165 -0.006441386 0.121386111 -0.078743130 -0.049578227 -0.017915318 0.995500147
1305031117.711184 -0.039563384 -0.014959149 0.124907605 -0.080386899 -0.052645113 -0.015518073 0.995251536
1305031117.743184 -0.040127680 -0.023221748 0.127760395 -0.081005052 -0.054605510 -0.012416594 0.995139301
1305031117.779467 -0.040235158 -0.027872404 0.130286112 -0.080130987 -0.057184424 -0.010525949 0.995087028
1305031117.811320 -0.038695794 -0.038812019 0.134954169 -0.082871333 -0.060035247 -0.008335518 0.994715333
1305031117.843291 -0.034628928 -0.046528727 0.138267457 -0.081118062 -0.061501801 -0.007063147 0.994780123
1305031117.879451 -0.035476603 -0.052380603 0.141091481 -0.079496928 -0.058071509 -0.007212589 0.995116055
1305031117.911407 -0.036781654 -0.061673664 0.145216793 -0.079745196 -0.056058548 -0.007234367 0.995211422
1305031117.943253 -0.037349533 -0.067478590 0.147959501 -0.078221820 -0.053924490 -0.007667687 0.995446980
1305031117.979228 -0.040638432 -0.072786808 0.151379362 -0.079128705 -0.051042523 -0.008722624 0.995518565
1305031118.011228 -0.039671078 -0.084367342 0.158049345 -0.082728118 -0.051641431 -0.008873099 0.995193720
1305031118.043521 -0.040033914 -0.091351800 0.161575049 -0.081617229 -0.050283175 -0.008702219 0.995356500
1305031118.079334 -0.038666029 -0.097781070 0.166215688 -0.081399441 -0.049854644 -0.009985782 0.995383799
1305031118.111217 -0.036049925 -0.106444538 0.171748012 -0.081395000 -0.046917774 -0.011048243 0.995515704
1305031118.143256 -0.038728680 -0.113621756 0.173522532 -0.079995222 -0.041332822 -0.012876658 0.995854676
1305031118.179323 -0.039937869 -0.126206890 0.179898262 -0.081676826 -0.038515039 -0.015288704 0.995797038
1305031118.211202 -0.044207320 -0.135638535 0.181932643 -0.079427592 -0.034382172 -0.014341514 0.996144295
1305031118.243173 -0.046007134 -0.141721591 0.184837252 -0.075973459 -0.034898914 -0.014551538 0.996392667
1305031118.279194 -0.044729371 -0.151892394 0.188702464 -0.073495425 -0.035795618 -0.015196686 0.996537089
1305031118.311299 -0.045454908 -0.156631127 0.190903008 -0.066337854 -0.035936363 -0.015211408 0.997033834
1305031118.343324 -0.041916613 -0.159945607 0.194179788 -0.061195739 -0.036527537 -0.015775232 0.997332454
1305031118.379208 -0.045567434 -0.165994376 0.195609510 -0.057232298 -0.033583015 -0.017579509 0.997641027
1305031118.411296 -0.046660304 -0.167871922 0.196349189 -0.053877056 -0.034997869 -0.017233409 0.997785270
1305031118.445692 -0.044195216 -0.168531179 0.198448926 -0.052812278 -0.036018666 -0.014119111 0.997854829
1305031118.479285 -0.044985808 -0.171317995 0.200258642 -0.052575454 -0.036160164 -0.012062537 0.997889161
1305031118.511255 -0.042276226 -0.169151425 0.201174527 -0.049991101 -0.037410658 -0.010771904 0.997990668
1305031118.544414 -0.042024590 -0.163893551 0.201194778 -0.049809251 -0.036612850 -0.011253140 0.998024046
1305031118.579285 -0.040016145 -0.162697718 0.202878386 -0.052095331 -0.036503118 -0.011382953 0.997909844
1305031118.616142 -0.039147262 -0.157342866 0.202007964 -0.051305968 -0.034595486 -0.013845126 0.997987628
1305031118.645325 -0.042070948 -0.150378644 0.197552070 -0.050980125 -0.030656859 -0.016799066 0.998087645
1305031118.679295 -0.042626813 -0.145523623 0.196390718 -0.054201536 -0.029373562 -0.018445896 0.997927427
1305031118.711421 -0.043614589 -0.144050583 0.194810405 -0.056345537 -0.029438313 -0.021404618 0.997747660
1305031118.746770 -0.047267407 -0.135243773 0.189927563 -0.053246439 -0.030279387 -0.020918241 0.997902989
1305031118.779277 -0.045416407 -0.120402850 0.184876934 -0.052914631 -0.034561027 -0.020583222 0.997788489
1305031118.811221 -0.041211367 -0.122452110 0.186332300 -0.060908712 -0.038772617 -0.021972993 0.997147918
1305031118.846753 -0.036767919 -0.114395529 0.182884231 -0.056681138 -0.040408127 -0.020230396 0.997369111
1305031118.879208 -0.038264416 -0.094363645 0.173777789 -0.051045574 -0.036815315 -0.022473043 0.997764468
1305031118.911177 -0.038482212 -0.091424249 0.171023399 -0.055504709 -0.035779461 -0.025128279 0.997500658
1305031118.946974 -0.038252644 -0.080617622 0.165190026 -0.053436983 -0.034459982 -0.026817910 0.997616053
1305031118.979374 -0.039978519 -0.066867918 0.158592686 -0.052477449 -0.032733466 -0.030636089 0.997615159
1305031119.011363 -0.041638162 -0.058814660 0.153870121 -0.056069076 -0.032392595 -0.033118673 0.997351527
1305031119.047172 -0.042519227 -0.052065924 0.149620742 -0.058546692 -0.032879688 -0.033355024 0.997185409
1305031119.079223 -0.045237210 -0.043968350 0.143784121 -0.058854707 -0.034128595 -0.033606946 0.997116804
1305031119.111328 -0.045091592 -0.036606930 0.138965964 -0.059284315 -0.037888993 -0.032838017 0.996981204
1305031119.147616 -0.046653453 -0.026446071 0.133393586 -0.058641482 -0.040643327 -0.031422060 0.996956348
1305031119.179226 -0.045337044 -0.022734869 0.130008489 -0.060215417 -0.045640651 -0.031544887 0.996642351
1305031119.211364 -0.043408904 -0.012493514 0.124988668 -0.056605041 -0.048214722 -0.029722495 0.996788740
1305031119.247399 -0.044805497 -0.003317853 0.119399898 -0.055443801 -0.048620172 -0.028610887 0.996866822
1305031119.279212 -0.043217272 0.005210121 0.115482457 -0.054846387 -0.050290599 -0.028513907 0.996819794
1305031119.311212 -0.043850757 0.012237723 0.111568049 -0.055028487 -0.050398253 -0.025847858 0.996877015
1305031119.347741 -0.044823486 0.018152170 0.108557433 -0.054568365 -0.051836956 -0.023508515 0.996886492
1305031119.379239 -0.044559065 0.029865950 0.104494296 -0.052181631 -0.053995293 -0.023000434 0.996911466
1305031119.411484 -0.040824261 0.036875725 0.102240488 -0.053165991 -0.055388659 -0.022186993 0.996801496
1305031119.447706 -0.040489722 0.043884076 0.099615306 -0.053838540 -0.052993294 -0.021860825 0.996902823
1305031119.479267 -0.041749015 0.053698592 0.096141040 -0.051408291 -0.050387535 -0.022461211 0.997152865
1305031119.511240 -0.044114672 0.062965333 0.092589922 -0.052067652 -0.048216328 -0.022137374 0.997233212
1305031119.547382 -0.044184275 0.072052881 0.090033703 -0.052856922 -0.048241273 -0.020673979 0.997221887
1305031119.579559 -0.042219438 0.084051169 0.087455846 -0.053401764 -0.047948424 -0.020178061 0.997217119
1305031119.615017 -0.044122752 0.090215966 0.085683554 -0.057632577 -0.045242701 -0.019477326 0.997121990
1305031119.647903 -0.045597300 0.102661215 0.083321147 -0.058296993 -0.044178717 -0.018712660 0.997145712
1305031119.679208 -0.043196734 0.112625323 0.082707733 -0.061448958 -0.043103989 -0.020775175 0.996962607
1305031119.715232 -0.043749474 0.119536303 0.082112357 -0.067399181 -0.038443916 -0.018541308 0.996812761
1305031119.747193 -0.048636712 0.125613004 0.079706900 -0.071366735 -0.034713767 -0.013777983 0.996750712
1305031119.779169 -0.048545122 0.133258969 0.079263449 -0.073976316 -0.036622502 -0.011187335 0.996524513
1305031119.814537 -0.048342820 0.143817753 0.078499012 -0.074456334 -0.037708420 -0.007645773 0.996481717
1305031119.847429 -0.047933966 0.151128203 0.077096894 -0.076889984 -0.036818735 -0.003162322 0.996354520
1305031119.879214 -0.047207747 0.155188054 0.076527312 -0.078179039 -0.035439383 -0.002925218 0.996304929
1305031119.911401 -0.049133018 0.167864665 0.073535845 -0.074812338 -0.032684103 -0.002242307 0.996659338
1305031119.947392 -0.047794983 0.172837168 0.072680339 -0.079714991 -0.031911474 -0.001881368 0.996304989
1305031119.979537 -0.047764935 0.177328959 0.071220145 -0.081752397 -0.028594686 -0.003144624 0.996237397
1305031120.015264 -0.049013548 0.184798062 0.068944089 -0.084775291 -0.024963744 -0.001675956 0.996085882
1305031120.047290 -0.053147752 0.182603151 0.068574131 -0.094379522 -0.022108071 -0.000447185 0.995290697
1305031120.079418 -0.053754251 0.184186190 0.068671159 -0.095773257 -0.024277927 0.001428089 0.995106041
1305031120.115232 -0.053974476 0.188696533 0.068280928 -0.095221423 -0.026561469 0.003425959 0.995095789
1305031120.148157 -0.051819649 0.183834642 0.068931207 -0.099562392 -0.028352637 0.004146818 0.994618654
1305031120.179246 -0.050740134 0.178705528 0.070200413 -0.099797241 -0.028332284 0.007247738 0.994577944
1305031120.215249 -0.049933571 0.172965974 0.070693821 -0.097021237 -0.028875798 0.007258850 0.994836867
1305031120.248003 -0.050345629 0.172030285 0.071461409 -0.091643639 -0.028577698 0.004985285 0.995369196
1305031120.279430 -0.049778584 0.166247874 0.072329625 -0.089136802 -0.028013837 0.003000322 0.995620847
1305031120.315196 -0.049833450 0.160523161 0.074161500 -0.087065130 -0.027662951 0.001117920 0.995817840
1305031120.347787 -0.048563205 0.150986314 0.075783938 -0.085235663 -0.027785053 -0.000834291 0.995972991
1305031120.379437 -0.048195988 0.142705470 0.078853667 -0.084359437 -0.028192494 -0.001332768 0.996035576
1305031120.415445 -0.046972219 0.129359648 0.082951456 -0.081025451 -0.029344326 -0.001008492 0.996279478
1305031120.447417 -0.047303148 0.125915498 0.085013047 -0.072355822 -0.029761335 -0.001635770 0.996933401
1305031120.479432 -0.045824602 0.113833986 0.089417331 -0.071908206 -0.031314600 -0.000829289 0.996919215
1305031120.514819 -0.047874879 0.106564470 0.093901269 -0.064983360 -0.032240819 0.001026363 0.997364819
1305031120.547736 -0.047832541 0.099781476 0.096520185 -0.058447774 -0.035221018 0.002876257 0.997664809
1305031120.579551 -0.048888110 0.094036736 0.098907888 -0.054750592 -0.038440518 0.006128340 0.997741044
1305031120.615236 -0.047729030 0.084253095 0.103675477 -0.052720148 -0.043256294 0.008486208 0.997635901
1305031120.647354 -0.044700362 0.075869963 0.107653424 -0.048385452 -0.047463201 0.009224931 0.997657776
1305031120.679318 -0.043255638 0.069516666 0.111127749 -0.046042297 -0.049426090 0.010191350 0.997663915
1305031120.714522 -0.044447970 0.063121654 0.113939427 -0.043956038 -0.049254507 0.010249141 0.997765899
1305031120.747369 -0.045061551 0.055039071 0.117130302 -0.043467816 -0.051237859 0.010615529 0.997683585
1305031120.779894 -0.042552307 0.045775123 0.121579535 -0.042168044 -0.054432809 0.010674875 0.997569561
1305031120.814944 -0.042143203 0.040433723 0.123650216 -0.038780198 -0.054752748 0.010303685 0.997693360
1305031120.847921 -0.041570202 0.031568047 0.127280265 -0.040447261 -0.056067146 0.008282615 0.997573018
1305031120.883435 -0.039023124 0.022935901 0.130637884 -0.038748529 -0.056746610 0.006965342 0.997612059
1305031120.915444 -0.040103354 0.018527672 0.131932542 -0.036478572 -0.054822665 0.004790709 0.997818053
1305031120.947488 -0.041206621 0.009454129 0.134205624 -0.037468128 -0.053995449 0.002591971 0.997834623
1305031120.983366 -0.042377554 0.001467714 0.137006149 -0.037345268 -0.053646605 0.000118123 0.997861385
1305031121.015019 -0.041836265 -0.007141273 0.139034227 -0.036404580 -0.054619245 -0.001090639 0.997842789
1305031121.047498 -0.042968776 -0.011774076 0.140439540 -0.035031982 -0.053965636 -0.002091520 0.997925878
1305031121.083099 -0.044185594 -0.023917165 0.143213913 -0.036004409 -0.054950539 -0.003504090 0.997833550
1305031121.114696 -0.043620363 -0.029727003 0.144422427 -0.033134457 -0.056508455 -0.002916417 0.997847855
1305031121.147331 -0.044367172 -0.036673360 0.146145284 -0.031442247 -0.057001926 -0.003731254 0.997871876
1305031121.183271 -0.044319827 -0.044429142 0.148175925 -0.029963635 -0.058501285 -0.004342203 0.997828126
1305031121.211420 -0.042072486 -0.052590296 0.151107311 -0.027866457 -0.059197515 -0.004689898 0.997846246
1305031121.247194 -0.045353010 -0.057891566 0.151198402 -0.025446812 -0.056418065 -0.005423711 0.998068154
1305031121.282876 -0.045652181 -0.067121059 0.154186428 -0.026470268 -0.057886258 -0.004246124 0.997963190
1305031121.313568 -0.044436824 -0.076599754 0.157373801 -0.024641190 -0.058552682 -0.003544073 0.997973859
1305031121.347517 -0.047762468 -0.081890099 0.158397421 -0.022222232 -0.058426499 -0.002627778 0.998040915
1305031121.383226 -0.044319689 -0.093104877 0.163006619 -0.022285104 -0.061321311 -0.001775185 0.997867644
1305031121.414318 -0.045155235 -0.098251641 0.163631141 -0.017106263 -0.059899762 -0.003172341 0.998052776
1305031121.447319 -0.045346625 -0.103735328 0.165426850 -0.015718468 -0.059473138 -0.002324563 0.998103440
1305031121.482964 -0.042514548 -0.115644500 0.170683637 -0.015972672 -0.058756161 -0.000751390 0.998144269
1305031121.514107 -0.046275780 -0.118433900 0.169189245 -0.011416998 -0.055510335 -0.000234148 0.998392820
1305031121.547270 -0.046570912 -0.122846156 0.170819476 -0.012248742 -0.055253714 0.000013334 0.998397231
1305031121.583204 -0.046350803 -0.134197831 0.173852265 -0.015338673 -0.054018989 -0.001190542 0.998421371
1305031121.614700 -0.046370700 -0.139706403 0.176016971 -0.013867765 -0.052256510 -0.002254551 0.998534858
1305031121.647183 -0.045092978 -0.143288016 0.177939102 -0.012624010 -0.048634578 -0.004856659 0.998725057
1305031121.683200 -0.048570350 -0.150341645 0.179152578 -0.015517924 -0.043691371 -0.006536322 0.998903155
1305031121.714520 -0.051218245 -0.157105386 0.180339575 -0.016598202 -0.042110279 -0.005560388 0.998959601
1305031121.747145 -0.050947495 -0.161071643 0.182679921 -0.018235974 -0.042106770 -0.005307891 0.998932600
1305031121.782835 -0.049820617 -0.167939544 0.185961083 -0.020898236 -0.042261850 -0.003012887 0.998883426
1305031121.811540 -0.047958866 -0.170832410 0.188477635 -0.021991376 -0.041727602 -0.000705147 0.998886704
1305031121.847335 -0.048837055 -0.173088878 0.189065412 -0.023747824 -0.039653592 0.002014409 0.998929203
1305031121.882060 -0.050013401 -0.175632462 0.189393923 -0.026345322 -0.038918506 0.007987038 0.998863101
1305031121.914931 -0.051714201 -0.175964057 0.189372897 -0.027913762 -0.040015992 0.009880112 0.998760223
1305031121.947288 -0.048517264 -0.176415369 0.190980077 -0.028143100 -0.043366980 0.009846087 0.998614192
1305031121.982926 -0.047304809 -0.171234250 0.191070661 -0.026976630 -0.043465793 0.009791677 0.998642623
1305031122.014256 -0.049500704 -0.170028374 0.188689381 -0.027906738 -0.042490728 0.007080994 0.998681962
1305031122.047306 -0.049445935 -0.165013984 0.186699927 -0.026313949 -0.043822870 0.003572817 0.998686314
1305031122.082959 -0.048384618 -0.158985257 0.185773104 -0.025101209 -0.044802599 0.000089576 0.998680413
1305031122.114672 -0.049455121 -0.149531454 0.181996271 -0.022566693 -0.044380523 -0.003530420 0.998753548
1305031122.150725 -0.047915116 -0.142983198 0.180110320 -0.023159990 -0.045297805 -0.008584207 0.998668075
1305031122.183042 -0.047250465 -0.133693650 0.176400855 -0.020648880 -0.044322431 -0.013473005 0.998712957
1305031122.214959 -0.046850607 -0.114714682 0.173217878 -0.019773550 -0.043149330 -0.017432300 0.998720825
1305031122.251319 -0.048458286 -0.111899346 0.171439484 -0.026771110 -0.041978400 -0.021601379 0.998526156
1305031122.283560 -0.051342230 -0.101010159 0.165609792 -0.026318686 -0.041561168 -0.024004862 0.998500764
1305031122.314289 -0.051402617 -0.084784597 0.162021309 -0.029718900 -0.044099126 -0.027557312 0.998204708
1305031122.351327 -0.052073453 -0.078619480 0.159457296 -0.036501158 -0.046264023 -0.030338708 0.997801006
1305031122.382630 -0.054502890 -0.068720721 0.154154867 -0.040645912 -0.047241133 -0.031167749 0.997569442
1305031122.414997 -0.056676306 -0.063622855 0.149969026 -0.045275178 -0.050726656 -0.032001376 0.997172475
1305031122.451257 -0.057086166 -0.053671561 0.144496083 -0.046574939 -0.055182710 -0.030440021 0.996924818
1305031122.483360 -0.057061888 -0.046109449 0.140495420 -0.049717914 -0.060025562 -0.030418424 0.996493757
1305031122.515097 -0.055398352 -0.037716866 0.136724889 -0.050693370 -0.064574949 -0.031662934 0.996121347
1305031122.551490 -0.051858995 -0.028716873 0.133305773 -0.051911596 -0.066967502 -0.032604277 0.995870233
1305031122.583208 -0.051913071 -0.021335196 0.129474655 -0.053413019 -0.065585561 -0.033950612 0.995837808
1305031122.614980 -0.055495411 -0.015768532 0.125831991 -0.054608703 -0.064423703 -0.033499602 0.995864093
1305031122.648788 -0.054884277 -0.006854341 0.121445835 -0.052964665 -0.066619031 -0.032345194 0.995846570
1305031122.683402 -0.055776268 0.002287935 0.117224194 -0.051979471 -0.067366078 -0.031008065 0.995890796
1305031122.715208 -0.057521988 0.010759313 0.113817349 -0.051631942 -0.069360971 -0.028223241 0.995854735
1305031122.751298 -0.055410251 0.023056749 0.110722184 -0.049796399 -0.072837070 -0.027461739 0.995721340
1305031122.783423 -0.054583631 0.034468871 0.107372627 -0.051821161 -0.073272996 -0.027734818 0.995578408
1305031122.812555 -0.052557141 0.039299652 0.106315821 -0.057757616 -0.073426425 -0.028673025 0.995213807
1305031122.851418 -0.049221508 0.048072249 0.106301941 -0.058641598 -0.071088798 -0.030625219 0.995273650
1305031122.883754 -0.050404616 0.056262594 0.102881618 -0.061394338 -0.064272314 -0.029886832 0.995593607
1305031122.914571 -0.054389182 0.060447495 0.100230545 -0.065532856 -0.059932157 -0.029315615 0.995617509
1305031122.951341 -0.054603666 0.066777200 0.098563090 -0.066265382 -0.059233908 -0.028338263 0.995639086
1305031122.982815 -0.056097724 0.075487517 0.095710486 -0.066982523 -0.058703218 -0.024507139 0.995724201
1305031123.015450 -0.055578623 0.079461321 0.094245732 -0.070159055 -0.060099501 -0.021463003 0.995492399
1305031123.051827 -0.054083705 0.084448718 0.092613541 -0.069877297 -0.060316868 -0.019688668 0.995535731
1305031123.082975 -0.055003695 0.094742008 0.089892350 -0.067622624 -0.058985706 -0.017428080 0.995813310
1305031123.113873 -0.054814108 0.102773219 0.087548025 -0.070188798 -0.057870213 -0.015315155 0.995735943
1305031123.150822 -0.055607647 0.109216481 0.086266786 -0.072842114 -0.056749437 -0.015062558 0.995613694
1305031123.182155 -0.052042164 0.119304307 0.086089224 -0.073750071 -0.056889884 -0.014314840 0.995549858
1305031123.214704 -0.052026659 0.127830267 0.084579051 -0.077283189 -0.051992103 -0.015004966 0.995539546
1305031123.250618 -0.052547093 0.140256062 0.082363620 -0.080251813 -0.047891356 -0.015973095 0.995495319
1305031123.282347 -0.051025197 0.149329603 0.083433881 -0.087742634 -0.045772456 -0.012814446 0.995008469
1305031123.311327 -0.051481359 0.156178474 0.083699971 -0.092846155 -0.041349296 -0.012306387 0.994745374
1305031123.350481 -0.050543502 0.164063931 0.083265513 -0.096721798 -0.037661668 -0.011854878 0.994527996
1305031123.382255 -0.048551723 0.172146231 0.083033927 -0.100343630 -0.033961438 -0.008394213 0.994337618
1305031123.411363 -0.049716327 0.176504672 0.082637765 -0.104015961 -0.028477637 -0.006639748 0.994145691
1305031123.451255 -0.049324352 0.184606627 0.080977723 -0.104959920 -0.026153542 -0.004736904 0.994121194
1305031123.483594 -0.049054001 0.193795323 0.080207981 -0.107248172 -0.024282869 -0.000231917 0.993935704
1305031123.511360 -0.048616320 0.196925595 0.079709843 -0.111714870 -0.022684447 0.002703565 0.993477702
1305031123.551513 -0.048094548 0.204022124 0.078574374 -0.112267047 -0.022918286 0.004772147 0.993402243
1305031123.579583 -0.046669409 0.208546638 0.077926248 -0.115121089 -0.023032295 0.008222448 0.993050396
1305031123.611335 -0.045730043 0.219563305 0.076352112 -0.112723880 -0.021798559 0.009429510 0.993342459
1305031123.652411 -0.043610983 0.226272285 0.075678170 -0.115730956 -0.020616347 0.009002410 0.993025780
1305031123.683753 -0.043315962 0.232155442 0.074414439 -0.118886642 -0.016666625 0.010194570 0.992715597
1305031123.711323 -0.042651962 0.237628192 0.074157923 -0.122536130 -0.013357094 0.011493634 0.992307603
1305031123.751723 -0.043032944 0.238616005 0.073503330 -0.127056837 -0.010955059 0.013515719 0.991742849
1305031123.783858 -0.043969546 0.238994285 0.072348475 -0.129897282 -0.010617562 0.015580385 0.991348207
1305031123.811608 -0.042763960 0.240208328 0.071952552 -0.131033450 -0.011594746 0.016791970 0.991167903
1305031123.851444 -0.042225629 0.239937156 0.071698010 -0.132616580 -0.012023286 0.018967288 0.990912974
1305031123.883786 -0.043118920 0.232775629 0.070322156 -0.136693701 -0.012466904 0.019830711 0.990336359
1305031123.911243 -0.040294312 0.233364865 0.071011506 -0.132097960 -0.015875999 0.019017003 0.990927041
1305031123.951442 -0.042675566 0.236257732 0.070663616 -0.129231155 -0.014813445 0.020378459 0.991294384
1305031123.983415 -0.043015588 0.222235709 0.071917608 -0.138005629 -0.016682854 0.022088494 0.990044534
1305031124.011302 -0.043650243 0.216703251 0.073821478 -0.133180305 -0.020317575 0.021406287 0.990652323
1305031124.051505 -0.043903925 0.217557937 0.074988335 -0.126085564 -0.023393610 0.022003874 0.991499364
1305031124.083837 -0.042509541 0.209596410 0.077576123 -0.127316952 -0.027055267 0.022781419 0.991231263
1305031124.111331 -0.039709795 0.198141754 0.082267329 -0.124304667 -0.031907424 0.021636317 0.991494894
1305031124.147446 -0.041686751 0.199864581 0.082348555 -0.114828505 -0.031884607 0.019890185 0.992674232
1305031124.182694 -0.040901095 0.190451890 0.086603701 -0.115769878 -0.033731718 0.018005943 0.992539823
1305031124.211396 -0.038505767 0.179439023 0.090463877 -0.112084188 -0.036439247 0.016391719 0.992895067
1305031124.249327 -0.041718058 0.176972911 0.089377493 -0.104558416 -0.035555907 0.015698766 0.993758976
1305031124.282545 -0.043032069 0.169620425 0.090819463 -0.104692593 -0.039093021 0.015081776 0.993621528
1305031124.311361 -0.040321834 0.157050610 0.094460860 -0.103800379 -0.044660438 0.015842348 0.993468642
1305031124.350354 -0.040986087 0.152960837 0.095611401 -0.096986771 -0.047546946 0.014403716 0.994044960
1305031124.382420 -0.038701039 0.143181205 0.098601133 -0.094994955 -0.051035270 0.013816973 0.994072676
1305031124.411439 -0.037758682 0.133307159 0.099923871 -0.090965673 -0.052917797 0.013601596 0.994354010
1305031124.450245 -0.038354315 0.125247583 0.100802697 -0.083737597 -0.053597603 0.011154388 0.994982898
1305031124.480099 -0.037985329 0.114355512 0.102077112 -0.079044871 -0.054916158 0.009193260 0.995314837
1305031124.511324 -0.040148135 0.108266942 0.102295883 -0.071201771 -0.055290647 0.006560481 0.995906770
1305031124.550437 -0.040708877 0.099925525 0.104004748 -0.067136236 -0.056774709 0.004015049 0.996119082
1305031124.579404 -0.041164756 0.089084566 0.106427044 -0.064341210 -0.059085615 0.001734810 0.996175766
1305031124.611358 -0.041009620 0.078879938 0.109476328 -0.059967406 -0.061706424 -0.000338892 0.996291161
1305031124.651271 -0.041655675 0.070181742 0.110882394 -0.056213107 -0.063423611 -0.002636344 0.996398807
1305031124.679362 -0.039557889 0.058448471 0.114741750 -0.053418994 -0.066303343 -0.004412273 0.996358752
1305031124.711251 -0.039128821 0.051147033 0.117246553 -0.048568644 -0.066566601 -0.006033814 0.996580958
1305031124.749890 -0.039966363 0.039980993 0.121022768 -0.047340769 -0.066471674 -0.007753548 0.996634483
1305031124.779365 -0.040197030 0.030148290 0.124235481 -0.044347387 -0.067753695 -0.008537721 0.996679425
1305031124.811360 -0.040107660 0.020988673 0.127573133 -0.042523466 -0.068736531 -0.008905925 0.996688366
1305031124.850535 -0.040538505 0.010141906 0.132737830 -0.042961910 -0.070070572 -0.009614953 0.996570051
1305031124.879355 -0.036105830 -0.000523532 0.138785586 -0.041385658 -0.072254606 -0.009811992 0.996478915
1305031124.911448 -0.037128463 -0.006143960 0.141744956 -0.038837828 -0.069140844 -0.010408479 0.996796250
1305031124.950730 -0.037278794 -0.015444687 0.147851676 -0.042006254 -0.068051592 -0.010264131 0.996744275
1305031124.979438 -0.039171129 -0.030743752 0.153261125 -0.042849030 -0.066552542 -0.008974063 0.996822059
1305031125.011454 -0.042872854 -0.037932280 0.155054420 -0.037676115 -0.067334950 -0.008434358 0.996983111
1305031125.050763 -0.038944792 -0.041736722 0.159122616 -0.034598351 -0.071215779 -0.007265744 0.996834219
1305031125.079364 -0.039213069 -0.050081298 0.164330304 -0.035570391 -0.070257246 -0.004232982 0.996885538
1305031125.111364 -0.040921193 -0.060830448 0.167212769 -0.035678141 -0.070724994 -0.003349555 0.996851981
1305031125.151013 -0.039222162 -0.067295387 0.170345157 -0.031500991 -0.071768932 -0.005398660 0.996909142
1305031125.179353 -0.041032594 -0.068707593 0.171259761 -0.030200547 -0.068340935 -0.004721233 0.997193635
1305031125.211320 -0.043120258 -0.079555422 0.175649315 -0.034654371 -0.066499092 -0.004609263 0.997173846
1305031125.250632 -0.045028679 -0.090353772 0.177950710 -0.033610802 -0.065840587 -0.007693978 0.997234225
1305031125.279467 -0.045580789 -0.092766546 0.179517910 -0.029751843 -0.065667823 -0.008357424 0.997362852
1305031125.311493 -0.045028176 -0.102185994 0.183624983 -0.030699741 -0.064522110 -0.008028836 0.997411609
1305031125.348880 -0.047799729 -0.106647506 0.183667153 -0.026549991 -0.062290449 -0.011379670 0.997639954
1305031125.379401 -0.043660797 -0.109774306 0.188001513 -0.026321333 -0.062144417 -0.014877350 0.997609079
1305031125.411335 -0.043675393 -0.113648541 0.190926388 -0.026312815 -0.055955969 -0.015491078 0.997966230
1305031125.451195 -0.045869421 -0.119048178 0.192876384 -0.029558370 -0.050001960 -0.017668340 0.998155236
1305031125.479424 -0.045615811 -0.126301795 0.195250943 -0.029839441 -0.046336662 -0.019145498 0.998296559
1305031125.511316 -0.047770683 -0.126147643 0.195199922 -0.028437696 -0.041678507 -0.020124039 0.998523533
1305031125.551020 -0.046926763 -0.128306702 0.196459696 -0.029344063 -0.039059404 -0.021822354 0.998567522
1305031125.579308 -0.046945091 -0.129960239 0.197469592 -0.030775113 -0.035497263 -0.024210576 0.998602331
1305031125.611533 -0.047910891 -0.135459632 0.197098464 -0.031405535 -0.031863082 -0.024498163 0.998698294
1305031125.650575 -0.053022802 -0.137976229 0.193304285 -0.027423011 -0.029666675 -0.022303103 0.998934686
1305031125.679328 -0.056175131 -0.131771445 0.187547699 -0.022276087 -0.032582588 -0.021134879 0.998997211
1305031125.711443 -0.052557122 -0.132642061 0.188321993 -0.021682609 -0.039651796 -0.019159868 0.998794556
1305031125.751260 -0.049891617 -0.123105459 0.183813050 -0.015562008 -0.042782947 -0.017141262 0.998816133
1305031125.779348 -0.048792154 -0.116788737 0.181769997 -0.015306435 -0.044075832 -0.019860743 0.998713434
1305031125.811573 -0.047133610 -0.108738996 0.178204641 -0.014333803 -0.043808568 -0.020680271 0.998723030
1305031125.847412 -0.047870774 -0.102408618 0.176276565 -0.016201044 -0.042132854 -0.022829281 0.998719752
1305031125.879318 -0.050266154 -0.095782928 0.171202928 -0.016082626 -0.041692264 -0.023701938 0.998719871
1305031125.911305 -0.053806070 -0.084286399 0.167365134 -0.018172108 -0.043562487 -0.022566792 0.998630464
1305031125.947343 -0.055702366 -0.082058139 0.163370028 -0.022910859 -0.049495332 -0.020465214 0.998301804
1305031125.979324 -0.053550087 -0.071131103 0.160385564 -0.022303274 -0.057737619 -0.016746745 0.997942150
1305031126.011333 -0.049489915 -0.060107455 0.159861431 -0.023601748 -0.064814769 -0.016238222 0.997485995
1305031126.047324 -0.044443294 -0.047939859 0.158958495 -0.025417551 -0.068034887 -0.014841868 0.997248709
1305031126.079356 -0.043634385 -0.037932213 0.157067671 -0.029343203 -0.066660084 -0.014235505 0.997242570
1305031126.111370 -0.042726077 -0.031625960 0.156092703 -0.034090865 -0.066166602 -0.014848332 0.997115493
1305031126.147432 -0.043050162 -0.017406384 0.153570339 -0.034586001 -0.064639680 -0.013506711 0.997217655
1305031126.179384 -0.044189498 -0.005834955 0.151059806 -0.040322259 -0.064152509 -0.012709930 0.997044146
1305031126.211319 -0.041278854 0.000369990 0.151312798 -0.045815341 -0.065940976 -0.012191793 0.996696591
1305031126.247298 -0.039066277 0.013711710 0.148836285 -0.047249045 -0.065465391 -0.011461215 0.996669710
1305031126.279363 -0.038336270 0.022922469 0.146776095 -0.051472005 -0.063802592 -0.012479054 0.996556163
1305031126.311332 -0.036618263 0.035060838 0.145422891 -0.054508366 -0.061528843 -0.013826232 0.996519864
1305031126.347363 -0.036932170 0.042734191 0.143812478 -0.059411038 -0.057555396 -0.015092907 0.996458709
1305031126.379423 -0.038814534 0.052211694 0.140901566 -0.062358830 -0.053715132 -0.016498074 0.996470690
1305031126.411465 -0.038747754 0.061823960 0.138872355 -0.066179618 -0.052235235 -0.018269571 0.996272027
1305031126.447361 -0.039571375 0.067801557 0.137358949 -0.071185447 -0.050405964 -0.017425871 0.996036232
1305031126.479533 -0.041671135 0.075637445 0.133841142 -0.073156096 -0.049474642 -0.014736068 0.995983541
1305031126.511410 -0.041603114 0.087743223 0.129627854 -0.074485064 -0.050984301 -0.012985474 0.995833337
1305031126.547374 -0.037847489 0.094820425 0.129526973 -0.080457494 -0.053141087 -0.012204999 0.995265603
1305031126.579454 -0.036587071 0.101943679 0.128187627 -0.084436335 -0.051453859 -0.010485262 0.995044231
1305031126.611528 -0.036398895 0.108463615 0.126433879 -0.089482822 -0.049607374 -0.009186881 0.994709790
1305031126.647376 -0.033848386 0.110789463 0.126720399 -0.094905131 -0.048985399 -0.006939957 0.994256139
1305031126.679479 -0.033556439 0.116651028 0.124881431 -0.096130148 -0.046774991 -0.002453669 0.994266093
1305031126.711583 -0.033577457 0.123227522 0.122985721 -0.097766921 -0.044896461 0.000713992 0.994195879
1305031126.747316 -0.032375239 0.122942969 0.121732943 -0.100662358 -0.043499213 0.003429222 0.993963361
1305031126.779379 -0.032411940 0.129018202 0.119382679 -0.099053413 -0.042204682 0.006575052 0.994164944
1305031126.811602 -0.028950645 0.132309824 0.119085655 -0.099176563 -0.041732803 0.007128908 0.994168758
1305031126.847343 -0.028323609 0.134449497 0.116200611 -0.099794880 -0.037799779 0.007815290 0.994259059
1305031126.879357 -0.028361905 0.137554675 0.114912316 -0.099775940 -0.035701450 0.008528440 0.994332671
1305031126.911364 -0.027077824 0.137759402 0.114109054 -0.100564703 -0.034011319 0.007831640 0.994318187
1305031126.947437 -0.028489593 0.138780728 0.111974776 -0.101228341 -0.031968761 0.009391393 0.994305074
1305031126.979337 -0.028737821 0.137775421 0.111747235 -0.102201328 -0.032642052 0.010521571 0.994172335
1305031127.011371 -0.026783992 0.136750489 0.111741424 -0.101362623 -0.034646247 0.010880977 0.994186521
1305031127.047297 -0.026502423 0.137374341 0.111027583 -0.100301266 -0.034955319 0.012057861 0.994269788
1305031127.079299 -0.027539937 0.137119547 0.111394510 -0.100537688 -0.034933649 0.012042341 0.994246840
1305031127.111435 -0.029089767 0.134041980 0.110665552 -0.101464555 -0.036211628 0.013120173 0.994093299
1305031127.147307 -0.029166929 0.131588593 0.111840993 -0.100816697 -0.039777048 0.013895543 0.994012415
1305031127.179349 -0.028932320 0.132157877 0.111660540 -0.097704664 -0.042730663 0.013096596 0.994211376
1305031127.211700 -0.026913062 0.130238369 0.113914505 -0.097548150 -0.045455486 0.013202654 0.994104564
1305031127.247374 -0.026751012 0.126014590 0.115048937 -0.096812278 -0.045606486 0.012286077 0.994181275
1305031127.279465 -0.028027372 0.126917973 0.114974551 -0.093177542 -0.045203257 0.011094848 0.994560957
1305031127.311362 -0.029365847 0.124006085 0.116372988 -0.094075404 -0.045534939 0.010477671 0.994468033
1305031127.347356 -0.029282697 0.118471809 0.118277475 -0.093730219 -0.047269635 0.009815939 0.994426370
1305031127.379262 -0.029538114 0.119511262 0.118716635 -0.089851357 -0.048307795 0.009577923 0.994736791
1305031127.411371 -0.030365802 0.118206985 0.119628221 -0.089517057 -0.049110398 0.008820762 0.994734645
1305031127.447333 -0.029441267 0.112602003 0.122258753 -0.090705827 -0.051134672 0.008729285 0.994525731
1305031127.479362 -0.031105587 0.114720710 0.122220859 -0.087057352 -0.051312871 0.007744872 0.994850755
1305031127.511356 -0.031992171 0.114006892 0.123103008 -0.087930478 -0.052065518 0.006560303 0.994743347
1305031127.547348 -0.030710926 0.109178364 0.125823200 -0.089508280 -0.053954713 0.006682103 0.994501114
1305031127.579345 -0.031477712 0.109968096 0.126047581 -0.086982541 -0.054055531 0.006494421 0.994720995
1305031127.611271 -0.032004565 0.110950224 0.126626313 -0.086634167 -0.054388575 0.006252807 0.994734764
1305031127.647358 -0.031009093 0.107791103 0.128224924 -0.088671409 -0.055275694 0.007682364 0.994496346
1305031127.679298 -0.031540949 0.106421143 0.128586233 -0.087422669 -0.055502430 0.008427777 0.994588196
1305031127.711375 -0.032128073 0.108051471 0.128262818 -0.085965611 -0.055953361 0.007974344 0.994693696
1305031127.747304 -0.031160004 0.106275201 0.129472539 -0.087668240 -0.057060450 0.008030610 0.994481683
1305031127.779346 -0.031595390 0.103681855 0.130093217 -0.087493978 -0.057050370 0.008365531 0.994494855
1305031127.811829 -0.032504715 0.105203614 0.129009575 -0.085075438 -0.056933820 0.007045657 0.994721591
1305031127.847366 -0.032608487 0.104134515 0.129340917 -0.085736401 -0.057031579 0.006263526 0.994664490
1305031127.879380 -0.033333056 0.103055790 0.129358247 -0.086004816 -0.057061259 0.005854401 0.994642079
1305031127.911476 -0.034770578 0.103463687 0.129304901 -0.085193843 -0.057308979 0.005151529 0.994701505
1305031127.947366 -0.035073817 0.104599759 0.129871458 -0.085318066 -0.058081917 0.005403270 0.994644701
1305031127.979371 -0.034508795 0.103281595 0.131176680 -0.087483026 -0.059247635 0.005440384 0.994387627
1305031128.011427 -0.033669122 0.104000613 0.132951111 -0.087992497 -0.059857916 0.005032787 0.994308293
1305031128.047369 -0.032523513 0.101502590 0.135061100 -0.091475412 -0.059501156 0.006245326 0.994008482
1305031128.079334 -0.033073947 0.098692872 0.136805534 -0.092343211 -0.058956094 0.007095991 0.993955016
1305031128.111391 -0.032392692 0.098413579 0.137544289 -0.091622390 -0.059537597 0.007911501 0.993980885
1305031128.147418 -0.032628566 0.098109491 0.138468266 -0.092264019 -0.059369378 0.009336143 0.993919253
1305031128.179350 -0.031002626 0.094068021 0.140381083 -0.093280345 -0.060203329 0.010721327 0.993760228
1305031128.211447 -0.032089479 0.095940150 0.139389068 -0.090102352 -0.059472110 0.010904874 0.994095445
1305031128.247480 -0.032293465 0.096301049 0.139347777 -0.090341412 -0.059864704 0.011313549 0.994045615
1305031128.279336 -0.031293601 0.093568474 0.140752316 -0.091546565 -0.060832135 0.011494094 0.993874550
1305031128.311483 -0.031791188 0.094512686 0.140127316 -0.089674421 -0.060580842 0.010820284 0.994068086
1305031128.347423 -0.032729350 0.095015138 0.139972985 -0.089358300 -0.060233135 0.009801470 0.994128287
1305031128.379404 -0.033057716 0.093263745 0.140397474 -0.090288132 -0.060597129 0.008108075 0.994037390
1305031128.411337 -0.033305034 0.093105644 0.140117362 -0.089456782 -0.060542610 0.007049691 0.994123936
1305031128.447296 -0.034286916 0.092970192 0.139482036 -0.088950075 -0.060055859 0.005625762 0.994207978
1305031128.479296 -0.034222111 0.092251219 0.139805004 -0.089393780 -0.060492054 0.004637509 0.994146824
1305031128.511433 -0.033962995 0.091147691 0.139918134 -0.089333810 -0.060470320 0.003910049 0.994156659
1305031128.547399 -0.033651203 0.090669051 0.139930338 -0.089494191 -0.060085438 0.003471077 0.994167209
1305031128.579455 -0.033353880 0.088758476 0.140308872 -0.089689843 -0.059714306 0.003353957 0.994172394
1305031128.611395 -0.034645528 0.088623986 0.139299870 -0.088267729 -0.059134249 0.003463708 0.994333923
1305031128.647352 -0.036041804 0.089331493 0.138423666 -0.087243080 -0.059619240 0.003603217 0.994394898
1305031128.679282 -0.035206519 0.087808944 0.138933986 -0.087542467 -0.061578706 0.003278082 0.994250298
1305031128.711457 -0.033997614 0.087884769 0.138984710 -0.086304098 -0.062135633 0.002669525 0.994325697
1305031128.747363 -0.033875659 0.088485435 0.138405249 -0.085110925 -0.061199099 0.001520347 0.994489014
