1305031102.675285 -0.005894009 0.019084537 0.139044806 -0.041438211 -0.017640248 -0.000689687 0.998985112
1305031102.711263 -0.005797505 0.018404815 0.149713933 -0.042931136 -0.018207118 0.000701819 0.998911858
1305031102.743234 -0.003382751 0.026108565 0.167249963 -0.041945282 -0.020348089 0.003012062 0.998908162
1305031102.775472 -0.001306198 0.026453393 0.178520188 -0.044429503 -0.019453026 0.001354213 0.998822212
1305031102.811232 -0.001955117 0.029721234 0.187552169 -0.044924427 -0.016297614 0.000491153 0.998857319
1305031102.843290 -0.001876839 0.031214014 0.200068593 -0.046318449 -0.013012683 -0.000664819 0.998841763
1305031102.875363 -0.005009486 0.033421703 0.208468020 -0.045243796 -0.008759197 -0.003137805 0.998932660
1305031102.911185 -0.006340636 0.036491159 0.217823938 -0.044190504 -0.007093739 -0.004537405 0.998987675
1305031102.943229 -0.012240311 0.036790628 0.224611267 -0.044939626 -0.004303833 -0.006313892 0.998960495
1305031102.975203 -0.016903698 0.040140875 0.231792092 -0.044741765 -0.009165158 -0.006561591 0.998934984
1305031103.011215 -0.016131544 0.042022340 0.240916327 -0.046197589 -0.015985832 -0.003567510 0.998798072
1305031103.043227 -0.016587935 0.044460662 0.250075698 -0.047793075 -0.022056406 -0.000826691 0.998613358
1305031103.075319 -0.012593825 0.045065440 0.261901617 -0.047967974 -0.027390899 0.002131498 0.998470962
1305031103.111240 -0.013917685 0.050906338 0.266859710 -0.045110285 -0.026195973 0.002461290 0.998635471
1305031103.143318 -0.014156941 0.052748460 0.275885940 -0.046891399 -0.026328297 0.004082441 0.998544633
1305031103.175452 -0.013922683 0.056717105 0.274825752 -0.046125565 -0.024742976 0.003947738 0.998621345
1305031103.211220 -0.014665558 0.061867882 0.280157328 -0.049591307 -0.024543909 0.005187175 0.998454511
1305031103.243216 -0.014692465 0.063686460 0.285803497 -0.056865953 -0.024453560 0.008742293 0.998044014
1305031103.275370 -0.020288814 0.063657679 0.288086236 -0.066412345 -0.024158301 0.011166582 0.997437239
1305031103.311210 -0.018976755 0.060069926 0.295127749 -0.074556373 -0.034829769 0.012014587 0.996535957
1305031103.343223 -0.014045404 0.062672876 0.298201740 -0.074086495 -0.041200187 0.012604331 0.996320665
1305031103.375327 -0.012454115 0.061388388 0.298523426 -0.078090504 -0.040418904 0.014334439 0.996023476
1305031103.411260 -0.014066257 0.057475977 0.297522694 -0.081030309 -0.038958848 0.015498068 0.995829344
1305031103.443280 -0.016085539 0.055213433 0.292104900 -0.081029721 -0.040127728 0.014641045 0.995795965
1305031103.475274 -0.015526417 0.051818252 0.288836718 -0.081411123 -0.043057594 0.012963348 0.995665729
1305031103.511333 -0.015171251 0.047983505 0.284570605 -0.079656057 -0.044850241 0.010974519 0.995752454
1305031103.543444 -0.014382999 0.043954574 0.278279394 -0.075898938 -0.046448890 0.008966426 0.995992720
1305031103.575474 -0.015799686 0.042132657 0.269273251 -0.071321346 -0.046997819 0.009037422 0.996304572
1305031103.611223 -0.016559025 0.037949707 0.260896564 -0.069564767 -0.049626760 0.010649593 0.996285379
1305031103.643445 -0.016243618 0.034330059 0.252533555 -0.066961132 -0.053690862 0.010736009 0.996252120
1305031103.675523 -0.014337085 0.030788232 0.243698865 -0.064712532 -0.056671631 0.011129443 0.996231258
1305031103.711610 -0.013068400 0.027953953 0.234019458 -0.062216148 -0.057686519 0.010670614 0.996337056
1305031103.743326 -0.011685940 0.022144986 0.224372208 -0.060931448 -0.057567134 0.009746206 0.996432841
1305031103.775342 -0.009991113 0.022165431 0.220547602 -0.057323929 -0.057970315 0.006710648 0.996648550
1305031103.811242 -0.009482879 0.021704186 0.209246963 -0.056733530 -0.056756288 0.003399516 0.996769011
1305031103.843251 -0.011758927 0.020613907 0.191034883 -0.059320968 -0.055243813 0.000988662 0.996708691
1305031103.875361 -0.012859526 0.011562454 0.181610778 -0.067643352 -0.057679895 -0.002222289 0.996038377
1305031103.911221 -0.011720588 0.006168822 0.171170413 -0.067105636 -0.061846729 -0.003815739 0.995819926
1305031103.943211 -0.010648033 0.003183292 0.159051389 -0.065319926 -0.064513095 -0.004460499 0.995766759
1305031103.975373 -0.008296427 -0.002007492 0.148594886 -0.064284913 -0.066970967 -0.005447266 0.995666981
1305031104.011232 -0.003173563 -0.006573198 0.140275955 -0.060662761 -0.068971232 -0.006002537 0.995754480
1305031104.043249 -0.000647578 -0.009061676 0.128005609 -0.053568825 -0.066171780 -0.008007142 0.996337056
1305031104.075425 0.001003054 -0.009272965 0.116272189 -0.049052630 -0.061745230 -0.011245000 0.996822417
1305031104.111235 0.004597513 -0.013971145 0.107786842 -0.046768542 -0.057127167 -0.012318413 0.997194827
1305031104.143230 0.002640675 -0.019108387 0.093921527 -0.042848211 -0.049964607 -0.013642891 0.997738123
1305031104.175424 0.002578741 -0.020294160 0.082374506 -0.038340613 -0.046667319 -0.014395815 0.998070598
1305031104.211283 0.003068214 -0.023866812 0.072278030 -0.034597073 -0.044076707 -0.014215588 0.998327732
1305031104.243196 0.002791063 -0.025792779 0.061876442 -0.029953621 -0.041386154 -0.014493963 0.998588920
1305031104.275546 0.003740977 -0.027984310 0.051069766 -0.025772618 -0.038852904 -0.015355852 0.998794496
1305031104.311219 0.005971011 -0.027279951 0.045335751 -0.021755623 -0.036576029 -0.015355411 0.998976052
1305031104.343342 0.006975180 -0.026987487 0.035696294 -0.018091895 -0.032457378 -0.015564435 0.999188185
1305031104.375837 0.007070825 -0.027413500 0.026870672 -0.016131528 -0.027586015 -0.015198520 0.999373674
1305031104.411509 0.004297382 -0.028118679 0.018182285 -0.014709837 -0.022737218 -0.014952277 0.999521434
1305031104.443288 -0.000819419 -0.027992630 0.008512525 -0.013980874 -0.019467976 -0.014826554 0.999602795
1305031104.475456 -0.003977624 -0.029167259 0.000524715 -0.014369638 -0.019915180 -0.014196693 0.999597609
1305031104.511329 -0.004255408 -0.031977568 -0.005669521 -0.014005016 -0.022651101 -0.012868585 0.999562502
1305031104.543368 -0.000862994 -0.031949949 -0.011165714 -0.010448001 -0.025815468 -0.011771291 0.999542832
1305031104.575343 0.004694761 -0.036397986 -0.016978525 -0.007126681 -0.027277578 -0.010844786 0.999543667
1305031104.611336 0.010656561 -0.042930055 -0.023146251 0.000826661 -0.024347039 -0.008233926 0.999669313
1305031104.643243 0.014506587 -0.041387178 -0.031394333 0.013547683 -0.018113926 -0.008254129 0.999710083
1305031104.675525 0.016289037 -0.045961570 -0.039607443 0.023548370 -0.010246987 -0.006919185 0.999646246
1305031104.711277 0.013718899 -0.044213273 -0.050170265 0.038448635 -0.001330192 -0.004133650 0.999251127
1305031104.743280 0.014498505 -0.046622004 -0.059516758 0.050023578 0.005630983 -0.004356069 0.998722672
1305031104.775327 0.015845465 -0.044900324 -0.066366568 0.062290993 0.012293217 -0.002229552 0.997979820
1305031104.811465 0.016892213 -0.040216684 -0.071414180 0.074481837 0.018923786 0.000791850 0.997042477
1305031104.843258 0.015333182 -0.034518931 -0.073005199 0.083908558 0.025793187 0.003619612 0.996132970
1305031104.875350 0.011150029 -0.029046915 -0.077516347 0.090694033 0.030020535 0.004869099 0.995414317
1305031104.911534 0.016147507 -0.029517800 -0.078668833 0.092145488 0.029301561 0.008681531 0.995276451
1305031104.943262 0.015384171 -0.028804589 -0.077872209 0.092920050 0.030298697 0.009044250 0.995171368
1305031104.975202 0.014609320 -0.022922510 -0.075243346 0.093003862 0.029697474 0.009947572 0.995173037
1305031105.011290 0.015265241 -0.019646008 -0.070432469 0.089106224 0.028983194 0.010204866 0.995548010
1305031105.043373 0.013772418 -0.017157629 -0.064518914 0.083677061 0.028871471 0.008859840 0.996035159
1305031105.075320 0.013993940 -0.017120857 -0.057027660 0.076409049 0.027866734 0.006868761 0.996663392
1305031105.111299 0.011515020 -0.019225959 -0.046898648 0.070038266 0.027282724 0.005004534 0.997158587
1305031105.143106 0.008411566 -0.009780148 -0.039449729 0.065971009 0.025418457 0.003601294 0.997491241
1305031105.175159 0.004366994 -0.005753227 -0.028160816 0.053616095 0.023008462 -0.000367309 0.998296440
1305031105.211268 0.001300605 -0.013831182 -0.017811276 0.038938448 0.019569792 -0.002752680 0.999046147
1305031105.243270 -0.002712478 -0.010599629 -0.007685496 0.031624805 0.014995826 -0.004294067 0.999378085
1305031105.275288 -0.004761990 -0.007656255 0.002846060 0.021730654 0.008756906 -0.004935910 0.999713302
1305031105.311290 -0.009094408 -0.010106092 0.011942363 0.010748284 0.002422986 -0.007143633 0.999913752
1305031105.343302 -0.008357286 -0.013433336 0.025675761 0.001283887 -0.005144800 -0.007306368 0.999959230
1305031105.375338 -0.008726656 -0.013932948 0.036314957 -0.002495788 -0.010369731 -0.006955239 0.999918938
1305031105.411286 -0.009442097 -0.008098851 0.046467088 -0.006467741 -0.015239840 -0.007470623 0.999835014
1305031105.443316 -0.010204939 -0.011259265 0.058968753 -0.014462070 -0.019467214 -0.008146591 0.999672711
1305031105.475280 -0.012389111 -0.009847781 0.067744672 -0.017431254 -0.022020312 -0.008685049 0.999567807
1305031105.511332 -0.011083405 -0.007646244 0.079345398 -0.021647522 -0.025558092 -0.008349026 0.999404073
1305031105.543282 -0.011248323 -0.008882126 0.091305748 -0.026447108 -0.026416065 -0.007314370 0.999274373
1305031105.575449 -0.012442507 -0.006794288 0.101855688 -0.028770180 -0.027516609 -0.007229780 0.999181092
1305031105.611378 -0.010683270 -0.008319445 0.114994437 -0.032303721 -0.029490722 -0.006319799 0.999022901
1305031105.643273 -0.012890104 -0.006797581 0.125148952 -0.032628357 -0.029021785 -0.003755928 0.999039054
1305031105.675166 -0.010036905 -0.004554228 0.137233853 -0.034238812 -0.031345300 -0.002342759 0.998919249
1305031105.711309 -0.006383995 -0.006742919 0.149343476 -0.034654610 -0.030536408 -0.002530853 0.998929501
1305031105.743312 -0.006829257 -0.001772593 0.156194448 -0.031558719 -0.026100017 -0.001896929 0.999159276
1305031105.775339 -0.003959942 -0.002955369 0.168750629 -0.033260368 -0.022663640 -0.001689807 0.999188304
1305031105.811283 -0.004730105 -0.000119991 0.180082813 -0.031000309 -0.017350256 -0.000962258 0.999368310
1305031105.843271 -0.002510570 0.000861557 0.191005364 -0.030021552 -0.014601788 0.000310226 0.999442518
1305031105.875337 -0.001162970 0.007301227 0.201077685 -0.027615484 -0.009903046 0.002492328 0.999566436
1305031105.911262 -0.001635557 0.010283303 0.211717844 -0.030127618 -0.005498399 0.007140442 0.999505401
1305031105.943272 -0.001432331 0.014397525 0.221399039 -0.032144237 -0.002238219 0.009664463 0.999433994
1305031105.975329 -0.001141728 0.018347116 0.231591374 -0.035924319 -0.000254363 0.011346976 0.999290049
1305031106.011285 -0.000419697 0.022765785 0.241388649 -0.039216377 0.001677194 0.012930631 0.999145687
1305031106.043355 -0.001753982 0.024871591 0.250895232 -0.044104002 0.004335981 0.014146951 0.998917341
1305031106.075330 -0.002875423 0.028269041 0.260317475 -0.047688223 0.005386687 0.015955959 0.998720288
1305031106.111327 -0.003343894 0.033686973 0.267767608 -0.051597245 0.005126552 0.017044490 0.998509347
1305031106.143355 -0.005210156 0.034751799 0.276744455 -0.059065156 0.004114115 0.018663747 0.998071194
1305031106.175534 -0.007001015 0.036587406 0.284398854 -0.062821023 0.003189227 0.019314254 0.997832835
1305031106.211275 -0.007132700 0.036438175 0.292282104 -0.066735215 0.001196266 0.020150313 0.997566521
1305031106.243267 -0.008240446 0.038841181 0.297932863 -0.066483967 0.000103900 0.023621665 0.997507870
1305031106.276385 -0.008946381 0.043542966 0.303145200 -0.066576876 -0.001706181 0.024842305 0.997470558
1305031106.311238 -0.009190761 0.046006482 0.306924820 -0.070099801 -0.002922124 0.027906865 0.997145295
1305031106.343258 -0.010001242 0.051208910 0.306094021 -0.073607862 -0.004025354 0.029080648 0.996855080
1305031106.375388 -0.007606766 0.051578719 0.307900846 -0.082853325 -0.005125539 0.021540919 0.996315777
1305031106.411320 -0.007540456 0.047163837 0.310164064 -0.090723723 0.000269069 0.015182387 0.995760322
1305031106.443278 -0.010495069 0.044042185 0.309204102 -0.092790820 0.005203860 0.010733230 0.995614171
1305031106.475345 -0.012366030 0.042583130 0.306007743 -0.092477620 0.005111450 0.009256666 0.995658636
1305031106.511129 -0.014779448 0.038399279 0.301959157 -0.091915220 0.003057632 0.008548459 0.995725453
1305031106.543302 -0.013424868 0.036218144 0.294399887 -0.088676050 -0.001903558 0.007581270 0.996029854
1305031106.575282 -0.013049738 0.034502197 0.286288202 -0.085489668 -0.004070067 0.006651119 0.996308565
1305031106.611151 -0.014034471 0.033766322 0.277166367 -0.084667876 -0.006809441 0.004107607 0.996377528
1305031106.643207 -0.013201369 0.029030418 0.269021571 -0.085372269 -0.010015335 0.001829342 0.996297121
1305031106.675279 -0.015639227 0.028517388 0.258144110 -0.082190156 -0.011942373 0.001858947 0.996543348
1305031106.711508 -0.017830275 0.025027655 0.248196155 -0.084350057 -0.016724598 0.000641363 0.996295631
1305031106.743341 -0.018197432 0.022097996 0.236368120 -0.082952477 -0.023052918 0.001059463 0.996286273
1305031106.775390 -0.016486110 0.019019835 0.224177405 -0.082272217 -0.029759543 0.001017051 0.996164978
1305031106.811289 -0.016238958 0.019120120 0.211325571 -0.081388764 -0.033660688 0.000306900 0.996113837
1305031106.843416 -0.015609859 0.010996370 0.200224727 -0.084252074 -0.037842151 -0.000792628 0.995725334
1305031106.875905 -0.012585647 0.006029366 0.186853722 -0.079570115 -0.041494481 -0.004181028 0.995956481
1305031106.911243 -0.012835239 0.007902719 0.174697846 -0.074059024 -0.040585488 -0.008727773 0.996389449
1305031106.943439 -0.011828054 0.001379656 0.163416922 -0.074068345 -0.040013403 -0.012732543 0.996368766
1305031106.975547 -0.009798371 -0.004761931 0.150613710 -0.069307484 -0.038780529 -0.016000655 0.996712863
1305031107.011576 -0.011886046 -0.001097059 0.133634940 -0.060252883 -0.034691740 -0.020317478 0.997373223
1305031107.043281 -0.011825854 -0.005941922 0.122245856 -0.061272752 -0.032230653 -0.022195853 0.997353613
1305031107.075432 -0.013576105 -0.011811523 0.109342389 -0.057636794 -0.030751677 -0.023182025 0.997594595
1305031107.111229 -0.013101907 -0.011015382 0.096017033 -0.051824711 -0.031494197 -0.023927914 0.997872651
1305031107.143260 -0.010670546 -0.011546685 0.084779598 -0.049953107 -0.031348012 -0.023843536 0.997974694
1305031107.175399 -0.009836754 -0.018042415 0.074966818 -0.049342334 -0.029795593 -0.024707209 0.998031616
1305031107.211358 -0.007109597 -0.022292679 0.064910755 -0.043642394 -0.028435588 -0.026020676 0.998303413
1305031107.243378 -0.006987057 -0.020776771 0.053812712 -0.036186524 -0.024900645 -0.026521301 0.998682678
1305031107.275398 -0.004516567 -0.025228262 0.044415463 -0.031715568 -0.022162395 -0.026447225 0.998901129
1305031107.311226 -0.003113719 -0.029122736 0.036170617 -0.025093604 -0.018972019 -0.027033623 0.999139428
1305031107.343509 0.000700066 -0.035778500 0.027621819 -0.016095009 -0.016120117 -0.026760664 0.999382317
1305031107.375413 0.002159336 -0.032331504 0.019109175 -0.005904309 -0.011312490 -0.026822379 0.999558806
1305031107.411271 0.004426292 -0.032329474 0.013712157 0.000791584 -0.007018365 -0.027385959 0.999599993
1305031107.443419 0.006395561 -0.030282132 0.009479919 0.007050768 -0.002780208 -0.027155809 0.999602497
1305031107.475377 0.008654259 -0.030650754 0.006550300 0.009984367 0.001479780 -0.025899289 0.999613583
1305031107.511352 0.009783014 -0.026450682 0.003140542 0.012701982 0.005202099 -0.025386902 0.999583483
1305031107.543605 0.012522561 -0.027702587 0.003825054 0.009587212 0.007384642 -0.023145026 0.999658883
1305031107.575454 0.014861557 -0.031149432 0.004694403 0.008515364 0.009037565 -0.020582020 0.999711037
1305031107.611271 0.016419739 -0.024611296 0.004104888 0.010882825 0.010422776 -0.018860776 0.999708593
1305031107.643323 0.016748726 -0.024133887 0.005649098 0.007222590 0.011858204 -0.017528741 0.999749959
1305031107.675568 0.015882781 -0.023727724 0.007402237 0.006088666 0.012707807 -0.017135950 0.999753892
1305031107.711307 0.015717385 -0.020333670 0.008462064 0.005573610 0.012476364 -0.015949177 0.999779403
1305031107.743538 0.013057446 -0.016385902 0.009178185 0.003226668 0.012036841 -0.015534992 0.999801695
1305031107.775802 0.013037232 -0.016967677 0.011581663 0.000110269 0.009225498 -0.017024742 0.999812484
1305031107.811596 0.014715650 -0.015397625 0.013223075 -0.001857013 0.006831653 -0.016814675 0.999833584
1305031107.843332 0.016310088 -0.014690509 0.015042928 -0.004329474 0.006018406 -0.017551964 0.999818444
1305031107.875358 0.021106565 -0.017024638 0.018173428 -0.005709538 0.005745843 -0.020674694 0.999753416
1305031107.911541 0.022895405 -0.017533414 0.019588858 -0.004992568 0.008972821 -0.023220744 0.999677598
1305031107.943122 0.027331641 -0.018822659 0.021623485 -0.003482744 0.011947387 -0.023653500 0.999642730
1305031107.975807 0.032685965 -0.020098085 0.023930851 -0.001333639 0.015804855 -0.023561258 0.999596536
1305031108.011320 0.039732378 -0.019799564 0.024397645 0.002527498 0.020104710 -0.025064809 0.999480426
1305031108.043418 0.053043827 -0.019560738 0.025304012 0.004754242 0.024474017 -0.023208825 0.999419749
1305031108.075352 0.060873844 -0.020371217 0.030059494 0.005806675 0.033554766 -0.017506082 0.999266684
1305031108.111378 0.065410703 -0.020594044 0.032804329 0.008560122 0.040122941 -0.017501015 0.999004781
1305031108.143334 0.076062411 -0.017607404 0.035379987 0.011443044 0.042648058 -0.016576698 0.998887062
1305031108.176058 0.083217524 -0.011837078 0.037335847 0.011438447 0.046509650 -0.013324629 0.998763502
1305031108.211475 0.091350831 -0.013954670 0.041269507 0.005831330 0.048141051 -0.013887198 0.998726964
1305031108.243347 0.105928265 -0.019750198 0.043814272 0.003249395 0.049038265 -0.015749238 0.998667419
1305031108.275358 0.113340296 -0.013136979 0.045904327 0.005611078 0.053598128 -0.015203377 0.998431087
1305031108.311332 0.117455661 -0.011109090 0.047601607 0.002155412 0.056430206 -0.014126161 0.998304248
1305031108.343278 0.126162112 -0.007962307 0.051112033 -0.002459419 0.054443337 -0.011944071 0.998442352
1305031108.375410 0.132671326 -0.006901376 0.053749729 -0.007551945 0.052227940 -0.006936126 0.998582542
1305031108.411361 0.143190742 -0.006456313 0.056921151 -0.012362517 0.047616102 -0.000704946 0.998788953
1305031108.443610 0.153761998 -0.005293204 0.059142649 -0.016603254 0.045711081 0.006566186 0.998795152
1305031108.475471 0.164789736 -0.007742149 0.061377831 -0.020284835 0.044377211 0.013505935 0.998717606
1305031108.511378 0.180847496 -0.012088932 0.064323768 -0.021320127 0.045233596 0.018258911 0.998582006
1305031108.543737 0.194339216 -0.014852272 0.063974760 -0.017962407 0.050773013 0.017187251 0.998400748
1305031108.575414 0.198739275 -0.007736757 0.063693814 -0.012179014 0.057480607 0.015148657 0.998157382
1305031108.611407 0.210858420 -0.008725182 0.064645380 -0.013061338 0.062418118 0.016057486 0.997835457
1305031108.643303 0.217642337 -0.005014636 0.062342562 -0.011951079 0.068385310 0.016850775 0.997445047
1305031108.675375 0.231575638 -0.000341414 0.062942930 -0.013110894 0.071388386 0.020574909 0.997150183
1305031108.711411 0.234764010 -0.004273694 0.065337196 -0.019145817 0.081080586 0.023734016 0.996240973
1305031108.743502 0.241915733 -0.005092063 0.066271245 -0.020701485 0.085548498 0.025523245 0.995791852
1305031108.775493 0.247699633 -0.004003723 0.066923559 -0.021645283 0.089387983 0.027377905 0.995385230
1305031108.811244 0.250375986 -0.004950147 0.067386910 -0.023334797 0.093057357 0.033086393 0.994837224
1305031108.843264 0.252054691 -0.006462876 0.066299535 -0.022599369 0.093335494 0.040066272 0.994571507
1305031108.876515 0.252052158 -0.006488772 0.064875990 -0.020575957 0.090899736 0.045731507 0.994596660
1305031108.911364 0.250400960 -0.010940215 0.065550804 -0.019307004 0.088680811 0.050185207 0.994607627
1305031108.943243 0.245828450 -0.013096435 0.062977761 -0.015167683 0.086722769 0.050254866 0.994848490
1305031108.975268 0.245509222 -0.006241290 0.058586899 -0.008816339 0.079443604 0.048712250 0.995609403
1305031109.011269 0.245942548 -0.006207702 0.057007696 -0.009327204 0.074875675 0.047853429 0.996000350
1305031109.043277 0.240027353 -0.007455872 0.054934423 -0.008966616 0.074408151 0.045044661 0.996169686
1305031109.075410 0.234576985 -0.002133282 0.051414676 -0.008567156 0.071489498 0.040293276 0.996590376
1305031109.111282 0.229676485 -0.002811515 0.053212896 -0.012492906 0.069642805 0.038018316 0.996769011
1305031109.143334 0.215449736 -0.006119813 0.052356750 -0.014278361 0.069317110 0.034388512 0.996899545
1305031109.175464 0.207769498 -0.001867303 0.050053015 -0.012986083 0.062437434 0.031197464 0.997476637
1305031109.211379 0.200102329 0.008678501 0.050174139 -0.014523858 0.056753378 0.034319423 0.997692466
1305031109.243290 0.190777510 0.005497002 0.050343275 -0.024263138 0.054394025 0.039239947 0.997453213
1305031109.275308 0.178937003 -0.004537437 0.047991093 -0.029892061 0.051661540 0.042686794 0.997304082
1305031109.311329 0.161311090 -0.000928717 0.053484395 -0.025918350 0.045169130 0.043603119 0.997690678
1305031109.343248 0.153676510 0.005052448 0.050861750 -0.026451828 0.034442205 0.042162731 0.998166502
1305031109.375397 0.146115974 0.002334949 0.050612748 -0.030177318 0.025387175 0.041684527 0.998352230
1305031109.411329 0.138852954 0.003653614 0.048834763 -0.030220605 0.016817827 0.037528168 0.998696923
1305031109.443302 0.127174139 0.006923346 0.047698788 -0.032557342 0.012661734 0.032382429 0.998864889
1305031109.475363 0.113918632 0.002709387 0.047004830 -0.037029378 0.012109333 0.029193586 0.998814225
1305031109.511273 0.105006211 0.000569788 0.046271246 -0.037316892 0.009237592 0.024785085 0.998953342
1305031109.543294 0.094915949 0.002309901 0.044120111 -0.033957794 0.007606121 0.022475284 0.999141574
1305031109.575362 0.082916088 0.003488844 0.042286403 -0.033413794 0.008319122 0.022314535 0.999157846
1305031109.611310 0.071488634 0.002747198 0.039529439 -0.034098607 0.007390630 0.019873718 0.999193549
1305031109.643229 0.063668966 0.004513792 0.038295276 -0.034136839 0.005594171 0.019271934 0.999215662
1305031109.675263 0.050516199 0.006792777 0.037625860 -0.035642117 0.006692188 0.020996934 0.999121606
1305031109.711312 0.038969766 0.010598423 0.036654063 -0.036860056 0.004156580 0.020248925 0.999106646
1305031109.743274 0.029994451 0.011279866 0.037215542 -0.041344482 0.000666174 0.019684125 0.998950839
1305031109.775277 0.022411741 0.008561922 0.038238876 -0.045716111 -0.001694159 0.020145191 0.998749912
1305031109.811371 0.009637981 0.011642285 0.038407244 -0.046651475 -0.001572540 0.018954901 0.998730123
1305031109.843296 -0.000422818 0.012121340 0.039500907 -0.050005212 -0.004118587 0.018075405 0.998576880
1305031109.875306 -0.014227190 0.011930203 0.039420202 -0.053981293 -0.005929477 0.016227858 0.998392463
1305031109.911265 -0.024292191 0.009957991 0.043421373 -0.055797692 -0.012021614 0.010966873 0.998309493
1305031109.943299 -0.033828072 0.017519128 0.044559754 -0.054835252 -0.015284437 0.007192759 0.998352528
1305031109.975258 -0.045413628 0.017061772 0.047959860 -0.059386630 -0.016805068 0.002122029 0.998091340
1305031110.011256 -0.054945361 0.017761033 0.050926983 -0.061631735 -0.019637128 -0.004697049 0.997894704
1305031110.043299 -0.063770607 0.018118232 0.053493015 -0.064214215 -0.020965589 -0.011500117 0.997649610
1305031110.075319 -0.075174332 0.021072507 0.055358898 -0.065278284 -0.020543307 -0.016664913 0.997516453
1305031110.111325 -0.085395701 0.020942951 0.058100857 -0.070122994 -0.022181951 -0.021428216 0.997061491
1305031110.143432 -0.097976841 0.016440375 0.057365242 -0.073025361 -0.023978157 -0.025267009 0.996721566
1305031110.175641 -0.105641529 0.022701489 0.057917066 -0.072400965 -0.027797574 -0.026328834 0.996640444
1305031110.211637 -0.115333781 0.020099252 0.059802718 -0.077182680 -0.030329855 -0.028229274 0.996155620
1305031110.243323 -0.125155583 0.017776510 0.060959756 -0.078444697 -0.033969834 -0.027957130 0.995947242
1305031110.279321 -0.130623922 0.017471569 0.061811432 -0.076860718 -0.038678724 -0.028814651 0.995874524
1305031110.311404 -0.140746012 0.017769346 0.061107479 -0.074265011 -0.041186869 -0.030767897 0.995912492
1305031110.343355 -0.150082454 0.021194639 0.060880471 -0.072138339 -0.045380343 -0.031937193 0.995849729
1305031110.379281 -0.160323828 0.020892121 0.059605595 -0.071448810 -0.050125282 -0.035869338 0.995537996
1305031110.411469 -0.169154972 0.026951227 0.058823682 -0.069173343 -0.056385770 -0.038897101 0.995250046
1305031110.443260 -0.177829787 0.028420996 0.058659725 -0.073413432 -0.062046777 -0.041701112 0.994495690
1305031110.479331 -0.187258631 0.025940821 0.060656600 -0.077084064 -0.068995371 -0.047937248 0.993478596
1305031110.511429 -0.196423531 0.027812716 0.061149970 -0.076905146 -0.076077022 -0.051878288 0.992777169
1305031110.543408 -0.205397204 0.032885343 0.060126442 -0.076781712 -0.081629753 -0.054949902 0.992180288
1305031110.579426 -0.209777012 0.036751918 0.061326448 -0.080051184 -0.089097269 -0.058542404 0.991073310
1305031110.611307 -0.216241658 0.030911189 0.063292176 -0.086695291 -0.093118832 -0.062660418 0.989892185
1305031110.643418 -0.228264332 0.026791176 0.060649633 -0.087157384 -0.092481561 -0.065623522 0.989719272
1305031110.679606 -0.234571889 0.034074668 0.059249558 -0.084548645 -0.094304577 -0.068177730 0.989600897
1305031110.711412 -0.239175692 0.032790750 0.060723845 -0.088563323 -0.096202992 -0.069152683 0.988999188
1305031110.743249 -0.245711565 0.030936237 0.059837535 -0.089831665 -0.097258963 -0.070811041 0.988664150
1305031110.779193 -0.245408684 0.032319512 0.059805814 -0.089325309 -0.100542434 -0.071265861 0.988348842
1305031110.811386 -0.248858333 0.032078411 0.059030309 -0.090323515 -0.100274391 -0.072843954 0.988170266
1305031110.843218 -0.245788485 0.033433460 0.061469991 -0.090999663 -0.104032509 -0.075586863 0.987513483
1305031110.879313 -0.243241340 0.033360086 0.062183667 -0.090936400 -0.107481487 -0.075354896 0.987167656
1305031110.911333 -0.243884861 0.033674434 0.061694570 -0.091599613 -0.107963912 -0.075515322 0.987041414
1305031110.943862 -0.239369914 0.033669516 0.062536940 -0.091517679 -0.111410454 -0.076369010 0.986600220
1305031110.979345 -0.230229005 0.034574859 0.062110674 -0.091364168 -0.113119401 -0.076115668 0.986439526
1305031111.011431 -0.221885517 0.033398483 0.064641520 -0.093314052 -0.110385112 -0.075437441 0.986618876
1305031111.043327 -0.224071234 0.033948399 0.063566312 -0.092303433 -0.101832911 -0.072903201 0.987823486
1305031111.079283 -0.218425244 0.037199885 0.063135825 -0.092732683 -0.098613858 -0.070927225 0.988253653
1305031111.111508 -0.209600940 0.032253288 0.065115452 -0.096201509 -0.097789258 -0.067259431 0.988260448
1305031111.143257 -0.202602506 0.030109409 0.065657854 -0.095215082 -0.095322706 -0.066125318 0.988673389
1305031111.179326 -0.187475815 0.027869944 0.064662904 -0.093556769 -0.095017776 -0.065755405 0.988885701
1305031111.211433 -0.180697709 0.029705707 0.064861044 -0.090861455 -0.086034276 -0.061965741 0.990203321
1305031111.243236 -0.180632591 0.027072974 0.065013267 -0.091265701 -0.079753712 -0.062562928 0.990654230
1305031111.279308 -0.164544433 0.024034522 0.067622572 -0.087901950 -0.081893355 -0.060467314 0.990913928
1305031111.311547 -0.161576599 0.028234817 0.061013468 -0.082819246 -0.073968045 -0.056784190 0.992192149
1305031111.343397 -0.158868164 0.029817956 0.062341601 -0.085832670 -0.074695192 -0.056367617 0.991905272
1305031111.379134 -0.145714551 0.020618010 0.065270856 -0.088731363 -0.079151705 -0.052662417 0.991508126
1305031111.411296 -0.138387874 0.027519539 0.065511905 -0.080665603 -0.079474576 -0.053189754 0.992142975
1305031111.443386 -0.120811462 0.028380055 0.071102068 -0.080305427 -0.088677302 -0.057226181 0.991167247
1305031111.479259 -0.098272152 0.018119510 0.070387498 -0.081403539 -0.087914355 -0.055360731 0.991251588
1305031111.511264 -0.092486054 0.016489979 0.067571178 -0.077620007 -0.074686021 -0.055369005 0.992638648
1305031111.543250 -0.081739023 0.013410419 0.069441721 -0.074948318 -0.068973996 -0.054004502 0.993332207
1305031111.579237 -0.066684797 0.023120830 0.073356882 -0.066388011 -0.062150765 -0.047835421 0.994706810
1305031111.611271 -0.066009462 0.019914128 0.067899525 -0.068881631 -0.053157531 -0.041401647 0.995346904
1305031111.643395 -0.047366746 0.013608074 0.075390987 -0.067680150 -0.058511771 -0.033093136 0.995439887
1305031111.679320 -0.032497752 0.018060502 0.071065076 -0.060865976 -0.052119229 -0.025362412 0.996461570
1305031111.711760 -0.020204984 0.015145337 0.072183058 -0.061907452 -0.045115922 -0.023992384 0.996773005
1305031111.743386 0.002910261 0.013665836 0.080248930 -0.058101695 -0.040212352 -0.019324934 0.997313261
1305031111.779423 0.014440062 0.015564142 0.078565247 -0.054128960 -0.022348808 -0.015619690 0.998161614
1305031111.811406 0.017125830 0.012653637 0.078156158 -0.052495003 -0.005290038 -0.015503859 0.998486817
1305031111.843299 0.027586682 0.012356276 0.074086927 -0.048914980 0.004559124 -0.013530126 0.998700917
1305031111.879442 0.029451862 0.016170505 0.073242009 -0.047803234 0.014210753 -0.009204450 0.998713255
1305031111.911354 0.034905739 0.012216751 0.074480444 -0.048417956 0.015231230 -0.003696013 0.998704195
1305031111.943300 0.047794361 0.013364692 0.074677825 -0.045999847 0.010220870 0.005408661 0.998874485
1305031111.979449 0.066676438 0.015847921 0.076569505 -0.043908611 0.007840561 0.012354628 0.998928368
1305031112.011433 0.076632336 0.011748354 0.074074462 -0.043791983 0.015758818 0.012487458 0.998838305
1305031112.043270 0.092591800 0.011041309 0.073934793 -0.040369723 0.021300443 0.010431765 0.998903275
1305031112.079339 0.108304143 0.008871280 0.071189143 -0.039306615 0.030216392 0.009838578 0.998721778
1305031112.111423 0.110282198 0.008333702 0.072742946 -0.037013117 0.041304480 0.005195263 0.998447299
1305031112.144342 0.125088900 0.011115648 0.070942059 -0.035322327 0.043745730 -0.000244470 0.998418033
1305031112.179390 0.142995507 0.010673338 0.068053089 -0.037619259 0.052727617 -0.003351845 0.997894466
1305031112.211254 0.143109724 0.002515592 0.072318405 -0.040738184 0.066756219 -0.009007490 0.996896625
1305031112.243369 0.156467319 -0.003279394 0.072009727 -0.037031759 0.074022457 -0.013762104 0.996473730
1305031112.279353 0.159849167 -0.001088956 0.073953003 -0.030434955 0.082298443 -0.017390385 0.995991111
1305031112.311312 0.166647643 -0.006079011 0.075290523 -0.026243405 0.085022174 -0.019337684 0.995845675
1305031112.343323 0.177104875 -0.003235529 0.074600287 -0.018016107 0.084311344 -0.016580945 0.996138573
1305031112.379360 0.184863105 -0.003214518 0.073024340 -0.013935599 0.082951643 -0.013087285 0.996370196
1305031112.411442 0.198064432 -0.000971374 0.072442643 -0.010325201 0.078643143 -0.007599550 0.996820390
1305031112.443391 0.207985222 -0.004372386 0.071853548 -0.009270063 0.077192768 -0.000955780 0.996972620
1305031112.479418 0.212814182 -0.002510561 0.073476017 -0.005280979 0.077074781 0.008870344 0.996971846
1305031112.511504 0.218370467 -0.004697938 0.072270490 -0.004077239 0.074308552 0.015182620 0.997111380
1305031112.543212 0.226864189 -0.005267623 0.071322493 -0.001744752 0.070585243 0.019653782 0.997310579
1305031112.579252 0.233794346 -0.004296234 0.071173579 0.000604021 0.067542322 0.025475033 0.997390926
1305031112.611261 0.247990459 0.000488891 0.070173435 0.002514199 0.064541273 0.032057650 0.997396827
1305031112.643246 0.254467189 -0.000808935 0.069983959 -0.001217804 0.070796937 0.039185178 0.996720016
1305031112.679952 0.255812526 -0.000947762 0.071963444 -0.003208496 0.077579618 0.041557044 0.996114492
1305031112.711251 0.258532137 0.001578182 0.072135374 -0.004246877 0.081560388 0.043585859 0.995705843
1305031112.743245 0.262703329 0.010657140 0.071263313 -0.005487539 0.083632626 0.048072670 0.995321274
1305031112.779310 0.260611355 0.006119351 0.073477782 -0.014763425 0.088580027 0.050261762 0.994690597
1305031112.811310 0.249717414 0.002684215 0.075466380 -0.018032541 0.092017405 0.047248289 0.994472325
1305031112.843286 0.247389123 0.007926729 0.076441906 -0.018528976 0.086798012 0.045531198 0.995012403
1305031112.879421 0.249421760 0.007982193 0.075824767 -0.022170743 0.081972510 0.048910778 0.995186806
1305031112.911411 0.240134791 0.006339716 0.076010436 -0.025672982 0.081149042 0.049962610 0.995117843
1305031112.943321 0.232070431 0.005710269 0.078435563 -0.027643871 0.077437520 0.047966570 0.995458901
1305031112.979278 0.231519207 0.006710356 0.077196583 -0.027597811 0.069757998 0.047024723 0.996072710
1305031113.011353 0.227817133 0.009789927 0.074953407 -0.028117681 0.065825075 0.047114898 0.996321559
1305031113.043231 0.218897730 0.008336250 0.074939057 -0.032812186 0.065697089 0.044280313 0.996316493
1305031113.079251 0.209514171 -0.000520943 0.074638367 -0.036612112 0.063689403 0.038813490 0.996542394
1305031113.111316 0.200067773 0.003795504 0.072355591 -0.032455549 0.058850951 0.033579297 0.997173786
1305031113.143306 0.194531083 0.008039013 0.070300460 -0.033423379 0.054899815 0.032286875 0.997409880
1305031113.179343 0.184173986 0.001866344 0.069548503 -0.038038220 0.054148000 0.034226812 0.997220933
1305031113.211259 0.172694296 0.003054542 0.067631699 -0.035390500 0.049294222 0.035544112 0.997524023
1305031113.243227 0.161131188 0.007976827 0.065926276 -0.035323162 0.043030638 0.035808701 0.997806787
1305031113.279312 0.152321279 0.003063217 0.067587599 -0.038855724 0.037547540 0.037840623 0.997821927
1305031113.311452 0.136960968 -0.007187336 0.065181814 -0.038099349 0.032447338 0.040964384 0.997906566
1305031113.343252 0.123416424 0.002149259 0.064301431 -0.028982475 0.022837134 0.038924210 0.998560667
1305031113.379312 0.110195667 0.002481237 0.064685427 -0.032213416 0.014963279 0.036013387 0.998719871
1305031113.411625 0.098561794 -0.004997478 0.064887993 -0.034238335 0.008008877 0.037054293 0.998694420
1305031113.443266 0.083064713 0.001527526 0.064167418 -0.029509129 0.002655080 0.030934982 0.999082208
1305031113.479311 0.067180999 0.002475765 0.063990958 -0.032835126 -0.002372057 0.025599962 0.999130070
1305031113.511523 0.053862680 -0.000898387 0.064421393 -0.037874401 -0.007536960 0.023524856 0.998977125
1305031113.543242 0.042465635 -0.004436175 0.063271590 -0.041073464 -0.013726868 0.020904139 0.998843133
1305031113.579301 0.026894365 -0.000050350 0.063635230 -0.038813215 -0.016648181 0.015816076 0.998982608
1305031113.611268 0.017562473 -0.000501781 0.063814871 -0.041741259 -0.020280575 0.010810259 0.998864114
1305031113.643222 0.008725590 -0.001096548 0.065094933 -0.044755135 -0.021535872 0.007813278 0.998735249
1305031113.679288 -0.004912433 -0.001352956 0.065146349 -0.045790683 -0.019615160 0.004037902 0.998750269
1305031113.711931 -0.014239393 -0.002619774 0.065637581 -0.046363097 -0.019702904 -0.000851879 0.998729944
1305031113.743590 -0.023925601 -0.001100957 0.066246979 -0.044991303 -0.017501246 -0.006144380 0.998815119
1305031113.779320 -0.036254901 -0.001808857 0.067114860 -0.044050395 -0.014175483 -0.010831748 0.998870015
1305031113.811237 -0.045695677 -0.000771373 0.067163914 -0.042821661 -0.013546957 -0.012225644 0.998916090
1305031113.843295 -0.056658365 0.001558532 0.067355901 -0.042640626 -0.010942135 -0.015704233 0.998907149
1305031113.879281 -0.069945566 -0.004862980 0.068998910 -0.043762486 -0.009437203 -0.020390717 0.998789251
1305031113.911290 -0.078813136 -0.000366591 0.068739697 -0.038949121 -0.011145553 -0.020682439 0.998964965
1305031113.943291 -0.088056318 -0.001111294 0.070461266 -0.036876779 -0.009396114 -0.023200605 0.999006271
1305031113.979293 -0.099334516 0.000478409 0.071611308 -0.032837033 -0.007362871 -0.028796125 0.999018669
1305031114.011257 -0.112440705 0.002361896 0.070519030 -0.029067470 -0.005703113 -0.033854537 0.998987675
1305031114.043301 -0.127185285 0.002848858 0.071196124 -0.027633943 -0.006973900 -0.036054663 0.998943329
1305031114.079285 -0.141239926 0.001221476 0.070017248 -0.025952667 -0.010754995 -0.037037790 0.998918891
1305031114.111263 -0.150723159 0.004351366 0.070032068 -0.022718921 -0.016663363 -0.040641971 0.998776436
1305031114.143284 -0.159962863 0.005172814 0.072360441 -0.022579754 -0.021915240 -0.043453909 0.998559773
1305031114.179337 -0.165836945 0.001411572 0.074821964 -0.021441447 -0.025968608 -0.045191862 0.998410523
1305031114.211303 -0.177036747 0.009918879 0.073896244 -0.016790444 -0.025410350 -0.047617342 0.998401225
1305031114.243337 -0.191165060 0.009512079 0.076025233 -0.019305170 -0.026435291 -0.051805139 0.998120606
1305031114.279390 -0.205340758 0.009516438 0.075454511 -0.019220062 -0.030843452 -0.054067347 0.997875750
1305031114.311429 -0.214520320 0.012980700 0.076990865 -0.019268649 -0.038809147 -0.054323878 0.997582793
1305031114.343331 -0.219511196 0.011076082 0.078661069 -0.021241816 -0.045844503 -0.056567907 0.997119427
1305031114.379320 -0.224976078 0.010448696 0.080864131 -0.021269634 -0.049011778 -0.060598295 0.996731281
1305031114.411397 -0.236230344 0.010358218 0.080579236 -0.020468015 -0.049515393 -0.065313846 0.996425271
1305031114.443345 -0.246362254 0.011964746 0.080992013 -0.020171484 -0.053007010 -0.066979453 0.996141076
1305031114.479332 -0.257356495 0.010843864 0.082007602 -0.021035181 -0.058969062 -0.068526231 0.995682836
1305031114.511266 -0.260930508 0.013270787 0.082592338 -0.020764485 -0.068081595 -0.070486866 0.994970024
1305031114.543236 -0.260927647 0.011104519 0.084319189 -0.024436083 -0.074231908 -0.068964876 0.994553328
1305031114.579237 -0.267040789 0.011751891 0.086457081 -0.025164250 -0.074524052 -0.065108560 0.994773209
1305031114.611391 -0.270799458 0.012770724 0.085676506 -0.027302921 -0.075439274 -0.062559642 0.994811416
1305031114.644136 -0.278708339 0.012269765 0.086723477 -0.032339752 -0.076174162 -0.061902452 0.994645536
1305031114.679251 -0.283343524 0.009821170 0.087495714 -0.035912327 -0.081928201 -0.063103966 0.993989944
1305031114.711306 -0.282207668 0.007697196 0.088645786 -0.037058420 -0.087823346 -0.061543982 0.993542194
1305031114.743200 -0.280007839 0.006330909 0.090205476 -0.036578819 -0.092026912 -0.065693110 0.992913604
1305031114.779289 -0.277737021 0.007535653 0.089032292 -0.033820231 -0.094686002 -0.068660833 0.992560565
1305031114.811303 -0.276666701 0.010021585 0.088063501 -0.032999951 -0.094691843 -0.069395579 0.992536485
1305031114.843208 -0.275617450 0.009748840 0.088094190 -0.033145640 -0.095452033 -0.072123736 0.992264271
1305031114.879281 -0.271535397 0.012012918 0.087573916 -0.032828551 -0.096596561 -0.071434826 0.992213905
1305031114.912879 -0.269241929 0.014346429 0.087427869 -0.033224553 -0.096633628 -0.072147638 0.992145538
1305031114.943234 -0.260944456 0.016632130 0.087451771 -0.034940090 -0.098389030 -0.073301688 0.991829455
1305031114.979280 -0.255923271 0.018967032 0.088528275 -0.036284231 -0.096209072 -0.073823355 0.991956353
1305031115.011300 -0.248323768 0.022259442 0.088548332 -0.039461456 -0.096066989 -0.074563034 0.991793454
1305031115.043508 -0.237872973 0.018589422 0.092454202 -0.044665094 -0.095939249 -0.074361362 0.991600275
1305031115.079238 -0.230120033 0.022489693 0.092785254 -0.044583533 -0.092989579 -0.074876294 0.991846144
1305031115.111230 -0.216567129 0.021092979 0.094969772 -0.048538994 -0.091030985 -0.072915353 0.991988242
1305031115.143275 -0.207004264 0.019601982 0.099452078 -0.050375640 -0.082781300 -0.070773408 0.992774248
1305031115.179440 -0.203926235 0.023054490 0.101417661 -0.050289363 -0.076892518 -0.070695996 0.993257582
1305031115.211374 -0.189365625 0.015604126 0.105168238 -0.053841490 -0.077532612 -0.066796891 0.993291438
1305031115.243297 -0.177464873 0.012680267 0.107047565 -0.050280616 -0.072957888 -0.063146017 0.994063139
1305031115.279966 -0.165526584 0.018998161 0.108454362 -0.046656765 -0.071061872 -0.058581647 0.994656503
1305031115.311704 -0.145457014 0.012248251 0.116549321 -0.049332060 -0.070530474 -0.051508926 0.994956613
1305031115.343235 -0.133626565 0.017258773 0.116124697 -0.042963672 -0.061220422 -0.048519932 0.996018052
1305031115.379166 -0.134255797 0.023266435 0.113103509 -0.045264687 -0.052907180 -0.044145301 0.996595740
1305031115.411237 -0.121103592 0.019097563 0.118612573 -0.053396150 -0.060580730 -0.041119263 0.995885551
1305031115.443159 -0.099773310 0.019507160 0.122660398 -0.056500856 -0.066747531 -0.034613702 0.995567322
1305031115.479241 -0.089702517 0.020975795 0.123496503 -0.060048908 -0.065186359 -0.029415606 0.995630264
1305031115.511253 -0.063240193 0.017529888 0.131702870 -0.064153872 -0.070451297 -0.025039384 0.995135128
1305031115.543604 -0.043725722 0.015542680 0.133600578 -0.064426020 -0.060725804 -0.018371001 0.995903671
1305031115.579315 -0.035577051 0.017583588 0.134865731 -0.062460247 -0.046027493 -0.013217384 0.996897936
1305031115.611424 -0.026643451 0.014902316 0.131750479 -0.062545449 -0.038823526 -0.008196423 0.997253001
1305031115.643254 -0.011453908 0.013300458 0.131608993 -0.061817013 -0.033134229 0.000133017 0.997537315
1305031115.679241 -0.004224728 0.010441935 0.124964856 -0.061573543 -0.027057359 0.011414632 0.997670412
1305031115.711320 0.011257023 0.014295945 0.129384458 -0.058938984 -0.029215593 0.019059230 0.997651935
1305031115.743250 0.033143535 0.011523571 0.128882527 -0.060643688 -0.026238944 0.026934104 0.997450948
1305031115.779425 0.043693565 0.012105549 0.128389329 -0.057896879 -0.015640851 0.033444434 0.997639596
1305031115.811277 0.059447985 0.012733192 0.125404939 -0.058075182 -0.008596481 0.041724347 0.997402847
1305031115.843224 0.070397742 0.012274810 0.124902517 -0.060426798 0.001651414 0.048574023 0.996988714
1305031115.879198 0.077592529 0.009005376 0.125700027 -0.060895637 0.009412576 0.056907479 0.996476114
1305031115.911118 0.091199674 0.013056192 0.126818433 -0.056925982 0.011326618 0.061977316 0.996388435
1305031115.943311 0.102632076 0.015226076 0.127518535 -0.057145260 0.017751319 0.068789981 0.995834947
1305031115.980740 0.113218665 0.015897546 0.127169073 -0.058872029 0.023236191 0.074503593 0.995210230
1305031116.011379 0.128022909 0.015260866 0.127658322 -0.062507555 0.030131249 0.078611843 0.994487345
1305031116.043164 0.144936353 0.021095056 0.131191418 -0.063018501 0.038400352 0.079742603 0.994080067
1305031116.080030 0.152460396 0.028001495 0.130921885 -0.064363346 0.049118988 0.083384089 0.993222892
1305031116.111300 0.160907596 0.026426276 0.134615868 -0.072375618 0.059454877 0.086660415 0.991825044
1305031116.143441 0.166964352 0.024207208 0.137326881 -0.077635355 0.068538569 0.089484856 0.990589559
1305031116.179572 0.173850700 0.025707066 0.139112338 -0.079395980 0.074076958 0.092187382 0.989803195
1305031116.211299 0.183502197 0.025896177 0.137765944 -0.083810009 0.079293795 0.096445061 0.988628685
1305031116.243320 0.193724707 0.019509451 0.141652346 -0.090311609 0.084504224 0.098236337 0.987447441
1305031116.279385 0.204780668 0.024182685 0.139996782 -0.087896876 0.091416046 0.102733299 0.986591697
1305031116.311336 0.204780266 0.025156058 0.140860990 -0.090300418 0.103715435 0.105668373 0.984846771
1305031116.343292 0.210214913 0.020487897 0.141355202 -0.092887312 0.109397523 0.109284073 0.983596027
1305031116.379384 0.212823570 0.017279856 0.140609920 -0.089255884 0.113528810 0.109229960 0.983470082
1305031116.411333 0.212571338 0.018304151 0.138465583 -0.085711218 0.116851710 0.111953959 0.983089805
1305031116.443369 0.214572474 0.021013282 0.135862246 -0.086758621 0.118025891 0.121519908 0.981720805
1305031116.479850 0.213569880 0.016607922 0.134859741 -0.088794850 0.120090954 0.125656098 0.980767131
1305031116.511205 0.213236749 0.016955353 0.131818771 -0.086395271 0.117853969 0.122498482 0.981651902
1305031116.543262 0.206884131 0.017264880 0.129358724 -0.083547570 0.119172566 0.117734335 0.982321918
1305031116.579313 0.199338958 0.016722616 0.125231728 -0.084091812 0.117403649 0.114868157 0.982827663
1305031116.611261 0.195615053 0.016527735 0.122279987 -0.082900405 0.108867720 0.109593049 0.984512448
1305031116.643355 0.176966980 0.015230196 0.123903885 -0.081952587 0.106597565 0.098808438 0.985980511
1305031116.679281 0.174538374 0.013923101 0.121651463 -0.082758814 0.094775006 0.090542525 0.987912297
1305031116.711634 0.163018420 0.012656635 0.118807025 -0.082711376 0.090793543 0.080306582 0.989174485
1305031116.743291 0.145673320 0.018426890 0.120115846 -0.080692954 0.089750394 0.068719111 0.990308642
1305031116.779298 0.132022321 0.023176029 0.120405465 -0.079802021 0.086815029 0.059002653 0.991268635
1305031116.811318 0.113390706 0.024150986 0.121653222 -0.078301601 0.087133102 0.051177301 0.991795123
1305031116.846089 0.101506248 0.021719135 0.117973141 -0.077746220 0.076697893 0.042038422 0.993129253
1305031116.880165 0.088475913 0.024922591 0.117994688 -0.077307425 0.066612870 0.035668768 0.994139850
1305031116.912044 0.069378003 0.022923395 0.114392236 -0.077770740 0.059293035 0.030975401 0.994724393
1305031116.943296 0.060061172 0.024759039 0.112918869 -0.078056507 0.042761344 0.023388000 0.995756805
1305031116.979351 0.039820548 0.026432469 0.115168154 -0.076335028 0.034959652 0.013171122 0.996382117
1305031117.011382 0.026908981 0.029944649 0.116151758 -0.073535226 0.023427261 0.004828572 0.997005761
1305031117.043261 0.011478147 0.035288349 0.111049429 -0.071655408 0.015192356 -0.000388919 0.997313678
1305031117.079520 0.000557024 0.037788864 0.109392732 -0.072876699 0.005748262 -0.005793318 0.997307539
1305031117.111238 -0.011223681 0.038202517 0.108362600 -0.075214051 -0.004464669 -0.008200065 0.997123718
1305031117.143218 -0.016747439 0.041328698 0.105622329 -0.077171572 -0.016570121 -0.007253328 0.996853709
1305031117.179264 -0.023805667 0.040229466 0.106383219 -0.081334852 -0.025859982 -0.012430574 0.996273756
1305031117.211361 -0.027245950 0.042394817 0.109213866 -0.082336076 -0.033579737 -0.015685601 0.995915234
1305031117.243277 -0.027054384 0.048742317 0.111496538 -0.083164066 -0.037913229 -0.016860904 0.995671630
1305031117.279299 -0.027777445 0.046078812 0.113152288 -0.088964634 -0.038052663 -0.021658732 0.995071948
1305031117.311200 -0.030469328 0.043957658 0.114491567 -0.093080938 -0.036114231 -0.023243019 0.994731843
1305031117.343243 -0.032886326 0.040196061 0.114911981 -0.095713943 -0.035941463 -0.024172876 0.994466066
1305031117.379454 -0.033573400 0.036554389 0.114858083 -0.095848165 -0.036130983 -0.024479330 0.994438767
1305031117.411221 -0.036149114 0.032209191 0.114754550 -0.095088072 -0.036739714 -0.023666700 0.994509101
1305031117.443274 -0.035265416 0.030282002 0.113943517 -0.092012502 -0.038936399 -0.022434201 0.994743347
1305031117.479403 -0.036200851 0.024896309 0.113637455 -0.091103561 -0.039488744 -0.020976970 0.994837046
1305031117.511325 -0.035835307 0.018604720 0.114201441 -0.088763408 -0.041415960 -0.019248510 0.995005190
1305031117.544285 -0.037029140 0.014138535 0.113647968 -0.084263556 -0.041850004 -0.018700331 0.995388627
1305031117.579155 -0.039260671 0.010047677 0.114151537 -0.081142068 -0.042595640 -0.020444324 0.995582044
1305031117.611159 -0.039201975 0.005196746 0.115831062 -0.080106951 -0.044665407 -0.020011537 0.995583951
1305031117.643252 -0.040946122 -0.001162982 0.118216276 -0.078743599 -0.046151668 -0.018824767 0.995648086
1305031117.679262 -0.041471679 -0.005988583 0.119928859 -0.078515999 -0.048792064 -0.018274181 0.995550394
1305031117.711184 -0.040080532 -0.013479682 0.123620875 -0.079711534 -0.052172028 -0.015828051 0.995325863
1305031117.743184 -0.040885940 -0.022243714 0.126003698 -0.080650501 -0.054042436 -0.012736198 0.995194793
1305031117.779467 -0.040571958 -0.027101101 0.128911003 -0.079918325 -0.056766108 -0.010447240 0.995128870
1305031117.811320 -0.038824320 -0.038205337 0.133242235 -0.082904242 -0.059571456 -0.008112875 0.994742334
1305031117.843291 -0.035116166 -0.046531968 0.137269780 -0.081450261 -0.061078504 -0.006782407 0.994781017
1305031117.879451 -0.034641571 -0.051474020 0.140688807 -0.079574257 -0.058527678 -0.006687582 0.995086789
1305031117.911407 -0.037636451 -0.061002843 0.144238040 -0.079637222 -0.055425528 -0.007498019 0.995253563
1305031117.943253 -0.037133332 -0.066084281 0.147626624 -0.077928521 -0.053987309 -0.007619094 0.995466948
1305031117.979228 -0.039473496 -0.072069600 0.151258096 -0.079309516 -0.051563658 -0.008144411 0.995482206
1305031118.011228 -0.038753808 -0.084292509 0.156934202 -0.083265603 -0.051958427 -0.008336757 0.995136976
1305031118.043521 -0.039422244 -0.090903111 0.160559446 -0.081987806 -0.050468225 -0.008172794 0.995321095
1305031118.079334 -0.039223164 -0.096500270 0.163854614 -0.081472389 -0.049282838 -0.009749132 0.995408654
1305031118.111217 -0.036016352 -0.106552303 0.169348851 -0.082292914 -0.046617147 -0.010646906 0.995460391
1305031118.143256 -0.039933801 -0.112640619 0.170876324 -0.080302231 -0.040406339 -0.012819828 0.995868742
1305031118.179323 -0.039733924 -0.122644052 0.175911218 -0.080987088 -0.038122989 -0.014659982 0.995877922
1305031118.211202 -0.043769013 -0.130924419 0.178143263 -0.078165293 -0.034076970 -0.013502938 0.996266365
1305031118.243173 -0.046338521 -0.139302403 0.179561868 -0.075612098 -0.034023967 -0.014454245 0.996451855
1305031118.279194 -0.043608889 -0.147958696 0.184322149 -0.072685830 -0.035701811 -0.014494253 0.996610284
1305031118.311299 -0.044185087 -0.152518108 0.186281025 -0.065407693 -0.035937138 -0.014920618 0.997099638
1305031118.343324 -0.042031068 -0.156504557 0.190054089 -0.060704306 -0.035899736 -0.015587842 0.997388184
1305031118.379208 -0.045127593 -0.163014561 0.190207973 -0.056853902 -0.032989170 -0.017616009 0.997681856
1305031118.411296 -0.046193443 -0.162458226 0.191849291 -0.052486535 -0.034685697 -0.016921697 0.997875631
1305031118.445692 -0.044975430 -0.162655160 0.194675446 -0.051112995 -0.035212006 -0.013581231 0.997979522
1305031118.479285 -0.044474512 -0.166192919 0.196056381 -0.051418953 -0.035806865 -0.011267041 0.997971475
1305031118.511255 -0.042795453 -0.163791344 0.195578054 -0.048449069 -0.036364656 -0.010357968 0.998109698
1305031118.544414 -0.042063266 -0.158753470 0.196179718 -0.048336331 -0.035988711 -0.010993930 0.998122036
1305031118.579285 -0.040798813 -0.158118621 0.197115108 -0.050694231 -0.035326075 -0.011503048 0.998022974
1305031118.616142 -0.038952559 -0.151789650 0.196835548 -0.049570858 -0.034055073 -0.013433025 0.998099446
1305031118.645325 -0.040637117 -0.144159406 0.194432512 -0.049333714 -0.030998137 -0.015994869 0.998173058
1305031118.679295 -0.040942017 -0.140126750 0.192399263 -0.052866597 -0.029691149 -0.017810389 0.998001218
1305031118.711421 -0.042811360 -0.138290420 0.190544188 -0.054715309 -0.029250996 -0.021108713 0.997850239
1305031118.746770 -0.046315588 -0.131260633 0.186422914 -0.052536238 -0.030287357 -0.020473411 0.997949600
1305031118.779277 -0.042773061 -0.116573334 0.181829616 -0.052561812 -0.035501204 -0.019501602 0.997795880
1305031118.811221 -0.040967807 -0.118478119 0.182159171 -0.060034823 -0.038351625 -0.021541845 0.997226596
1305031118.846753 -0.037851989 -0.111335218 0.178299457 -0.056027602 -0.039346196 -0.020715699 0.997438550
1305031118.879208 -0.036891375 -0.092184417 0.168603957 -0.050877396 -0.036971901 -0.022262391 0.997771978
1305031118.911177 -0.037498444 -0.089362025 0.167313963 -0.055368967 -0.035798449 -0.024658779 0.997519255
1305031118.946974 -0.037134062 -0.079304866 0.160614893 -0.053626370 -0.034406018 -0.026097447 0.997626841
1305031118.979374 -0.039508220 -0.065256819 0.154751599 -0.052361026 -0.032428902 -0.030365907 0.997639537
1305031119.011363 -0.040622570 -0.056784049 0.150672182 -0.055845827 -0.032430850 -0.032337207 0.997388482
1305031119.047172 -0.042014707 -0.049917765 0.145723641 -0.058067057 -0.032515664 -0.033103943 0.997233748
1305031119.079223 -0.045073673 -0.041273504 0.140189201 -0.057941154 -0.033625431 -0.033512503 0.997190595
1305031119.111328 -0.044665933 -0.034014728 0.135860324 -0.058461342 -0.037521981 -0.032620456 0.997050822
1305031119.147616 -0.046741731 -0.023775302 0.130171895 -0.057696637 -0.039991703 -0.031393994 0.997038722
1305031119.179226 -0.045002114 -0.019984717 0.126762062 -0.059306789 -0.045232378 -0.031325728 0.996722341
1305031119.211364 -0.044356257 -0.010430385 0.121807508 -0.055803612 -0.047104783 -0.030129040 0.996874809
1305031119.247399 -0.044882171 -0.001472044 0.117598929 -0.054590903 -0.048162505 -0.029064268 0.996923029
1305031119.279212 -0.043669060 0.005271413 0.113727450 -0.054739065 -0.049715329 -0.028797662 0.996846378
1305031119.311212 -0.044380065 0.012011324 0.109697327 -0.054997165 -0.049735218 -0.026026862 0.996907413
1305031119.347741 -0.045159221 0.017554011 0.106482528 -0.054726265 -0.051300243 -0.023596941 0.996903479
1305031119.379239 -0.043921839 0.029586917 0.103083916 -0.052134380 -0.054019064 -0.023099266 0.996910393
1305031119.411484 -0.040404066 0.036097951 0.100873619 -0.053333566 -0.055302311 -0.022276413 0.996795297
1305031119.447706 -0.040217839 0.042979088 0.098439418 -0.054057684 -0.052852664 -0.021958988 0.996896267
1305031119.479267 -0.041993976 0.053050671 0.094947152 -0.051297147 -0.050017100 -0.022894802 0.997167349
1305031119.511240 -0.043553364 0.062115170 0.092324249 -0.052162454 -0.048317447 -0.022015173 0.997226059
1305031119.547382 -0.043670505 0.071565434 0.089792706 -0.052674979 -0.048306320 -0.020432862 0.997233331
1305031119.579559 -0.042390235 0.084762737 0.086251065 -0.052346390 -0.047503576 -0.020782253 0.997281969
1305031119.615017 -0.044519916 0.089195974 0.085521087 -0.057366699 -0.044758081 -0.020274023 0.997143328
1305031119.647903 -0.045398287 0.100942560 0.082582846 -0.058191378 -0.043908320 -0.019399149 0.997150660
1305031119.679208 -0.043084323 0.111988701 0.081366152 -0.060766563 -0.042721525 -0.021650553 0.997002244
1305031119.715232 -0.043201607 0.117649898 0.081210829 -0.067499064 -0.038456164 -0.018558949 0.996805191
1305031119.747193 -0.047912579 0.123144910 0.079665534 -0.071769781 -0.034856874 -0.014104277 0.996712148
1305031119.779169 -0.049041480 0.130654022 0.079355575 -0.074195564 -0.036132038 -0.011644563 0.996520877
1305031119.814537 -0.047367133 0.138301179 0.078295983 -0.075950593 -0.037893895 -0.007441756 0.996363461
1305031119.847429 -0.047230408 0.145518050 0.076959103 -0.078193121 -0.036865015 -0.003245451 0.996251106
1305031119.879214 -0.045709856 0.150460497 0.076924413 -0.079698481 -0.036209553 -0.002452852 0.996158123
1305031119.911401 -0.047313709 0.163370743 0.074449033 -0.076097935 -0.033750672 -0.001806064 0.996527314
1305031119.947392 -0.047943957 0.168858528 0.072951928 -0.080363087 -0.031665578 -0.002099530 0.996260345
1305031119.979537 -0.046402086 0.172643423 0.071565926 -0.083120093 -0.029398987 -0.002762318 0.996101975
1305031120.015264 -0.048554301 0.184781238 0.068851799 -0.082752101 -0.025077604 -0.000967165 0.996254086
1305031120.047290 -0.051999554 0.179481968 0.068000719 -0.094424233 -0.022528596 0.000250730 0.995277047
1305031120.079418 -0.052577689 0.179205626 0.067904070 -0.097145431 -0.024678711 0.002003335 0.994962156
1305031120.115232 -0.053102147 0.185172871 0.067548186 -0.095232941 -0.026803393 0.004261627 0.995084941
1305031120.148157 -0.050631445 0.180769488 0.068609700 -0.099364050 -0.028874233 0.005114033 0.994618952
1305031120.179246 -0.049093835 0.175923675 0.069498919 -0.099799372 -0.029101571 0.008018966 0.994549572
1305031120.215249 -0.049779173 0.170720503 0.069266401 -0.096515678 -0.028593259 0.007763533 0.994890392
1305031120.248003 -0.049313273 0.168836489 0.070150480 -0.091917723 -0.028802564 0.005775468 0.995333195
1305031120.279430 -0.048558202 0.163587630 0.071785979 -0.089270949 -0.028513448 0.003908428 0.995591462
1305031120.315196 -0.048267882 0.156166345 0.073808551 -0.087844580 -0.028300537 0.001805209 0.995730460
1305031120.347787 -0.048414167 0.149534822 0.075648032 -0.085131064 -0.027669631 -0.000220428 0.995985448
1305031120.379437 -0.047414970 0.141132638 0.078595370 -0.084528171 -0.028373111 -0.000807404 0.996016741
1305031120.415445 -0.048008505 0.127708852 0.082147360 -0.080420807 -0.028320763 -0.001443891 0.996357560
1305031120.447417 -0.048493981 0.123926818 0.084226847 -0.072317898 -0.028755059 -0.002104583 0.996964812
1305031120.479432 -0.046878278 0.110963456 0.088492811 -0.072381184 -0.030323582 -0.001248487 0.996915221
1305031120.514819 -0.049031593 0.103495613 0.092053153 -0.065251254 -0.031051788 -0.000037092 0.997385621
1305031120.547736 -0.047081713 0.096403383 0.095676489 -0.058960527 -0.035150114 0.002736412 0.997637510
1305031120.579551 -0.047988061 0.089720190 0.097947717 -0.055859093 -0.038466081 0.005608370 0.997681677
1305031120.615236 -0.046805508 0.080474220 0.102609597 -0.053618550 -0.043259364 0.008262219 0.997589827
1305031120.647354 -0.045734607 0.074915297 0.105947465 -0.047956333 -0.046464518 0.008370443 0.997733057
1305031120.679318 -0.043738462 0.068329789 0.110077329 -0.046006415 -0.048808534 0.009391950 0.997703850
1305031120.714522 -0.043902591 0.060715590 0.112399556 -0.044358697 -0.049061395 0.009966900 0.997760475
1305031120.747369 -0.044096157 0.052795917 0.115803428 -0.043890323 -0.051216312 0.010438812 0.997668028
1305031120.779894 -0.041826706 0.043917023 0.120333821 -0.042396549 -0.054377034 0.010656295 0.997563064
1305031120.814944 -0.042333823 0.039047845 0.121374778 -0.038997926 -0.054214995 0.009659981 0.997720659
1305031120.847921 -0.041751333 0.030432634 0.124564216 -0.040722728 -0.055429216 0.007934934 0.997600257
1305031120.883435 -0.039431207 0.022123428 0.128952459 -0.038800217 -0.056238230 0.006323169 0.997643113
1305031120.915444 -0.040579960 0.017476864 0.129484862 -0.036725003 -0.054133087 0.004131002 0.997849584
1305031120.947488 -0.040056311 0.009136278 0.132671371 -0.037609205 -0.054302286 0.002597821 0.997812629
1305031120.983366 -0.041504137 0.001012563 0.134481117 -0.037500475 -0.053642564 -0.000065938 0.997855783
1305031121.015019 -0.040747229 -0.007075218 0.137194574 -0.036480863 -0.054767657 -0.000801831 0.997832119
1305031121.047498 -0.041909255 -0.011557877 0.137870371 -0.035074413 -0.053995207 -0.001995180 0.997923017
1305031121.083099 -0.043862220 -0.023206610 0.140115902 -0.035799317 -0.054477170 -0.003671870 0.997866333
1305031121.114696 -0.042716503 -0.029126752 0.141095012 -0.033130895 -0.056329019 -0.002882880 0.997858286
1305031121.147331 -0.043629173 -0.036103889 0.142459735 -0.031593181 -0.056676660 -0.003586499 0.997886181
1305031121.183271 -0.043868750 -0.043297656 0.145033091 -0.029809590 -0.058171052 -0.004221228 0.997852504
1305031121.211420 -0.040954363 -0.052044671 0.148217544 -0.028205257 -0.059254777 -0.004018753 0.997836232
1305031121.247194 -0.044269383 -0.056952726 0.148365349 -0.025707297 -0.056417715 -0.004950602 0.998063982
1305031121.282876 -0.044602886 -0.066093676 0.151344091 -0.026691590 -0.057850342 -0.003812268 0.997961104
1305031121.313568 -0.043949835 -0.075079672 0.153520465 -0.024588058 -0.058178060 -0.003182017 0.997998297
1305031121.347517 -0.046865683 -0.080433458 0.154765680 -0.022294918 -0.058272157 -0.002391696 0.998048902
1305031121.383226 -0.044483971 -0.090891346 0.159035593 -0.021932386 -0.060627244 -0.001736411 0.997918010
1305031121.414318 -0.044612944 -0.097273193 0.160445407 -0.017427305 -0.059606485 -0.002853518 0.998065770
1305031121.447319 -0.045012634 -0.102887519 0.162855268 -0.015938852 -0.059233602 -0.002203860 0.998114467
1305031121.482964 -0.042330578 -0.113727599 0.167829245 -0.015738735 -0.058433015 -0.000439204 0.998167157
1305031121.514107 -0.045925874 -0.117785901 0.165617689 -0.011759534 -0.055063643 -0.000147203 0.998413563
1305031121.547270 -0.045506280 -0.122712456 0.168101668 -0.013047731 -0.055361334 0.000671072 0.998380899
1305031121.583204 -0.044936031 -0.131489202 0.171649739 -0.015290276 -0.054346029 -0.000312239 0.998405039
1305031121.614700 -0.044720724 -0.136648387 0.174145237 -0.013764886 -0.052738506 -0.001268290 0.998512685
1305031121.647183 -0.043472480 -0.140533671 0.175711438 -0.012743953 -0.049031232 -0.003647386 0.998709261
1305031121.683200 -0.046891902 -0.147684202 0.176834986 -0.015583786 -0.044089526 -0.005756442 0.998889446
1305031121.714520 -0.048593204 -0.153483555 0.178217873 -0.016301118 -0.042933308 -0.004387450 0.998935282
1305031121.747145 -0.049404226 -0.156887084 0.180197641 -0.017685795 -0.042435855 -0.004456913 0.998932719
1305031121.782835 -0.048528999 -0.163501903 0.182578743 -0.020276554 -0.042338543 -0.002061789 0.998895407
1305031121.811540 -0.046418481 -0.166142449 0.185392186 -0.021338787 -0.042005073 0.000294184 0.998889446
1305031121.847335 -0.047253590 -0.168746993 0.186054498 -0.023284556 -0.039940014 0.003143924 0.998925805
1305031121.882060 -0.048374355 -0.171221018 0.186369687 -0.025827130 -0.039167009 0.009118014 0.998857260
1305031121.914931 -0.049986623 -0.172621727 0.186172053 -0.027901175 -0.040290300 0.010736192 0.998740673
1305031121.947288 -0.047140826 -0.172285661 0.188165352 -0.027708437 -0.043555811 0.010467233 0.998611808
1305031121.982926 -0.046327509 -0.167934343 0.187494159 -0.026756085 -0.043369066 0.010209450 0.998648584
1305031122.014256 -0.048820864 -0.166592538 0.185225889 -0.027632046 -0.042274293 0.007482069 0.998695850
1305031122.047306 -0.048743822 -0.162011623 0.184014082 -0.026201434 -0.043739546 0.003608340 0.998692811
1305031122.082959 -0.047529597 -0.156490371 0.182489857 -0.025291642 -0.044709168 0.000488457 0.998679757
1305031122.114672 -0.047349580 -0.147545248 0.178764135 -0.022947812 -0.044892862 -0.002678639 0.998724639
1305031122.150725 -0.046325780 -0.140500665 0.177341372 -0.023205308 -0.045679279 -0.008022854 0.998654366
1305031122.183042 -0.045845766 -0.131032601 0.174670577 -0.020535540 -0.044776827 -0.012831795 0.998703480
1305031122.214959 -0.046327334 -0.113988757 0.169173658 -0.020223977 -0.042924572 -0.017426239 0.998721600
1305031122.251319 -0.048027702 -0.110116795 0.167622432 -0.026751054 -0.041606918 -0.021551816 0.998543322
1305031122.283560 -0.049471099 -0.099630497 0.163247272 -0.026570996 -0.042064365 -0.023006070 0.998496532
1305031122.314289 -0.051495522 -0.083853841 0.157481462 -0.029777039 -0.043370131 -0.027261572 0.998243034
1305031122.351327 -0.051094718 -0.078773931 0.155860856 -0.037112504 -0.046134762 -0.030522382 0.997778833
1305031122.382630 -0.052788220 -0.069621429 0.151330143 -0.041593440 -0.047657821 -0.030628121 0.997527242
1305031122.414997 -0.055266932 -0.065118104 0.145979077 -0.046407405 -0.050681837 -0.031499479 0.997138619
1305031122.451257 -0.055712871 -0.055120096 0.141355112 -0.047542859 -0.055162527 -0.030216282 0.996887028
1305031122.483360 -0.055482917 -0.047000453 0.138384059 -0.050364699 -0.060342330 -0.029926596 0.996457040
1305031122.515097 -0.053554818 -0.037738658 0.133904412 -0.051103383 -0.064912632 -0.031007882 0.996099055
1305031122.551490 -0.050976675 -0.029940881 0.131458774 -0.052692227 -0.066991054 -0.032318786 0.995836973
1305031122.583208 -0.051089089 -0.022567166 0.128134087 -0.054035421 -0.065618642 -0.033700012 0.995810568
1305031122.614980 -0.054734498 -0.016095974 0.124907836 -0.054846779 -0.064381354 -0.033595774 0.995850503
1305031122.648788 -0.054308474 -0.007774635 0.119935900 -0.053493503 -0.066519126 -0.032203134 0.995829582
1305031122.683402 -0.054795396 0.000663615 0.115237512 -0.052710470 -0.067408375 -0.030868720 0.995853841
1305031122.715208 -0.056407042 0.008679131 0.111948743 -0.052648805 -0.069419116 -0.027807048 0.995809138
1305031122.751298 -0.054713786 0.021499898 0.109169565 -0.050421577 -0.072708331 -0.027262427 0.995704710
1305031122.783423 -0.052878149 0.032820020 0.106388934 -0.052445546 -0.073874153 -0.027660871 0.995503366
1305031122.812555 -0.051842801 0.038976304 0.105971962 -0.057699338 -0.073609173 -0.028380565 0.995212078
1305031122.851418 -0.047051392 0.047053609 0.105305634 -0.058943596 -0.071936972 -0.029823259 0.995219231
1305031122.883754 -0.049354427 0.056542236 0.101655409 -0.060810570 -0.064405799 -0.029513232 0.995631933
1305031122.914571 -0.054164864 0.059839807 0.100166097 -0.065445140 -0.059778459 -0.029060602 0.995639980
1305031122.951341 -0.054045077 0.065513648 0.098312303 -0.066477321 -0.059238836 -0.028102770 0.995631337
1305031122.982815 -0.056398433 0.074576296 0.095109567 -0.066963069 -0.058213606 -0.024391742 0.995757103
1305031123.015450 -0.055390537 0.078511037 0.093819618 -0.070100792 -0.059888370 -0.021573985 0.995506823
1305031123.051827 -0.053701244 0.082098521 0.091963343 -0.070540950 -0.060241111 -0.019658510 0.995494127
1305031123.082975 -0.054077599 0.093891449 0.089319527 -0.067518987 -0.059229292 -0.017280228 0.995808423
1305031123.113873 -0.054360334 0.102276154 0.087040782 -0.069655567 -0.057847947 -0.014858333 0.995781541
1305031123.150822 -0.055407517 0.107511781 0.085967354 -0.072884463 -0.056618545 -0.014726332 0.995623052
1305031123.182155 -0.051971182 0.118260965 0.085116841 -0.073462144 -0.056604803 -0.014218489 0.995588779
1305031123.214704 -0.051676828 0.128991559 0.084368251 -0.075536124 -0.051924683 -0.014997208 0.995677233
1305031123.250618 -0.051626015 0.140079349 0.082508639 -0.079078518 -0.048256356 -0.015145352 0.995584548
1305031123.282347 -0.050401997 0.145861074 0.083262444 -0.088292308 -0.045798801 -0.012415664 0.994963706
1305031123.311327 -0.050106630 0.152407736 0.083017603 -0.093690678 -0.041759502 -0.011714371 0.994656205
1305031123.350481 -0.049878553 0.159395546 0.082309820 -0.098035350 -0.037572511 -0.011329569 0.994408906
1305031123.382255 -0.048085678 0.167809427 0.082394741 -0.101313286 -0.033795111 -0.007900818 0.994248986
1305031123.411363 -0.049388852 0.171857595 0.081174195 -0.105136707 -0.028112564 -0.005945779 0.994042575
1305031123.451255 -0.049293835 0.181094706 0.080364436 -0.104888730 -0.025864135 -0.004533066 0.994137228
1305031123.483594 -0.047823358 0.190379530 0.079430394 -0.107152089 -0.024717994 0.000550159 0.993935168
1305031123.511360 -0.047409263 0.191497147 0.077927634 -0.112825982 -0.023002565 0.003422957 0.993342578
1305031123.551513 -0.048491243 0.200451598 0.076693267 -0.112207510 -0.022135120 0.005660157 0.993422151
1305031123.579583 -0.045743711 0.202775449 0.075960755 -0.116607130 -0.023114845 0.009320152 0.992865384
1305031123.611335 -0.044045493 0.213602349 0.074868470 -0.114193037 -0.022383470 0.010525852 0.993150651
1305031123.652411 -0.041254018 0.219317362 0.074740827 -0.117919929 -0.021835146 0.010507301 0.992727458
1305031123.683753 -0.041399594 0.227646813 0.073930696 -0.119283892 -0.017753415 0.011558074 0.992634118
1305031123.711323 -0.041225210 0.233412057 0.073616475 -0.122729510 -0.013993389 0.012824698 0.992258608
1305031123.751723 -0.042286508 0.235586017 0.072494552 -0.126225993 -0.011261459 0.014828690 0.991826713
1305031123.783858 -0.042259932 0.229926765 0.071016997 -0.133240819 -0.011449222 0.016522957 0.990879834
1305031123.811608 -0.041103676 0.234924614 0.070589527 -0.131691679 -0.012308467 0.017649801 0.991057158
1305031123.851444 -0.041394234 0.234841302 0.069673836 -0.133056864 -0.012052313 0.019630244 0.990840673
1305031123.883786 -0.040975675 0.230320632 0.069244862 -0.135446504 -0.013591405 0.020743156 0.990474284
1305031123.911243 -0.040268280 0.228418991 0.068707667 -0.132580370 -0.015388487 0.020008238 0.990850806
1305031123.951442 -0.040198099 0.230038911 0.069024816 -0.130608216 -0.015973117 0.021138309 0.991079986
1305031123.983415 -0.041852094 0.218943477 0.069938563 -0.137554213 -0.017010223 0.023202661 0.990076303
1305031124.011302 -0.042681888 0.215133727 0.071695216 -0.131781146 -0.020529762 0.023017611 0.990798891
1305031124.051505 -0.043307249 0.214140460 0.072520852 -0.125818714 -0.023194062 0.023289766 0.991508603
1305031124.083837 -0.042760924 0.207907975 0.075251043 -0.125908583 -0.026407553 0.023890898 0.991402447
1305031124.111331 -0.041929442 0.198737308 0.078175999 -0.121422924 -0.029896893 0.022632334 0.991892338
1305031124.147446 -0.042744309 0.197604761 0.079996429 -0.113821998 -0.030722566 0.020511338 0.992814183
1305031124.182694 -0.042973213 0.187667727 0.082505196 -0.115247384 -0.031691227 0.018647002 0.992656052
1305031124.211396 -0.039660625 0.178129181 0.086228222 -0.110318221 -0.034983002 0.016308365 0.993146598
1305031124.249327 -0.043066055 0.175595865 0.086298719 -0.102981120 -0.034179125 0.016157877 0.993964612
1305031124.282545 -0.043580338 0.167667195 0.088689670 -0.103798978 -0.038264513 0.015341267 0.993743539
1305031124.311361 -0.040650059 0.156788424 0.091415524 -0.101664290 -0.043864667 0.015742714 0.993726552
1305031124.350354 -0.042408116 0.152182952 0.092668846 -0.095430456 -0.046082225 0.014538423 0.994262576
1305031124.382420 -0.038469546 0.140165016 0.095315620 -0.095073506 -0.050520744 0.014014930 0.994088650
1305031124.411439 -0.038538612 0.130160183 0.097530685 -0.091065578 -0.051884975 0.012677189 0.994411528
1305031124.450245 -0.039340090 0.122664742 0.098159760 -0.083609790 -0.052402336 0.010257889 0.995066941
1305031124.480099 -0.039529458 0.110734195 0.099693723 -0.079465955 -0.053388555 0.008322929 0.995372057
1305031124.511324 -0.041276570 0.105470501 0.100871004 -0.071473308 -0.054273747 0.005650349 0.995948792
1305031124.550437 -0.041154269 0.097129114 0.102268562 -0.067426600 -0.056090675 0.003080991 0.996141553
1305031124.579404 -0.041579012 0.086749382 0.104486808 -0.064508893 -0.058448248 0.001035223 0.996203482
1305031124.611358 -0.041650616 0.076639213 0.107755691 -0.060115077 -0.060912799 -0.000932144 0.996330738
1305031124.651271 -0.040999945 0.068060510 0.109857142 -0.056495849 -0.063578524 -0.003012349 0.996371865
1305031124.679362 -0.039058305 0.056617394 0.113507584 -0.053652644 -0.066336624 -0.004548645 0.996343374
1305031124.711251 -0.038846798 0.049753953 0.116203159 -0.048813358 -0.066512324 -0.005637321 0.996574938
1305031124.749890 -0.041177887 0.039188899 0.119208440 -0.047279332 -0.065483287 -0.008111333 0.996699929
1305031124.779365 -0.041172039 0.029519189 0.122065194 -0.044175547 -0.066733614 -0.008704862 0.996754408
1305031124.811360 -0.039657198 0.020483091 0.126092672 -0.042528898 -0.068747386 -0.008696171 0.996689260
1305031124.850535 -0.040047433 0.010386375 0.131184936 -0.042721868 -0.070011549 -0.009102811 0.996589363
1305031124.879355 -0.035967339 -0.001035668 0.136649594 -0.041615203 -0.071948506 -0.009264920 0.996496737
1305031124.911448 -0.036978975 -0.006062254 0.139906943 -0.038839240 -0.068887822 -0.010068841 0.996817231
1305031124.950730 -0.037535325 -0.014670908 0.145732641 -0.041725513 -0.067541212 -0.010245964 0.996790946
1305031124.979438 -0.039138690 -0.031011824 0.150403172 -0.043181878 -0.066046774 -0.008750927 0.996843338
1305031125.011454 -0.041990437 -0.036953576 0.153391495 -0.037326675 -0.067425795 -0.008119526 0.996992767
1305031125.050763 -0.038461559 -0.040590838 0.156926513 -0.034391001 -0.071006589 -0.006442970 0.996861994
1305031125.079364 -0.039106257 -0.049929604 0.161335513 -0.035859887 -0.069757029 -0.003692836 0.996912420
1305031125.111364 -0.040242843 -0.059796512 0.164890781 -0.035698585 -0.070603594 -0.002615236 0.996862054
1305031125.151013 -0.038702205 -0.066217579 0.167700246 -0.031511229 -0.071559496 -0.004746346 0.996927142
1305031125.179353 -0.039638069 -0.067877561 0.168987066 -0.030427393 -0.068654306 -0.004089464 0.997168005
1305031125.211320 -0.041597150 -0.078051731 0.173959330 -0.034639750 -0.066910774 -0.003951471 0.997149646
1305031125.250632 -0.043524258 -0.088444501 0.176035151 -0.033529609 -0.066181116 -0.006736436 0.997221351
1305031125.279467 -0.043387964 -0.091124229 0.178077921 -0.029876841 -0.066423804 -0.007449462 0.997316241
1305031125.311493 -0.043365531 -0.100660272 0.181770593 -0.030924873 -0.064981401 -0.007033788 0.997382402
1305031125.348880 -0.045748822 -0.104854107 0.181875572 -0.026745578 -0.062920325 -0.009990068 0.997610092
1305031125.379401 -0.041472070 -0.108277336 0.185771331 -0.026744168 -0.062941909 -0.013823207 0.997563004
1305031125.411335 -0.041700467 -0.111490443 0.188645691 -0.026324112 -0.056576073 -0.014926277 0.997939587
1305031125.451195 -0.043770764 -0.117629550 0.190097600 -0.029984863 -0.050601792 -0.017137507 0.998121560
1305031125.479424 -0.043707728 -0.125169635 0.192623794 -0.030535985 -0.046913482 -0.018595221 0.998258948
1305031125.511316 -0.045103826 -0.124748029 0.191939533 -0.028900679 -0.042523172 -0.019483102 0.998487353
1305031125.551020 -0.045359269 -0.126829326 0.193218693 -0.029866749 -0.039370708 -0.021127541 0.998554707
1305031125.579308 -0.044395544 -0.128774047 0.194379881 -0.031539686 -0.036365788 -0.023279374 0.998569369
1305031125.611533 -0.045262136 -0.133927718 0.193954125 -0.032059014 -0.032691061 -0.023431364 0.998676360
1305031125.650575 -0.049490452 -0.135924444 0.190234318 -0.027946560 -0.030847425 -0.020677241 0.998919368
1305031125.679328 -0.054638848 -0.129878223 0.184557527 -0.022564076 -0.032779228 -0.020672444 0.998994052
1305031125.711443 -0.051049229 -0.131569073 0.184477508 -0.022350529 -0.039805409 -0.018489961 0.998786330
1305031125.751260 -0.048800439 -0.120786384 0.181114584 -0.015459737 -0.042889539 -0.016930403 0.998816729
1305031125.779348 -0.046672098 -0.115694158 0.178300470 -0.015841313 -0.044626009 -0.019515499 0.998687506
1305031125.811573 -0.045704085 -0.107139573 0.175224364 -0.014484825 -0.044113778 -0.020727409 0.998706400
1305031125.847412 -0.046604518 -0.101721779 0.172542468 -0.016805340 -0.042217977 -0.022576757 0.998711944
1305031125.879318 -0.048672240 -0.094856091 0.168259636 -0.016612403 -0.042005189 -0.023123913 0.998711646
1305031125.911305 -0.051812217 -0.084830046 0.163123831 -0.019124094 -0.043840960 -0.022320934 0.998606026
1305031125.947343 -0.053636495 -0.082011648 0.160167590 -0.023684517 -0.049876027 -0.019921804 0.998275757
1305031125.979324 -0.051789522 -0.071436040 0.157259271 -0.022984968 -0.058009345 -0.016389830 0.997916818
1305031126.011333 -0.047554202 -0.060515217 0.158159152 -0.024422854 -0.065379724 -0.015444257 0.997442007
1305031126.047324 -0.042942278 -0.048118562 0.155811951 -0.025891420 -0.068271011 -0.014571885 0.997224331
1305031126.079356 -0.042515501 -0.037891425 0.153712049 -0.029471986 -0.066733956 -0.014528713 0.997229576
1305031126.111370 -0.041434906 -0.030828603 0.152941048 -0.033888653 -0.066264987 -0.014684649 0.997118294
1305031126.147432 -0.042079993 -0.017159238 0.150047347 -0.034707587 -0.064500414 -0.012892867 0.997230589
1305031126.179384 -0.042772289 -0.005546113 0.148103371 -0.040317710 -0.064307481 -0.012338251 0.997038960
1305031126.211319 -0.040190186 -0.000027972 0.148145974 -0.046101395 -0.065972961 -0.012044620 0.996683061
1305031126.247298 -0.038667090 0.013210603 0.145415887 -0.047401335 -0.065138929 -0.011387550 0.996684670
1305031126.279363 -0.037326962 0.022647619 0.143691614 -0.051523086 -0.063912854 -0.012066824 0.996551454
1305031126.311332 -0.035975613 0.035016902 0.142010838 -0.054153610 -0.061410315 -0.013789335 0.996547043
1305031126.347363 -0.037466757 0.042823762 0.140478551 -0.058854390 -0.056728810 -0.015490459 0.996532977
1305031126.379423 -0.038688291 0.051371768 0.137651190 -0.062221419 -0.053311892 -0.016416127 0.996502280
1305031126.411465 -0.038375091 0.061378375 0.135823905 -0.065803640 -0.051881421 -0.018196743 0.996316731
1305031126.447361 -0.039085336 0.066707686 0.134231165 -0.071159035 -0.050186984 -0.017241456 0.996052384
1305031126.479533 -0.041840557 0.073890783 0.130894557 -0.073362894 -0.048885349 -0.014712580 0.995997846
1305031126.511410 -0.040825702 0.086195640 0.127764523 -0.074335299 -0.051149391 -0.012795120 0.995838463
1305031126.547374 -0.037430950 0.094336577 0.128112525 -0.079620965 -0.053174116 -0.011922136 0.995334566
1305031126.579454 -0.036332473 0.100545540 0.126419798 -0.084165193 -0.051329907 -0.009815903 0.995080471
1305031126.611528 -0.036287230 0.108154327 0.124779724 -0.088608153 -0.049368139 -0.008220661 0.994808435
1305031126.647376 -0.034617327 0.109640405 0.124338359 -0.094472185 -0.048260894 -0.006622845 0.994334996
1305031126.679479 -0.034384888 0.113858432 0.122376308 -0.096677519 -0.045913871 -0.002067955 0.994254053
1305031126.711583 -0.033786312 0.120581016 0.120340556 -0.098154977 -0.044404127 0.001222092 0.994179249
1305031126.747316 -0.031993248 0.120542750 0.119678691 -0.101023734 -0.043481704 0.004287795 0.993924141
1305031126.779379 -0.031499714 0.126030669 0.117113173 -0.099607021 -0.042455353 0.007338106 0.994093597
1305031126.811602 -0.029091708 0.129451334 0.116091475 -0.099616595 -0.041255541 0.007865097 0.994139135
1305031126.847343 -0.028573446 0.131970167 0.114053011 -0.099986084 -0.037483994 0.008336782 0.994247556
1305031126.879357 -0.028180186 0.134563118 0.112598225 -0.100193642 -0.035541695 0.008926912 0.994292915
1305031126.911364 -0.027113710 0.135267019 0.111661822 -0.100695379 -0.033789795 0.008464293 0.994307339
1305031126.947437 -0.027635563 0.136336774 0.110016920 -0.101373486 -0.032349106 0.010185743 0.994270146
1305031126.979337 -0.027548723 0.135416210 0.109777279 -0.102333911 -0.033220664 0.011620078 0.994127274
1305031127.011371 -0.027293043 0.134929642 0.109348193 -0.101078987 -0.034097206 0.011560333 0.994226694
1305031127.047297 -0.026813354 0.136122540 0.108813591 -0.099597715 -0.034672368 0.012580396 0.994343936
1305031127.079299 -0.027597040 0.135490924 0.109061286 -0.100067638 -0.034632731 0.012795909 0.994295359
1305031127.111435 -0.028491938 0.131987661 0.108356059 -0.101407364 -0.036320094 0.013959705 0.994083762
1305031127.147307 -0.029230183 0.129557043 0.109221630 -0.100597292 -0.039408360 0.014391552 0.994042277
1305031127.179349 -0.029273652 0.129403055 0.109715685 -0.098089583 -0.042240433 0.013712670 0.994186163
1305031127.211700 -0.027826132 0.128225744 0.111637115 -0.097466446 -0.044653103 0.013746347 0.994141519
1305031127.247374 -0.026933582 0.123853974 0.112727009 -0.096902639 -0.045311723 0.012765493 0.994179964
1305031127.279465 -0.028234981 0.123874813 0.112773523 -0.093727991 -0.044808008 0.011599516 0.994521379
1305031127.311362 -0.029779928 0.121920541 0.113712698 -0.094035514 -0.044951845 0.010704967 0.994495869
1305031127.347356 -0.029264642 0.116396949 0.115830749 -0.093848541 -0.046955839 0.010266213 0.994425535
1305031127.379262 -0.029346436 0.116686851 0.116543889 -0.090409465 -0.048159853 0.010242047 0.994686782
1305031127.411371 -0.030393196 0.115647659 0.117415309 -0.090013310 -0.048744995 0.009383433 0.994702697
1305031127.447333 -0.030422252 0.110518634 0.119694225 -0.090798043 -0.050188091 0.009048329 0.994562685
1305031127.479362 -0.031422772 0.112444833 0.120097712 -0.087270454 -0.050824214 0.008213036 0.994853437
1305031127.511356 -0.032135908 0.111109480 0.120925501 -0.088537611 -0.051637452 0.007036449 0.994708598
1305031127.547348 -0.031426333 0.107125238 0.123460867 -0.089715242 -0.053143084 0.007130702 0.994523048
1305031127.579345 -0.032162759 0.108188197 0.123566896 -0.086888425 -0.053341690 0.006674086 0.994766533
1305031127.611271 -0.032447368 0.108958833 0.123837963 -0.086643301 -0.053736791 0.006387035 0.994768560
1305031127.647358 -0.031756394 0.105875865 0.125526398 -0.088670336 -0.054469384 0.007698127 0.994540811
1305031127.679298 -0.031893596 0.104130059 0.126009285 -0.087672919 -0.054964330 0.008590839 0.994594693
1305031127.711375 -0.032986939 0.106350467 0.125635445 -0.085790254 -0.055119056 0.007884321 0.994756103
1305031127.747304 -0.031770989 0.104437009 0.126943037 -0.087629758 -0.056363489 0.008198982 0.994523466
1305031127.779346 -0.032674767 0.101988778 0.127407312 -0.087305948 -0.056051094 0.008284785 0.994568884
1305031127.811829 -0.032933436 0.103258789 0.126820758 -0.085097566 -0.056343444 0.007258882 0.994751811
1305031127.847366 -0.033432882 0.102460146 0.126559466 -0.085592121 -0.056152742 0.006291760 0.994726717
1305031127.879380 -0.034183681 0.101231799 0.126574874 -0.085943095 -0.056190982 0.005784619 0.994697392
1305031127.911476 -0.034851618 0.101689771 0.126866385 -0.085242122 -0.056865163 0.005417873 0.994721472
1305031127.947366 -0.035085842 0.102342591 0.127182841 -0.085642152 -0.057658140 0.005652963 0.994640112
1305031127.979371 -0.035054125 0.101264954 0.128254890 -0.087498285 -0.058448374 0.005356679 0.994434059
1305031128.011427 -0.033340700 0.101637788 0.130264610 -0.088370413 -0.059673332 0.005241225 0.994284809
1305031128.047369 -0.033026189 0.099592075 0.132457122 -0.091431245 -0.058874965 0.006227872 0.994049907
1305031128.079334 -0.033298194 0.097695552 0.133773446 -0.091920368 -0.058428768 0.007426326 0.994022965
1305031128.111391 -0.033141743 0.096774705 0.134638891 -0.091505632 -0.058703080 0.007834673 0.994041860
1305031128.147418 -0.032516673 0.096489683 0.136042044 -0.092233345 -0.059155304 0.009606570 0.993932247
1305031128.179350 -0.031201551 0.092883125 0.138053328 -0.093000114 -0.059823979 0.010997498 0.993806362
1305031128.211447 -0.032384507 0.094130680 0.137179181 -0.090183757 -0.059026785 0.011205482 0.994111240
1305031128.247480 -0.031986102 0.094355918 0.136630759 -0.090467259 -0.059695464 0.011712234 0.994039714
1305031128.279336 -0.031950627 0.092507586 0.138118580 -0.091126077 -0.060172800 0.011423328 0.993954122
1305031128.311483 -0.032562844 0.093201205 0.137475327 -0.089423336 -0.059781708 0.010813894 0.994139194
1305031128.347423 -0.033728238 0.093373559 0.137029558 -0.089272663 -0.059305452 0.009713514 0.994192600
1305031128.379404 -0.033424336 0.092108607 0.137781948 -0.089922994 -0.060051206 0.008133383 0.994103432
1305031128.411337 -0.033187997 0.091730788 0.137635022 -0.089299768 -0.060282223 0.007223336 0.994152606
1305031128.447296 -0.034408487 0.091233969 0.136662513 -0.088977419 -0.059636585 0.005764891 0.994229972
1305031128.479296 -0.034506243 0.090603948 0.137210235 -0.089346670 -0.060038559 0.004779450 0.994177938
1305031128.511433 -0.034314480 0.089679033 0.137542143 -0.089259632 -0.060021732 0.004099676 0.994189799
1305031128.547399 -0.033919789 0.089438856 0.137533963 -0.089266524 -0.059658714 0.003653552 0.994212747
1305031128.579455 -0.033781521 0.087466612 0.137782499 -0.089555837 -0.059134800 0.003648128 0.994218051
1305031128.611395 -0.035419695 0.086894818 0.136524737 -0.088301256 -0.058326386 0.003605424 0.994378150
1305031128.647352 -0.036424473 0.087257430 0.135757953 -0.087544642 -0.059116513 0.003770352 0.994397819
1305031128.679282 -0.035587683 0.085989252 0.136275217 -0.087680168 -0.060979579 0.003500411 0.994274318
1305031128.711457 -0.034204833 0.086157851 0.136841491 -0.086369596 -0.061750066 0.002710281 0.994343936
1305031128.747363 -0.034411598 0.086522609 0.135793835 -0.085289747 -0.060515113 0.001549183 0.994515538
