1305031102.675285 -0.005399161 0.019467264 0.143398240 -0.041618258 -0.018045472 -0.000523544 0.998970449
1305031102.711263 -0.005349894 0.018958060 0.154194638 -0.042957883 -0.018617749 0.000808977 0.998903036
1305031102.743234 -0.002784320 0.024042064 0.165531024 -0.043385208 -0.020529676 0.003683686 0.998840690
1305031102.775472 -0.001438747 0.027053289 0.179265037 -0.044096936 -0.019296404 0.001341521 0.998839974
1305031102.811232 -0.001653359 0.030331656 0.189176098 -0.044701710 -0.016372835 0.000678097 0.998865962
1305031102.843290 -0.000618942 0.030125387 0.200293064 -0.047215536 -0.013626770 -0.000091189 0.998791754
1305031102.875363 -0.004130740 0.032908760 0.209389314 -0.045785747 -0.009312972 -0.002758479 0.998904049
1305031102.911185 -0.005535345 0.035417721 0.218311787 -0.045108277 -0.007512053 -0.004040381 0.998945653
1305031102.943229 -0.010635344 0.036609791 0.225308493 -0.045572117 -0.005268310 -0.005113887 0.998934031
1305031102.975203 -0.015931422 0.039043676 0.230913311 -0.045854930 -0.009514589 -0.005689715 0.998886585
1305031103.011215 -0.014797479 0.041536581 0.241200373 -0.047023699 -0.016763227 -0.002481139 0.998750031
1305031103.043227 -0.014879922 0.043865755 0.250425965 -0.048755877 -0.023110650 0.000477151 0.998543203
1305031103.075319 -0.011453746 0.044255160 0.261829227 -0.048917465 -0.027991986 0.002813309 0.998406529
1305031103.111240 -0.012429190 0.050914913 0.267558396 -0.045715779 -0.027177781 0.003612507 0.998578191
1305031103.143318 -0.012024417 0.051563419 0.275812626 -0.048281968 -0.027612668 0.005245375 0.998438179
1305031103.175452 -0.012692831 0.056806754 0.277210712 -0.046399176 -0.025449792 0.004581635 0.998588204
1305031103.211220 -0.013672870 0.062092494 0.282576025 -0.049839981 -0.025111033 0.005864677 0.998424292
1305031103.243216 -0.013674021 0.064027935 0.288166016 -0.056941845 -0.024999514 0.009397963 0.998020232
1305031103.275370 -0.019243862 0.064278774 0.290187329 -0.066461146 -0.024765946 0.012294264 0.997405827
1305031103.311210 -0.017226357 0.060900405 0.297429353 -0.074366398 -0.035891555 0.013353617 0.996495366
1305031103.343223 -0.012755766 0.062560529 0.300492853 -0.074549802 -0.041915450 0.013304040 0.996247172
1305031103.375327 -0.011424881 0.061637368 0.300978571 -0.078339927 -0.041055389 0.014922515 0.995969176
1305031103.411260 -0.013214948 0.057059210 0.299463898 -0.081645750 -0.039353721 0.016177604 0.995752752
1305031103.443280 -0.014955592 0.055981122 0.296053886 -0.081176549 -0.040786646 0.015250706 0.995748043
1305031103.475274 -0.013958637 0.052683145 0.292917758 -0.081546210 -0.043991238 0.013696436 0.995604038
1305031103.511333 -0.013351156 0.048241839 0.288400590 -0.080160603 -0.045883160 0.011585610 0.995657980
1305031103.543444 -0.012408519 0.044299185 0.282454878 -0.076349720 -0.047681563 0.009647634 0.995893657
1305031103.575474 -0.014362161 0.042068146 0.273356378 -0.071925655 -0.047815539 0.009496253 0.996217966
1305031103.611223 -0.015796974 0.038200557 0.264927834 -0.069904484 -0.050023567 0.010747009 0.996240675
1305031103.643445 -0.014402027 0.034129169 0.256640851 -0.067634836 -0.054776892 0.011361762 0.996140540
1305031103.675523 -0.012627378 0.031020813 0.247424558 -0.065140709 -0.057585817 0.011700436 0.996144414
1305031103.711610 -0.010993715 0.027999535 0.237847880 -0.062758654 -0.058824424 0.011486027 0.996227443
1305031103.743326 -0.010170575 0.022593442 0.228308439 -0.061103523 -0.058398541 0.010270372 0.996368647
1305031103.775342 -0.009904432 0.021413423 0.216173798 -0.057274941 -0.057710189 0.006856605 0.996665478
1305031103.811242 -0.008450625 0.020862337 0.209487498 -0.057476770 -0.057382740 0.004111630 0.996687889
1305031103.843251 -0.011102526 0.022089437 0.197299480 -0.058993444 -0.055824015 0.001263286 0.996695459
1305031103.875361 -0.012896430 0.012082179 0.183133826 -0.067094922 -0.057632443 -0.002304092 0.996078074
1305031103.911221 -0.012335067 0.005984390 0.172135293 -0.066824377 -0.061421752 -0.004164258 0.995863736
1305031103.943211 -0.010940973 0.003479514 0.159980536 -0.064870737 -0.064247236 -0.004866899 0.995811403
1305031103.975373 -0.008192030 -0.001846161 0.149901867 -0.063908122 -0.066934519 -0.005673977 0.995692372
1305031104.011232 -0.003531747 -0.007268582 0.141329780 -0.061047699 -0.068604045 -0.006072853 0.995755911
1305031104.043249 -0.000901353 -0.009278687 0.129780456 -0.054007348 -0.065956771 -0.007851925 0.996328890
1305031104.075425 0.001032389 -0.007793191 0.118432328 -0.048649207 -0.061742090 -0.010998656 0.996845126
1305031104.111235 0.005136384 -0.013349789 0.110044912 -0.046813656 -0.057373893 -0.011930835 0.997183204
1305031104.143230 0.002843212 -0.017431619 0.095977008 -0.042268086 -0.050061468 -0.013422213 0.997761011
1305031104.175424 0.002121898 -0.019007398 0.084380023 -0.037935082 -0.046411362 -0.014299499 0.998099387
1305031104.211283 0.002959528 -0.023433011 0.074043959 -0.034587607 -0.043973010 -0.014102071 0.998334229
1305031104.243196 0.002988874 -0.024352208 0.064279601 -0.029530913 -0.041501176 -0.014400098 0.998598099
1305031104.275546 0.003400863 -0.026079316 0.053330652 -0.025099244 -0.038723696 -0.015407999 0.998815835
1305031104.311219 0.004858121 -0.027156871 0.044158436 -0.021283386 -0.035878357 -0.015341111 0.999011695
1305031104.343342 0.006306934 -0.027377347 0.034849949 -0.017946795 -0.032054480 -0.015615294 0.999202967
1305031104.375837 0.006321175 -0.026816575 0.026363863 -0.015447867 -0.027199473 -0.015226181 0.999394655
1305031104.411509 0.002660977 -0.027856492 0.017146572 -0.014120732 -0.021935759 -0.015385254 0.999541223
1305031104.443288 -0.002120740 -0.027740132 0.007498809 -0.013413146 -0.018774131 -0.015031047 0.999620736
1305031104.475456 -0.003106587 -0.029255902 0.000809378 -0.014154215 -0.020153118 -0.014168297 0.999596298
1305031104.511329 -0.003537682 -0.032243226 -0.005287288 -0.013903460 -0.022846509 -0.012833739 0.999559879
1305031104.543368 -0.001519242 -0.033931170 -0.012750264 -0.010761102 -0.025501067 -0.012020665 0.999544621
1305031104.575343 0.003193920 -0.038207185 -0.018265111 -0.007719906 -0.026555602 -0.011307845 0.999553561
1305031104.611336 0.010972467 -0.042319518 -0.022515535 0.001347108 -0.024512341 -0.008449859 0.999662876
1305031104.643243 0.012900786 -0.043885250 -0.033772685 0.012774900 -0.017215716 -0.009029230 0.999729455
1305031104.675525 0.016411971 -0.051381104 -0.040767197 0.021351667 -0.010369386 -0.007749897 0.999688208
1305031104.711277 0.013945266 -0.049911931 -0.050604045 0.036547210 -0.001730631 -0.005307682 0.999316335
1305031104.743280 0.015166842 -0.048164096 -0.059061155 0.050231446 0.005168757 -0.003823601 0.998716891
1305031104.775327 0.016843425 -0.046848748 -0.066012032 0.062176283 0.011936561 -0.001826441 0.997992098
1305031104.811465 0.020599779 -0.045356277 -0.073193461 0.072878361 0.017495167 0.000953088 0.997186899
1305031104.843258 0.015309697 -0.037353154 -0.076210305 0.083325133 0.025982553 0.003286674 0.996178210
1305031104.875350 0.013177034 -0.035312615 -0.079975232 0.088597111 0.029484680 0.005264769 0.995617151
1305031104.911534 0.015537269 -0.033026434 -0.081168257 0.090807617 0.029725919 0.007630177 0.995395482
1305031104.943262 0.015291257 -0.031271167 -0.079945438 0.091967210 0.030558230 0.008438822 0.995257258
1305031104.975202 0.014557121 -0.025667453 -0.076050505 0.091929130 0.029828511 0.009356757 0.995274723
1305031105.011290 0.015577056 -0.023859482 -0.071868546 0.087250963 0.029036608 0.009877058 0.995714128
1305031105.043373 0.014263551 -0.021011222 -0.066401139 0.081865475 0.028929196 0.008448197 0.996187627
1305031105.075320 0.014038119 -0.021558005 -0.059242107 0.074514724 0.028080808 0.006246817 0.996804893
1305031105.111299 0.011837121 -0.022946149 -0.049987990 0.068257555 0.027477739 0.004558907 0.997278869
1305031105.143106 0.007400646 -0.008910721 -0.039837141 0.066352010 0.025714381 0.002851903 0.997460783
1305031105.175159 0.003470785 -0.003947292 -0.028245121 0.054546889 0.023399716 -0.001042085 0.998236418
1305031105.211268 0.000652578 -0.011716987 -0.018040568 0.039905611 0.019827323 -0.002900328 0.999002457
1305031105.243270 -0.003789817 -0.009713174 -0.009209382 0.032091014 0.015335402 -0.005553077 0.999351859
1305031105.275288 -0.006627755 -0.007070918 -0.000030223 0.022084011 0.009483708 -0.006560140 0.999689579
1305031105.311290 -0.008821798 -0.009841410 0.012799091 0.010806378 0.002129147 -0.007118682 0.999913990
1305031105.343302 -0.008377659 -0.012934752 0.026243297 0.001599171 -0.005151934 -0.007220169 0.999959350
1305031105.375338 -0.009086008 -0.014388995 0.036651410 -0.002656574 -0.010282768 -0.006948122 0.999919474
1305031105.411286 -0.010289668 -0.008752500 0.046332821 -0.006662616 -0.014919281 -0.007776213 0.999836266
1305031105.443316 -0.011492025 -0.011589732 0.058449339 -0.014341780 -0.018825069 -0.008538619 0.999683440
1305031105.475280 -0.012322346 -0.009932243 0.069584623 -0.017508525 -0.022186492 -0.008416461 0.999565065
1305031105.511332 -0.010595488 -0.008027614 0.081218295 -0.021823274 -0.025915243 -0.007999701 0.999393880
1305031105.543282 -0.011988578 -0.009327499 0.091401950 -0.026522666 -0.025992908 -0.007238043 0.999284029
1305031105.575449 -0.011929624 -0.007846659 0.104224332 -0.029368596 -0.027944760 -0.006812089 0.999154747
1305031105.611378 -0.010152805 -0.008647686 0.117015861 -0.032464456 -0.029840745 -0.005961338 0.999009550
1305031105.643273 -0.012125012 -0.007554309 0.127700627 -0.033065882 -0.029547611 -0.003305877 0.999010861
1305031105.675166 -0.009688127 -0.004984427 0.139243841 -0.034400318 -0.031564042 -0.001997535 0.998907566
1305031105.711309 -0.005982167 -0.007040845 0.152537361 -0.034755670 -0.030882390 -0.002263147 0.998916030
1305031105.743312 -0.005848091 -0.000503447 0.163232118 -0.031050937 -0.027008934 -0.001960011 0.999150872
1305031105.775339 -0.002231495 -0.002605311 0.175196022 -0.033297949 -0.023992728 -0.001413632 0.999156475
1305031105.811283 -0.003083491 -0.000799248 0.186205938 -0.031637456 -0.018544979 -0.000685595 0.999327123
1305031105.843271 -0.001240329 0.001335329 0.197476268 -0.029940773 -0.015579335 0.000565186 0.999430060
1305031105.875337 -0.000201520 0.008357278 0.207568496 -0.027284684 -0.010662809 0.002608561 0.999567389
1305031105.911262 -0.000351768 0.010680941 0.218390420 -0.030127401 -0.006491453 0.007205173 0.999499023
1305031105.943272 0.000233180 0.015368001 0.228139088 -0.031878561 -0.003492095 0.009828174 0.999437332
1305031105.975329 0.000154105 0.018876791 0.238422647 -0.035989616 -0.001369115 0.011555550 0.999284387
1305031106.011285 0.001883148 0.022732940 0.248558491 -0.039699968 0.000006163 0.013307579 0.999123037
1305031106.043355 0.000609893 0.025371766 0.258076340 -0.044353329 0.002642812 0.014509333 0.998907030
1305031106.075330 -0.000903940 0.028834254 0.267214447 -0.047909405 0.003869491 0.016222449 0.998712420
1305031106.111327 -0.002117441 0.034916736 0.275469571 -0.051365763 0.004005821 0.017390769 0.998520434
1305031106.143355 -0.006443070 0.035193659 0.280502528 -0.059044544 0.004969552 0.017990671 0.998080850
1305031106.175534 -0.007492822 0.036829319 0.288350731 -0.062990882 0.003587266 0.018913416 0.997828424
1305031106.211275 -0.008061340 0.036366612 0.296367645 -0.067202672 0.001909230 0.019564090 0.997545719
1305031106.243267 -0.008999432 0.039397269 0.302118063 -0.066521809 0.000605649 0.023231294 0.997514307
1305031106.276385 -0.010089234 0.044888623 0.307303220 -0.066130131 -0.000911850 0.024363820 0.997513115
1305031106.311238 -0.009181375 0.047197428 0.311461180 -0.069899194 -0.003006522 0.027808720 0.997161865
1305031106.343258 -0.010647106 0.052532323 0.313331455 -0.073495708 -0.003568050 0.028661812 0.996877193
1305031106.375388 -0.007905602 0.053394146 0.314964354 -0.082501970 -0.004868333 0.020980559 0.996358156
1305031106.411320 -0.006551557 0.047431920 0.317534298 -0.091514595 -0.000496356 0.015532299 0.995682478
1305031106.443278 -0.011656794 0.045897394 0.316644549 -0.091962203 0.005756211 0.010426220 0.995691240
1305031106.475345 -0.014206879 0.044056602 0.313471496 -0.091853313 0.006091295 0.008691480 0.995715976
1305031106.511129 -0.015362150 0.040752761 0.309127241 -0.090634115 0.003094043 0.008618975 0.995842159
1305031106.543302 -0.014413391 0.037986912 0.301147908 -0.087784715 -0.001546479 0.007579441 0.996109426
1305031106.575282 -0.013714475 0.035264485 0.293656200 -0.085484430 -0.003733460 0.006270186 0.996312797
1305031106.611151 -0.014663748 0.034596771 0.284447759 -0.084601372 -0.006476160 0.003690958 0.996386945
1305031106.643207 -0.013965290 0.028545972 0.275625259 -0.086106896 -0.009675954 0.001326008 0.996238053
1305031106.675279 -0.016622137 0.028606057 0.264964372 -0.082678437 -0.011468622 0.001308576 0.996509433
1305031106.711508 -0.018212318 0.024989024 0.254694223 -0.084824219 -0.016601937 0.000179171 0.996257603
1305031106.743341 -0.017170625 0.023058483 0.246748015 -0.082885817 -0.024138978 0.001026898 0.996266127
1305031106.775390 -0.016646808 0.018333778 0.230335698 -0.083163425 -0.029830651 0.000795001 0.996089041
1305031106.811289 -0.014884691 0.019922921 0.219390124 -0.081443585 -0.034817696 0.000454376 0.996069491
1305031106.843416 -0.014182445 0.011589242 0.208177254 -0.084336691 -0.039030764 -0.000756207 0.995672286
1305031106.875905 -0.011982165 0.007514289 0.194435969 -0.078975394 -0.042203557 -0.004376298 0.995973170
1305031106.911243 -0.012115006 0.007668089 0.179609239 -0.074514322 -0.041207891 -0.008449825 0.996332347
1305031106.943439 -0.010415690 0.001993710 0.170159414 -0.073978066 -0.041266002 -0.012405767 0.996328473
1305031106.975547 -0.009758638 -0.004754443 0.155820772 -0.069220476 -0.039106514 -0.015745582 0.996710241
1305031107.011576 -0.011694266 -0.001332873 0.138127178 -0.060448717 -0.035080895 -0.019790519 0.997358322
1305031107.043281 -0.011005707 -0.005657548 0.127180725 -0.061234154 -0.032988861 -0.021554554 0.997345209
1305031107.075432 -0.013936505 -0.012598991 0.113597833 -0.058112547 -0.030848015 -0.022716461 0.997574687
1305031107.111229 -0.013101904 -0.011907721 0.100063451 -0.052312296 -0.031752091 -0.023387104 0.997851849
1305031107.143260 -0.010433581 -0.012032825 0.088626243 -0.050163772 -0.031757206 -0.023589099 0.997957230
1305031107.175399 -0.009331745 -0.018883554 0.078917965 -0.049737841 -0.030343559 -0.024206918 0.998007715
1305031107.211358 -0.006411549 -0.023360303 0.068426453 -0.044124126 -0.029031182 -0.025504768 0.998278379
1305031107.243378 -0.006428412 -0.022643404 0.056898791 -0.037041202 -0.025394950 -0.026049661 0.998651326
1305031107.275398 -0.003452392 -0.026811251 0.047753103 -0.032498065 -0.022910371 -0.025701258 0.998878539
1305031107.311226 -0.003764953 -0.030398004 0.039739467 -0.025598381 -0.018930241 -0.026999628 0.999128342
1305031107.343509 0.000743273 -0.034433734 0.029314909 -0.015172923 -0.016227318 -0.026701648 0.999396563
1305031107.375413 0.001896909 -0.031276427 0.020114072 -0.005077984 -0.011263804 -0.026911473 0.999561429
1305031107.411271 0.003988692 -0.031266097 0.014475195 0.001722795 -0.006781631 -0.027540086 0.999596238
1305031107.443419 0.005819784 -0.029581005 0.009860255 0.007449513 -0.002591305 -0.027212845 0.999598563
1305031107.475377 0.008748359 -0.030981449 0.006875623 0.009910367 0.001431682 -0.025730014 0.999618769
1305031107.511352 0.010124261 -0.025754670 0.004251314 0.012983788 0.005003832 -0.025317462 0.999582589
1305031107.543605 0.013151748 -0.026454810 0.004555673 0.010222058 0.007097396 -0.023054911 0.999656737
1305031107.575454 0.015191476 -0.030162061 0.005885568 0.008975943 0.008884987 -0.020332161 0.999713540
1305031107.611271 0.016137358 -0.023460532 0.004944503 0.011443662 0.010527966 -0.018969852 0.999699116
1305031107.643323 0.017263969 -0.025520358 0.006377386 0.007042625 0.011777475 -0.017824301 0.999746978
1305031107.675568 0.016654143 -0.024763238 0.008204563 0.005993172 0.012563464 -0.017305613 0.999753356
1305031107.711307 0.015976308 -0.021625713 0.009277257 0.005391033 0.012569485 -0.016364310 0.999772549
1305031107.743538 0.013243330 -0.018209292 0.009910818 0.002763762 0.012144190 -0.015999326 0.999794424
1305031107.775802 0.013408443 -0.018417254 0.012456832 -0.000182725 0.009278262 -0.017207637 0.999808848
1305031107.811596 0.015050547 -0.016633144 0.014182167 -0.002045452 0.006827326 -0.017269157 0.999825478
1305031107.843332 0.016716737 -0.015835447 0.016035890 -0.004527653 0.006010516 -0.017908422 0.999811292
1305031107.875358 0.021008603 -0.018125145 0.019044673 -0.005834129 0.005983671 -0.021376073 0.999736547
1305031107.911541 0.023681737 -0.018160859 0.020915486 -0.004993523 0.008848688 -0.023475315 0.999672771
1305031107.943122 0.027727984 -0.019456990 0.022784475 -0.003431886 0.012009744 -0.023894018 0.999636471
1305031107.975807 0.033229265 -0.019417962 0.025086088 -0.000865991 0.015732566 -0.023542622 0.999598682
1305031108.011320 0.039993823 -0.018797897 0.026325481 0.003080628 0.020190638 -0.025108371 0.999476075
1305031108.043418 0.054306313 -0.019427972 0.027225692 0.005038658 0.024415942 -0.022976246 0.999425113
1305031108.075352 0.060569134 -0.019878851 0.031350210 0.006171757 0.034174718 -0.017663138 0.999240696
1305031108.111378 0.064970270 -0.020074982 0.034251548 0.008918853 0.040869795 -0.017765777 0.998966694
1305031108.143334 0.076532006 -0.017202487 0.036534771 0.011787701 0.042980965 -0.016388636 0.998871922
1305031108.176058 0.083972320 -0.010434857 0.039578833 0.012053733 0.046923287 -0.013140773 0.998739302
1305031108.211475 0.091508918 -0.013653134 0.042754550 0.006018387 0.048725136 -0.014285798 0.998691916
1305031108.243347 0.112013370 -0.021125725 0.043731708 0.003083012 0.047843602 -0.016092896 0.998720467
1305031108.275358 0.119195573 -0.013898078 0.046094783 0.005628339 0.052563835 -0.015359611 0.998483598
1305031108.311332 0.123287469 -0.011179176 0.048757304 0.002367429 0.055335946 -0.014411101 0.998360991
1305031108.343278 0.129401460 -0.006790661 0.053656783 -0.001793602 0.054262821 -0.012091978 0.998451889
1305031108.375410 0.135303900 -0.005478650 0.056705516 -0.006885571 0.052318279 -0.007356730 0.998579621
1305031108.411361 0.147081733 -0.005582091 0.059313625 -0.011893828 0.047375776 -0.000734785 0.998806000
1305031108.443610 0.156688914 -0.003898801 0.061847158 -0.015819574 0.046083618 0.005934824 0.998794675
1305031108.475471 0.168513939 -0.006855309 0.064050473 -0.019674150 0.044516873 0.012977564 0.998730540
1305031108.511378 0.186591804 -0.012064083 0.064450577 -0.020965220 0.044743590 0.017250232 0.998629510
1305031108.543737 0.197481558 -0.014142337 0.066884071 -0.017662039 0.051074140 0.016670952 0.998399496
1305031108.575414 0.203508094 -0.006416658 0.065879785 -0.011563071 0.057179384 0.015163387 0.998181760
1305031108.611407 0.217098251 -0.006188812 0.066527024 -0.011783450 0.061295640 0.015825402 0.997924626
1305031108.643303 0.223308921 -0.003408714 0.066543356 -0.011034453 0.067804307 0.017730772 0.997480035
1305031108.675375 0.238699883 -0.000244981 0.065459706 -0.013032668 0.070321381 0.021336911 0.997210979
1305031108.711411 0.243137583 -0.001688292 0.069347963 -0.017654054 0.079451099 0.025478646 0.996356726
1305031108.743502 0.247784004 -0.004413295 0.069671258 -0.020155856 0.084986970 0.026071830 0.995836973
1305031108.775493 0.254216284 -0.002350317 0.070594341 -0.020653464 0.088464923 0.028138431 0.995467544
1305031108.811244 0.255944461 -0.004542560 0.070862129 -0.023075385 0.092836067 0.033206079 0.994859934
1305031108.843264 0.256907463 -0.006774798 0.069973543 -0.022732863 0.093320116 0.039188799 0.994604826
1305031108.876515 0.256888658 -0.006292638 0.068314403 -0.020607624 0.090996951 0.044867992 0.994626462
1305031108.911364 0.256932914 -0.010440262 0.069161072 -0.019114101 0.087917864 0.049810655 0.994697928
1305031108.943243 0.252660900 -0.011812882 0.065354928 -0.014529439 0.085741729 0.050461579 0.994932592
1305031108.975268 0.256379008 -0.006790816 0.058918785 -0.008887114 0.077059343 0.049198091 0.995772243
1305031109.011269 0.257873356 -0.006539445 0.057762865 -0.009254267 0.071978278 0.048506401 0.996183038
1305031109.043277 0.252706379 -0.006488885 0.055386186 -0.008234493 0.071196660 0.046477064 0.996344864
1305031109.075410 0.244637832 -0.002043451 0.052643016 -0.008326343 0.069457144 0.040365469 0.996733189
1305031109.111282 0.239137620 -0.003020219 0.053615361 -0.012433671 0.067752175 0.037961956 0.996902168
1305031109.143334 0.217472672 -0.006051849 0.056512050 -0.014326742 0.070112005 0.033959426 0.996858001
1305031109.175464 0.212264478 0.000014130 0.055315875 -0.012061859 0.061995462 0.031615850 0.997502625
1305031109.211379 0.202923268 0.010776607 0.055811390 -0.013611997 0.057396308 0.034678303 0.997656167
1305031109.243290 0.192457825 0.005937788 0.054435179 -0.024094613 0.055552777 0.039496239 0.997383237
1305031109.275308 0.181544483 -0.002533454 0.055321172 -0.028677279 0.052061111 0.043185692 0.997297466
1305031109.311329 0.169221506 0.000944906 0.054240510 -0.024861788 0.043599315 0.043908052 0.997774065
1305031109.343248 0.154662684 0.004408105 0.051485591 -0.026854698 0.035377905 0.042529281 0.998107433
1305031109.375397 0.146954045 0.002413162 0.053204771 -0.029984886 0.026206454 0.041983776 0.998324335
1305031109.411329 0.136162952 0.003585255 0.050678793 -0.030107856 0.019606840 0.038642779 0.998606920
1305031109.443302 0.130197525 0.004347184 0.049147740 -0.033742480 0.012899455 0.031827327 0.998840392
1305031109.475363 0.119651437 0.001782241 0.048498809 -0.037354067 0.011223398 0.028700430 0.998826802
1305031109.511273 0.109446786 0.000607441 0.048815072 -0.037208438 0.008778688 0.024711560 0.998963356
1305031109.543294 0.098596513 0.002577241 0.047134697 -0.033622377 0.007405996 0.022160180 0.999161422
1305031109.575362 0.087322637 0.004663074 0.045675095 -0.032795936 0.007465988 0.022067798 0.999190509
1305031109.611310 0.076017015 0.005273825 0.042816576 -0.032794766 0.006388671 0.019808546 0.999245346
1305031109.643229 0.067037143 0.007058272 0.042062033 -0.032832261 0.005012697 0.018891035 0.999269783
1305031109.675263 0.053416520 0.006796246 0.037750166 -0.035684884 0.006024371 0.021049891 0.999123216
1305031109.711312 0.041407585 0.009174403 0.036459360 -0.037647601 0.003615055 0.020243118 0.999079525
1305031109.743274 0.030089922 0.010132883 0.036711890 -0.041847315 0.001193331 0.019165259 0.998939455
1305031109.775277 0.023758579 0.008560766 0.038913958 -0.045740321 -0.002020397 0.020067291 0.998749733
1305031109.811371 0.010362679 0.011232058 0.039144441 -0.047012493 -0.001813318 0.018816838 0.998715460
1305031109.843296 -0.000547978 0.012361526 0.040338688 -0.050042998 -0.004093891 0.017929474 0.998577774
1305031109.875306 -0.014647847 0.013575749 0.041419044 -0.053499952 -0.006107747 0.016571570 0.998411655
1305031109.911265 -0.025242865 0.011066111 0.045206144 -0.055465881 -0.011850423 0.010939324 0.998330295
1305031109.943299 -0.035325982 0.018775798 0.046187669 -0.054607335 -0.015035387 0.007282659 0.998368144
1305031109.975258 -0.048442908 0.018503422 0.049707532 -0.058985930 -0.016085714 0.002060914 0.998127103
1305031110.011256 -0.056942359 0.018245479 0.052485049 -0.061741069 -0.019363126 -0.004406951 0.997894645
1305031110.043299 -0.066151641 0.018435195 0.054970693 -0.064303637 -0.020620799 -0.011732204 0.997648299
1305031110.075319 -0.076828368 0.021336980 0.057524554 -0.065489642 -0.020786608 -0.016557030 0.997499287
1305031110.111325 -0.089443982 0.021709714 0.059834722 -0.070016906 -0.021212082 -0.021488754 0.997088730
1305031110.143432 -0.101100706 0.015870899 0.058318086 -0.073559962 -0.023770630 -0.025485320 0.996681690
1305031110.175641 -0.109300517 0.021794476 0.058584649 -0.073237546 -0.027398713 -0.026187658 0.996594071
1305031110.211637 -0.118290223 0.019597031 0.060990095 -0.077795997 -0.030437758 -0.028163726 0.996106505
1305031110.243323 -0.127099633 0.016892709 0.062476583 -0.079218134 -0.034660839 -0.028024381 0.995860279
1305031110.279321 -0.134117872 0.017302608 0.063968286 -0.077256389 -0.038893655 -0.029194726 0.995824516
1305031110.311404 -0.144312739 0.017757874 0.063284047 -0.074654400 -0.041451976 -0.030945819 0.995866895
1305031110.343355 -0.154141828 0.020940270 0.063110851 -0.072627135 -0.045520917 -0.031945694 0.995807528
1305031110.379281 -0.165624991 0.020296184 0.060572404 -0.072192505 -0.049974378 -0.035260316 0.995513678
1305031110.411469 -0.175682992 0.025904221 0.059051856 -0.070209809 -0.055620410 -0.038006023 0.995254993
1305031110.443260 -0.185557112 0.029629372 0.059724085 -0.073370829 -0.060673580 -0.041036915 0.994611204
1305031110.479331 -0.195360690 0.025803668 0.060532801 -0.077676937 -0.067619495 -0.047915239 0.993528068
1305031110.511429 -0.204306677 0.027368195 0.060602598 -0.077580534 -0.074922517 -0.051517714 0.992831171
1305031110.543408 -0.212121338 0.031853087 0.060161982 -0.077968374 -0.081328951 -0.054691680 0.992126703
1305031110.579426 -0.218345955 0.034797322 0.060844995 -0.081626207 -0.087478302 -0.058904335 0.991067588
1305031110.611307 -0.225010306 0.030842237 0.064534023 -0.087224945 -0.091501936 -0.063018605 0.989973664
1305031110.643418 -0.232099622 0.028409950 0.064211920 -0.086662881 -0.093566842 -0.065819852 0.989647686
1305031110.679606 -0.237753302 0.034996871 0.061769638 -0.084486209 -0.095858328 -0.067982301 0.989470422
1305031110.711412 -0.242162272 0.033824347 0.063959308 -0.088389009 -0.098057970 -0.069012523 0.988842428
1305031110.743249 -0.246079952 0.031047404 0.063027099 -0.089933269 -0.099954762 -0.070645683 0.988397837
1305031110.779193 -0.246799394 0.032617331 0.063131191 -0.089423940 -0.102661140 -0.071313255 0.988118649
1305031110.811386 -0.250686228 0.034095339 0.063167602 -0.089580230 -0.102013953 -0.073240757 0.988030553
1305031110.843218 -0.253250986 0.034985349 0.064480484 -0.090738863 -0.103770301 -0.075386614 0.987580419
1305031110.879313 -0.251598775 0.033531994 0.063577637 -0.091331273 -0.106821306 -0.074929237 0.987235248
1305031110.911333 -0.252319813 0.034639083 0.063968346 -0.091681108 -0.107287310 -0.075710468 0.987092674
1305031110.943862 -0.247812837 0.034697663 0.064708620 -0.091576882 -0.110630676 -0.076550148 0.986668468
1305031110.979345 -0.238449365 0.036872279 0.064964786 -0.090810396 -0.112261608 -0.076408528 0.986566007
1305031111.011431 -0.228821635 0.035223391 0.067153037 -0.092937045 -0.110035054 -0.075260267 0.986707091
1305031111.043327 -0.225887001 0.035842992 0.067414217 -0.091686442 -0.103285454 -0.073304266 0.987700462
1305031111.079283 -0.222035706 0.039746150 0.067320555 -0.091962010 -0.099592298 -0.071372896 0.988195479
1305031111.111508 -0.214203075 0.033471428 0.068129092 -0.095978774 -0.098235339 -0.068085410 0.988181293
1305031111.143257 -0.207050383 0.030603133 0.068412125 -0.095366850 -0.095887907 -0.066778108 0.988560259
1305031111.179326 -0.193275407 0.031432670 0.070105262 -0.092260174 -0.094676048 -0.066289663 0.989004612
1305031111.211433 -0.184836656 0.033653691 0.069880217 -0.089332148 -0.086312063 -0.062610209 0.990277708
1305031111.243236 -0.185146987 0.031353686 0.070407838 -0.089560091 -0.079864785 -0.063056096 0.990769684
1305031111.279308 -0.168019727 0.026546191 0.072294585 -0.087050892 -0.082569890 -0.060267918 0.990945101
1305031111.311547 -0.165055931 0.030196313 0.066223681 -0.082311094 -0.074726671 -0.056663074 0.992184520
1305031111.343397 -0.160405532 0.032345608 0.066513658 -0.084900036 -0.076203518 -0.056474112 0.991864741
1305031111.379134 -0.145458668 0.024049887 0.071099371 -0.087236494 -0.080931477 -0.052937310 0.991482496
1305031111.411296 -0.141485259 0.026491335 0.066664606 -0.081651434 -0.080044977 -0.052771792 0.992038786
1305031111.443386 -0.124191701 0.028199259 0.073495984 -0.080853648 -0.088936120 -0.056760699 0.991126239
1305031111.479259 -0.102164544 0.026537471 0.079924114 -0.077689707 -0.088297352 -0.056182966 0.991469324
1305031111.511264 -0.094722971 0.023517530 0.076407209 -0.074555427 -0.075766392 -0.055540584 0.992782056
1305031111.543250 -0.083562806 0.019250941 0.077446058 -0.072203100 -0.069840595 -0.054420315 0.993452311
1305031111.579237 -0.068969280 0.022695329 0.074533209 -0.067114376 -0.061649617 -0.047629736 0.994699121
1305031111.611271 -0.067169651 0.017420255 0.067584522 -0.070446633 -0.053447828 -0.041117422 0.995233595
1305031111.643395 -0.046101801 0.011616147 0.075197496 -0.068991870 -0.059689187 -0.033047188 0.995281458
1305031111.679320 -0.032056984 0.018763654 0.074425414 -0.061068457 -0.052872699 -0.024953961 0.996419787
1305031111.711760 -0.018608637 0.016912775 0.076685868 -0.061412986 -0.046488229 -0.023853162 0.996743858
1305031111.743386 0.004864130 0.015513882 0.085644431 -0.057778046 -0.041849453 -0.019612236 0.997259080
1305031111.779423 0.016664185 0.016652159 0.081028193 -0.053911749 -0.023668855 -0.015773507 0.998140514
1305031111.811406 0.018779937 0.012583524 0.078112766 -0.052939162 -0.005865936 -0.015018276 0.998467565
1305031111.843299 0.026528142 0.013261545 0.075186141 -0.048951883 0.005141427 -0.013060001 0.998702526
1305031111.879442 0.032461014 0.014513507 0.073011614 -0.048990700 0.013491374 -0.009010325 0.998667479
1305031111.911354 0.035542339 0.012527728 0.076745264 -0.048454612 0.015256064 -0.004094742 0.998700500
1305031111.943300 0.048162077 0.013732119 0.076940849 -0.046011429 0.010621591 0.004954506 0.998872161
1305031111.979449 0.065684311 0.015299420 0.077951863 -0.044376727 0.009200464 0.012099818 0.998899221
1305031112.011433 0.079405323 0.011814719 0.077956110 -0.043926019 0.015527957 0.012448640 0.998836517
1305031112.043270 0.093914822 0.010642867 0.076641344 -0.040867288 0.021611441 0.010430613 0.998876393
1305031112.079339 0.106871314 0.010600759 0.075374208 -0.038724300 0.032253433 0.010565924 0.998673379
1305031112.111423 0.111712813 0.009796436 0.074935868 -0.036347054 0.042025968 0.005128631 0.998441994
1305031112.144342 0.126588792 0.011363259 0.071399674 -0.035298094 0.044535801 -0.000414098 0.998383880
1305031112.179390 0.146734551 0.011275193 0.072133772 -0.037610754 0.052997589 -0.003392196 0.997880340
1305031112.211254 0.148123533 0.004920615 0.075122535 -0.039512511 0.066128202 -0.009280458 0.996985316
1305031112.243369 0.161498547 -0.001042034 0.077417366 -0.035826437 0.073837534 -0.013810340 0.996530890
1305031112.279353 0.160786569 0.000398675 0.079144090 -0.029643098 0.083435699 -0.016971255 0.995927572
1305031112.311312 0.170054257 -0.002592211 0.082417503 -0.024521898 0.085117847 -0.018333562 0.995900333
1305031112.343323 0.179393470 -0.000513733 0.081431195 -0.016753180 0.084874116 -0.016275268 0.996117890
1305031112.379360 0.188153893 0.000273970 0.080683902 -0.012137228 0.083302483 -0.012128901 0.996376574
1305031112.411442 0.199574724 0.001750805 0.079704255 -0.009094357 0.079987802 -0.007461234 0.996726453
1305031112.443391 0.214984074 -0.004084086 0.074931860 -0.008810299 0.076355182 -0.001538526 0.997040570
1305031112.479418 0.220108077 -0.002329745 0.074838243 -0.004845693 0.076033719 0.007869786 0.997062385
1305031112.511504 0.226045713 -0.003923373 0.074275538 -0.003579954 0.073115811 0.014806010 0.997207105
1305031112.543212 0.234717384 -0.004992917 0.073796965 -0.001372772 0.069425605 0.019039579 0.997404456
1305031112.579252 0.242991135 -0.003326122 0.073829815 0.001309696 0.065775663 0.025138689 0.997516870
1305031112.611261 0.259325206 0.000759340 0.070390590 0.002823299 0.061833028 0.031973582 0.997570217
1305031112.643246 0.267570496 0.000478526 0.070979409 -0.000208340 0.067050286 0.039372772 0.996972382
1305031112.679952 0.268859863 0.000272550 0.073003769 -0.002380207 0.074221253 0.042468302 0.996334255
1305031112.711251 0.271667540 0.002175888 0.072564438 -0.003823757 0.078190222 0.044215061 0.995950162
1305031112.743245 0.274200022 0.011447797 0.072373480 -0.005012168 0.081025109 0.048351932 0.995525956
1305031112.779310 0.271169364 0.006671077 0.074973263 -0.014356823 0.086362891 0.050438881 0.994882524
1305031112.811310 0.259142220 0.002872346 0.077211022 -0.017847652 0.090325221 0.047547136 0.994616568
1305031112.843286 0.259159952 0.009721147 0.076868095 -0.017341126 0.083805665 0.046521239 0.995244503
1305031112.879421 0.259953141 0.010591532 0.077673532 -0.020561753 0.079543278 0.049451154 0.995391726
1305031112.911411 0.251038849 0.009663934 0.077940814 -0.023689317 0.078335136 0.050746512 0.995352805
1305031112.943321 0.243011132 0.006947991 0.079592913 -0.026768722 0.074702434 0.049088873 0.995637119
1305031112.979278 0.241137847 0.007398077 0.078644477 -0.027030740 0.067612521 0.047410686 0.996217906
1305031113.011353 0.236678973 0.011119239 0.077099748 -0.027319310 0.064035378 0.047111962 0.996460497
1305031113.043231 0.228430212 0.009176274 0.076898769 -0.032401044 0.063492902 0.044397179 0.996467650
1305031113.079251 0.217929468 0.001115904 0.076698154 -0.035610341 0.062187362 0.039543595 0.996644855
1305031113.111316 0.208755165 0.006653118 0.074944906 -0.030882020 0.057112541 0.034459919 0.997294843
1305031113.143306 0.201589406 0.011791557 0.074307762 -0.031574123 0.054036982 0.032857146 0.997498631
1305031113.179343 0.190579653 0.004313853 0.073257051 -0.036752462 0.053487960 0.034126356 0.997308195
1305031113.211259 0.176533982 0.002764045 0.069413543 -0.035360936 0.049734026 0.035507359 0.997504532
1305031113.243227 0.161958456 0.006642225 0.067636445 -0.035904799 0.044682581 0.035210561 0.997734666
1305031113.279312 0.155677885 0.000835856 0.068717830 -0.039894525 0.037754565 0.037580382 0.997782946
1305031113.311452 0.138338789 -0.004843603 0.068595260 -0.036862709 0.033553783 0.040980622 0.997915745
1305031113.343252 0.125779510 0.001740142 0.065293275 -0.029409038 0.023550039 0.040056851 0.998486817
1305031113.379312 0.109918393 0.002289309 0.064668491 -0.032220203 0.016667176 0.035673670 0.998704851
1305031113.411625 0.102040075 -0.004006505 0.067887403 -0.033743415 0.007877954 0.037715234 0.998687565
1305031113.443266 0.083113976 0.002847476 0.066999488 -0.029033981 0.003719221 0.031448439 0.999076664
1305031113.479311 0.067727163 0.003856688 0.065005615 -0.031956214 -0.001619909 0.025416695 0.999164760
1305031113.511523 0.054204457 -0.000406767 0.065482020 -0.037606273 -0.006781207 0.023878142 0.998984277
1305031113.543242 0.042855646 -0.003961079 0.066122763 -0.040645067 -0.013439340 0.020816918 0.998866379
1305031113.579301 0.026142858 -0.000228852 0.064415470 -0.038849965 -0.015790747 0.015496003 0.999000072
1305031113.611268 0.016813593 -0.000077241 0.066626653 -0.041716076 -0.019770449 0.011036885 0.998872876
1305031113.643222 0.007295315 -0.000653525 0.066773415 -0.044515386 -0.020695293 0.007606944 0.998765349
1305031113.679288 -0.005083219 -0.001084561 0.067460604 -0.045591682 -0.019538606 0.003972125 0.998761177
1305031113.711931 -0.014048711 -0.002954588 0.068446882 -0.046536800 -0.019985124 -0.000583998 0.998716474
1305031113.743590 -0.024209803 -0.001105230 0.068978168 -0.045006920 -0.017663786 -0.005985348 0.998812556
1305031113.779320 -0.036317252 -0.002451298 0.069908999 -0.044341218 -0.014691231 -0.010487195 0.998853385
1305031113.811237 -0.045867682 -0.000952823 0.068740495 -0.042952482 -0.013929197 -0.012392199 0.998903155
1305031113.843295 -0.057147715 0.001482125 0.068784080 -0.042759690 -0.011302191 -0.016001321 0.998893321
1305031113.879281 -0.071026310 -0.004742719 0.070867449 -0.043637373 -0.009913319 -0.020707635 0.998783588
1305031113.911290 -0.079434812 -0.000225450 0.071175888 -0.038976982 -0.012056666 -0.020735931 0.998952210
1305031113.943291 -0.087661229 -0.000623978 0.072546557 -0.036673259 -0.010728259 -0.023311203 0.998997808
1305031113.979293 -0.100511007 0.000547840 0.072990164 -0.032892447 -0.008029833 -0.028595041 0.999017477
1305031114.011257 -0.114386991 0.001563424 0.072019346 -0.029576061 -0.006137856 -0.033618748 0.998978198
1305031114.043301 -0.128401265 0.001096546 0.071633637 -0.028489109 -0.007851724 -0.036003511 0.998914599
1305031114.079285 -0.141620100 -0.000013677 0.071236543 -0.026555626 -0.012438307 -0.036867771 0.998889804
1305031114.111263 -0.152483553 0.004701353 0.072425641 -0.022693807 -0.017920669 -0.040256564 0.998770893
1305031114.143284 -0.160713956 0.005464198 0.075198762 -0.022488143 -0.023791287 -0.043332629 0.998524189
1305031114.179337 -0.167251885 0.001247483 0.076560065 -0.021524744 -0.027600951 -0.045390323 0.998355925
1305031114.211303 -0.178748444 0.010581157 0.075426087 -0.016597508 -0.027128117 -0.047642093 0.998358071
1305031114.243337 -0.192828000 0.009163009 0.077028953 -0.019533368 -0.028215168 -0.051959839 0.998059392
1305031114.279390 -0.208560392 0.008996198 0.075987466 -0.019594289 -0.032235168 -0.054104444 0.997822464
1305031114.311429 -0.216795892 0.013072567 0.078396834 -0.019502465 -0.041021433 -0.053897947 0.997512877
1305031114.343331 -0.221016809 0.012047849 0.080280803 -0.020952189 -0.048433986 -0.056229748 0.997022212
1305031114.379320 -0.226525754 0.009923140 0.082342155 -0.021623520 -0.051488083 -0.060306173 0.996616602
1305031114.411397 -0.238403574 0.010983096 0.082418121 -0.020168321 -0.051835574 -0.065701663 0.996287942
1305031114.443345 -0.249481842 0.012489788 0.083332852 -0.020031333 -0.055047754 -0.067118220 0.996023893
1305031114.479332 -0.260859877 0.009963769 0.082438037 -0.021468066 -0.060959019 -0.068533093 0.995553315
1305031114.511266 -0.264338374 0.013402106 0.083801299 -0.020791925 -0.070264205 -0.070749395 0.994799078
1305031114.543236 -0.265538454 0.010509597 0.085166179 -0.024774574 -0.075939074 -0.069272622 0.994394720
1305031114.579237 -0.272340655 0.012219826 0.088622451 -0.025190623 -0.074613973 -0.065231040 0.994757771
1305031114.611391 -0.276785880 0.013954950 0.088030532 -0.027051482 -0.075358182 -0.062916785 0.994801879
1305031114.644136 -0.284986079 0.013557714 0.089387894 -0.031929810 -0.076038465 -0.062466618 0.994633913
1305031114.679251 -0.288833141 0.010918010 0.090528801 -0.035627089 -0.082190573 -0.063319489 0.993964851
1305031114.711306 -0.289391428 0.008229817 0.091562644 -0.037069626 -0.087288104 -0.062132679 0.993552268
1305031114.743200 -0.289901853 0.006392205 0.091577604 -0.036752399 -0.090762623 -0.066037983 0.993000686
1305031114.779289 -0.287102252 0.007536023 0.090184309 -0.034003634 -0.093617983 -0.068658262 0.992655754
1305031114.811303 -0.286181331 0.010425392 0.089371026 -0.033077631 -0.093554974 -0.069606207 0.992626965
1305031114.843208 -0.284891397 0.009797735 0.089672498 -0.033396944 -0.094493151 -0.072077341 0.992350996
1305031114.879281 -0.281817138 0.013117974 0.089111865 -0.032727886 -0.094907962 -0.071832806 0.992351472
1305031114.912879 -0.278729290 0.015221791 0.088506714 -0.033173464 -0.095353477 -0.072181664 0.992268622
1305031114.943234 -0.270366043 0.017579680 0.089374088 -0.034947626 -0.097072318 -0.073581301 0.991938233
1305031114.979280 -0.263641685 0.019981708 0.091115855 -0.036259312 -0.095745400 -0.073821202 0.992002249
1305031115.011300 -0.255535841 0.023499839 0.090668827 -0.039235853 -0.095795825 -0.074533939 0.991830826
1305031115.043508 -0.245785415 0.019196447 0.094458878 -0.044715323 -0.094987370 -0.074443340 0.991683483
1305031115.079238 -0.237657383 0.024251634 0.095734149 -0.044110857 -0.092109151 -0.075206265 0.991924465
1305031115.111230 -0.222860634 0.023947101 0.099782236 -0.047447931 -0.090663157 -0.073342636 0.992043257
1305031115.143275 -0.211995900 0.019896792 0.101682283 -0.050526742 -0.083166048 -0.071045950 0.992714942
1305031115.179440 -0.208630681 0.022240445 0.103190728 -0.051094070 -0.077390283 -0.070432551 0.993196547
1305031115.211374 -0.193298087 0.015373997 0.108165026 -0.054172408 -0.077933028 -0.066849284 0.993238628
1305031115.243297 -0.181852043 0.012992832 0.109930180 -0.050319050 -0.073072188 -0.063288361 0.994043767
1305031115.279966 -0.169989973 0.020330004 0.112588964 -0.046336036 -0.071075104 -0.058866002 0.994653761
1305031115.311704 -0.149987087 0.014157748 0.120196432 -0.048472401 -0.069981761 -0.052012272 0.995011389
1305031115.343235 -0.138285503 0.019810522 0.121533625 -0.041957241 -0.060702287 -0.048639242 0.996086895
1305031115.379166 -0.138505071 0.026171692 0.118428409 -0.044307325 -0.052647810 -0.044743996 0.996625841
1305031115.411237 -0.125308573 0.019936223 0.122477837 -0.053224087 -0.060185332 -0.041588228 0.995899260
1305031115.443159 -0.104686499 0.020018119 0.126837656 -0.056505017 -0.065589227 -0.035086319 0.995627522
1305031115.479241 -0.093586281 0.022272561 0.128386736 -0.059614573 -0.064461812 -0.029740700 0.995693862
1305031115.511253 -0.068094328 0.016831981 0.134441912 -0.064624555 -0.068731263 -0.025400300 0.995215774
1305031115.543604 -0.049680613 0.016898267 0.137402415 -0.063973218 -0.057706710 -0.018692419 0.996106386
1305031115.579315 -0.039628975 0.016139042 0.136295155 -0.063412718 -0.044501819 -0.012969097 0.996910334
1305031115.611424 -0.029461205 0.015303535 0.135297924 -0.062658742 -0.037142385 -0.007652692 0.997314274
1305031115.643254 -0.011757366 0.013604970 0.135781810 -0.061877862 -0.033226460 0.000435076 0.997530401
1305031115.679241 -0.004340963 0.011660583 0.130594820 -0.060999926 -0.027416350 0.011176686 0.997698545
1305031115.711320 0.010684321 0.015487223 0.133830950 -0.058540568 -0.028843449 0.019015230 0.997687042
1305031115.743250 0.032154497 0.014153467 0.135592118 -0.059268795 -0.026007473 0.025931371 0.997566223
1305031115.779425 0.045812923 0.012801103 0.131978318 -0.057763811 -0.015904125 0.033430312 0.997643650
1305031115.811277 0.062246867 0.011924238 0.126623258 -0.058555637 -0.008440192 0.042155430 0.997357965
1305031115.843224 0.074189104 0.012002379 0.128057063 -0.060848732 0.001432679 0.049488749 0.996918380
1305031115.879198 0.079067051 0.008579500 0.128310621 -0.060999379 0.010323765 0.057030488 0.996453702
1305031115.911118 0.092896275 0.014026843 0.131049082 -0.056725960 0.011853917 0.062229026 0.996378005
1305031115.943311 0.106028587 0.015601182 0.129242092 -0.057301152 0.017789582 0.069002688 0.995810628
1305031115.980740 0.118110918 0.016308013 0.129936919 -0.059215691 0.022637496 0.075326182 0.995141685
1305031116.011379 0.133203894 0.018770939 0.130070522 -0.060635954 0.029466122 0.078230321 0.994653225
1305031116.043164 0.148720652 0.020892873 0.132988855 -0.063630648 0.038986880 0.080430888 0.993962765
1305031116.080030 0.158461034 0.029264305 0.133553401 -0.064108297 0.048108157 0.083912805 0.993244350
1305031116.111300 0.166833818 0.028447261 0.136402339 -0.071624890 0.058448188 0.087409005 0.991873682
1305031116.143441 0.170860499 0.023805609 0.139184311 -0.078225136 0.069091275 0.089822821 0.990474164
1305031116.179572 0.181342736 0.026728697 0.140084550 -0.079179578 0.072437793 0.092768610 0.989887536
1305031116.211299 0.190755770 0.026690897 0.142424077 -0.084060714 0.077737197 0.096032165 0.988771200
1305031116.243320 0.203327566 0.023643486 0.144039586 -0.087989189 0.081396259 0.098837316 0.987858176
1305031116.279385 0.212596789 0.025165651 0.145200551 -0.087992266 0.089662217 0.101896659 0.986830831
1305031116.311336 0.217294157 0.025976911 0.143378094 -0.090465136 0.099001855 0.105633043 0.985320449
1305031116.343292 0.221295476 0.019044317 0.145502165 -0.094564967 0.106311992 0.109432481 0.983757973
1305031116.379384 0.222018838 0.019472472 0.145011798 -0.088406608 0.111228757 0.109321140 0.983799458
1305031116.411333 0.223280534 0.019015841 0.141777605 -0.085850306 0.113526762 0.111879438 0.983475685
1305031116.443369 0.226148888 0.021222010 0.138281584 -0.087119542 0.114256814 0.122010738 0.982073784
1305031116.479850 0.225393727 0.018355578 0.138031840 -0.088246241 0.116044283 0.125911310 0.981270909
1305031116.511205 0.222831756 0.016851045 0.134973586 -0.086854219 0.115371794 0.122297935 0.981931210
1305031116.543262 0.216684654 0.018387046 0.133151174 -0.083426572 0.116285816 0.117428899 0.982714653
1305031116.579313 0.206802398 0.019898154 0.130685225 -0.082697086 0.115790829 0.114549212 0.983174562
1305031116.611261 0.195398629 0.019958396 0.128929034 -0.080944985 0.112037867 0.108448185 0.984446228
1305031116.643355 0.187212959 0.020532826 0.125807881 -0.078783229 0.103050418 0.099838488 0.986512065
1305031116.679281 0.178977028 0.015316445 0.125631958 -0.082127579 0.095161073 0.090487383 0.987932920
1305031116.711634 0.166628167 0.019731672 0.124357641 -0.078733884 0.091507860 0.081356749 0.989347458
1305031116.743291 0.149281874 0.023926390 0.124536514 -0.077596210 0.090307862 0.069682881 0.990438104
1305031116.779298 0.137926549 0.022984333 0.123903647 -0.080522217 0.085699588 0.059070487 0.991303384
1305031116.811318 0.120136663 0.022442807 0.124145195 -0.079915524 0.084795967 0.051230282 0.991866231
1305031116.846089 0.105465554 0.020303646 0.120579548 -0.079076782 0.076335728 0.043162849 0.993003905
1305031116.880165 0.090709627 0.024245206 0.119693510 -0.078191526 0.067462571 0.037186425 0.993957758
1305031116.912044 0.077027880 0.025566313 0.120939210 -0.076888353 0.056661963 0.032462321 0.994898915
1305031116.943296 0.061686445 0.030421056 0.122753158 -0.075530641 0.043062847 0.025479591 0.995887280
1305031116.979351 0.044977032 0.028563477 0.118452415 -0.075838938 0.032974042 0.014621252 0.996467412
1305031117.011382 0.033548418 0.029667063 0.117126182 -0.074127428 0.020090755 0.005841336 0.997029245
1305031117.043261 0.016429801 0.033114627 0.111505590 -0.073275201 0.012591586 -0.000383678 0.997232199
1305031117.079520 0.004462506 0.035047699 0.108605765 -0.074843735 0.003668891 -0.006464513 0.997167528
1305031117.111238 -0.011161871 0.033463649 0.104056992 -0.078443959 -0.004216361 -0.007801949 0.996879101
1305031117.143218 -0.016351243 0.038921177 0.106867000 -0.079181239 -0.017149169 -0.007667565 0.996683240
1305031117.179264 -0.027101586 0.041557934 0.110054113 -0.081160225 -0.024949556 -0.012741730 0.996307254
1305031117.211361 -0.027587958 0.044698440 0.112959467 -0.081713706 -0.033740539 -0.015753357 0.995959997
1305031117.243277 -0.028690778 0.049450766 0.113586612 -0.083248787 -0.037207350 -0.017423810 0.995681524
1305031117.279299 -0.029206399 0.047366261 0.115515575 -0.088710323 -0.037571058 -0.022085253 0.995103598
1305031117.311200 -0.032924645 0.045153156 0.116806276 -0.092875518 -0.035051048 -0.023806505 0.994775772
1305031117.343243 -0.034418758 0.041335143 0.117077962 -0.095596567 -0.035354327 -0.024616174 0.994487464
1305031117.379454 -0.035751171 0.037724975 0.117047496 -0.095630050 -0.035128441 -0.024786005 0.994488060
1305031117.411221 -0.037906516 0.033331156 0.117370293 -0.094891958 -0.036136232 -0.024171228 0.994537771
1305031117.443274 -0.037615418 0.030655025 0.116397917 -0.092069626 -0.037981406 -0.023012292 0.994761765
1305031117.479403 -0.037934732 0.025037367 0.116059162 -0.091319263 -0.038876168 -0.021401143 0.994832337
1305031117.511325 -0.036999475 0.018470265 0.117106058 -0.089076944 -0.041215472 -0.019436127 0.994981825
1305031117.544285 -0.038676262 0.014166836 0.116693914 -0.084375151 -0.041347332 -0.019032454 0.995393872
1305031117.579155 -0.040082365 0.009755369 0.116443343 -0.081352599 -0.042507865 -0.020814316 0.995560944
1305031117.611159 -0.040470123 0.005027069 0.118435793 -0.080241196 -0.044289153 -0.020042913 0.995589316
1305031117.643252 -0.042130698 -0.002123676 0.120278753 -0.079141527 -0.045877602 -0.019207060 0.995621860
1305031117.679262 -0.042497538 -0.007356443 0.122481793 -0.079125464 -0.048674751 -0.018354023 0.995506406
1305031117.711184 -0.040766310 -0.015295165 0.126258090 -0.080501191 -0.052215546 -0.015944803 0.995258152
1305031117.743184 -0.042094562 -0.022153337 0.129497632 -0.080276594 -0.053810809 -0.013161709 0.995232046
1305031117.779467 -0.042092573 -0.027469577 0.131896347 -0.079763725 -0.056308821 -0.010844254 0.995163023
1305031117.811320 -0.039931245 -0.038158469 0.136785656 -0.082329571 -0.059470840 -0.008528035 0.994792581
1305031117.843291 -0.036347307 -0.046043009 0.141039178 -0.080536604 -0.060892623 -0.007308044 0.994863093
1305031117.879451 -0.036897928 -0.051742129 0.143481120 -0.078796662 -0.057666432 -0.007498595 0.995193183
1305031117.911407 -0.039091729 -0.061733849 0.147954628 -0.079297289 -0.055229668 -0.007825515 0.995289087
1305031117.943253 -0.038957313 -0.067307457 0.150474176 -0.077602737 -0.053427681 -0.008190726 0.995518088
1305031117.979228 -0.041504424 -0.073926479 0.153657436 -0.079307377 -0.050845437 -0.008508706 0.995516300
1305031118.011228 -0.040949702 -0.085461356 0.159978837 -0.082680069 -0.051186375 -0.008708287 0.995222628
1305031118.043521 -0.041155603 -0.092924833 0.164129108 -0.081790581 -0.049963627 -0.008480733 0.995360255
1305031118.079334 -0.039764088 -0.099604964 0.168845132 -0.081703469 -0.049599405 -0.009946027 0.995372057
1305031118.111217 -0.036512084 -0.109934345 0.173630103 -0.082424864 -0.046792615 -0.010795795 0.995439589
1305031118.143256 -0.039798081 -0.116195515 0.176178962 -0.080590017 -0.041061234 -0.012608956 0.995821416
1305031118.179323 -0.039216116 -0.125825524 0.181687191 -0.080912948 -0.038914587 -0.014259918 0.995859146
1305031118.211202 -0.043535367 -0.134593427 0.183478475 -0.078049801 -0.034748428 -0.013727056 0.996249139
1305031118.243173 -0.044664666 -0.142347932 0.185614079 -0.075407200 -0.035447598 -0.013794220 0.996427059
1305031118.279194 -0.043767009 -0.151223794 0.189915374 -0.072302848 -0.036269993 -0.014138682 0.996622741
1305031118.311299 -0.044530466 -0.157879218 0.192407310 -0.065967552 -0.036412828 -0.014234181 0.997055531
1305031118.343324 -0.043073185 -0.159767926 0.196509838 -0.060145196 -0.036074020 -0.014999431 0.997424781
1305031118.379208 -0.046361119 -0.168221772 0.197009891 -0.057215862 -0.033111919 -0.016930914 0.997668922
1305031118.411296 -0.047257200 -0.169729486 0.198122218 -0.053824998 -0.034796473 -0.016740344 0.997803509
1305031118.445692 -0.044429280 -0.172157839 0.199158639 -0.053933397 -0.035944156 -0.013967006 0.997799635
1305031118.479285 -0.044252083 -0.175455824 0.200800776 -0.054114390 -0.036450028 -0.011766623 0.997799873
1305031118.511255 -0.043372016 -0.172325596 0.201026469 -0.050693657 -0.036789127 -0.010983328 0.997976005
1305031118.544414 -0.041836977 -0.167521238 0.201396137 -0.050773691 -0.036675721 -0.011376246 0.997971714
1305031118.579285 -0.040747367 -0.166450500 0.202123865 -0.053086344 -0.035873599 -0.011687178 0.997876942
1305031118.616142 -0.038615856 -0.161833182 0.201090708 -0.052822977 -0.034583688 -0.013669252 0.997911274
1305031118.645325 -0.039308712 -0.152218699 0.199957520 -0.051705375 -0.032202989 -0.015834648 0.998017430
1305031118.679295 -0.040842712 -0.148735076 0.197172165 -0.055532161 -0.030248590 -0.018073307 0.997834921
1305031118.711421 -0.042688567 -0.147445455 0.195088819 -0.057655998 -0.029803900 -0.021323031 0.997663677
1305031118.746770 -0.046038702 -0.135040879 0.192785129 -0.052696701 -0.031083105 -0.019690938 0.997932434
1305031118.779277 -0.042426728 -0.119992010 0.187974870 -0.052523486 -0.036200598 -0.018572677 0.997790515
1305031118.811221 -0.040795378 -0.121932939 0.188328058 -0.060010262 -0.038993910 -0.020819111 0.997218549
1305031118.846753 -0.037524987 -0.114788398 0.183837175 -0.056255069 -0.039970811 -0.019809691 0.997419298
1305031118.879208 -0.037900589 -0.094946459 0.175162345 -0.050668649 -0.037061457 -0.022006039 0.997784972
1305031118.911177 -0.038339764 -0.091506042 0.172647044 -0.055107895 -0.035956394 -0.024454700 0.997533083
1305031118.946974 -0.037415385 -0.081681482 0.166888997 -0.053759564 -0.034949377 -0.025910186 0.997605681
1305031118.979374 -0.039048091 -0.068012990 0.159533486 -0.052813862 -0.033220261 -0.030064072 0.997598767
1305031119.011363 -0.040002130 -0.059791844 0.155523047 -0.056586359 -0.033342954 -0.032038771 0.997326314
1305031119.047172 -0.042368360 -0.053018354 0.150514841 -0.058925197 -0.033001389 -0.032805201 0.997177303
1305031119.079223 -0.044686776 -0.044135347 0.144602567 -0.058817439 -0.034459326 -0.033128805 0.997123659
1305031119.111328 -0.045491353 -0.036132123 0.139487118 -0.058934540 -0.037682243 -0.032620337 0.997016907
1305031119.147616 -0.046760470 -0.025969267 0.133667365 -0.058358837 -0.040611036 -0.031376608 0.996975660
1305031119.179226 -0.045784585 -0.022081897 0.130102888 -0.059981126 -0.045443814 -0.031336825 0.996672034
1305031119.211364 -0.043631271 -0.011813121 0.125548705 -0.056292932 -0.048148584 -0.029508919 0.996815979
1305031119.247399 -0.044696584 -0.002780071 0.121424183 -0.055113371 -0.048944227 -0.028819544 0.996863306
1305031119.279212 -0.044059478 0.005710443 0.116909370 -0.054592356 -0.050126474 -0.028846804 0.996832430
1305031119.311212 -0.045028426 0.012607217 0.112603329 -0.054779362 -0.049979471 -0.026371360 0.996898115
1305031119.347741 -0.045653015 0.018191151 0.108973667 -0.054530215 -0.051548377 -0.023976453 0.996892333
1305031119.379239 -0.045671448 0.030208677 0.105165817 -0.052047882 -0.053611960 -0.023710508 0.996922553
1305031119.411484 -0.041773167 0.037707143 0.104000978 -0.053003594 -0.055153552 -0.022772858 0.996809959
1305031119.447706 -0.041951947 0.043986972 0.101155132 -0.054041505 -0.052551888 -0.022448642 0.996902108
1305031119.479267 -0.043188252 0.055269632 0.098028436 -0.050892640 -0.050023954 -0.023235299 0.997179866
1305031119.511240 -0.045236222 0.063866779 0.094586723 -0.052041847 -0.048022494 -0.022694074 0.997231424
1305031119.547382 -0.044883132 0.073068015 0.091754563 -0.052839410 -0.048212472 -0.020974293 0.997217953
1305031119.579559 -0.043176569 0.086390920 0.088989601 -0.052734986 -0.047783542 -0.020920433 0.997245252
1305031119.615017 -0.044666003 0.091404796 0.087820739 -0.057689484 -0.045307159 -0.020156482 0.997102261
1305031119.647903 -0.046452027 0.104612358 0.085880876 -0.057963166 -0.044206247 -0.019264111 0.997153461
1305031119.679208 -0.042754095 0.114475265 0.084151581 -0.061520692 -0.043587606 -0.020851308 0.996935546
1305031119.715232 -0.045416780 0.122462347 0.083120674 -0.066834994 -0.037840914 -0.018993493 0.996865273
1305031119.747193 -0.050486661 0.128309980 0.080616266 -0.070944175 -0.034023330 -0.014386054 0.996796072
1305031119.779169 -0.051334515 0.136327520 0.080708183 -0.073296726 -0.035475764 -0.012168073 0.996604741
1305031119.814537 -0.049494449 0.144002199 0.079246536 -0.075246967 -0.037262384 -0.008123583 0.996435344
1305031119.847429 -0.048438389 0.152183354 0.078221649 -0.077268839 -0.036751349 -0.003768682 0.996325552
1305031119.879214 -0.047713269 0.155657247 0.078390628 -0.078801125 -0.035491731 -0.003589186 0.996251881
1305031119.911401 -0.049557913 0.169498980 0.075616598 -0.074834809 -0.032804232 -0.003434869 0.996650338
1305031119.947392 -0.048941068 0.175422788 0.074510470 -0.078953020 -0.031547476 -0.003197765 0.996373892
1305031119.979537 -0.048235949 0.176822528 0.072912946 -0.082701072 -0.028664239 -0.003270371 0.996156693
1305031120.015264 -0.049655363 0.188818857 0.070937335 -0.083111987 -0.025073808 -0.001518746 0.996223569
1305031120.047290 -0.053544164 0.184708849 0.070775352 -0.094217680 -0.022418756 -0.000334358 0.995299101
1305031120.079418 -0.054827791 0.184475839 0.069324359 -0.096193939 -0.024004921 0.001369641 0.995072186
1305031120.115232 -0.053703927 0.188433334 0.069984898 -0.096163407 -0.027123349 0.003857227 0.994988501
1305031120.148157 -0.051379025 0.183582842 0.070790052 -0.100323103 -0.028918207 0.004172677 0.994525850
1305031120.179246 -0.049997259 0.178928316 0.071024083 -0.100578174 -0.028924249 0.007434263 0.994480908
1305031120.215249 -0.050201539 0.173786029 0.072126567 -0.097271360 -0.028963016 0.007063356 0.994811356
1305031120.248003 -0.049361601 0.171562523 0.072898187 -0.092833869 -0.029371416 0.005162174 0.995234966
1305031120.279430 -0.050281364 0.166364864 0.073871404 -0.089977965 -0.028041251 0.003057500 0.995544255
1305031120.315196 -0.050762564 0.158254087 0.075355597 -0.088826843 -0.027267525 0.000705867 0.995673537
1305031120.347787 -0.050676808 0.152399406 0.077591643 -0.085048802 -0.026800252 -0.001124860 0.996015668
1305031120.379437 -0.049854800 0.143123016 0.080793336 -0.084796712 -0.027490791 -0.001604979 0.996017694
1305031120.415445 -0.047409043 0.129019469 0.085597530 -0.081280790 -0.029438075 -0.001771657 0.996254861
1305031120.447417 -0.047184296 0.125546753 0.087527931 -0.073030740 -0.030144049 -0.001718277 0.996872604
1305031120.479432 -0.046884440 0.113996223 0.091822691 -0.072042443 -0.031006159 -0.001745101 0.996918023
1305031120.514819 -0.048434645 0.104771130 0.095720500 -0.065908626 -0.032120630 0.000205588 0.997308552
1305031120.547736 -0.048512120 0.097019039 0.099077001 -0.059779916 -0.035134211 0.002378575 0.997590244
1305031120.579551 -0.048638605 0.093666390 0.101023078 -0.055296443 -0.038963933 0.005613327 0.997693658
1305031120.615236 -0.047012672 0.083202213 0.105853386 -0.053594459 -0.043978345 0.008193831 0.997560203
1305031120.647354 -0.045303717 0.077888809 0.109142117 -0.047858883 -0.047409020 0.008746756 0.997690022
1305031120.679318 -0.044348434 0.071289532 0.113377452 -0.045610640 -0.049122471 0.009543756 0.997705162
1305031120.714522 -0.044826295 0.063538462 0.116291881 -0.043908659 -0.049329367 0.010004728 0.997766733
1305031120.747369 -0.045477550 0.055315312 0.119301483 -0.043335244 -0.051302299 0.010254170 0.997689784
1305031120.779894 -0.042559396 0.045811258 0.124417335 -0.042140264 -0.054781295 0.010653553 0.997551858
1305031120.814944 -0.043024048 0.040892608 0.124767534 -0.038729675 -0.054467976 0.009617108 0.997717798
1305031120.847921 -0.042456642 0.032340936 0.128804058 -0.040234264 -0.055774342 0.007891589 0.997601211
1305031120.883435 -0.039679457 0.022781787 0.132786542 -0.038949002 -0.056708556 0.006390576 0.997610271
1305031120.915444 -0.041252516 0.018701620 0.133701488 -0.036463145 -0.054492004 0.004317844 0.997838855
1305031120.947488 -0.041665852 0.009709019 0.136371747 -0.037321046 -0.054059383 0.002234967 0.997837543
1305031120.983366 -0.042426497 0.001062343 0.138633236 -0.037556056 -0.053767268 0.000020362 0.997847021
1305031121.015019 -0.042773165 -0.007378970 0.140806168 -0.036436640 -0.054333407 -0.001248401 0.997857034
1305031121.047498 -0.043299545 -0.012427384 0.141991019 -0.035200167 -0.053949226 -0.002222934 0.997920573
1305031121.083099 -0.044426315 -0.023557246 0.144782871 -0.035634711 -0.054960784 -0.003512619 0.997846246
1305031121.114696 -0.043160964 -0.029112225 0.146244019 -0.032688644 -0.056916643 -0.002744816 0.997839868
1305031121.147331 -0.044495225 -0.036234088 0.147554830 -0.031023754 -0.057066616 -0.003629195 0.997881591
1305031121.183271 -0.045097418 -0.045102254 0.149481699 -0.029985547 -0.058261093 -0.004403832 0.997841239
1305031121.211420 -0.042172916 -0.052744117 0.153287619 -0.027779417 -0.059326895 -0.003965839 0.997844100
1305031121.247194 -0.045895230 -0.058900163 0.152644098 -0.025745502 -0.056221645 -0.005206701 0.998072743
1305031121.282876 -0.046242081 -0.068925120 0.155475661 -0.027020831 -0.057626661 -0.004101171 0.997964025
1305031121.313568 -0.045084931 -0.077987343 0.159505308 -0.024879020 -0.058401037 -0.003305482 0.997977674
1305031121.347517 -0.048324753 -0.084231347 0.159305155 -0.022898255 -0.058154251 -0.002351224 0.998042166
1305031121.383226 -0.044945609 -0.094437420 0.163854390 -0.022435093 -0.061025385 -0.001549629 0.997882843
1305031121.414318 -0.045792848 -0.099734440 0.166184738 -0.017215390 -0.059864495 -0.002930983 0.998053730
1305031121.447319 -0.046545424 -0.105912790 0.168560892 -0.015991177 -0.059327926 -0.002456413 0.998107433
1305031121.482964 -0.042744137 -0.118277684 0.174324468 -0.016404158 -0.059008662 -0.000413996 0.998122633
1305031121.514107 -0.047189653 -0.122827627 0.171015754 -0.012477148 -0.055163357 -0.000465666 0.998399258
1305031121.547270 -0.047126099 -0.126764655 0.173666820 -0.013086312 -0.055292103 0.000268396 0.998384416
1305031121.583204 -0.045967661 -0.137450606 0.178145811 -0.016065756 -0.054597735 -0.000369241 0.998379111
1305031121.614700 -0.045483146 -0.140531331 0.180167466 -0.013698882 -0.053058233 -0.001619776 0.998496115
1305031121.647183 -0.043873936 -0.143697634 0.182238296 -0.012451664 -0.049577538 -0.003705446 0.998685777
1305031121.683200 -0.047791347 -0.151469469 0.183810666 -0.015474744 -0.044513244 -0.005615672 0.998873115
1305031121.714520 -0.050260197 -0.158002719 0.184138015 -0.016346829 -0.042906441 -0.004646279 0.998934567
1305031121.747145 -0.050269209 -0.161368906 0.186516866 -0.017882954 -0.042829718 -0.004204514 0.998913467
1305031121.782835 -0.049291477 -0.168540537 0.189050645 -0.020609679 -0.042774297 -0.002090972 0.998870015
1305031121.811540 -0.047340266 -0.170811430 0.192564249 -0.021428922 -0.042508908 0.000121145 0.998866260
1305031121.847335 -0.048837431 -0.172609180 0.193075791 -0.022880292 -0.040162768 0.002552162 0.998927891
1305031121.882060 -0.049386118 -0.175675407 0.193250477 -0.025661932 -0.039649125 0.008597239 0.998847067
1305031121.914931 -0.050197866 -0.176733106 0.192726076 -0.027715147 -0.041033257 0.010977551 0.998713017
1305031121.947288 -0.047602288 -0.176059783 0.194578514 -0.027344169 -0.044191241 0.010602926 0.998592496
1305031121.982926 -0.046580780 -0.171636730 0.194146901 -0.026458753 -0.044150390 0.010392640 0.998620391
1305031122.014256 -0.048560120 -0.169723064 0.192170739 -0.027196467 -0.043261942 0.007981524 0.998661637
1305031122.047306 -0.048637681 -0.165001675 0.190699682 -0.025792578 -0.044647142 0.004604932 0.998659194
1305031122.082959 -0.047361437 -0.160149902 0.189221442 -0.025128469 -0.045659587 0.000925412 0.998640537
1305031122.114672 -0.048196401 -0.150731966 0.185960099 -0.022644512 -0.045365937 -0.002555522 0.998710454
1305031122.150725 -0.046909101 -0.143705666 0.184024975 -0.023017893 -0.046159212 -0.007594896 0.998640001
1305031122.183042 -0.046630770 -0.135569140 0.180731073 -0.021002980 -0.045144442 -0.012666354 0.998679340
1305031122.214959 -0.046966624 -0.117462993 0.174275681 -0.020310445 -0.043370001 -0.017763752 0.998694658
1305031122.251319 -0.048487842 -0.112784259 0.173778534 -0.026619848 -0.042260341 -0.021552270 0.998519361
1305031122.283560 -0.049883816 -0.101359770 0.169967338 -0.026117541 -0.042784363 -0.023107549 0.998475552
1305031122.314289 -0.052301757 -0.085134909 0.162693217 -0.029610865 -0.043936927 -0.027942520 0.998204350
1305031122.351327 -0.052765917 -0.081084259 0.160868853 -0.037098963 -0.046067387 -0.030097550 0.997795343
1305031122.382630 -0.054641157 -0.071310960 0.154946685 -0.041367747 -0.047425296 -0.030931856 0.997538328
1305031122.414997 -0.057049699 -0.066875644 0.150179893 -0.046415437 -0.050647333 -0.031549811 0.997138441
1305031122.451257 -0.056684054 -0.055580646 0.146408349 -0.047213368 -0.055620480 -0.029856818 0.996888041
1305031122.483360 -0.056838445 -0.048656259 0.142051935 -0.050617915 -0.060492523 -0.030001909 0.996432841
1305031122.515097 -0.055139199 -0.038995970 0.138837084 -0.051053349 -0.065036297 -0.031043362 0.996092439
1305031122.551490 -0.052240938 -0.030849319 0.134260431 -0.052628003 -0.066923484 -0.032448817 0.995840669
1305031122.583208 -0.052074339 -0.022799738 0.130824074 -0.053867646 -0.065708004 -0.033567451 0.995818198
1305031122.614980 -0.056843929 -0.016401982 0.126470745 -0.054673962 -0.063903667 -0.033804849 0.995883644
1305031122.648788 -0.055556990 -0.006874345 0.123124294 -0.052836012 -0.066562012 -0.032462992 0.995853424
1305031122.683402 -0.056629445 0.001969688 0.118650056 -0.052004874 -0.067171827 -0.031398810 0.995890319
1305031122.715208 -0.058674995 0.010640692 0.115209565 -0.051694851 -0.069114938 -0.028521536 0.995860100
1305031122.751298 -0.055978894 0.023058869 0.111907430 -0.049848113 -0.072767265 -0.027892133 0.995711863
1305031122.783423 -0.055491213 0.034890812 0.108950101 -0.051548585 -0.073143736 -0.028495997 0.995580614
1305031122.812555 -0.053358451 0.040829200 0.107725054 -0.057100397 -0.073236831 -0.029236967 0.995249271
1305031122.851418 -0.048867628 0.048334941 0.106464855 -0.058765121 -0.071333371 -0.030965755 0.995238364
1305031122.883754 -0.051854290 0.059166085 0.103603438 -0.060096603 -0.063636862 -0.030544754 0.995693624
1305031122.914571 -0.055851340 0.061828490 0.102004603 -0.065178245 -0.059487596 -0.029748688 0.995654583
1305031122.951341 -0.055852652 0.066829264 0.099937126 -0.066478394 -0.058825735 -0.028965546 0.995631039
1305031122.982815 -0.058018059 0.075947955 0.096063130 -0.066979446 -0.057834938 -0.025282590 0.995755851
1305031123.015450 -0.057604991 0.080219083 0.094801173 -0.069989786 -0.059151657 -0.022460168 0.995539069
1305031123.051827 -0.055241596 0.084892675 0.094070315 -0.069916695 -0.059996352 -0.020744981 0.995530844
1305031123.082975 -0.055652980 0.095542543 0.090738267 -0.067748502 -0.058886144 -0.018090256 0.995798826
1305031123.113873 -0.055617750 0.104938626 0.088543482 -0.069611296 -0.057685979 -0.015841916 0.995778918
1305031123.150822 -0.057158541 0.110574141 0.087177113 -0.072623417 -0.056171082 -0.015864907 0.995649993
1305031123.182155 -0.053537421 0.120877184 0.086631954 -0.073466845 -0.056224711 -0.014761404 0.995602071
1305031123.214704 -0.052529946 0.131524608 0.085699573 -0.075924002 -0.051900212 -0.015638854 0.995639145
1305031123.250618 -0.054078288 0.145116344 0.084455699 -0.077939585 -0.047396146 -0.016444378 0.995695055
1305031123.282347 -0.052546203 0.152595401 0.084297255 -0.086282715 -0.045036804 -0.013611359 0.995159149
1305031123.311327 -0.051638186 0.158705860 0.084754795 -0.091936052 -0.041418266 -0.012807411 0.994820714
1305031123.350481 -0.051749945 0.167519748 0.083846942 -0.095309496 -0.037035760 -0.012201035 0.994683683
1305031123.382255 -0.049735170 0.175317049 0.083904639 -0.099302784 -0.033415169 -0.008243226 0.994461894
1305031123.411363 -0.050868493 0.178878337 0.083241984 -0.103567883 -0.027846601 -0.006579924 0.994210720
1305031123.451255 -0.051376805 0.186937779 0.082352288 -0.104492240 -0.025118757 -0.005077173 0.994195521
1305031123.483594 -0.050112911 0.195621639 0.080706626 -0.107031308 -0.023717005 -0.000486818 0.993972600
1305031123.511360 -0.048793461 0.199319109 0.079986677 -0.111132875 -0.022644795 0.002355253 0.993544757
1305031123.551513 -0.048461031 0.206710264 0.079057328 -0.111683212 -0.022765685 0.004606759 0.993472397
1305031123.579583 -0.046304189 0.210687220 0.078361683 -0.114860684 -0.023359736 0.008133687 0.993073583
1305031123.611335 -0.044114605 0.219311610 0.076684438 -0.114147685 -0.022873757 0.009620375 0.993153811
1305031123.652411 -0.042690456 0.223184109 0.075921141 -0.119050860 -0.021274127 0.009378690 0.992615938
1305031123.683753 -0.042036958 0.229116887 0.075497687 -0.122238383 -0.017740456 0.010296191 0.992288768
1305031123.711323 -0.041363824 0.234776706 0.074823648 -0.125817537 -0.014248865 0.011664838 0.991882503
1305031123.751723 -0.041449990 0.235758588 0.073736273 -0.130361602 -0.012001878 0.013827985 0.991297424
1305031123.783858 -0.041348614 0.240193605 0.072906993 -0.130521178 -0.012456192 0.015283887 0.991249442
1305031123.811608 -0.041315142 0.241312101 0.072285384 -0.131658152 -0.012585545 0.016542617 0.991077244
1305031123.851444 -0.040971786 0.241169572 0.071825743 -0.133051023 -0.012767766 0.018482400 0.990854621
1305031123.883786 -0.042944595 0.236682311 0.070639879 -0.135301322 -0.012747445 0.019560475 0.990529358
1305031123.911243 -0.041705202 0.238822863 0.070923567 -0.129697800 -0.015059335 0.018782411 0.991261303
1305031123.951442 -0.041644052 0.236077279 0.071110561 -0.130729169 -0.015532900 0.019911913 0.991096437
1305031123.983415 -0.043059878 0.225140169 0.071592599 -0.137361303 -0.016644225 0.021866122 0.990139723
1305031124.011302 -0.042933300 0.221837968 0.073689938 -0.131223217 -0.020870766 0.022163941 0.990885258
1305031124.051505 -0.044404343 0.218188465 0.074471287 -0.127009988 -0.022938494 0.022382312 0.991383553
1305031124.083837 -0.044523384 0.213963702 0.077359527 -0.125597954 -0.025786586 0.022981757 0.991479695
1305031124.111331 -0.044095468 0.203141496 0.080557346 -0.122158997 -0.028977580 0.021683807 0.991850436
1305031124.147446 -0.043198500 0.203949630 0.082602851 -0.113122031 -0.030973779 0.019554615 0.992905676
1305031124.182694 -0.042644709 0.193130463 0.084928855 -0.115020245 -0.032377351 0.017515317 0.992680848
1305031124.211396 -0.039359722 0.180507541 0.088978864 -0.111919612 -0.035635289 0.015705107 0.992953897
1305031124.249327 -0.042831242 0.178196147 0.089093432 -0.104534753 -0.034798328 0.015243587 0.993795335
1305031124.282545 -0.044428177 0.171323597 0.090674810 -0.104443036 -0.038158879 0.014932866 0.993686318
1305031124.311361 -0.041093886 0.159185618 0.094465733 -0.103000596 -0.044182371 0.014823176 0.993588984
1305031124.350354 -0.042432521 0.156893030 0.095423393 -0.094999067 -0.046690971 0.013806888 0.994285941
1305031124.382420 -0.039497547 0.145506784 0.098366141 -0.093872465 -0.050570201 0.012708768 0.994217813
1305031124.411439 -0.039351739 0.135221407 0.099835046 -0.089899093 -0.051955357 0.011809314 0.994524658
1305031124.450245 -0.040989161 0.129033089 0.100799277 -0.081550620 -0.052005857 0.009439086 0.995266676
1305031124.480099 -0.041324504 0.118697084 0.102436900 -0.076385140 -0.052952092 0.007326589 0.995644331
1305031124.511324 -0.042157903 0.113057151 0.103253931 -0.068437144 -0.054355640 0.005192755 0.996160030
1305031124.550437 -0.042250484 0.103563450 0.104827486 -0.065084368 -0.056067538 0.002476286 0.996300340
1305031124.579404 -0.042561401 0.092814095 0.107455812 -0.062191952 -0.058514416 0.000296297 0.996347368
1305031124.611358 -0.041668367 0.081838362 0.109749362 -0.058581214 -0.061461583 -0.001459959 0.996387780
1305031124.651271 -0.042211138 0.074214809 0.111495122 -0.054372091 -0.063278794 -0.003178210 0.996508598
1305031124.679362 -0.040086232 0.062743701 0.115743645 -0.051318146 -0.066296391 -0.005082593 0.996466398
1305031124.711251 -0.039472915 0.054579608 0.118361019 -0.047004353 -0.066609502 -0.006360575 0.996651053
1305031124.749890 -0.041122690 0.042773195 0.122042261 -0.045921214 -0.066184893 -0.009081778 0.996708751
1305031124.779365 -0.041550756 0.033428442 0.124903187 -0.042649880 -0.067249231 -0.009248797 0.996781290
1305031124.811360 -0.040610962 0.024322549 0.128775179 -0.040993888 -0.068789877 -0.009184333 0.996746242
1305031124.850535 -0.041774910 0.010802491 0.133280322 -0.042405751 -0.069463186 -0.010371385 0.996628821
1305031124.879355 -0.038366586 -0.000528124 0.139093980 -0.041063651 -0.071097113 -0.010841609 0.996564806
1305031124.911448 -0.039305717 -0.005437488 0.142088041 -0.038209792 -0.068011522 -0.011115830 0.996890604
1305031124.950730 -0.039276607 -0.014676335 0.147776291 -0.041321147 -0.066905998 -0.011249322 0.996839821
1305031124.979438 -0.041004121 -0.029488754 0.152456924 -0.041930906 -0.065475538 -0.009855019 0.996924102
1305031125.011454 -0.043395631 -0.037862897 0.155080348 -0.037256405 -0.067019776 -0.009004033 0.997015178
1305031125.050763 -0.038934659 -0.041582190 0.159641549 -0.034371644 -0.071087003 -0.006914319 0.996853769
1305031125.079364 -0.039829418 -0.051388931 0.163529038 -0.035929058 -0.069710106 -0.004221034 0.996911108
1305031125.111364 -0.040792465 -0.061525993 0.167989627 -0.035698593 -0.070705302 -0.003237963 0.996852994
1305031125.151013 -0.039311737 -0.068189293 0.171095759 -0.031696860 -0.071706861 -0.005219024 0.996908307
1305031125.179353 -0.040939704 -0.069918334 0.172627583 -0.030565733 -0.068476915 -0.004486629 0.997174263
1305031125.211320 -0.043245643 -0.081592485 0.176734850 -0.035241138 -0.066495501 -0.004879101 0.997152209
1305031125.250632 -0.044287100 -0.092618436 0.179130360 -0.034445047 -0.066213086 -0.007452167 0.997182965
1305031125.279467 -0.044436742 -0.095436700 0.180280685 -0.030769603 -0.066272072 -0.008302163 0.997292519
1305031125.311493 -0.044416144 -0.104939938 0.184734881 -0.031734787 -0.064867347 -0.007636657 0.997359931
1305031125.348880 -0.046673357 -0.108799994 0.185499147 -0.027325973 -0.062961653 -0.010741121 0.997583985
1305031125.379401 -0.042799458 -0.111987308 0.190427840 -0.027214494 -0.062785998 -0.014112292 0.997556090
1305031125.411335 -0.042791337 -0.115398474 0.192945406 -0.026794612 -0.056499045 -0.015019553 0.997929990
1305031125.451195 -0.045854907 -0.121497437 0.194458038 -0.030285550 -0.050134823 -0.017425090 0.998131096
1305031125.479424 -0.044998158 -0.129011974 0.197814837 -0.030835923 -0.046895210 -0.018833971 0.998246074
1305031125.511316 -0.046309017 -0.128687233 0.197300687 -0.029397000 -0.042524301 -0.019358508 0.998475194
1305031125.551020 -0.046028361 -0.132354766 0.198328659 -0.030994220 -0.039585765 -0.021260921 0.998509049
1305031125.579308 -0.045093276 -0.134372368 0.199186593 -0.032651767 -0.036495376 -0.023428747 0.998525441
1305031125.611533 -0.046255056 -0.139741033 0.199408069 -0.033302043 -0.032799855 -0.023552168 0.998629272
1305031125.650575 -0.051056191 -0.142293870 0.194795921 -0.029303167 -0.030628212 -0.021089379 0.998878598
1305031125.679328 -0.054750819 -0.135613367 0.189424261 -0.023793299 -0.033395041 -0.020499028 0.998948634
1305031125.711443 -0.051076353 -0.137242943 0.189265370 -0.023476928 -0.040404420 -0.018458722 0.998737037
1305031125.751260 -0.049110349 -0.126098230 0.185337737 -0.016582873 -0.043207169 -0.016807387 0.998787105
1305031125.779348 -0.047694780 -0.120470852 0.183581159 -0.016713876 -0.044741794 -0.019535026 0.998667717
1305031125.811573 -0.046401560 -0.111848965 0.179870754 -0.015308535 -0.044278394 -0.020704851 0.998687327
1305031125.847412 -0.047276285 -0.106000133 0.177219376 -0.017480267 -0.042418454 -0.022748416 0.998687983
1305031125.879318 -0.049176969 -0.099703155 0.172437236 -0.017623805 -0.042229068 -0.023110313 0.998685181
1305031125.911305 -0.053040396 -0.087487109 0.167550921 -0.019329850 -0.043823820 -0.022325650 0.998602748
1305031125.947343 -0.055218898 -0.085153162 0.163762942 -0.024076240 -0.049617458 -0.020219870 0.998273313
1305031125.979324 -0.053874750 -0.074072823 0.161155179 -0.023321388 -0.057574037 -0.016714720 0.997928858
1305031126.011333 -0.049677137 -0.062963590 0.159930378 -0.024732096 -0.064620391 -0.016200980 0.997471809
1305031126.047324 -0.043875627 -0.050601885 0.159387782 -0.026503306 -0.068315201 -0.014562349 0.997205377
1305031126.079356 -0.042997614 -0.038833447 0.158085033 -0.029584941 -0.067132868 -0.014024821 0.997206688
1305031126.111370 -0.043304116 -0.031391431 0.157312259 -0.033760756 -0.066028818 -0.015091037 0.997132242
1305031126.147432 -0.043562673 -0.017521083 0.155830339 -0.034415539 -0.064713389 -0.013373162 0.997220576
1305031126.179384 -0.043468677 -0.005104126 0.152420774 -0.039931223 -0.064665861 -0.012418612 0.997030377
1305031126.211319 -0.041573260 0.000499975 0.152258530 -0.045547366 -0.065840043 -0.012444323 0.996712446
1305031126.247298 -0.039777506 0.013895639 0.149467677 -0.047079306 -0.065199763 -0.011901347 0.996689975
1305031126.279363 -0.038868636 0.023821753 0.147919625 -0.050833311 -0.063692793 -0.012770855 0.996592224
1305031126.311332 -0.037384532 0.036267970 0.145659611 -0.053875115 -0.061193187 -0.014282639 0.996568561
1305031126.347363 -0.037518620 0.043215044 0.144623145 -0.059204478 -0.057309847 -0.015385170 0.996480644
1305031126.379423 -0.039877452 0.053194258 0.142579943 -0.061745975 -0.053276602 -0.016954709 0.996524751
1305031126.411465 -0.039708022 0.063595325 0.139994413 -0.065265596 -0.051818687 -0.018566186 0.996348560
1305031126.447361 -0.041351542 0.067573354 0.138085723 -0.071282595 -0.049550284 -0.018137045 0.996059537
1305031126.479533 -0.042663530 0.076714911 0.134983391 -0.072721027 -0.049095370 -0.015103718 0.996028721
1305031126.511410 -0.041809369 0.089228541 0.131466195 -0.073955171 -0.051163733 -0.013117204 0.995861828
1305031126.547374 -0.037881773 0.096480176 0.131346941 -0.079876140 -0.053539522 -0.012434180 0.995288253
1305031126.579454 -0.038251169 0.104831815 0.129700124 -0.083100758 -0.050755348 -0.010706181 0.995190203
1305031126.611528 -0.038497649 0.112619884 0.127777338 -0.087399274 -0.048599120 -0.009662989 0.994940221
1305031126.647376 -0.035862438 0.113797061 0.127029553 -0.093531385 -0.047873236 -0.007599249 0.994435668
1305031126.679479 -0.036041766 0.119332641 0.125009552 -0.094804049 -0.045315761 -0.003307495 0.994458497
1305031126.711583 -0.034787390 0.125801966 0.123342127 -0.096723817 -0.044228662 0.000282477 0.994328022
1305031126.747316 -0.033454470 0.125941962 0.122844063 -0.099531643 -0.043001194 0.003186760 0.994099677
1305031126.779379 -0.033274755 0.131533206 0.120003790 -0.098100439 -0.041786637 0.006117441 0.994280040
1305031126.811602 -0.029891863 0.134420216 0.119012833 -0.098561943 -0.041109879 0.007075343 0.994256258
1305031126.847343 -0.029019997 0.136632755 0.116890155 -0.099157333 -0.037519559 0.007628458 0.994334936
1305031126.879357 -0.029196877 0.139678761 0.115327708 -0.099039502 -0.035300374 0.008004972 0.994424939
1305031126.911364 -0.028431999 0.140098244 0.114468470 -0.099773675 -0.033288229 0.007564451 0.994424403
1305031126.947437 -0.029910969 0.142029271 0.112672254 -0.099858925 -0.031242603 0.008872027 0.994471371
1305031126.979337 -0.029280212 0.140912473 0.112499148 -0.100952901 -0.032454073 0.010387684 0.994307458
1305031127.011371 -0.028279550 0.140273988 0.112132840 -0.099841721 -0.033830605 0.010578371 0.994371772
1305031127.047297 -0.027142892 0.140506893 0.111526594 -0.099061288 -0.034758642 0.012064748 0.994400918
1305031127.079299 -0.028129831 0.140525892 0.111972459 -0.099138752 -0.034680121 0.012052822 0.994396091
1305031127.111435 -0.029479455 0.137327775 0.111274265 -0.100161210 -0.036081333 0.012950835 0.994232476
1305031127.147307 -0.030102536 0.134091899 0.112197392 -0.099880099 -0.039312199 0.013551014 0.994130194
1305031127.179349 -0.030632589 0.134619445 0.112187982 -0.096861556 -0.041784316 0.012838734 0.994337559
1305031127.211700 -0.028546348 0.133389294 0.114336163 -0.096299067 -0.044522744 0.012935981 0.994271994
1305031127.247374 -0.028011465 0.128932536 0.115732670 -0.095691942 -0.045000855 0.012056326 0.994320154
1305031127.279465 -0.029290017 0.128999606 0.115485631 -0.092491552 -0.044471134 0.010785230 0.994661391
1305031127.311362 -0.030075151 0.126485169 0.116911590 -0.093193062 -0.045212276 0.010287239 0.994567752
1305031127.347356 -0.030019110 0.120733537 0.119516373 -0.092935987 -0.046937946 0.009533361 0.994519413
1305031127.379262 -0.030372297 0.121944971 0.119663246 -0.088912934 -0.047920033 0.009289980 0.994842649
1305031127.411371 -0.031271499 0.120611027 0.120429784 -0.088614754 -0.048650485 0.008540140 0.994840503
1305031127.447333 -0.031021178 0.115713462 0.123160742 -0.089332499 -0.050316554 0.008297415 0.994695485
1305031127.479362 -0.032045394 0.117327169 0.122994289 -0.086088687 -0.050869476 0.007525275 0.994959533
1305031127.511356 -0.032997414 0.116436690 0.124419585 -0.086984605 -0.051660001 0.006335408 0.994849145
1305031127.547348 -0.031734288 0.111272730 0.126887292 -0.088768914 -0.053450480 0.006333607 0.994596899
1305031127.579345 -0.033188399 0.112630464 0.126729041 -0.085830644 -0.053188581 0.005985495 0.994870961
1305031127.611271 -0.032762516 0.113360375 0.127593100 -0.085638292 -0.054111909 0.005881706 0.994838357
1305031127.647358 -0.032113194 0.109902665 0.129334345 -0.087839060 -0.054778438 0.007387032 0.994599938
1305031127.679298 -0.032491475 0.109211355 0.129592299 -0.086170301 -0.055111796 0.007800777 0.994724333
1305031127.711375 -0.033181980 0.110477485 0.128923193 -0.084941469 -0.055463009 0.007392810 0.994813621
1305031127.747304 -0.031994473 0.108502068 0.130285442 -0.086785421 -0.056703735 0.007733800 0.994581938
1305031127.779346 -0.032813512 0.106176868 0.130997598 -0.086337022 -0.056460716 0.007711441 0.994634926
1305031127.811829 -0.033769749 0.107884139 0.129817620 -0.083840944 -0.056285374 0.006610559 0.994866312
1305031127.847366 -0.033760518 0.106657997 0.130091086 -0.084607445 -0.056479897 0.005638977 0.994796336
1305031127.879380 -0.034247942 0.105039440 0.129989952 -0.085199997 -0.056582592 0.005302106 0.994741797
1305031127.911476 -0.036185123 0.105630621 0.130133450 -0.084414974 -0.056565285 0.004773577 0.994812369
1305031127.947366 -0.036685344 0.106828012 0.130206302 -0.084395461 -0.057105090 0.004685715 0.994783580
1305031127.979371 -0.036383279 0.105907448 0.131858632 -0.086267889 -0.058236282 0.004717582 0.994557261
1305031128.011427 -0.034814574 0.105421484 0.133459717 -0.087584242 -0.059206583 0.004589928 0.994385481
1305031128.047369 -0.034084529 0.103928156 0.135906637 -0.090355195 -0.058644075 0.005768269 0.994164765
1305031128.079334 -0.034421392 0.101167694 0.137339398 -0.091282599 -0.058209483 0.006788108 0.994099140
1305031128.111391 -0.034373716 0.101308689 0.138234764 -0.090242907 -0.058466803 0.007317526 0.994175196
1305031128.147418 -0.033433005 0.100443237 0.139285505 -0.091283567 -0.058974750 0.008915870 0.994037092
1305031128.179350 -0.032353021 0.097226322 0.141215995 -0.091742449 -0.059523411 0.010343309 0.993948340
1305031128.211447 -0.033397064 0.098345958 0.140360847 -0.089107350 -0.058861364 0.010448307 0.994226336
1305031128.247480 -0.033459574 0.098747149 0.140181392 -0.089279123 -0.059305616 0.011107464 0.994177401
1305031128.279336 -0.032300122 0.096007735 0.141853943 -0.090522014 -0.060407430 0.011225019 0.993997335
1305031128.311483 -0.033447370 0.097280487 0.141106755 -0.088371158 -0.059731264 0.010269079 0.994242072
1305031128.347423 -0.034174383 0.097321488 0.140829131 -0.088366657 -0.059519392 0.009483045 0.994262993
1305031128.379404 -0.034227602 0.096184045 0.141317531 -0.088924743 -0.060046121 0.007686122 0.994197071
1305031128.411337 -0.034516677 0.095701173 0.141277909 -0.088303573 -0.059998021 0.006707342 0.994262397
1305031128.447296 -0.035569184 0.095135659 0.140355468 -0.088027805 -0.059442963 0.005314879 0.994328618
1305031128.479296 -0.036003865 0.094917484 0.140399426 -0.088108644 -0.059570778 0.004133136 0.994319379
1305031128.511433 -0.035609979 0.094285078 0.140750617 -0.087825574 -0.059700739 0.003386813 0.994339466
1305031128.547399 -0.035342976 0.093755409 0.140965760 -0.088028289 -0.059279587 0.003008657 0.994347990
1305031128.579455 -0.034733884 0.091353953 0.141174957 -0.088550270 -0.059025034 0.002980832 0.994316876
1305031128.611395 -0.036469430 0.091170609 0.139970243 -0.087071575 -0.058239236 0.002861335 0.994494140
1305031128.647352 -0.037231546 0.091276929 0.139242843 -0.086503461 -0.059038606 0.003328393 0.994495094
1305031128.679282 -0.036578000 0.090045661 0.139847770 -0.086531721 -0.060911614 0.002838630 0.994381189
1305031128.711457 -0.035308093 0.090276338 0.140004277 -0.085178457 -0.061553881 0.002227454 0.994460046
1305031128.747363 -0.034846678 0.090026036 0.139538795 -0.084580816 -0.060767855 0.001084254 0.994561315
