1305031102.675285 -0.005998635 0.018102402 0.139368892 -0.042138148 -0.017660994 -0.000516887 0.998955548
1305031102.711263 -0.006017784 0.017867457 0.149644926 -0.043242645 -0.018125897 0.000624455 0.998899937
1305031102.743234 -0.004438660 0.022512518 0.160669819 -0.043833338 -0.019559024 0.003432993 0.998841465
1305031102.775472 -0.002340406 0.022673873 0.171737254 -0.046435393 -0.018642584 0.001776142 0.998745739
1305031102.811232 -0.001721174 0.028161153 0.182761535 -0.045628592 -0.016196014 0.000947355 0.998826742
1305031102.843290 -0.001058669 0.026665282 0.192378268 -0.048971578 -0.013261499 0.000335917 0.998712063
1305031102.875363 -0.003409013 0.030163065 0.201937437 -0.047120463 -0.009534706 -0.002193823 0.998841286
1305031102.911185 -0.004394215 0.032384738 0.210827440 -0.046614677 -0.007881293 -0.003400115 0.998876035
1305031102.943229 -0.009649102 0.032969117 0.216788396 -0.047249403 -0.005399568 -0.004933686 0.998856366
1305031102.975203 -0.013059743 0.035731912 0.223659903 -0.047503579 -0.010838713 -0.004808954 0.998800695
1305031103.011215 -0.012440614 0.037842363 0.232524112 -0.048868451 -0.017666515 -0.001717021 0.998647511
1305031103.043227 -0.016277822 0.041083172 0.238759398 -0.049251191 -0.021697011 -0.000144773 0.998550713
1305031103.075319 -0.012339104 0.040783606 0.248823166 -0.049928784 -0.026720159 0.002666625 0.998391688
1305031103.111240 -0.013538074 0.046306565 0.253980398 -0.047335148 -0.025675805 0.003329190 0.998543441
1305031103.143318 -0.012714093 0.047715958 0.262306660 -0.049385414 -0.026369419 0.005093016 0.998418629
1305031103.175452 -0.012687696 0.052278064 0.267897397 -0.049083635 -0.024983816 0.005801644 0.998465300
1305031103.211220 -0.013849261 0.057314567 0.273265302 -0.052584480 -0.024582967 0.006914793 0.998289883
1305031103.243216 -0.015701273 0.059924528 0.279400378 -0.058982048 -0.023349302 0.009418173 0.997941494
1305031103.275370 -0.021231119 0.060826074 0.281318635 -0.068143606 -0.023071401 0.012715739 0.997327626
1305031103.311210 -0.021007398 0.056674473 0.287462115 -0.076467738 -0.032790851 0.012912416 0.996449053
1305031103.343223 -0.015013873 0.058688484 0.291157007 -0.076463200 -0.040224858 0.013394228 0.996170640
1305031103.375327 -0.013764942 0.058011964 0.291889578 -0.080101304 -0.039307155 0.015050946 0.995897710
1305031103.411260 -0.015059638 0.053489357 0.290367544 -0.083485633 -0.037929788 0.016359726 0.995652437
1305031103.443280 -0.016851366 0.052212521 0.286660224 -0.083168529 -0.039241694 0.015796278 0.995637238
1305031103.475274 -0.015992906 0.048583679 0.283645004 -0.083847284 -0.042405728 0.014063423 0.995476544
1305031103.511333 -0.016370669 0.044985075 0.278827965 -0.081694901 -0.043593764 0.011417990 0.995638072
1305031103.543444 -0.015803756 0.040836219 0.272818178 -0.078165889 -0.045092668 0.009443449 0.995875299
1305031103.575474 -0.017758366 0.038726460 0.263908982 -0.073481344 -0.045208115 0.009153049 0.996229351
1305031103.611223 -0.016279936 0.034924615 0.256005794 -0.071828894 -0.049321748 0.011479602 0.996130586
1305031103.643445 -0.015501805 0.031354409 0.247578815 -0.069265373 -0.053577434 0.011828529 0.996088266
1305031103.675523 -0.013784613 0.028193010 0.239295647 -0.066711240 -0.056560021 0.011832648 0.996097684
1305031103.711610 -0.012280614 0.025349790 0.229964107 -0.064258836 -0.057784837 0.011609833 0.996191204
1305031103.743326 -0.011184418 0.020292241 0.220885918 -0.062522776 -0.057585292 0.010560967 0.996324897
1305031103.775342 -0.010979550 0.019212687 0.209092215 -0.058536299 -0.056855619 0.007166287 0.996639132
1305031103.811242 -0.010449752 0.019024985 0.197996274 -0.057804983 -0.055685889 0.003934870 0.996765852
1305031103.843251 -0.012365248 0.019401476 0.186639518 -0.060026601 -0.054524574 0.001182737 0.996705830
1305031103.875361 -0.013083201 0.010722984 0.178273350 -0.068162687 -0.057237457 -0.001939171 0.996029079
1305031103.911221 -0.012381913 0.004838096 0.168071017 -0.068004116 -0.061222643 -0.003638872 0.995798171
1305031103.943211 -0.011180192 0.003119100 0.156422377 -0.065475419 -0.063984424 -0.004636770 0.995789886
1305031103.975373 -0.009002679 -0.002140582 0.146173894 -0.064499259 -0.066369444 -0.005698703 0.995691955
1305031104.011232 -0.005373985 -0.007120803 0.136579543 -0.061261576 -0.067492925 -0.006875039 0.995813429
1305031104.043249 -0.002283047 -0.009410721 0.124892153 -0.054045998 -0.065169692 -0.008862256 0.996370137
1305031104.075425 -0.000719386 -0.008286909 0.113977611 -0.048963256 -0.060759686 -0.011623346 0.996882975
1305031104.111235 0.003175661 -0.014250362 0.104806475 -0.047191236 -0.056197196 -0.013140002 0.997217238
1305031104.143230 0.000429154 -0.017692110 0.091826379 -0.042473178 -0.048766032 -0.014646476 0.997799277
1305031104.175424 -0.000416492 -0.018812045 0.080573693 -0.037889384 -0.045023445 -0.015499477 0.998146772
1305031104.211283 0.000148869 -0.022827120 0.070747927 -0.034407303 -0.042529196 -0.015576578 0.998381078
1305031104.243196 -0.000100042 -0.023981731 0.060621817 -0.029360341 -0.039878175 -0.015897904 0.998646557
1305031104.275546 0.001393418 -0.025402999 0.050955933 -0.024971006 -0.037736822 -0.016502896 0.998839319
1305031104.311219 0.002174592 -0.026741885 0.041866008 -0.021283761 -0.034601122 -0.016609563 0.999036431
1305031104.343342 0.003669313 -0.026068164 0.033554599 -0.017530104 -0.030926498 -0.016837595 0.999226034
1305031104.375837 0.003041471 -0.026359376 0.025142904 -0.015480829 -0.025762256 -0.016499788 0.999412000
1305031104.411509 0.000212697 -0.027052820 0.015872328 -0.013985335 -0.020792142 -0.016331000 0.999552548
1305031104.443288 -0.000749134 -0.026440488 0.009426810 -0.013308276 -0.019407626 -0.014925233 0.999611676
1305031104.475456 -0.003319044 -0.027807733 0.001809063 -0.013893913 -0.020080041 -0.014168895 0.999601424
1305031104.511329 -0.003660480 -0.030855615 -0.004516410 -0.013669059 -0.022837093 -0.012914165 0.999562323
1305031104.543368 -0.001646931 -0.031903550 -0.011357752 -0.010263064 -0.025489043 -0.012097447 0.999549210
1305031104.575343 0.002497413 -0.036750719 -0.017105075 -0.007120001 -0.026394928 -0.011666568 0.999558151
1305031104.611336 0.009077054 -0.044465505 -0.024326958 0.000472016 -0.023750003 -0.010250612 0.999665260
1305031104.643243 0.010368739 -0.039885480 -0.032631446 0.014314178 -0.016338322 -0.009632138 0.999717653
1305031104.675525 0.012983654 -0.046753872 -0.041367501 0.023511684 -0.008965767 -0.008856111 0.999644160
1305031104.711277 0.012367379 -0.046997551 -0.050607577 0.037597008 -0.001005475 -0.006546862 0.999271035
1305031104.743280 0.014384319 -0.044478662 -0.058176637 0.051438432 0.005575373 -0.004533749 0.998650312
1305031104.775327 0.014495364 -0.043896921 -0.066262744 0.063462064 0.012837286 -0.002833809 0.997897685
1305031104.811465 0.016802698 -0.040859438 -0.070885569 0.074536532 0.018910764 0.000058757 0.997038960
1305031104.843258 0.015027585 -0.036617503 -0.075914636 0.083718479 0.026069447 0.002073937 0.996146262
1305031104.875350 0.011793448 -0.032463744 -0.079399139 0.089689940 0.030067908 0.004312017 0.995506406
1305031104.911534 0.015860956 -0.027935401 -0.077873603 0.092846870 0.029393982 0.008454326 0.995210528
1305031104.943262 0.015797298 -0.026987229 -0.076904200 0.093683645 0.030206446 0.008990533 0.995103061
1305031104.975202 0.015674781 -0.020662520 -0.073906988 0.093909092 0.029331055 0.010115355 0.995097220
1305031105.011290 0.015544197 -0.018467970 -0.069375373 0.089398459 0.028940221 0.010723816 0.995517612
1305031105.043373 0.014610915 -0.016171966 -0.063173696 0.083940342 0.028560271 0.009349590 0.996017516
1305031105.075320 0.012026702 -0.015499974 -0.056358598 0.077069364 0.028587136 0.006588181 0.996594012
1305031105.111299 0.009641511 -0.017422058 -0.047613032 0.070677981 0.028131330 0.004716619 0.997091234
1305031105.143106 0.006119797 -0.009175809 -0.038679034 0.066484354 0.026193103 0.002686829 0.997439981
1305031105.175159 0.005540669 -0.003766978 -0.026847027 0.054528598 0.022523083 0.000389412 0.998258054
1305031105.211268 0.000565224 -0.009663992 -0.016334103 0.040638160 0.019699881 -0.002953477 0.998975337
1305031105.243270 -0.002586729 -0.007674670 -0.006253641 0.032683983 0.014675039 -0.004493813 0.999347866
1305031105.275288 -0.006062563 -0.005385909 0.003787083 0.022729188 0.008993657 -0.005782675 0.999684453
1305031105.311290 -0.008091630 -0.007490944 0.013959211 0.011666470 0.001809731 -0.006694701 0.999907911
1305031105.343302 -0.007965865 -0.011670660 0.024866659 0.002046239 -0.005220555 -0.007194500 0.999958396
1305031105.375338 -0.009063180 -0.013148156 0.035389107 -0.002230700 -0.010209873 -0.007064130 0.999920428
1305031105.411286 -0.010461675 -0.006782255 0.045200311 -0.005831288 -0.014747188 -0.007895824 0.999843061
1305031105.443316 -0.011153712 -0.009854168 0.056864884 -0.013725566 -0.018887212 -0.008644603 0.999690056
1305031105.475280 -0.012031889 -0.009362904 0.066934913 -0.017290816 -0.022135207 -0.008735276 0.999567270
1305031105.511332 -0.010260962 -0.007104765 0.078152671 -0.021517728 -0.025868388 -0.008221926 0.999399900
1305031105.543282 -0.010470903 -0.008825621 0.089635111 -0.026524201 -0.026699133 -0.007167519 0.999265850
1305031105.575449 -0.011874236 -0.007491454 0.099443413 -0.029159045 -0.027622623 -0.007327639 0.999166191
1305031105.611378 -0.012176940 -0.008785872 0.111415684 -0.032524511 -0.028381303 -0.006675242 0.999045610
1305031105.643273 -0.013730748 -0.007104348 0.121566549 -0.032777164 -0.028252622 -0.003851853 0.999055862
1305031105.675166 -0.011279039 -0.005177494 0.133625463 -0.034514286 -0.030458538 -0.002540148 0.998936713
1305031105.711309 -0.007197714 -0.007235895 0.146931559 -0.034943517 -0.030017156 -0.002419502 0.998935461
1305031105.743312 -0.007539837 -0.001693618 0.156790793 -0.031694178 -0.025826791 -0.002153020 0.999161541
1305031105.775339 -0.004526903 -0.002591737 0.169042021 -0.033298917 -0.022580199 -0.002050244 0.999188244
1305031105.811283 -0.005118436 -0.000733095 0.179068685 -0.031527963 -0.017163921 -0.001236774 0.999354720
1305031105.843271 -0.003359339 0.000951328 0.190832362 -0.030137809 -0.014266334 -0.000031535 0.999443948
1305031105.875337 -0.001690377 0.006469055 0.200173095 -0.028347122 -0.009691199 0.002520337 0.999547958
1305031105.911262 -0.001755716 0.008933090 0.210592538 -0.031087464 -0.005394406 0.007009597 0.999477565
1305031105.943272 -0.001483190 0.013195819 0.219979092 -0.033073094 -0.002191723 0.009796560 0.999402523
1305031105.975329 -0.001865031 0.016495468 0.229494154 -0.037195742 0.000165356 0.011230018 0.999244869
1305031106.011285 -0.000271746 0.019597083 0.238937870 -0.041382890 0.001534517 0.013296558 0.999053657
1305031106.043355 -0.002244174 0.022592826 0.247697741 -0.045597252 0.004673721 0.013831777 0.998853207
1305031106.075330 -0.002984538 0.025337486 0.256645262 -0.049683001 0.005543946 0.015947400 0.998622298
1305031106.111327 -0.004632350 0.034387618 0.269477725 -0.051244523 0.005852149 0.016837161 0.998527050
1305031106.143355 -0.005899768 0.035238467 0.278033972 -0.058842395 0.004490374 0.018801149 0.998080134
1305031106.175534 -0.007052587 0.036815602 0.285560519 -0.062800974 0.003246711 0.019568782 0.997828901
1305031106.211275 -0.007912562 0.036764923 0.293421775 -0.066670604 0.001814147 0.020154940 0.997569799
1305031106.243267 -0.008060015 0.040028427 0.299880236 -0.065865934 -0.000240973 0.024014547 0.997539401
1305031106.276385 -0.008540223 0.044048324 0.304292560 -0.066394404 -0.002075392 0.025208078 0.997472823
1305031106.311238 -0.008716398 0.046875998 0.308648467 -0.069704749 -0.003409308 0.028449079 0.997156084
1305031106.343258 -0.010684635 0.052209385 0.310511142 -0.073313758 -0.003599698 0.028429231 0.996897101
1305031106.375388 -0.007709940 0.053296003 0.313378721 -0.082289577 -0.005228692 0.022088781 0.996349931
1305031106.411320 -0.006925328 0.048362345 0.315560073 -0.090532757 -0.000513304 0.016057372 0.995763898
1305031106.443278 -0.011238905 0.046135321 0.314174622 -0.091682754 0.005640098 0.010951316 0.995712101
1305031106.475345 -0.013001036 0.044225000 0.310922056 -0.091682069 0.005466650 0.009689873 0.995726168
1305031106.511129 -0.014544904 0.040631182 0.306678295 -0.090822183 0.002754417 0.009532376 0.995817661
1305031106.543302 -0.013286340 0.038555041 0.299770653 -0.087554790 -0.002166841 0.008512473 0.996120989
1305031106.575282 -0.013110400 0.036398366 0.291298717 -0.084604494 -0.004119829 0.007685557 0.996376455
1305031106.611151 -0.013746504 0.035790093 0.282061458 -0.083591394 -0.007186125 0.004421887 0.996464372
1305031106.643207 -0.013368811 0.030278057 0.273825437 -0.084783152 -0.010259116 0.002002800 0.996344626
1305031106.675279 -0.016245581 0.029551191 0.262530237 -0.081722543 -0.011875794 0.001705846 0.996582925
1305031106.711508 -0.017552923 0.024928482 0.251725495 -0.084783472 -0.017031480 0.001088644 0.996253252
1305031106.743341 -0.018322315 0.023964213 0.241575569 -0.081940830 -0.023219667 0.001031942 0.996366143
1305031106.775390 -0.016503278 0.016992001 0.223715097 -0.083800785 -0.029660888 0.001024261 0.996040463
1305031106.811289 -0.016186856 0.016952520 0.211071357 -0.082985543 -0.033534925 0.000496001 0.995986223
1305031106.843416 -0.015933668 0.009532472 0.200950310 -0.085450873 -0.037650563 -0.000949878 0.995630324
1305031106.875905 -0.012486698 0.005528549 0.188630685 -0.080222994 -0.041672386 -0.004162017 0.995896757
1305031106.911243 -0.012673455 0.007017253 0.173800081 -0.074766405 -0.040645283 -0.008603175 0.996335268
1305031106.943439 -0.012393789 0.000994982 0.162521288 -0.074344642 -0.039729767 -0.013103034 0.996354699
1305031106.975547 -0.011502577 -0.004744897 0.150966957 -0.069178253 -0.037982080 -0.016385663 0.996746302
1305031107.011576 -0.012449344 -0.000627544 0.135035262 -0.060078576 -0.034623481 -0.019955743 0.997393370
1305031107.043281 -0.013109740 -0.005663085 0.123565100 -0.061223168 -0.031719003 -0.022369904 0.997369111
1305031107.075432 -0.015851716 -0.011114434 0.110510848 -0.057324313 -0.029694770 -0.023759171 0.997631013
1305031107.111229 -0.014735486 -0.010238910 0.097973973 -0.051500246 -0.030840248 -0.024220280 0.997902811
1305031107.143260 -0.012794459 -0.010547393 0.086228736 -0.049429987 -0.030346707 -0.024420833 0.998017728
1305031107.175399 -0.011735306 -0.016432624 0.077283084 -0.048596766 -0.029105086 -0.025061568 0.998079777
1305031107.211358 -0.009369309 -0.021264160 0.067020088 -0.043147948 -0.027564092 -0.026855070 0.998327255
1305031107.243378 -0.009624444 -0.019723633 0.055894036 -0.035627868 -0.023819929 -0.027335836 0.998707175
1305031107.275398 -0.004934682 -0.025345054 0.045865506 -0.031822573 -0.022130050 -0.026883073 0.998886824
1305031107.311226 -0.003545919 -0.030144827 0.037037883 -0.025589904 -0.018760476 -0.027782613 0.999110281
1305031107.343509 -0.000110274 -0.034365360 0.028042350 -0.015387676 -0.015967891 -0.027663263 0.999371290
1305031107.375413 0.001593390 -0.029965319 0.020113435 -0.004709365 -0.011277912 -0.027153540 0.999556541
1305031107.411271 0.003510447 -0.031271148 0.013943078 0.001456676 -0.006787346 -0.027992543 0.999584019
1305031107.443419 0.005462001 -0.028934112 0.008928602 0.007674617 -0.002419229 -0.027814461 0.999580681
1305031107.475377 0.008464840 -0.030770540 0.005765571 0.009943405 0.001592788 -0.026233183 0.999605119
1305031107.511352 0.009014175 -0.025513507 0.003207245 0.013101706 0.005531673 -0.025589032 0.999571383
1305031107.543605 0.012088770 -0.026610181 0.003261877 0.010077085 0.007613582 -0.023259940 0.999649644
1305031107.575454 0.013837046 -0.031082267 0.004483490 0.008503504 0.009424516 -0.020661281 0.999705970
1305031107.611271 0.015730314 -0.024309926 0.004018118 0.010977883 0.010639482 -0.018749457 0.999707341
1305031107.643323 0.016528502 -0.024659330 0.005850944 0.007190149 0.011932409 -0.017634468 0.999747396
1305031107.675568 0.015373803 -0.023254372 0.007228757 0.006543262 0.012983735 -0.017415397 0.999742627
1305031107.711307 0.015081631 -0.020027179 0.008843771 0.005943811 0.012800110 -0.016197057 0.999769211
1305031107.743538 0.013130444 -0.016472777 0.009596690 0.003408374 0.012030037 -0.015547602 0.999800920
1305031107.775802 0.012768955 -0.017431755 0.011860058 0.000095360 0.009367454 -0.016989691 0.999811769
1305031107.811596 0.014591451 -0.016027667 0.013732133 -0.001972281 0.006898198 -0.016808160 0.999832988
1305031107.843332 0.016082108 -0.014745058 0.015708823 -0.004215238 0.006127689 -0.017394589 0.999821007
1305031107.875358 0.020568667 -0.017579090 0.018506465 -0.005777831 0.005964993 -0.020840231 0.999748290
1305031107.911541 0.023083253 -0.018130263 0.019889170 -0.005105319 0.008867509 -0.023114964 0.999680459
1305031107.943122 0.027629077 -0.019292736 0.022313375 -0.003525499 0.011752418 -0.023457875 0.999649525
1305031107.975807 0.033803783 -0.019754445 0.024616536 -0.000989700 0.015457716 -0.023717461 0.999598682
1305031108.011320 0.040271211 -0.018610079 0.026449440 0.003218174 0.019899450 -0.025328880 0.999475956
1305031108.043418 0.052905858 -0.018934924 0.027747931 0.005050747 0.024773367 -0.022918770 0.999417603
1305031108.075352 0.059991684 -0.018917900 0.031845570 0.006518952 0.033945695 -0.017373605 0.999251425
1305031108.111378 0.063742429 -0.019286191 0.034860179 0.009314545 0.040925507 -0.017682742 0.998962283
1305031108.143334 0.076167047 -0.016546054 0.037208825 0.012100214 0.042744309 -0.016604781 0.998874784
1305031108.176058 0.083885603 -0.010742033 0.039721914 0.012068853 0.046426397 -0.013555056 0.998756826
1305031108.211475 0.092712924 -0.012336597 0.043028690 0.006645640 0.047707208 -0.014001857 0.998741090
1305031108.243347 0.109860986 -0.020331698 0.042235684 0.003114120 0.047821581 -0.016030993 0.998722374
1305031108.275358 0.116551995 -0.014578972 0.044416673 0.005191041 0.052775670 -0.015732400 0.998468935
1305031108.311332 0.120084777 -0.011190427 0.047581635 0.002164110 0.055677935 -0.014396128 0.998342633
1305031108.343278 0.129096434 -0.008478243 0.049909044 -0.002572507 0.053607296 -0.012227047 0.998483896
1305031108.375410 0.135110676 -0.007104846 0.053222843 -0.007496791 0.051560942 -0.007277176 0.998615146
1305031108.411361 0.145254657 -0.007807260 0.055538494 -0.012980390 0.047157947 -0.001048146 0.998802543
1305031108.443610 0.157504529 -0.004351449 0.057562999 -0.016049365 0.044679984 0.005972385 0.998854578
1305031108.475471 0.168026641 -0.008267887 0.059827466 -0.020578466 0.043671601 0.013030281 0.998748958
1305031108.511378 0.184705153 -0.012172286 0.061042815 -0.021213314 0.044180326 0.016879894 0.998655677
1305031108.543737 0.194451615 -0.014703531 0.063021116 -0.017870354 0.051420510 0.016020780 0.998388648
1305031108.575414 0.202365145 -0.008032219 0.063357666 -0.012324632 0.056464590 0.014979161 0.998216152
1305031108.611407 0.213360548 -0.006433916 0.065578744 -0.011977464 0.061735358 0.015945947 0.997893274
1305031108.643303 0.218963861 -0.004410771 0.065577112 -0.011553528 0.068257689 0.017519411 0.997446954
1305031108.675375 0.230870605 0.000347040 0.067526609 -0.013067946 0.072537959 0.020947935 0.997060001
1305031108.711411 0.241218850 -0.002363511 0.066620544 -0.018099891 0.078623459 0.024880942 0.996429443
1305031108.743502 0.244952202 -0.004716018 0.067076899 -0.020406272 0.084487751 0.025335368 0.995893300
1305031108.775493 0.251649439 -0.002975642 0.067790285 -0.021013478 0.088007458 0.027540781 0.995517254
1305031108.811244 0.260295838 -0.001390873 0.068717197 -0.021612670 0.089385763 0.033865679 0.995186508
1305031108.843264 0.259727597 -0.003880247 0.068861477 -0.021484675 0.090651251 0.039189812 0.994879365
1305031108.876515 0.260278314 -0.004501383 0.066655792 -0.019820740 0.088176154 0.045154460 0.994883537
1305031108.911364 0.261292607 -0.007888320 0.066574171 -0.018010633 0.084469967 0.050647225 0.994975030
1305031108.943243 0.256868988 -0.010798456 0.063624725 -0.014074700 0.082410574 0.051031295 0.995191514
1305031108.975268 0.255048722 -0.004887852 0.059028067 -0.008104966 0.075777031 0.049832951 0.995845795
1305031109.011269 0.255318314 -0.004797372 0.058187127 -0.008731330 0.071309648 0.048398834 0.996241033
1305031109.043277 0.248524323 -0.005285719 0.058914158 -0.007798268 0.071584560 0.045803953 0.996351779
1305031109.075410 0.243044421 -0.000288387 0.054871496 -0.007603306 0.068470284 0.040942032 0.996783674
1305031109.111282 0.237199828 -0.001630783 0.054767787 -0.011901175 0.066980690 0.037791740 0.996967256
1305031109.143334 0.215445772 -0.009452073 0.055937015 -0.015896793 0.069970347 0.032641478 0.996888161
1305031109.175464 0.208773687 -0.002616410 0.053511038 -0.013331181 0.062343072 0.030354943 0.997503996
1305031109.211379 0.206094280 0.007798447 0.051615812 -0.014483594 0.054994214 0.034077685 0.997799873
1305031109.243290 0.194939822 0.005984176 0.052321643 -0.023687126 0.053458337 0.039115857 0.997522473
1305031109.275308 0.178258657 -0.005571279 0.054302864 -0.030113447 0.052294109 0.041924890 0.997296751
1305031109.311329 0.164493576 -0.001429958 0.053729985 -0.025964990 0.044762503 0.042828012 0.997741401
1305031109.343248 0.154643953 0.004609696 0.051941693 -0.026475674 0.034753516 0.041778471 0.998171210
1305031109.375397 0.144797862 0.000518348 0.052127216 -0.030845312 0.026542466 0.041231923 0.998320580
1305031109.411329 0.137442142 0.002746324 0.049210984 -0.030417988 0.018517470 0.038003311 0.998642921
1305031109.443302 0.124379583 0.006951524 0.051126335 -0.032333475 0.014481450 0.032113541 0.998856127
1305031109.475363 0.114378259 0.003925437 0.049890533 -0.036095086 0.012303137 0.028398871 0.998869002
1305031109.511273 0.104987599 0.000473783 0.048397977 -0.037175268 0.009792900 0.024604326 0.998957813
1305031109.543294 0.094762765 0.001457790 0.046739530 -0.034201436 0.008345311 0.022209924 0.999133289
1305031109.575362 0.082759403 0.003240806 0.044307012 -0.033323165 0.008771946 0.021818668 0.999167919
1305031109.611310 0.071717307 0.004002459 0.042453904 -0.033265948 0.007535407 0.019501837 0.999227822
1305031109.643229 0.063644372 0.004697713 0.038852181 -0.033996176 0.005993827 0.019408133 0.999215484
1305031109.675263 0.050995648 0.005564722 0.036474835 -0.036248699 0.006718895 0.021348177 0.999092162
1305031109.711312 0.039989445 0.008414103 0.036244098 -0.038121101 0.003695050 0.020790342 0.999049962
1305031109.743274 0.030487182 0.008979121 0.036527447 -0.042586129 0.000596646 0.020053787 0.998891354
1305031109.775277 0.022431584 0.007917330 0.038187761 -0.046089254 -0.001689892 0.020553175 0.998724401
1305031109.811371 0.009881916 0.011570038 0.038828380 -0.046804592 -0.001698549 0.019116588 0.998719692
1305031109.843296 -0.000430254 0.011609982 0.039468076 -0.050418723 -0.004117496 0.018493481 0.998548448
1305031109.875306 -0.013655974 0.012571868 0.040452510 -0.053793389 -0.006374581 0.016517431 0.998395145
1305031109.911265 -0.024995953 0.010744402 0.044081032 -0.055608951 -0.011660523 0.011348764 0.998320043
1305031109.943299 -0.033580825 0.017902976 0.045600154 -0.054828547 -0.015503332 0.007235256 0.998349190
1305031109.975258 -0.044935957 0.016798370 0.048707489 -0.059667509 -0.017194968 0.002142507 0.998067915
1305031110.011256 -0.054969333 0.018509569 0.051947646 -0.061334111 -0.019736804 -0.004773848 0.997910738
1305031110.043299 -0.064728141 0.018609243 0.053530820 -0.063977502 -0.020536872 -0.011779318 0.997670472
1305031110.075319 -0.075106733 0.021198697 0.055485368 -0.065279670 -0.020760227 -0.016809834 0.997509420
1305031110.111325 -0.086443730 0.022068337 0.058300171 -0.069560379 -0.021834612 -0.021800112 0.997100472
1305031110.143432 -0.098765768 0.015926398 0.058545310 -0.073419586 -0.024107626 -0.025170123 0.996691942
1305031110.175641 -0.106764123 0.021932935 0.058968276 -0.072842918 -0.027778238 -0.026435770 0.996605933
1305031110.211637 -0.115700327 0.019495726 0.061066464 -0.077578276 -0.030856019 -0.028226033 0.996108830
1305031110.243323 -0.123449497 0.017701726 0.063314535 -0.078605838 -0.035436258 -0.027729118 0.995889783
1305031110.279321 -0.129326358 0.017388031 0.064209998 -0.077023305 -0.040042851 -0.028681954 0.995811880
1305031110.311404 -0.141398489 0.017738093 0.062799215 -0.074408211 -0.041615453 -0.030385733 0.995895684
1305031110.343355 -0.150033593 0.020748056 0.062983312 -0.072447374 -0.046143197 -0.031468831 0.995807171
1305031110.379281 -0.159892038 0.021804674 0.063146316 -0.071095467 -0.051199000 -0.035072055 0.995537043
1305031110.411469 -0.169406578 0.025322095 0.059583761 -0.070084989 -0.057093345 -0.038090341 0.995177209
1305031110.443260 -0.178445771 0.027658174 0.059901662 -0.073828265 -0.062501945 -0.041389428 0.994449496
1305031110.479331 -0.188978672 0.025932441 0.061655890 -0.077171132 -0.068830788 -0.047834907 0.993488193
1305031110.511429 -0.197638616 0.026267601 0.061500713 -0.077622980 -0.076087184 -0.051652689 0.992732286
1305031110.543408 -0.206140444 0.031116161 0.060294531 -0.077719517 -0.082285166 -0.055100001 0.992044747
1305031110.579426 -0.212120712 0.035962902 0.062050771 -0.080547832 -0.088978827 -0.059566524 0.990982652
1305031110.611307 -0.217470482 0.031521529 0.065198183 -0.086446136 -0.093624130 -0.063431516 0.989817142
1305031110.643418 -0.224851161 0.029204283 0.064871177 -0.085851960 -0.095546529 -0.067006603 0.989449561
1305031110.679606 -0.230861828 0.036355481 0.061783139 -0.083287179 -0.097300984 -0.068902396 0.989367604
1305031110.711412 -0.235582188 0.033782430 0.063125052 -0.087930217 -0.099280000 -0.070271321 0.988672733
1305031110.743249 -0.240181580 0.032728553 0.063284874 -0.088724919 -0.100835860 -0.072028123 0.988317728
1305031110.779193 -0.240629047 0.034770552 0.063420825 -0.087901577 -0.103649318 -0.072400145 0.988073051
1305031110.811386 -0.243278027 0.034618154 0.062656336 -0.088786550 -0.103716731 -0.074099019 0.987860918
1305031110.843218 -0.251102239 0.033484504 0.060684644 -0.091124512 -0.103025898 -0.075259633 0.987632513
1305031110.879313 -0.249240428 0.032847978 0.061223373 -0.091350190 -0.106122077 -0.075219527 0.987286806
1305031110.911333 -0.248670220 0.033812024 0.061395209 -0.091744177 -0.107347414 -0.075466469 0.987098932
1305031110.943862 -0.243953586 0.033463389 0.061843604 -0.091799036 -0.110832267 -0.076242439 0.986649036
1305031110.979345 -0.234834820 0.034912318 0.061974201 -0.091419339 -0.112370767 -0.076250054 0.986509621
1305031111.011431 -0.226656437 0.033113487 0.064219728 -0.093656018 -0.109565921 -0.075127959 0.986701429
1305031111.043327 -0.223093763 0.033863932 0.064269036 -0.092317857 -0.103246540 -0.073103994 0.987660587
1305031111.079283 -0.215241998 0.039078820 0.066861615 -0.091730088 -0.101299234 -0.071622059 0.988025486
1305031111.111508 -0.207148671 0.034282804 0.068939596 -0.095138885 -0.100194819 -0.068378620 0.988045514
1305031111.143257 -0.200513154 0.032514375 0.069796100 -0.093882322 -0.097499892 -0.067370877 0.988504469
1305031111.179326 -0.189421803 0.032986660 0.070734091 -0.091036610 -0.095497042 -0.066319965 0.989037097
1305031111.211433 -0.182356060 0.033293121 0.069145024 -0.089237332 -0.086668484 -0.062516384 0.990261078
1305031111.243236 -0.181656316 0.029610924 0.067712218 -0.090085797 -0.080633208 -0.062931553 0.990667701
1305031111.279308 -0.166778132 0.026413653 0.070843361 -0.086810865 -0.082133524 -0.060809128 0.990969360
1305031111.311547 -0.160469860 0.031829759 0.067176729 -0.081024617 -0.075757556 -0.057667609 0.992154360
1305031111.343397 -0.156560093 0.033693545 0.067732789 -0.083789617 -0.076968290 -0.057511404 0.991840541
1305031111.379134 -0.141365409 0.025615199 0.073203400 -0.086138099 -0.082224831 -0.053229194 0.991456509
1305031111.411296 -0.137925521 0.027873792 0.067567363 -0.080492124 -0.080346003 -0.053414769 0.992074847
1305031111.443386 -0.120565876 0.028738558 0.073563322 -0.080161318 -0.089394547 -0.057523388 0.991097331
1305031111.479259 -0.097653851 0.025453251 0.081515446 -0.077745244 -0.089237437 -0.055566616 0.991415501
1305031111.511264 -0.092028752 0.022556875 0.074922755 -0.074762687 -0.075750865 -0.055604789 0.992764056
1305031111.543250 -0.080345877 0.022405192 0.081616327 -0.070361249 -0.071065634 -0.054718286 0.993481219
1305031111.579237 -0.068008788 0.023382511 0.076395832 -0.066486441 -0.061960187 -0.047747251 0.994716406
1305031111.611271 -0.066999309 0.018378614 0.069442987 -0.069756001 -0.053116396 -0.041539423 0.995282471
1305031111.643395 -0.048934575 0.013515303 0.078101717 -0.067851529 -0.058144704 -0.033762727 0.995427251
1305031111.679320 -0.033717539 0.018590236 0.076318175 -0.060839482 -0.052270308 -0.025406761 0.996454179
1305031111.711760 -0.020638939 0.018930275 0.079304449 -0.060131148 -0.045694429 -0.023841854 0.996858954
1305031111.743386 0.000160152 0.015650053 0.085363396 -0.057224467 -0.039305825 -0.019922191 0.997388363
1305031111.779423 0.011521568 0.020133402 0.085643731 -0.051952943 -0.021745870 -0.015567667 0.998291373
1305031111.811406 0.015294643 0.014400825 0.080602027 -0.051692501 -0.004609740 -0.015283940 0.998535454
1305031111.843299 0.025293084 0.015161138 0.077221870 -0.047908369 0.005134663 -0.013247563 0.998750687
1305031111.879442 0.032386731 0.014027582 0.073129334 -0.049229078 0.012969793 -0.008556049 0.998666644
1305031111.911354 0.034408946 0.010687134 0.075059325 -0.049321171 0.015498590 -0.003439769 0.998656809
1305031111.943300 0.048004624 0.011490993 0.075913116 -0.047197908 0.010146010 0.005665041 0.998817980
1305031111.979449 0.067779355 0.011838865 0.077982835 -0.046288703 0.007776321 0.013089700 0.998812079
1305031112.011433 0.077960677 0.009278663 0.076656483 -0.045018528 0.015718002 0.012010537 0.998790264
1305031112.043270 0.091545984 0.009611868 0.076437280 -0.041378159 0.021956757 0.010715559 0.998844802
1305031112.079339 0.108836554 0.006713923 0.072945170 -0.040794425 0.030541332 0.010794542 0.998642325
1305031112.111423 0.107221119 0.009119824 0.073398829 -0.036733653 0.042912647 0.005252145 0.998389482
1305031112.144342 0.124011442 0.009311629 0.071234442 -0.036548547 0.044779494 -0.000132763 0.998328090
1305031112.179390 0.140564531 0.011227833 0.070958547 -0.037707113 0.054735061 -0.002624667 0.997785211
1305031112.211254 0.147169381 0.003322496 0.074109674 -0.040265273 0.065574229 -0.009440891 0.996990263
1305031112.243369 0.158070654 -0.000082434 0.074587151 -0.035304420 0.074215680 -0.014021025 0.996518493
1305031112.279353 0.162118226 -0.000178098 0.076276593 -0.029964305 0.082043096 -0.017158449 0.996030450
1305031112.311312 0.170864284 -0.003939969 0.076765247 -0.025094366 0.083721772 -0.019102890 0.995989978
1305031112.343323 0.180828154 -0.002242474 0.076010190 -0.017593808 0.083256811 -0.017146397 0.996225238
1305031112.379360 0.189079776 -0.001388619 0.075241998 -0.013033976 0.081728518 -0.012902487 0.996485889
1305031112.411442 0.199530259 -0.000588401 0.074007675 -0.010270840 0.078613169 -0.008479313 0.996816218
1305031112.443391 0.209437504 -0.003576649 0.074119642 -0.009170546 0.077200979 -0.002597808 0.996969938
1305031112.479418 0.215109542 -0.002122393 0.073768906 -0.005314257 0.076566137 0.007082765 0.997025192
1305031112.511504 0.220606998 -0.003962604 0.073765337 -0.004026443 0.073743440 0.014019863 0.997170568
1305031112.543212 0.229432240 -0.004600164 0.072959766 -0.001611889 0.069927491 0.018284082 0.997383177
1305031112.579252 0.241400078 -0.000898433 0.073073238 0.002213156 0.064715303 0.025236685 0.997582138
1305031112.611261 0.256505936 0.003830140 0.070952065 0.003992987 0.061327379 0.032145116 0.997591972
1305031112.643246 0.263287157 0.003412055 0.071147472 0.000724679 0.067105122 0.039129067 0.996978045
1305031112.679952 0.264604151 0.002562952 0.073474817 -0.001652601 0.074086204 0.041863479 0.996371388
1305031112.711251 0.267490208 0.005037209 0.073330313 -0.002640856 0.078029908 0.043835275 0.995983362
1305031112.743245 0.270439088 0.013892575 0.073368713 -0.004365168 0.080960736 0.047658343 0.995567679
1305031112.779310 0.267885119 0.008591866 0.075995684 -0.013961489 0.086136848 0.049739577 0.994942963
1305031112.811310 0.257004380 0.004360006 0.078849807 -0.017356411 0.089640409 0.047290381 0.994699419
1305031112.843286 0.255229741 0.010675831 0.079316258 -0.017386829 0.083987817 0.045506433 0.995275259
1305031112.879421 0.256420553 0.011314271 0.078895137 -0.020637728 0.079549469 0.048437297 0.995439529
1305031112.911411 0.247975230 0.010382662 0.080544837 -0.023694349 0.078373566 0.050055388 0.995384693
1305031112.943321 0.240922466 0.008214638 0.081817687 -0.026273442 0.074036077 0.048528060 0.995727539
1305031112.979278 0.238659039 0.009523844 0.081485286 -0.026224842 0.067301273 0.046675596 0.996295214
1305031113.011353 0.235604659 0.012756292 0.078072801 -0.026574831 0.063114017 0.047067981 0.996541500
1305031113.043231 0.226611421 0.011134330 0.078452766 -0.031581301 0.062973671 0.044046246 0.996542454
1305031113.079251 0.215389401 0.001980430 0.079175912 -0.035361219 0.061835773 0.038587574 0.996713042
1305031113.111316 0.205977619 0.005976091 0.076516323 -0.031308509 0.057235185 0.033580046 0.997304499
1305031113.143306 0.200703412 0.012037620 0.073935859 -0.031417403 0.053235784 0.032747861 0.997550249
1305031113.179343 0.189196318 0.004459896 0.074096158 -0.036872584 0.053014502 0.034344345 0.997321606
1305031113.211259 0.176340982 0.006234493 0.073845357 -0.033771649 0.048763953 0.035143301 0.997620404
1305031113.243227 0.163920030 0.010496586 0.070786364 -0.034085564 0.042917427 0.035553157 0.997863829
1305031113.279312 0.154732451 0.002926537 0.071226016 -0.039043788 0.037270531 0.037129898 0.997851610
1305031113.311452 0.142492220 -0.003772099 0.068742678 -0.036602221 0.030960213 0.040562645 0.998026252
1305031113.343252 0.123973280 0.002521296 0.067324385 -0.028897146 0.023533929 0.039381128 0.998529017
1305031113.379312 0.111261591 0.002980381 0.066499151 -0.032219496 0.015298829 0.036746539 0.998687923
1305031113.411625 0.102034584 -0.005728494 0.064230368 -0.034860093 0.007571222 0.037743326 0.998650551
1305031113.443266 0.084955387 -0.000205227 0.063831359 -0.030515997 0.003077476 0.031639155 0.999028683
1305031113.479311 0.067892283 0.003156057 0.066114746 -0.032516833 -0.002334560 0.025823368 0.999134779
1305031113.511523 0.054701678 -0.002348867 0.063021854 -0.038774580 -0.007482773 0.023715630 0.998938501
1305031113.543242 0.040097553 -0.005230971 0.061628237 -0.041359298 -0.012165540 0.020286614 0.998864293
1305031113.579301 0.028094200 0.000193686 0.065341190 -0.038846638 -0.017142577 0.015692396 0.998974860
1305031113.611268 0.017905284 -0.000595798 0.065745197 -0.041970339 -0.020488469 0.011232283 0.998845637
1305031113.643222 0.008150721 -0.000647826 0.066536374 -0.044606682 -0.021289608 0.007503603 0.998749554
1305031113.679288 -0.004239170 -0.001660106 0.066192463 -0.045979705 -0.019898236 0.004180342 0.998735428
1305031113.711931 -0.013428202 -0.002583918 0.067425422 -0.046355359 -0.020134619 -0.000761486 0.998721778
1305031113.743590 -0.023375619 -0.000467116 0.068236619 -0.044751793 -0.017841388 -0.005987839 0.998820841
1305031113.779320 -0.036540296 -0.001798096 0.068886429 -0.044051215 -0.014234619 -0.010701197 0.998870552
1305031113.811237 -0.046254475 -0.000244034 0.068979912 -0.042535849 -0.013579101 -0.012471060 0.998924792
1305031113.843295 -0.057882197 0.002429065 0.069090188 -0.042281546 -0.010776738 -0.016035801 0.998918951
1305031113.879281 -0.069963925 -0.004276102 0.070487246 -0.043530632 -0.009876155 -0.020578438 0.998791277
1305031113.911290 -0.078158259 0.000512561 0.071229227 -0.038662009 -0.012032908 -0.020761397 0.998964190
1305031113.943291 -0.087074295 0.000142887 0.072828934 -0.036360826 -0.010492911 -0.023216626 0.999013901
1305031113.979293 -0.099723488 0.000779722 0.073153898 -0.032802291 -0.007850206 -0.028586039 0.999022126
1305031114.011257 -0.113896437 0.002747832 0.071879417 -0.028927414 -0.005542657 -0.033924524 0.998990297
1305031114.043301 -0.128357753 0.000431197 0.069882423 -0.028810725 -0.006917455 -0.035961729 0.998913825
1305031114.079285 -0.139856473 0.000226093 0.070801020 -0.026546169 -0.012281715 -0.036384214 0.998909712
1305031114.111263 -0.151297554 0.003785592 0.070683807 -0.023066027 -0.017207365 -0.040251788 0.998775065
1305031114.143284 -0.160032794 0.004293963 0.073216639 -0.023062624 -0.022901976 -0.043073863 0.998543084
1305031114.179337 -0.166114271 0.001010221 0.075410217 -0.021737548 -0.026816024 -0.045121260 0.998384893
1305031114.211303 -0.178022429 0.009456563 0.074274458 -0.017059447 -0.026052447 -0.047817841 0.998370528
1305031114.243337 -0.192272291 0.008127647 0.075299270 -0.019992603 -0.027185574 -0.051847149 0.998084724
1305031114.279390 -0.205738395 0.008422811 0.075323448 -0.019791279 -0.032020643 -0.054053757 0.997828245
1305031114.311429 -0.213658243 0.011480328 0.077953607 -0.019974647 -0.040821124 -0.053858247 0.997513890
1305031114.343331 -0.218244702 0.011258549 0.080467448 -0.021091562 -0.048059780 -0.056392249 0.997028291
1305031114.379320 -0.224830762 0.009231167 0.081385076 -0.021870736 -0.050747089 -0.060539838 0.996635020
1305031114.411397 -0.235738412 0.010119435 0.081922233 -0.020502651 -0.051433843 -0.065266363 0.996330559
1305031114.443345 -0.247297719 0.011777638 0.082197554 -0.020229034 -0.054183159 -0.067156978 0.996064723
1305031114.479332 -0.258372873 0.009562992 0.081935719 -0.021593217 -0.060194094 -0.068664767 0.995588064
1305031114.511266 -0.262701809 0.012041771 0.082442194 -0.021360984 -0.069062911 -0.070413165 0.994894981
1305031114.543236 -0.262342513 0.010329458 0.085096829 -0.024839569 -0.075488009 -0.069096766 0.994439662
1305031114.579237 -0.271561384 0.012239885 0.088985629 -0.025124632 -0.073459782 -0.065676369 0.994816065
1305031114.611391 -0.276843309 0.014729661 0.088491164 -0.026628222 -0.073612936 -0.063443258 0.994910538
1305031114.644136 -0.284027010 0.013829566 0.089535862 -0.031712692 -0.074774995 -0.062769085 0.994717598
1305031114.679251 -0.288416445 0.011058690 0.090643346 -0.035385448 -0.080698103 -0.063819259 0.994063795
1305031114.711306 -0.288142860 0.009119603 0.092050001 -0.036599878 -0.086132593 -0.062873043 0.993623972
1305031114.743200 -0.288395882 0.006915751 0.091602214 -0.036506318 -0.089821972 -0.066430248 0.993069112
1305031114.779289 -0.286472708 0.008127575 0.090699151 -0.033733144 -0.092224300 -0.069406278 0.992743433
1305031114.811303 -0.285295486 0.010949192 0.090061218 -0.032766309 -0.092295453 -0.070178792 0.992714882
1305031114.843208 -0.283925474 0.010613608 0.089992926 -0.032931488 -0.093228966 -0.072734170 0.992438257
1305031114.879281 -0.280532748 0.013238692 0.089392588 -0.032532722 -0.093919024 -0.072322987 0.992416382
1305031114.912879 -0.277690172 0.015325256 0.089001492 -0.033001289 -0.094228685 -0.072626233 0.992349386
1305031114.943234 -0.268618017 0.017342390 0.089916714 -0.034848671 -0.096311741 -0.073846258 0.991996169
1305031114.979280 -0.263719946 0.019965360 0.090300858 -0.036102835 -0.094011366 -0.074628368 0.992113411
1305031115.011300 -0.256334931 0.023953980 0.091417432 -0.038969673 -0.093786120 -0.075430356 0.991965592
1305031115.043508 -0.245663449 0.020418966 0.094774269 -0.044076644 -0.093546756 -0.075378306 0.991778374
1305031115.079238 -0.237027124 0.024931449 0.096525177 -0.043607708 -0.091160566 -0.075577393 0.992006123
1305031115.111230 -0.220934600 0.024098754 0.099525794 -0.047145478 -0.090547018 -0.073220290 0.992077291
1305031115.143275 -0.212184042 0.022224959 0.101998463 -0.049182724 -0.081857912 -0.071047679 0.992891014
1305031115.179440 -0.208298549 0.024216644 0.102298498 -0.049940661 -0.076275662 -0.070362672 0.993346393
1305031115.211374 -0.192701161 0.019394532 0.110221505 -0.051945269 -0.077307694 -0.066884510 0.993404090
1305031115.243297 -0.181687042 0.016011983 0.112002209 -0.048631608 -0.072400920 -0.063427322 0.994168043
1305031115.279966 -0.170303047 0.022445638 0.113334998 -0.044990543 -0.070201151 -0.059073266 0.994765282
1305031115.311704 -0.150457308 0.016614392 0.121819422 -0.047138017 -0.069641031 -0.051816903 0.995109618
1305031115.343235 -0.137350380 0.020988155 0.121577941 -0.041274130 -0.061135847 -0.048366942 0.996102154
1305031115.379166 -0.135370672 0.024807468 0.115580633 -0.044665769 -0.053756222 -0.045173042 0.996531308
1305031115.411237 -0.122607231 0.021007024 0.121194661 -0.052470747 -0.061283488 -0.042040803 0.995853305
1305031115.443159 -0.102790594 0.021525888 0.126675412 -0.055397466 -0.066638082 -0.036203772 0.995580137
1305031115.479241 -0.091653876 0.023275878 0.127642706 -0.058859419 -0.065623648 -0.030526355 0.995639086
1305031115.511253 -0.074255511 0.023082588 0.138125822 -0.061491817 -0.065822460 -0.024963733 0.995621920
1305031115.543604 -0.054281950 0.023798198 0.143760622 -0.060447112 -0.056286268 -0.018196378 0.996417046
1305031115.579315 -0.045559894 0.020861886 0.138625592 -0.060917504 -0.042004623 -0.012955309 0.997174442
1305031115.611424 -0.033897392 0.019825470 0.137630299 -0.060319722 -0.035358023 -0.007435434 0.997524977
1305031115.643254 -0.014750752 0.015352173 0.135923892 -0.060674243 -0.031853221 0.000266572 0.997649193
1305031115.679241 -0.007527648 0.010919448 0.128223687 -0.061149232 -0.025804881 0.010987738 0.997734547
1305031115.711320 0.010667023 0.015984042 0.132782534 -0.058277663 -0.029100899 0.019745806 0.997680783
1305031115.743250 0.029123582 0.016103322 0.137460068 -0.058044828 -0.025010377 0.026752295 0.997642040
1305031115.779425 0.042516604 0.015174889 0.134756789 -0.056564450 -0.015898271 0.033817392 0.997699380
1305031115.811277 0.057523750 0.014156602 0.131148577 -0.057449516 -0.007960152 0.042153072 0.997426331
1305031115.843224 0.070840552 0.012202429 0.130189598 -0.060883541 0.001150702 0.049557049 0.996913195
1305031115.879198 0.077434063 0.009371740 0.127863169 -0.060773090 0.009899231 0.057608113 0.996438622
1305031115.911118 0.091869533 0.011163882 0.127515987 -0.058254670 0.011169465 0.062303737 0.996293068
1305031115.943311 0.104247257 0.012086185 0.127495199 -0.059167117 0.017182384 0.068748906 0.995729685
1305031115.980740 0.114199102 0.014201540 0.129281297 -0.060016744 0.022966489 0.074380450 0.995157301
1305031116.011379 0.130518377 0.014659423 0.129007742 -0.063059695 0.029033180 0.078152433 0.994521379
1305031116.043164 0.145358562 0.021488434 0.132055789 -0.062734254 0.038780775 0.079560392 0.994097888
1305031116.080030 0.151573092 0.026011867 0.133024454 -0.066030927 0.050581433 0.083670169 0.993015945
1305031116.111300 0.160290956 0.023198191 0.135640308 -0.074737556 0.060856238 0.087065227 0.991529346
1305031116.143441 0.165755972 0.023128530 0.137908399 -0.078737564 0.070152774 0.089975558 0.990345061
1305031116.179572 0.177762836 0.026413290 0.141155660 -0.079619825 0.073769018 0.092378415 0.989790380
1305031116.211299 0.186935231 0.027161255 0.142815515 -0.083772376 0.078491822 0.095769636 0.988761544
1305031116.243320 0.197988003 0.020718826 0.144132167 -0.089920506 0.083479576 0.099110924 0.987482905
1305031116.279385 0.206119761 0.024436861 0.145028144 -0.088233560 0.092259124 0.101824783 0.986577332
1305031116.311336 0.212415710 0.025161684 0.143463403 -0.090940230 0.100586481 0.105577745 0.985122085
1305031116.343292 0.215545133 0.019788008 0.145346537 -0.094173789 0.108276337 0.108931407 0.983636856
1305031116.379384 0.219737947 0.018379178 0.143633485 -0.089216828 0.111140206 0.109942116 0.983667076
1305031116.411333 0.221895903 0.023550790 0.139139652 -0.082899019 0.112325825 0.112892449 0.983750939
1305031116.443369 0.221945986 0.026540093 0.137256235 -0.083673939 0.114675693 0.122214973 0.982299149
1305031116.479850 0.223042414 0.020170309 0.136450320 -0.087154344 0.115609027 0.126379162 0.981359780
1305031116.511205 0.218728483 0.021106295 0.135483295 -0.084263973 0.116002113 0.122409612 0.982068717
1305031116.543262 0.213805407 0.021400668 0.132273301 -0.081498601 0.116364062 0.118156664 0.982779920
1305031116.579313 0.203665748 0.018866736 0.131146267 -0.083561510 0.116315693 0.114511319 0.983043909
1305031116.611261 0.189469576 0.018440655 0.133004755 -0.082309470 0.114519328 0.107846320 0.984113634
1305031116.643355 0.178888500 0.019305930 0.132028580 -0.079930499 0.107254691 0.098206162 0.986135423
1305031116.679281 0.171918109 0.019360894 0.131075710 -0.079792537 0.098497838 0.089685023 0.987870395
1305031116.711634 0.161383361 0.020706380 0.128036976 -0.078147136 0.093992271 0.080727637 0.989212573
1305031116.743291 0.146600232 0.025645496 0.127828479 -0.076646216 0.091170974 0.069526687 0.990443945
1305031116.779298 0.135136411 0.024835642 0.125714138 -0.079403460 0.086531624 0.059409164 0.991301119
1305031116.811318 0.117909148 0.024515973 0.124841623 -0.078546941 0.085304283 0.050937392 0.991947055
1305031116.846089 0.103967279 0.023631684 0.122743249 -0.077317379 0.076328464 0.043308858 0.993136585
1305031116.880165 0.086958550 0.027921272 0.121777117 -0.076234110 0.068313040 0.036742076 0.994068265
1305031116.912044 0.074660502 0.024590019 0.121473163 -0.077646904 0.057094410 0.032148182 0.994825423
1305031116.943296 0.052615982 0.028720215 0.117790028 -0.076141641 0.046840530 0.024637902 0.995691419
1305031116.979351 0.040359572 0.027354509 0.115924381 -0.076302633 0.034740005 0.014540806 0.996373236
1305031117.011382 0.028363466 0.031164836 0.116548270 -0.073213235 0.022492819 0.005739614 0.997046113
1305031117.043261 0.014423801 0.033404756 0.110514931 -0.073263004 0.013813489 0.000486630 0.997216880
1305031117.079520 0.002380018 0.036016665 0.109615862 -0.074411295 0.004619011 -0.005794138 0.997200131
1305031117.111238 -0.010264290 0.034904491 0.105203591 -0.077392548 -0.004761853 -0.007749300 0.996959209
1305031117.143218 -0.017341908 0.041127115 0.107724652 -0.077633202 -0.016403934 -0.007330642 0.996820092
1305031117.179264 -0.025418375 0.043254863 0.106644824 -0.079883941 -0.024763776 -0.012764135 0.996414781
1305031117.211361 -0.028728163 0.044184778 0.110589989 -0.081481971 -0.032935742 -0.015895881 0.996003628
1305031117.243277 -0.027925819 0.047735274 0.111573927 -0.083959408 -0.037522607 -0.016595963 0.995624125
1305031117.279299 -0.028604915 0.046884097 0.114596300 -0.088818304 -0.037821714 -0.021231519 0.995103002
1305031117.311200 -0.032260433 0.044591688 0.115198962 -0.092943020 -0.035310637 -0.023057641 0.994777918
1305031117.343243 -0.034903891 0.041114192 0.115838349 -0.095445685 -0.035053719 -0.023951726 0.994528890
1305031117.379454 -0.035111640 0.036892526 0.115836702 -0.095808871 -0.035429996 -0.024138751 0.994476080
1305031117.411221 -0.037533276 0.031880781 0.114973105 -0.095483199 -0.036088556 -0.023414614 0.994501054
1305031117.443274 -0.037063010 0.029894546 0.114896737 -0.092338875 -0.038152408 -0.022067878 0.994751692
1305031117.479403 -0.038024403 0.024098597 0.114748560 -0.091620460 -0.038682483 -0.020787170 0.994825244
1305031117.511325 -0.037912697 0.017697413 0.115500100 -0.089307263 -0.040556040 -0.019107601 0.994994640
1305031117.544285 -0.039177109 0.014118689 0.114965126 -0.084216930 -0.040898602 -0.018789206 0.995430470
1305031117.579155 -0.040415209 0.009449048 0.114989005 -0.081471182 -0.042144191 -0.020383867 0.995575607
1305031117.611159 -0.040884040 0.004529248 0.117090762 -0.080370955 -0.043982480 -0.019917337 0.995594978
1305031117.643252 -0.041881718 -0.002480038 0.118721724 -0.079403095 -0.045786284 -0.018676056 0.995615363
1305031117.679262 -0.042956091 -0.007117918 0.120454527 -0.078985266 -0.048168059 -0.018261688 0.995543897
1305031117.711184 -0.042317595 -0.015363459 0.124415681 -0.080543108 -0.051222302 -0.015638119 0.995311260
1305031117.743184 -0.042431232 -0.023200698 0.127305284 -0.080980450 -0.053455759 -0.012434585 0.995203495
1305031117.779467 -0.042163886 -0.027956007 0.129944652 -0.080184877 -0.056140646 -0.010282313 0.995144665
1305031117.811320 -0.041224085 -0.037914790 0.134368375 -0.082497284 -0.058810644 -0.008462494 0.994818509
1305031117.843291 -0.037716821 -0.044827789 0.139704868 -0.080195896 -0.060368389 -0.007298688 0.994922638
1305031117.879451 -0.038522884 -0.052077748 0.140998930 -0.079228573 -0.056767657 -0.007643002 0.995209455
1305031117.911407 -0.039989356 -0.061631661 0.145380050 -0.079699852 -0.054673795 -0.007735567 0.995288312
1305031117.943253 -0.039715692 -0.066294886 0.147977293 -0.077641048 -0.052897081 -0.007975201 0.995545149
1305031117.979228 -0.042332165 -0.072399169 0.151072010 -0.079149172 -0.050308246 -0.008540067 0.995555878
1305031118.011228 -0.042042948 -0.083784930 0.157260001 -0.082482770 -0.050541289 -0.008774311 0.995271444
1305031118.043521 -0.042417206 -0.091036409 0.160909504 -0.081531227 -0.049147997 -0.008747235 0.995419800
1305031118.079334 -0.040430430 -0.097082898 0.165838405 -0.081086218 -0.049048934 -0.009986692 0.995449424
1305031118.111217 -0.038174327 -0.105915025 0.171150222 -0.081060372 -0.045900665 -0.011148402 0.995589316
1305031118.143256 -0.041346114 -0.112886921 0.172751337 -0.079524823 -0.040081654 -0.013021337 0.995941639
1305031118.179323 -0.041334618 -0.122536719 0.177826524 -0.080015860 -0.037641078 -0.015029936 0.995969236
1305031118.211202 -0.044642419 -0.132044598 0.181872591 -0.077476017 -0.034080017 -0.013572755 0.996319115
1305031118.243173 -0.046270754 -0.139012903 0.183875307 -0.074400350 -0.034571223 -0.013988016 0.996530890
1305031118.279194 -0.044270806 -0.148432419 0.188920856 -0.071614981 -0.035940282 -0.014022677 0.996685982
1305031118.311299 -0.044869438 -0.153958380 0.190824330 -0.064948216 -0.036055718 -0.014111633 0.997137189
1305031118.343324 -0.042866789 -0.157371461 0.193601847 -0.059673727 -0.035951387 -0.015239100 0.997453928
1305031118.379208 -0.046654604 -0.164967656 0.194550961 -0.056603417 -0.032813996 -0.016798269 0.997715950
1305031118.411296 -0.047736645 -0.165837392 0.195832595 -0.052887760 -0.034380514 -0.016507803 0.997871935
1305031118.445692 -0.044709779 -0.167053014 0.198616877 -0.052155118 -0.035745487 -0.013142893 0.997912526
1305031118.479285 -0.045029797 -0.169624195 0.200596064 -0.051886186 -0.036081787 -0.010839688 0.997942090
1305031118.511255 -0.042866275 -0.166033626 0.201637477 -0.048533887 -0.037118759 -0.009434409 0.998086989
1305031118.544414 -0.042624485 -0.161340699 0.201112419 -0.048459947 -0.036253825 -0.010228803 0.998114526
1305031118.579285 -0.040471181 -0.161009416 0.202336639 -0.051139586 -0.036084380 -0.010370213 0.997985542
1305031118.616142 -0.039184242 -0.155968562 0.201826662 -0.050681356 -0.034447890 -0.012483357 0.998042524
1305031118.645325 -0.040848061 -0.148584694 0.198426321 -0.050417673 -0.031332910 -0.015459192 0.998116910
1305031118.679295 -0.041971538 -0.144809201 0.196405530 -0.054034442 -0.029631753 -0.017557800 0.997944891
1305031118.711421 -0.042814285 -0.143026426 0.195464104 -0.056044068 -0.029860679 -0.020437492 0.997772396
1305031118.746770 -0.047677971 -0.131915689 0.190764293 -0.051590730 -0.030207159 -0.020203331 0.998006880
1305031118.779277 -0.046737425 -0.116157278 0.186610997 -0.050834868 -0.034219597 -0.020342167 0.997913301
1305031118.811221 -0.043344326 -0.117645025 0.186691940 -0.058272541 -0.037801985 -0.021613501 0.997350574
1305031118.846753 -0.039338902 -0.110247672 0.183064878 -0.054330733 -0.039164014 -0.020118620 0.997551799
1305031118.879208 -0.038506087 -0.093193576 0.174216866 -0.050263230 -0.036732804 -0.022039685 0.997816861
1305031118.911177 -0.038793918 -0.090268254 0.171174511 -0.054694127 -0.035586651 -0.024666749 0.997563899
1305031118.946974 -0.038227521 -0.079419911 0.165769294 -0.052678056 -0.034447238 -0.026141416 0.997674823
1305031118.979374 -0.040295135 -0.066428311 0.159273997 -0.051989794 -0.032590471 -0.030217471 0.997658193
1305031119.011363 -0.042456515 -0.058405392 0.154519916 -0.055627279 -0.031993147 -0.032787342 0.997400105
1305031119.047172 -0.043697763 -0.050831668 0.148183182 -0.058081686 -0.032141756 -0.033287343 0.997238874
1305031119.079223 -0.045992389 -0.043292876 0.142082259 -0.058599666 -0.033596121 -0.033714984 0.997146308
1305031119.111328 -0.046272453 -0.036349066 0.136507094 -0.059245251 -0.037094805 -0.033021040 0.997007310
1305031119.147616 -0.047628388 -0.025351610 0.131584406 -0.058169581 -0.039978862 -0.031475276 0.997009158
1305031119.179226 -0.046035424 -0.021888224 0.128312647 -0.060014009 -0.045110360 -0.031137122 0.996691465
1305031119.211364 -0.044207152 -0.011844797 0.123317748 -0.056385119 -0.047674805 -0.029564094 0.996831894
1305031119.247399 -0.045625191 -0.003389856 0.118823528 -0.055414267 -0.048192680 -0.028862050 0.996882021
1305031119.279212 -0.043996464 0.004594094 0.115156062 -0.055130459 -0.049895920 -0.028555108 0.996822774
1305031119.311212 -0.044596612 0.011782134 0.111423090 -0.055171896 -0.050025415 -0.025931962 0.996885657
1305031119.347741 -0.045806594 0.017566849 0.107835092 -0.054702956 -0.051277891 -0.023807546 0.996900916
1305031119.379239 -0.045111477 0.029209886 0.104402326 -0.052479159 -0.053794134 -0.022989586 0.996907055
1305031119.411484 -0.041745663 0.036056053 0.102190979 -0.053485878 -0.054979987 -0.022484737 0.996800303
1305031119.447706 -0.041311249 0.042780034 0.099597998 -0.054313689 -0.052685730 -0.021899020 0.996892512
1305031119.479267 -0.042393051 0.052775875 0.095941760 -0.051697236 -0.050110906 -0.022754710 0.997145176
1305031119.511240 -0.044801373 0.061214510 0.092464529 -0.052780014 -0.047878012 -0.022613535 0.997201383
1305031119.547382 -0.045032907 0.070976965 0.090260647 -0.053240202 -0.047894001 -0.020801244 0.997215569
1305031119.579559 -0.042692620 0.083680905 0.087275267 -0.053483538 -0.047621332 -0.020809399 0.997215450
1305031119.615017 -0.043966822 0.089288808 0.085509270 -0.058054544 -0.045165144 -0.020086160 0.997088909
1305031119.647903 -0.045428306 0.100567155 0.082360923 -0.059157353 -0.044023599 -0.019466685 0.997087419
1305031119.679208 -0.042672403 0.111512005 0.082804039 -0.061937429 -0.043335907 -0.021004658 0.996917546
1305031119.715232 -0.044923022 0.119787425 0.081700638 -0.067326605 -0.037740376 -0.019104384 0.996833920
1305031119.747193 -0.049817666 0.124708973 0.078555986 -0.071894906 -0.033846248 -0.014516411 0.996732056
1305031119.779169 -0.050548807 0.132621363 0.078315064 -0.074340202 -0.035378102 -0.012188312 0.996530652
1305031119.814537 -0.048566110 0.140351981 0.077630356 -0.076028369 -0.037323389 -0.008050294 0.996374369
1305031119.847429 -0.047623642 0.148735553 0.076583803 -0.077855647 -0.036785226 -0.003825540 0.996278465
1305031119.879214 -0.047924098 0.154391825 0.076744020 -0.078425132 -0.035037026 -0.003429957 0.996298194
1305031119.911401 -0.049152892 0.166407764 0.073451169 -0.075468116 -0.032642554 -0.002683006 0.996610165
1305031119.947392 -0.049013976 0.171873346 0.072154522 -0.079849444 -0.031081611 -0.002787920 0.996318340
1305031119.979537 -0.048291225 0.176874414 0.071585953 -0.081779204 -0.028340202 -0.003829178 0.996240079
1305031120.015264 -0.049364716 0.188024238 0.069726311 -0.082772464 -0.024920681 -0.001844031 0.996255100
1305031120.047290 -0.052641459 0.186117947 0.069411620 -0.092336588 -0.022666812 0.000030945 0.995469809
1305031120.079418 -0.054267015 0.186299562 0.068455741 -0.094233364 -0.023948638 0.002075173 0.995259881
1305031120.115232 -0.054400213 0.190828338 0.068325534 -0.093810529 -0.026364163 0.004172178 0.995232165
1305031120.148157 -0.052610874 0.186713904 0.069542527 -0.097485267 -0.027976083 0.004599347 0.994833052
1305031120.179246 -0.050676621 0.180445224 0.070180222 -0.098872133 -0.028408907 0.007715590 0.994664609
1305031120.215249 -0.049508337 0.175091326 0.070860259 -0.095792808 -0.029197995 0.007750607 0.994942784
1305031120.248003 -0.049497467 0.173362762 0.071434520 -0.090982012 -0.029097063 0.005447639 0.995412469
1305031120.279430 -0.048695955 0.167062208 0.072705403 -0.088864997 -0.028733546 0.003492932 0.995623052
1305031120.315196 -0.049284350 0.158892497 0.073716462 -0.087760806 -0.027785210 0.000639856 0.995753765
1305031120.347787 -0.049430862 0.152105793 0.076051578 -0.084615022 -0.027237814 -0.001080087 0.996040761
1305031120.379437 -0.049090676 0.144071996 0.078995250 -0.083626077 -0.027581627 -0.001757942 0.996113896
1305031120.415445 -0.046636317 0.128986448 0.083321631 -0.081251018 -0.029487412 -0.001329549 0.996256471
1305031120.447417 -0.047664020 0.126557529 0.085248508 -0.071972221 -0.029543841 -0.001996853 0.996967018
1305031120.479432 -0.046551712 0.114059120 0.089393966 -0.071712323 -0.030776449 -0.001035482 0.996949911
1305031120.514819 -0.047713853 0.105152026 0.093090102 -0.065527439 -0.032075003 0.000716610 0.997334898
1305031120.547736 -0.047947414 0.097733714 0.095482990 -0.059355382 -0.034920689 0.002583329 0.997622609
1305031120.579551 -0.049226679 0.091780469 0.098231353 -0.055644691 -0.038097717 0.005477197 0.997708499
1305031120.615236 -0.047228556 0.082204297 0.103116050 -0.053594671 -0.043355003 0.008312347 0.997586548
1305031120.647354 -0.045811951 0.075427920 0.106798850 -0.048640609 -0.046716038 0.008485443 0.997687221
1305031120.679318 -0.044320554 0.069439322 0.110743135 -0.046109602 -0.048723448 0.009650817 0.997700751
1305031120.714522 -0.044286169 0.061445162 0.113466479 -0.044689942 -0.049092956 0.010335938 0.997740388
1305031120.747369 -0.044918563 0.053705972 0.117032319 -0.043934815 -0.051116567 0.010691746 0.997668564
1305031120.779894 -0.042245943 0.044708006 0.121601716 -0.042617746 -0.054447629 0.011020008 0.997545898
1305031120.814944 -0.042189367 0.039296374 0.122873269 -0.039393459 -0.054538246 0.010025129 0.997683942
1305031120.847921 -0.041211456 0.030776050 0.127001196 -0.040939685 -0.056184430 0.008359332 0.997545660
1305031120.883435 -0.038987730 0.021938341 0.130035251 -0.039258096 -0.056655217 0.006679015 0.997599304
1305031120.915444 -0.040179085 0.017108735 0.131478667 -0.037267596 -0.054656677 0.004722288 0.997798324
1305031120.947488 -0.040584065 0.008520409 0.134243086 -0.037991989 -0.054270878 0.002524398 0.997800052
1305031120.983366 -0.041799348 0.000328867 0.136397123 -0.037977584 -0.053764604 0.000317428 0.997831106
1305031121.015019 -0.041482829 -0.008091833 0.138621286 -0.036947936 -0.054651465 -0.000822229 0.997821331
1305031121.047498 -0.042268761 -0.012450227 0.139848173 -0.035454337 -0.054136008 -0.001678624 0.997902513
1305031121.083099 -0.043584190 -0.023915175 0.142674580 -0.036079474 -0.055069860 -0.003120938 0.997825563
1305031121.114696 -0.043158174 -0.029501539 0.144411221 -0.033111844 -0.056625646 -0.002491205 0.997843146
1305031121.147331 -0.044195279 -0.036770038 0.145328745 -0.031504866 -0.056846928 -0.003566075 0.997879326
1305031121.183271 -0.044552073 -0.044466186 0.147545546 -0.029952740 -0.058238633 -0.004176984 0.997844517
1305031121.211420 -0.041855924 -0.052953020 0.150718570 -0.028095450 -0.059117299 -0.004188295 0.997846782
1305031121.247194 -0.045664228 -0.057532635 0.151234731 -0.025321372 -0.056251042 -0.005211549 0.998081923
1305031121.282876 -0.045560569 -0.067870505 0.154295847 -0.026951760 -0.057914767 -0.003928176 0.997949898
1305031121.313568 -0.044569612 -0.076233216 0.157895088 -0.024513200 -0.058512811 -0.003184445 0.997980595
1305031121.347517 -0.047318369 -0.081375033 0.158851594 -0.022154734 -0.058640927 -0.001938655 0.998031378
1305031121.383226 -0.043710321 -0.092969708 0.163496897 -0.022378150 -0.061608311 -0.000978181 0.997849047
1305031121.414318 -0.044396080 -0.098465733 0.164587483 -0.017317921 -0.060295850 -0.002956200 0.998025954
1305031121.447319 -0.045014285 -0.104014829 0.166490600 -0.015945330 -0.059719875 -0.002083234 0.998085618
1305031121.482964 -0.042634819 -0.115866207 0.171177939 -0.016088553 -0.058768902 -0.000699321 0.998141706
1305031121.514107 -0.046891533 -0.118620448 0.169695616 -0.011472713 -0.055247672 -0.000228999 0.998406768
1305031121.547270 -0.046635091 -0.123271525 0.171625867 -0.012413980 -0.055334773 0.000270176 0.998390675
1305031121.583204 -0.046112061 -0.133060098 0.175142720 -0.014890902 -0.054287981 -0.000619628 0.998414099
1305031121.614700 -0.046249829 -0.138215825 0.178385735 -0.013257023 -0.052612957 -0.001799415 0.998525381
1305031121.647183 -0.045188185 -0.142259225 0.179832622 -0.012200924 -0.048826728 -0.004341253 0.998723328
1305031121.683200 -0.048722249 -0.149288565 0.181277841 -0.015159148 -0.043914642 -0.005824632 0.998903275
1305031121.714520 -0.051507987 -0.156232715 0.181934178 -0.016226817 -0.042157367 -0.005136771 0.998965979
1305031121.747145 -0.050842680 -0.158879608 0.184715644 -0.017411225 -0.042358510 -0.004489820 0.998940647
1305031121.782835 -0.050421439 -0.166760087 0.186831385 -0.020412443 -0.042036511 -0.002522627 0.998904347
1305031121.811540 -0.047808997 -0.168999836 0.189950526 -0.021283437 -0.041938126 0.000075666 0.998893499
1305031121.847335 -0.049104661 -0.171264440 0.190535218 -0.023081515 -0.039610401 0.002913373 0.998944342
1305031121.882060 -0.050470997 -0.173883691 0.191161558 -0.025692560 -0.038861498 0.008833034 0.998875201
1305031121.914931 -0.052412212 -0.173447341 0.191257283 -0.026881296 -0.039921761 0.010524351 0.998785734
1305031121.947288 -0.049106818 -0.174011916 0.192517594 -0.027095113 -0.043265693 0.010451228 0.998641431
1305031121.982926 -0.047320973 -0.168632373 0.192435429 -0.025938993 -0.043553010 0.010586013 0.998658240
1305031122.014256 -0.050653312 -0.167744294 0.190042540 -0.026850894 -0.042124718 0.007515567 0.998723209
1305031122.047306 -0.050165281 -0.162786677 0.188272879 -0.025316957 -0.043685183 0.003979463 0.998716593
1305031122.082959 -0.048846643 -0.156885207 0.187021360 -0.024142278 -0.044729605 0.000511435 0.998707235
1305031122.114672 -0.049391001 -0.147738606 0.184037566 -0.021862023 -0.044623181 -0.002954616 0.998760283
1305031122.150725 -0.047741808 -0.141213000 0.182241246 -0.022469545 -0.045624506 -0.007911412 0.998674631
1305031122.183042 -0.046824455 -0.132908598 0.178455889 -0.020372082 -0.044710293 -0.012951367 0.998708248
1305031122.214959 -0.047891863 -0.115089118 0.172838792 -0.019952210 -0.042634476 -0.017602459 0.998736382
1305031122.251319 -0.048367038 -0.111694016 0.171742082 -0.026785187 -0.042006645 -0.021413751 0.998528659
1305031122.283560 -0.050841417 -0.101314716 0.165871620 -0.026496086 -0.041777432 -0.023744192 0.998493254
1305031122.314289 -0.051498435 -0.084462635 0.161800042 -0.029706191 -0.043968905 -0.027629768 0.998208821
1305031122.351327 -0.051625229 -0.079186246 0.160028070 -0.036755059 -0.046480622 -0.030450689 0.997778237
1305031122.382630 -0.054467283 -0.069307752 0.153730631 -0.040966578 -0.047154423 -0.031244364 0.997557998
1305031122.414997 -0.055936694 -0.064747646 0.149566755 -0.045876473 -0.050898965 -0.031994302 0.997136414
1305031122.451257 -0.056318212 -0.054540839 0.144688427 -0.047030568 -0.055425067 -0.030462192 0.996889293
1305031122.483360 -0.056507736 -0.047507759 0.140120476 -0.050399803 -0.060135357 -0.030644370 0.996445954
1305031122.515097 -0.055461772 -0.038741391 0.136289448 -0.051224984 -0.064381048 -0.031875584 0.996099889
1305031122.551490 -0.051880464 -0.030303542 0.132598370 -0.052682735 -0.066729411 -0.032914661 0.995835483
1305031122.583208 -0.052188851 -0.022149380 0.129019246 -0.053716499 -0.065286294 -0.034538645 0.995820940
1305031122.614980 -0.055813871 -0.016008712 0.125001118 -0.054784138 -0.064054288 -0.033993267 0.995861530
1305031122.648788 -0.055234808 -0.007421331 0.120464869 -0.053346638 -0.066207767 -0.032814346 0.995838284
1305031122.683402 -0.056332290 0.001765523 0.116799340 -0.052102115 -0.066978455 -0.031491075 0.995895386
1305031122.715208 -0.057406723 0.009434738 0.112968244 -0.052246269 -0.069272943 -0.028428048 0.995822966
1305031122.751298 -0.055618055 0.022247847 0.109979920 -0.050069783 -0.072570235 -0.027710440 0.995720208
1305031122.783423 -0.055386990 0.033869620 0.106705844 -0.051883183 -0.072669193 -0.028499195 0.995597899
1305031122.812555 -0.053363983 0.039687820 0.105799615 -0.057519283 -0.072878033 -0.028733885 0.995266140
1305031122.851418 -0.049532726 0.047712538 0.105455332 -0.058820710 -0.070772357 -0.030628256 0.995285571
1305031122.883754 -0.051707923 0.056783460 0.102157988 -0.060978647 -0.063412420 -0.030350078 0.995660245
1305031122.914571 -0.055055425 0.060901240 0.100474216 -0.065269448 -0.059567075 -0.029357895 0.995655417
1305031122.951341 -0.055527046 0.066866197 0.098899722 -0.066188850 -0.058742512 -0.028337536 0.995673299
1305031122.982815 -0.057472851 0.075785726 0.095775470 -0.066755585 -0.057940938 -0.024693437 0.995779455
1305031123.015450 -0.056733228 0.079784870 0.094294526 -0.069915384 -0.059430182 -0.021841062 0.995541453
1305031123.051827 -0.055338960 0.084799886 0.092786677 -0.069544502 -0.059610691 -0.020317646 0.995588899
1305031123.082975 -0.056018718 0.094867565 0.089525513 -0.067503177 -0.058344506 -0.017863633 0.995851457
1305031123.113873 -0.055771463 0.104437865 0.087422125 -0.069269679 -0.057323635 -0.015445233 0.995829880
1305031123.150822 -0.056441691 0.110213980 0.085987508 -0.072296865 -0.056235142 -0.015301080 0.995679021
1305031123.182155 -0.053950194 0.121905759 0.085448354 -0.072270617 -0.055684209 -0.014993276 0.995716512
1305031123.214704 -0.053223934 0.130776539 0.084346235 -0.075575106 -0.051193651 -0.015537215 0.995703876
1305031123.250618 -0.053260706 0.142285332 0.082438588 -0.079131991 -0.047388725 -0.016581850 0.995599031
1305031123.282347 -0.052648049 0.151250109 0.082593709 -0.086288288 -0.044576321 -0.013824168 0.995176435
1305031123.311327 -0.050971750 0.157949105 0.082969204 -0.091591604 -0.041482788 -0.013107385 0.994845927
1305031123.350481 -0.051583249 0.165286183 0.082698435 -0.095793262 -0.036877338 -0.012367181 0.994641066
1305031123.382255 -0.049635436 0.173480824 0.082796931 -0.099408939 -0.033174481 -0.008679787 0.994455636
1305031123.411363 -0.050517071 0.177917212 0.082038343 -0.103126921 -0.027756423 -0.006624421 0.994258761
1305031123.451255 -0.051350772 0.185100436 0.080143407 -0.104537010 -0.024698058 -0.005463467 0.994199276
1305031123.483594 -0.049926195 0.193064734 0.079354003 -0.107616022 -0.023526840 -0.000557393 0.993913949
1305031123.511360 -0.048422799 0.198292568 0.078314796 -0.110730231 -0.022561958 0.003093250 0.993589580
1305031123.551513 -0.048860807 0.206164405 0.077020042 -0.110924833 -0.022182595 0.005606539 0.993565381
1305031123.579583 -0.046238285 0.209794015 0.076991528 -0.114305533 -0.023151331 0.008925439 0.993135750
1305031123.611335 -0.045443177 0.220116720 0.075515039 -0.112470113 -0.021848375 0.010357167 0.993360877
1305031123.652411 -0.042400669 0.224265695 0.075501829 -0.117046446 -0.021347791 0.010081192 0.992845774
1305031123.683753 -0.042005479 0.231065989 0.074954130 -0.119731627 -0.017577104 0.011140126 0.992588162
1305031123.711323 -0.041620795 0.236032918 0.074390337 -0.123720512 -0.013993641 0.012444349 0.992140412
1305031123.751723 -0.043832857 0.234859154 0.073312953 -0.129646137 -0.010330126 0.014448811 0.991401196
1305031123.783858 -0.043402035 0.235287607 0.072207287 -0.132416353 -0.010898723 0.016516838 0.990996659
1305031123.811608 -0.042191476 0.242412508 0.071381494 -0.129611149 -0.011905599 0.017668881 0.991335988
1305031123.851444 -0.042336214 0.240223244 0.070489913 -0.132556468 -0.011751889 0.019938087 0.990905225
1305031123.883786 -0.042838499 0.232660905 0.069941267 -0.136829734 -0.012617616 0.020697916 0.990297914
1305031123.911243 -0.040731408 0.235546499 0.070472315 -0.130671516 -0.015517006 0.019943513 0.991103649
1305031123.951442 -0.042430464 0.237884343 0.069997750 -0.128235295 -0.014910313 0.021323418 0.991402388
1305031123.983415 -0.042606145 0.225943998 0.071220741 -0.135531738 -0.017006630 0.023103755 0.990357578
1305031124.011302 -0.042025678 0.217639580 0.073649518 -0.132834420 -0.021380533 0.022638904 0.990648925
1305031124.051505 -0.042934377 0.217626691 0.073933430 -0.126159161 -0.023848742 0.022927139 0.991458237
1305031124.083837 -0.041362111 0.210912660 0.076699153 -0.126580685 -0.027676761 0.023839450 0.991283536
1305031124.111331 -0.040551517 0.199830309 0.080980033 -0.123274006 -0.031231347 0.022569669 0.991624296
1305031124.147446 -0.041470233 0.199882343 0.081349954 -0.114732817 -0.031814706 0.020379113 0.992677629
1305031124.182694 -0.040334683 0.189445287 0.084893651 -0.116370790 -0.033797242 0.018613307 0.992456079
1305031124.211396 -0.037454534 0.179433107 0.090431988 -0.111940660 -0.037056148 0.016825465 0.992881179
1305031124.249327 -0.041187227 0.177922770 0.089391395 -0.103771381 -0.035905294 0.016215453 0.993820608
1305031124.282545 -0.043070931 0.170275718 0.089291044 -0.104120813 -0.038803559 0.015844509 0.993681073
1305031124.311361 -0.038536124 0.158954889 0.094773144 -0.102474354 -0.045871448 0.016510265 0.993540287
1305031124.350354 -0.039360855 0.154576242 0.095275536 -0.095789470 -0.048501626 0.014950944 0.994106829
1305031124.382420 -0.039648294 0.143846765 0.096684217 -0.094303779 -0.050153527 0.013441565 0.994188488
1305031124.411439 -0.039899573 0.134813920 0.097979739 -0.089722320 -0.051251590 0.012507333 0.994568646
1305031124.450245 -0.039873052 0.125836775 0.099132940 -0.083197780 -0.052277427 0.010278602 0.995107830
1305031124.480099 -0.039851375 0.115046456 0.100726105 -0.078324392 -0.053550035 0.007938228 0.995456994
1305031124.511324 -0.041203436 0.108842328 0.101243742 -0.070668817 -0.054457303 0.005718991 0.995995820
1305031124.550437 -0.041943923 0.100104719 0.102991328 -0.066758700 -0.055820957 0.003136573 0.996201515
1305031124.579404 -0.041975707 0.089430891 0.105679177 -0.063881367 -0.058449324 0.000900581 0.996243954
1305031124.611358 -0.041639619 0.078618437 0.108113833 -0.059901632 -0.061036088 -0.001135237 0.996335864
1305031124.651271 -0.042118967 0.070223927 0.110614583 -0.055982295 -0.063174151 -0.003250870 0.996425867
1305031124.679362 -0.039978422 0.058803242 0.114799097 -0.053157326 -0.066089951 -0.004477182 0.996386707
1305031124.711251 -0.039356254 0.050278436 0.117411986 -0.048884105 -0.066452391 -0.006220136 0.996572018
1305031124.749890 -0.040706847 0.039971940 0.120938472 -0.047175836 -0.066048607 -0.008204451 0.996666789
1305031124.779365 -0.040768825 0.030188449 0.124132723 -0.044146907 -0.067355186 -0.008800526 0.996713042
1305031124.811360 -0.040761776 0.020981759 0.127467602 -0.042372104 -0.068365678 -0.009250365 0.996717215
1305031124.850535 -0.040828027 0.010708860 0.133079037 -0.042573888 -0.069972016 -0.009727713 0.996592581
1305031124.879355 -0.037222564 -0.000492755 0.138368428 -0.041184552 -0.071587741 -0.010263653 0.996530831
1305031124.911448 -0.037922379 -0.006423942 0.141455948 -0.038887218 -0.068667769 -0.010575018 0.996825278
1305031124.950730 -0.038134206 -0.015625417 0.147741780 -0.041977551 -0.067481965 -0.010557155 0.996781111
1305031124.979438 -0.039343107 -0.031439971 0.152893022 -0.043167595 -0.066354401 -0.008967177 0.996821582
1305031125.011454 -0.042704731 -0.038093433 0.155431196 -0.037727360 -0.067405932 -0.008161890 0.996978700
1305031125.050763 -0.038489893 -0.041643772 0.159913048 -0.034495082 -0.071486160 -0.007000461 0.996820331
1305031125.079364 -0.039104007 -0.051488787 0.164441049 -0.036224440 -0.070250884 -0.003944307 0.996863604
1305031125.111364 -0.040829547 -0.061668769 0.167299271 -0.036043737 -0.070651479 -0.003056022 0.996844947
1305031125.151013 -0.039369319 -0.067286268 0.171570465 -0.031489510 -0.071806259 -0.004881156 0.996909440
1305031125.179353 -0.040764194 -0.069450960 0.171382964 -0.030666072 -0.068474859 -0.004523054 0.997171164
1305031125.211320 -0.042425483 -0.080147222 0.175429627 -0.035016086 -0.066822618 -0.004593945 0.997139633
1305031125.250632 -0.044906542 -0.090376385 0.178213596 -0.033768911 -0.065944701 -0.007426738 0.997224092
1305031125.279467 -0.045389198 -0.093102694 0.179673329 -0.029939633 -0.065830439 -0.008358071 0.997346520
1305031125.311493 -0.045146853 -0.102178045 0.183630675 -0.030752296 -0.064465396 -0.007791538 0.997415543
1305031125.348880 -0.047581788 -0.106102027 0.184469730 -0.026395790 -0.062529869 -0.010923625 0.997634172
1305031125.379401 -0.043912802 -0.110203966 0.189101860 -0.026651841 -0.062199958 -0.014939184 0.997595966
1305031125.411335 -0.043750554 -0.114336967 0.191330940 -0.026742674 -0.055929329 -0.015503945 0.997956097
1305031125.451195 -0.046018861 -0.119711876 0.193627521 -0.029995231 -0.050045874 -0.017743828 0.998138666
1305031125.479424 -0.046348572 -0.126831815 0.195654556 -0.030150928 -0.046037313 -0.019444641 0.998295248
1305031125.511316 -0.047845945 -0.126132086 0.196005285 -0.028580736 -0.041699730 -0.019956762 0.998521924
1305031125.551020 -0.047071777 -0.129055947 0.196701169 -0.029903032 -0.039056875 -0.021803824 0.998551488
1305031125.579308 -0.046205554 -0.131169736 0.197780892 -0.031647507 -0.035951443 -0.023885986 0.998566687
1305031125.611533 -0.047686629 -0.135846972 0.197731480 -0.031809751 -0.032080848 -0.024279784 0.998683870
1305031125.650575 -0.052668616 -0.138671562 0.193671018 -0.028060164 -0.029894952 -0.021845527 0.998920262
1305031125.679328 -0.056124695 -0.131871387 0.188277081 -0.022643931 -0.032731451 -0.020862196 0.998989820
1305031125.711443 -0.052778546 -0.132798567 0.189202055 -0.021980785 -0.039687436 -0.018991249 0.998789787
1305031125.751260 -0.050481364 -0.122992873 0.184148267 -0.015653323 -0.042589314 -0.017222261 0.998821557
1305031125.779348 -0.048736766 -0.117682829 0.181901813 -0.015841512 -0.044179391 -0.019984366 0.998698115
1305031125.811573 -0.047205366 -0.109058715 0.178282812 -0.014643400 -0.043778598 -0.020761000 0.998718202
1305031125.847412 -0.047683910 -0.103336342 0.176305562 -0.016746312 -0.042216294 -0.022898957 0.998705626
1305031125.879318 -0.050626654 -0.096161798 0.171146438 -0.016394794 -0.041507941 -0.023712367 0.998722196
1305031125.911305 -0.053061910 -0.086297870 0.166560397 -0.019191643 -0.043770187 -0.022672156 0.998599946
1305031125.947343 -0.055014640 -0.083272345 0.163341612 -0.023664257 -0.049795195 -0.020237645 0.998273969
1305031125.979324 -0.053879648 -0.073008381 0.159920484 -0.023246072 -0.057513341 -0.016957566 0.997929990
1305031126.011333 -0.049069487 -0.060530603 0.159803897 -0.023879362 -0.064959802 -0.016046772 0.997473061
1305031126.047324 -0.044103604 -0.049656186 0.158845112 -0.026201056 -0.068150729 -0.015242036 0.997214437
1305031126.079356 -0.043619394 -0.038405195 0.157545567 -0.029534252 -0.066700004 -0.014228320 0.997234344
1305031126.111370 -0.042771049 -0.031094391 0.156948000 -0.033716124 -0.066267006 -0.014929068 0.997120380
1305031126.147432 -0.042804837 -0.017891435 0.154587746 -0.034761243 -0.064844228 -0.013385158 0.997199953
1305031126.179384 -0.043726996 -0.005826633 0.151058272 -0.040317565 -0.064326659 -0.012623595 0.997034192
1305031126.211319 -0.041170131 0.000329963 0.150935665 -0.045802325 -0.065932892 -0.012223376 0.996697307
1305031126.247298 -0.039299827 0.013403840 0.148149863 -0.047380324 -0.065256290 -0.011439656 0.996677399
1305031126.279363 -0.037914753 0.023353040 0.146876991 -0.051319335 -0.064028122 -0.012095910 0.996554255
1305031126.311332 -0.036316987 0.035883881 0.145351499 -0.054058161 -0.061613265 -0.013554267 0.996542871
1305031126.347363 -0.037017021 0.043529332 0.143291354 -0.058878265 -0.057320908 -0.015031851 0.996504724
1305031126.379423 -0.039087642 0.052553039 0.140397221 -0.062055230 -0.053397514 -0.016589744 0.996505201
1305031126.411465 -0.039011974 0.062801108 0.137826025 -0.065538809 -0.051801939 -0.018439565 0.996333838
1305031126.447361 -0.039772704 0.068240412 0.136162847 -0.070853472 -0.050024789 -0.017642140 0.996075332
1305031126.479533 -0.041390158 0.075877704 0.133433402 -0.072934873 -0.049538363 -0.014640853 0.995998025
1305031126.511410 -0.041380629 0.089041546 0.129803747 -0.073596977 -0.051105455 -0.012930709 0.995893836
1305031126.547374 -0.038121186 0.096216559 0.129114166 -0.079488553 -0.052929521 -0.012300834 0.995353580
1305031126.579454 -0.036524612 0.103321195 0.127646372 -0.083525315 -0.051392220 -0.010421515 0.995124996
1305031126.611528 -0.036213025 0.110244058 0.126013592 -0.088507839 -0.049624398 -0.008560822 0.994801700
1305031126.647376 -0.033457302 0.113027893 0.126338869 -0.093635619 -0.049179818 -0.006391130 0.994370580
1305031126.679479 -0.034198385 0.117779747 0.123989731 -0.095263004 -0.046274360 -0.002390387 0.994373143
1305031126.711583 -0.033953641 0.123621590 0.122158527 -0.097406417 -0.044535279 0.000727880 0.994247496
1305031126.747316 -0.033104088 0.124309875 0.120858192 -0.099701546 -0.042936254 0.003487781 0.994084418
1305031126.779379 -0.032426994 0.129885674 0.118488468 -0.098359510 -0.042080507 0.006571231 0.994239151
1305031126.811602 -0.029390879 0.133746371 0.117603697 -0.098082379 -0.041207653 0.007243491 0.994298398
1305031126.847343 -0.028706238 0.135834292 0.115786456 -0.098745182 -0.037488434 0.007762797 0.994376063
1305031126.879357 -0.028889146 0.137966245 0.114009947 -0.099248365 -0.035180498 0.008367082 0.994405389
1305031126.911364 -0.027227163 0.138727129 0.113434680 -0.099737130 -0.033837501 0.007727529 0.994408250
1305031126.947437 -0.028353516 0.140183806 0.111602128 -0.100160874 -0.031960268 0.009523856 0.994412243
1305031126.979337 -0.027974140 0.139427274 0.111352384 -0.100954898 -0.032978240 0.010529922 0.994288504
1305031127.011371 -0.027443614 0.138789028 0.111407921 -0.099850670 -0.034190100 0.010864085 0.994355500
1305031127.047297 -0.026922094 0.139642358 0.110621013 -0.098659284 -0.034665752 0.012108245 0.994443595
1305031127.079299 -0.027732827 0.138909608 0.110690832 -0.099172831 -0.034713794 0.012203575 0.994389653
1305031127.111435 -0.028942123 0.136054084 0.110547863 -0.100042053 -0.036310334 0.013230478 0.994232416
1305031127.147307 -0.028769074 0.132356524 0.111571953 -0.100177154 -0.039921727 0.014034774 0.994069338
1305031127.179349 -0.028897373 0.132727608 0.111447662 -0.097184680 -0.042687830 0.013178139 0.994263172
1305031127.211700 -0.027717652 0.131473884 0.113228485 -0.096507542 -0.044807743 0.013001519 0.994238198
1305031127.247374 -0.026777640 0.126933247 0.114900857 -0.096119672 -0.045621295 0.012283741 0.994247854
1305031127.279465 -0.027931890 0.127895087 0.114491776 -0.092395760 -0.045173731 0.011183449 0.994634271
1305031127.311362 -0.028661771 0.124629624 0.115832590 -0.093547910 -0.045809012 0.010553897 0.994504392
1305031127.347356 -0.028661788 0.119153857 0.118117481 -0.093244605 -0.047594100 0.009981992 0.994454920
1305031127.379262 -0.029431745 0.120000213 0.118657865 -0.089399874 -0.048371650 0.009648681 0.994773746
1305031127.411371 -0.030271661 0.118980959 0.119689591 -0.088924110 -0.049147572 0.008873412 0.994785547
1305031127.447333 -0.030091505 0.113988258 0.121846348 -0.089700669 -0.050674390 0.008787928 0.994639993
1305031127.479362 -0.030999836 0.115275376 0.122340471 -0.086650431 -0.051388092 0.007950358 0.994880795
1305031127.511356 -0.031684719 0.114367098 0.123466432 -0.087646075 -0.052315585 0.006658783 0.994754732
1305031127.547348 -0.030876637 0.110115051 0.125533849 -0.088824451 -0.053856924 0.006703562 0.994567573
1305031127.579345 -0.031921111 0.110846698 0.125635698 -0.086281523 -0.053749558 0.006469885 0.994798779
1305031127.611271 -0.032077387 0.111537635 0.126470879 -0.086135119 -0.054361474 0.006134099 0.994780362
1305031127.647358 -0.031036578 0.108033672 0.128185272 -0.088387780 -0.055308551 0.007711299 0.994519532
1305031127.679298 -0.031633422 0.107082337 0.128311038 -0.086841218 -0.055432577 0.008278631 0.994644344
1305031127.711375 -0.032382607 0.109140135 0.127961263 -0.085165076 -0.055817675 0.007854319 0.994771123
1305031127.747304 -0.031519275 0.107007422 0.129182667 -0.087069616 -0.056810152 0.008038422 0.994548559
1305031127.779346 -0.032240152 0.104658425 0.129499286 -0.086650074 -0.056633104 0.008079538 0.994594991
1305031127.811829 -0.032989059 0.106105313 0.128600553 -0.084351331 -0.056624595 0.007029733 0.994801044
1305031127.847366 -0.033032998 0.105158858 0.128876656 -0.084910214 -0.056757264 0.006206176 0.994751394
1305031127.879380 -0.033979736 0.103940994 0.128929347 -0.085243046 -0.056668099 0.005578028 0.994731724
1305031127.911476 -0.034599982 0.103935227 0.129171610 -0.084816478 -0.057430241 0.005247270 0.994726300
1305031127.947366 -0.035092652 0.105167001 0.129438668 -0.084822118 -0.058019340 0.005316422 0.994691253
1305031127.979371 -0.034622815 0.103924863 0.131024614 -0.086904787 -0.059176128 0.005245508 0.994443715
1305031128.011427 -0.033518575 0.104497895 0.132529527 -0.087569192 -0.059881769 0.005073982 0.994344056
1305031128.047369 -0.032729417 0.102171190 0.134941116 -0.090873010 -0.059382521 0.006200161 0.994071126
1305031128.079334 -0.033168502 0.099600203 0.136180729 -0.091662802 -0.058835428 0.007050482 0.994025469
1305031128.111391 -0.032800373 0.099087328 0.136982769 -0.091020383 -0.059198491 0.007830071 0.994057119
1305031128.147418 -0.032721873 0.099039346 0.138156399 -0.091531999 -0.059300285 0.009360527 0.993990839
1305031128.179350 -0.031324334 0.095285468 0.140013099 -0.092389651 -0.060054470 0.010860892 0.993850946
1305031128.211447 -0.032243170 0.096568502 0.139043167 -0.089606777 -0.059398696 0.011046071 0.994143069
1305031128.247480 -0.032450370 0.097271815 0.138770878 -0.089581035 -0.059718333 0.011286766 0.994123518
1305031128.279336 -0.031698637 0.094164193 0.140446305 -0.090979159 -0.060619909 0.011370943 0.993941009
1305031128.311483 -0.032099098 0.095482826 0.139742687 -0.088870838 -0.060403377 0.010559218 0.994153857
1305031128.347423 -0.032983057 0.095812447 0.139308974 -0.088699341 -0.060067575 0.009816048 0.994197130
1305031128.379404 -0.033290394 0.094393782 0.139938518 -0.089404061 -0.060447250 0.007972538 0.994127512
1305031128.411337 -0.033718966 0.093815997 0.139577806 -0.088849068 -0.060305040 0.006909897 0.994193852
1305031128.447296 -0.034587700 0.094096869 0.139317885 -0.088136859 -0.059912786 0.005631939 0.994289041
1305031128.479296 -0.034669667 0.093026429 0.139268756 -0.088719316 -0.060198884 0.004586366 0.994225323
1305031128.511433 -0.034511030 0.092194393 0.139437646 -0.088522226 -0.060151704 0.003760927 0.994249165
1305031128.547399 -0.034042381 0.091816843 0.139455393 -0.088649593 -0.059900746 0.003490177 0.994253993
1305031128.579455 -0.033990905 0.089467973 0.139559686 -0.089070112 -0.059300698 0.003110209 0.994253635
1305031128.611395 -0.035322562 0.089446761 0.138866410 -0.087582238 -0.058786258 0.003293141 0.994415760
1305031128.647352 -0.036340900 0.089820191 0.138005614 -0.086793952 -0.059478056 0.003701380 0.994442284
1305031128.679282 -0.035556540 0.088341504 0.138121799 -0.086963028 -0.061267823 0.003091273 0.994320929
1305031128.711457 -0.034468267 0.088267595 0.138398841 -0.085805595 -0.061797183 0.002377636 0.994390666
1305031128.747363 -0.034413300 0.088695541 0.137833700 -0.084769540 -0.060803574 0.001297652 0.994542778
