1305031102.675285 -0.005437581 0.019013744 0.138618305 -0.041440278 -0.018003654 -0.000696795 0.998978496
1305031102.711263 -0.005427342 0.018692549 0.148813218 -0.042625122 -0.018461207 0.000543613 0.998920381
1305031102.743234 -0.004389618 0.022559369 0.160756469 -0.043807968 -0.019593332 0.003441101 0.998841882
1305031102.775472 -0.002278974 0.022712035 0.171820194 -0.046416864 -0.018682839 0.001791466 0.998745799
1305031102.811232 -0.001512849 0.028490366 0.182880178 -0.045425117 -0.016294811 0.000940635 0.998834372
1305031102.843290 -0.001021395 0.026684636 0.192437202 -0.048962519 -0.013287836 0.000345062 0.998712182
1305031102.875363 -0.003207578 0.030504599 0.202056855 -0.046904370 -0.009628070 -0.002180111 0.998850584
1305031102.911185 -0.004241061 0.032683026 0.210947335 -0.046420190 -0.007947300 -0.003407883 0.998884559
1305031102.943229 -0.009440212 0.033281699 0.216921717 -0.047043655 -0.005509604 -0.004937657 0.998865426
1305031102.975203 -0.012799484 0.036039852 0.223721057 -0.047303244 -0.010969831 -0.004820426 0.998808742
1305031103.011215 -0.014708431 0.039393511 0.229132652 -0.047012914 -0.016406940 -0.002693615 0.998755872
1305031103.043227 -0.014936214 0.041721053 0.237531930 -0.048693217 -0.022467596 0.000072767 0.998561025
1305031103.075319 -0.011561707 0.041989766 0.248319373 -0.048949532 -0.027307427 0.002732009 0.998424113
1305031103.111240 -0.012248286 0.047498595 0.253590524 -0.046448238 -0.026599163 0.003611754 0.998559952
1305031103.143318 -0.011517407 0.049123257 0.262190729 -0.048299164 -0.027280161 0.005297800 0.998446226
1305031103.175452 -0.011787650 0.053323932 0.267079383 -0.048175201 -0.025562789 0.005812552 0.998494804
1305031103.211220 -0.013798780 0.058757722 0.272468060 -0.051154658 -0.024783291 0.006635012 0.998361111
1305031103.243216 -0.013557616 0.060908969 0.278178275 -0.058089804 -0.024873748 0.010092913 0.997950375
1305031103.275370 -0.019346213 0.061821584 0.279451042 -0.067166269 -0.024279604 0.013329419 0.997357249
1305031103.311210 -0.018245798 0.057433713 0.285540581 -0.075779222 -0.034579780 0.014045678 0.996425867
1305031103.343223 -0.012219246 0.059295148 0.289857715 -0.075841121 -0.042137962 0.014361059 0.996125579
1305031103.375327 -0.011093606 0.058800112 0.290459752 -0.079379886 -0.041107707 0.016046103 0.995867193
1305031103.411260 -0.012698794 0.054227196 0.289023697 -0.082770996 -0.039562877 0.017103026 0.995636106
1305031103.443280 -0.014577762 0.053071078 0.285106778 -0.082380801 -0.040778935 0.016510263 0.995629370
1305031103.475274 -0.013286054 0.049587503 0.282394290 -0.083017461 -0.044290643 0.015022013 0.995450020
1305031103.511333 -0.013324347 0.045702126 0.277389228 -0.081065692 -0.045607112 0.012506978 0.995586216
1305031103.543444 -0.013157426 0.041733224 0.271646649 -0.077366330 -0.046916429 0.010225244 0.995845735
1305031103.575474 -0.015073008 0.039568927 0.262424678 -0.072775267 -0.046998620 0.010057422 0.996189594
1305031103.611223 -0.015253001 0.036272630 0.255423397 -0.070811167 -0.050100874 0.011536390 0.996163964
1305031103.643445 -0.014572891 0.032681026 0.247180685 -0.068316616 -0.054303210 0.012062938 0.996111691
1305031103.675523 -0.012716167 0.029623767 0.238808051 -0.065684974 -0.057353433 0.012046113 0.996117949
1305031103.711610 -0.010972282 0.026785601 0.229603276 -0.063293360 -0.058722626 0.011973657 0.996193886
1305031103.743326 -0.009997845 0.021559428 0.220491454 -0.061601181 -0.058461558 0.010740551 0.996329367
1305031103.775342 -0.009783315 0.020484921 0.208724782 -0.057634551 -0.057703566 0.007405944 0.996641219
1305031103.811242 -0.009253893 0.019983241 0.197382435 -0.057057988 -0.056504387 0.003994356 0.996762574
1305031103.843251 -0.012792457 0.020440336 0.184767544 -0.058987461 -0.054405574 0.000891426 0.996774673
1305031103.875361 -0.013464478 0.011388277 0.175589442 -0.067360915 -0.057024553 -0.002096031 0.996095538
1305031103.911221 -0.012510432 0.005560376 0.165730730 -0.067180559 -0.061157614 -0.003831443 0.995857358
1305031103.943211 -0.011157405 0.003885169 0.154237613 -0.064657703 -0.064045027 -0.004797684 0.995838642
1305031103.975373 -0.008986671 -0.001279967 0.143981069 -0.063660979 -0.066438705 -0.005835796 0.995740473
1305031104.011232 -0.004780502 -0.007532591 0.135805249 -0.060984876 -0.067794584 -0.007275921 0.995807111
1305031104.043249 -0.001560955 -0.009407191 0.124338835 -0.053584117 -0.065583736 -0.009102954 0.996365726
1305031104.075425 0.000195539 -0.008826098 0.113198757 -0.048775248 -0.061241996 -0.011854040 0.996860027
1305031104.111235 0.004053688 -0.012720349 0.105271280 -0.046352807 -0.056827459 -0.012646335 0.997227252
1305031104.143230 0.001090951 -0.016491037 0.091842338 -0.041727297 -0.049244631 -0.014562671 0.997808456
1305031104.175424 0.000287829 -0.016897047 0.081503980 -0.036889892 -0.045646984 -0.015066340 0.998162568
1305031104.211283 0.001184883 -0.021241123 0.071427077 -0.033555094 -0.043258280 -0.015114908 0.998385847
1305031104.243196 0.000596866 -0.022248048 0.061082195 -0.028405592 -0.040393710 -0.015492983 0.998659790
1305031104.275546 0.002240043 -0.023713190 0.051471826 -0.024094436 -0.038312718 -0.015997285 0.998847187
1305031104.311219 0.003018271 -0.025343582 0.042780384 -0.020592101 -0.035232112 -0.016177729 0.999036014
1305031104.343342 0.004596650 -0.024342848 0.034293242 -0.016672740 -0.031560253 -0.016307263 0.999229729
1305031104.375837 0.004032537 -0.025026688 0.025590399 -0.014749056 -0.026366929 -0.016123878 0.999413431
1305031104.411509 0.000959537 -0.025476655 0.016189080 -0.013139732 -0.021273369 -0.016028132 0.999558866
1305031104.443288 -0.003990151 -0.025008073 0.007091936 -0.012315467 -0.018006423 -0.015818637 0.999636889
1305031104.475456 -0.007321288 -0.025747580 -0.000490910 -0.012572420 -0.018367065 -0.015222499 0.999636352
1305031104.511329 -0.004265645 -0.029536791 -0.003995497 -0.013164495 -0.022611072 -0.013057796 0.999572396
1305031104.543368 -0.002157396 -0.030497849 -0.010900853 -0.009713775 -0.025358019 -0.012371570 0.999554694
1305031104.575343 0.002887614 -0.035847124 -0.016338812 -0.006822883 -0.026669972 -0.011647037 0.999553144
1305031104.611336 0.007650172 -0.044477321 -0.024362722 0.000465610 -0.023191802 -0.010947775 0.999670982
1305031104.643243 0.010049695 -0.040416423 -0.032713469 0.014092542 -0.016197640 -0.010258380 0.999716878
1305031104.675525 0.011026133 -0.045293953 -0.040796731 0.024209917 -0.008263857 -0.009746434 0.999625266
1305031104.711277 0.010266829 -0.045487888 -0.050162956 0.038077265 -0.000199272 -0.007231839 0.999248624
1305031104.743280 0.011887128 -0.043279853 -0.059408076 0.051851455 0.006658318 -0.005401652 0.998618007
1305031104.775327 0.013646754 -0.044153556 -0.065353818 0.063397899 0.013100319 -0.003208022 0.997897208
1305031104.811465 0.015328052 -0.039597936 -0.070972241 0.075208150 0.019394796 -0.000325334 0.996979177
1305031104.843258 0.014376587 -0.036563300 -0.074978732 0.083814912 0.026188627 0.002228538 0.996134639
1305031104.875350 0.010607598 -0.031081101 -0.078420617 0.090306260 0.030281903 0.004753337 0.995442212
1305031104.911534 0.011952257 -0.027498914 -0.077796333 0.093117774 0.030725922 0.007285316 0.995154202
1305031104.943262 0.012206141 -0.025899634 -0.077238657 0.094179198 0.031478986 0.008018205 0.995025158
1305031104.975202 0.011716180 -0.020926673 -0.073968790 0.093913257 0.030718755 0.009073094 0.995064974
1305031105.011290 0.012983780 -0.018645633 -0.069985271 0.089285895 0.029863151 0.010136348 0.995506644
1305031105.043373 0.012125766 -0.015431768 -0.063690417 0.084189259 0.029496349 0.008934154 0.995973051
1305031105.075320 0.013480594 -0.015602036 -0.054940268 0.076864414 0.028066793 0.007559749 0.996617734
1305031105.111299 0.010365661 -0.017581614 -0.046584785 0.070476048 0.027870389 0.005231488 0.997110307
1305031105.143106 0.007424876 -0.008953528 -0.037163291 0.066498198 0.025650537 0.003089066 0.997452021
1305031105.175159 0.006330437 -0.004283221 -0.026667906 0.054123476 0.022332598 0.000949943 0.998284042
1305031105.211268 0.001255554 -0.010410656 -0.016467258 0.040334284 0.019538404 -0.002537315 0.998991966
1305031105.243270 -0.003188728 -0.008707101 -0.007307242 0.032318447 0.015044009 -0.004842877 0.999352694
1305031105.275288 -0.006084149 -0.006283412 0.002574479 0.022364505 0.009160503 -0.006186431 0.999688745
1305031105.311290 -0.008059576 -0.008061739 0.013507770 0.011508068 0.001854655 -0.007012800 0.999907494
1305031105.343302 -0.008331712 -0.011263428 0.025132697 0.002194418 -0.005081274 -0.007410407 0.999957263
1305031105.375338 -0.009254329 -0.013190440 0.035570432 -0.002171488 -0.010113432 -0.007179073 0.999920726
1305031105.411286 -0.010318598 -0.007709593 0.045071453 -0.006264900 -0.014798834 -0.007840634 0.999840140
1305031105.443316 -0.010878660 -0.011186580 0.056512956 -0.014347487 -0.018980579 -0.008606314 0.999679863
1305031105.475280 -0.011504630 -0.009918618 0.067211449 -0.017567992 -0.022409683 -0.008539743 0.999558032
1305031105.511332 -0.009326993 -0.008086926 0.078324676 -0.022039216 -0.026307572 -0.007867497 0.999379933
1305031105.543282 -0.009658158 -0.009253019 0.090114459 -0.026807990 -0.027152859 -0.006843223 0.999248326
1305031105.575449 -0.011312480 -0.007632216 0.100102052 -0.029330529 -0.027969569 -0.006893185 0.999154568
1305031105.611378 -0.009777364 -0.009039540 0.112279981 -0.032778628 -0.029708143 -0.006007049 0.999002934
1305031105.643273 -0.011192793 -0.007712703 0.121890865 -0.033237651 -0.029651437 -0.003251409 0.999002278
1305031105.675166 -0.008949259 -0.005467248 0.133804962 -0.034801960 -0.031735096 -0.001977812 0.998888314
1305031105.711309 -0.005286457 -0.008026965 0.146847963 -0.035401527 -0.031006152 -0.002181089 0.998889685
1305031105.743312 -0.005242276 -0.002057646 0.156984791 -0.032046169 -0.027085943 -0.001554983 0.999118090
1305031105.775339 -0.002486398 -0.003348811 0.169090167 -0.033780094 -0.023639875 -0.001623731 0.999148369
1305031105.811283 -0.003313204 -0.001963641 0.178414047 -0.032262709 -0.018168543 -0.000767916 0.999314010
1305031105.843271 -0.001791904 -0.000380604 0.189869151 -0.030891811 -0.015081316 0.000224029 0.999408901
1305031105.875337 0.000310072 0.005399515 0.199614123 -0.029042317 -0.010789242 0.003018558 0.999515414
1305031105.911262 0.000739641 0.007638449 0.209746450 -0.031915862 -0.006842332 0.007581150 0.999438345
1305031105.943272 0.000712148 0.012079760 0.219106451 -0.033713747 -0.003445453 0.010137944 0.999374151
1305031105.975329 0.000467813 0.015415742 0.228694871 -0.037882965 -0.001215421 0.011810735 0.999211609
1305031106.011285 -0.000680783 0.020794088 0.236040995 -0.040329728 0.001732173 0.012964020 0.999100804
1305031106.043355 -0.002527800 0.024114866 0.245522082 -0.044414759 0.004727341 0.013552932 0.998910069
1305031106.075330 -0.002993897 0.027018061 0.254083425 -0.048364267 0.005445135 0.015812665 0.998689711
1305031106.111327 -0.004521964 0.032179192 0.261903912 -0.052399736 0.005967941 0.016558506 0.998471022
1305031106.143355 -0.005976799 0.032927647 0.270224601 -0.060044184 0.004764593 0.018578414 0.998011410
1305031106.175534 -0.006975277 0.034837030 0.278057218 -0.063844077 0.003324928 0.019579986 0.997762203
1305031106.211275 -0.007901720 0.034662597 0.285575926 -0.067814484 0.002008961 0.019882319 0.997497797
1305031106.243267 -0.008763237 0.038551107 0.292455763 -0.066257477 0.000521581 0.023419034 0.997527540
1305031106.276385 -0.009338468 0.042684801 0.296859354 -0.066707715 -0.001223371 0.024684876 0.997466385
1305031106.311238 -0.009282747 0.045170385 0.301062465 -0.070273444 -0.002714730 0.028019685 0.997130454
1305031106.343258 -0.010999702 0.050842084 0.303544700 -0.073628493 -0.003162880 0.028433738 0.996875286
1305031106.375388 -0.007487417 0.051441271 0.306081384 -0.082915738 -0.005229503 0.021790134 0.996304572
1305031106.411320 -0.006913559 0.046224594 0.307739973 -0.091393217 -0.000231022 0.015733607 0.995690525
1305031106.443278 -0.011115878 0.044459604 0.306436211 -0.092159018 0.005786444 0.010510694 0.995671988
1305031106.475345 -0.012612992 0.042428594 0.303423733 -0.092310101 0.005405957 0.009427635 0.995670974
1305031106.511129 -0.013735202 0.038914658 0.299330354 -0.091423377 0.002367145 0.009285119 0.995765984
1305031106.543302 -0.012435060 0.036798786 0.292159289 -0.088146888 -0.002526159 0.008436413 0.996068537
1305031106.575282 -0.012669870 0.035014715 0.284138381 -0.084947892 -0.004212533 0.007188413 0.996350586
1305031106.611151 -0.013854746 0.034381166 0.275190741 -0.084041990 -0.006842389 0.004523060 0.996428490
1305031106.643207 -0.013719139 0.029148294 0.266622424 -0.085093282 -0.009687561 0.001825238 0.996324241
1305031106.675279 -0.015919708 0.027437143 0.254783481 -0.082907081 -0.011729721 0.001511928 0.996487081
1305031106.711508 -0.017617729 0.023615275 0.244464725 -0.085317872 -0.016785255 0.000703737 0.996212125
1305031106.743341 -0.017691489 0.021049842 0.233439401 -0.083648272 -0.023262415 0.001186189 0.996223092
1305031106.775390 -0.016343778 0.018126015 0.221459508 -0.082925022 -0.029786238 0.000966126 0.996110082
1305031106.811289 -0.016034916 0.018657591 0.210529029 -0.081725828 -0.033656403 0.000485734 0.996086299
1305031106.843416 -0.016527016 0.011349646 0.199555025 -0.084088795 -0.037216626 -0.001173636 0.995762289
1305031106.875905 -0.013088046 0.007357815 0.187486067 -0.078821309 -0.041254576 -0.004431132 0.996024907
1305031106.911243 -0.013221254 0.008749869 0.173023760 -0.073533133 -0.040285498 -0.008745637 0.996440411
1305031106.943439 -0.012370280 0.002702059 0.161718771 -0.073203281 -0.039676793 -0.013149314 0.996440709
1305031106.975547 -0.011685248 -0.002854504 0.149235263 -0.067948811 -0.037727512 -0.016615592 0.996836782
1305031107.011576 -0.011654171 0.000191348 0.133773193 -0.059441321 -0.035004821 -0.020023992 0.997416854
1305031107.043281 -0.011754754 -0.004943127 0.122521982 -0.060730956 -0.032474980 -0.022285130 0.997376800
1305031107.075432 -0.013260994 -0.012370872 0.109694213 -0.058141004 -0.030911189 -0.023164552 0.997560799
1305031107.111229 -0.011928002 -0.011711682 0.097085603 -0.052415542 -0.032167248 -0.023591815 0.997828305
1305031107.143260 -0.010092925 -0.011672853 0.085495681 -0.050110877 -0.031656954 -0.023874467 0.997956276
1305031107.175399 -0.009451017 -0.017813571 0.076168932 -0.049396671 -0.030126292 -0.024712095 0.998018861
1305031107.211358 -0.007111589 -0.022428824 0.066206202 -0.043844134 -0.028562935 -0.026399117 0.998281002
1305031107.243378 -0.006913162 -0.021528926 0.055012438 -0.036668044 -0.025053497 -0.026833693 0.998652935
1305031107.275398 -0.004938998 -0.025409264 0.046033476 -0.031939741 -0.022148147 -0.026895596 0.998882353
1305031107.311226 -0.003822771 -0.030873494 0.037141524 -0.025924075 -0.018639851 -0.027943458 0.999099433
1305031107.343509 -0.000840879 -0.035147715 0.028760480 -0.015777487 -0.015727408 -0.027821384 0.999364614
1305031107.375413 0.000899185 -0.030852279 0.019945808 -0.005021490 -0.010945329 -0.027493399 0.999549448
1305031107.411271 0.002500952 -0.030893495 0.014632639 0.001674957 -0.006425991 -0.028255776 0.999578714
1305031107.443419 0.004865191 -0.028780296 0.009328318 0.007707664 -0.002188679 -0.027909109 0.999578357
1305031107.475377 0.007419036 -0.030122476 0.005917458 0.010223178 0.002008458 -0.026755650 0.999587715
1305031107.511352 0.008516841 -0.025504479 0.003483503 0.013084294 0.005697893 -0.025904117 0.999562562
1305031107.543605 0.011791763 -0.025461996 0.003850880 0.010475997 0.007659278 -0.023381352 0.999642372
1305031107.575454 0.013178844 -0.029421302 0.004904752 0.009167913 0.009695238 -0.020765003 0.999695361
1305031107.611271 0.015127785 -0.023001766 0.004280224 0.011477195 0.010857657 -0.018871371 0.999697089
1305031107.643323 0.016001191 -0.022577738 0.006409128 0.008050146 0.012166312 -0.017802281 0.999735057
1305031107.675568 0.014929423 -0.021811543 0.007601607 0.007115604 0.013144996 -0.017554918 0.999734163
1305031107.711307 0.014785254 -0.018990496 0.009005168 0.006279636 0.012914626 -0.016224224 0.999765217
1305031107.743538 0.012469444 -0.015194889 0.009728222 0.003926762 0.012314701 -0.015837397 0.999791026
1305031107.775802 0.011887203 -0.015961062 0.011915449 0.000711709 0.009763445 -0.017287895 0.999802589
1305031107.811596 0.013925890 -0.014606172 0.013916671 -0.001387410 0.007207704 -0.016979039 0.999828875
1305031107.843332 0.015379915 -0.013707162 0.015591026 -0.003823339 0.006435520 -0.017640740 0.999816358
1305031107.875358 0.019161498 -0.015953140 0.018529411 -0.005083862 0.006587208 -0.021248082 0.999739587
1305031107.911541 0.022324881 -0.016572364 0.020187769 -0.004438997 0.009154805 -0.023518594 0.999671638
1305031107.943122 0.026573448 -0.017511195 0.022273228 -0.002713929 0.012151643 -0.023948628 0.999635637
1305031107.975807 0.032591216 -0.018870626 0.024289468 -0.000755409 0.015835358 -0.023451561 0.999599278
1305031108.011320 0.039240073 -0.017454028 0.026906034 0.003601908 0.020132808 -0.025118301 0.999475241
1305031108.043418 0.050790675 -0.017480647 0.026815455 0.005686259 0.025591657 -0.023149660 0.999388218
1305031108.075352 0.058753770 -0.018669028 0.030888069 0.006500513 0.034331888 -0.017309854 0.999239445
1305031108.111378 0.063468620 -0.018994275 0.033422925 0.009267306 0.040872660 -0.017690064 0.998964727
1305031108.143334 0.073355481 -0.016176127 0.036787465 0.012010703 0.043633256 -0.016158594 0.998844743
1305031108.176058 0.081873886 -0.011046377 0.037382141 0.011678195 0.046931148 -0.012704362 0.998749077
1305031108.211475 0.090084627 -0.012823754 0.040536787 0.006173581 0.048468564 -0.013445472 0.998715103
1305031108.243347 0.103414223 -0.017926579 0.045620978 0.003874909 0.049887471 -0.015385073 0.998628855
1305031108.275358 0.114034869 -0.013812662 0.042595286 0.005211104 0.053153634 -0.014937462 0.998461008
1305031108.311332 0.117628470 -0.009655035 0.045799341 0.002625560 0.056091927 -0.013661933 0.998328686
1305031108.343278 0.125486732 -0.007695388 0.049101941 -0.002521797 0.054505464 -0.011835398 0.998440146
1305031108.375410 0.132135436 -0.006317775 0.052057441 -0.007380533 0.052113440 -0.006481966 0.998592854
1305031108.411361 0.142892018 -0.006786702 0.054668672 -0.012720119 0.047433425 -0.000307518 0.998793364
1305031108.443610 0.152969375 -0.005271775 0.057103720 -0.016763479 0.045910787 0.006604380 0.998783052
1305031108.475471 0.164328352 -0.008328908 0.058594357 -0.020659067 0.044360179 0.013678713 0.998708308
1305031108.511378 0.179351866 -0.012798812 0.059637774 -0.021651914 0.045634195 0.017709041 0.998566508
1305031108.543737 0.188321501 -0.014024502 0.061930984 -0.017679282 0.052937072 0.016380997 0.998306990
1305031108.575414 0.197736293 -0.007880998 0.060289949 -0.012333562 0.057416674 0.015171977 0.998158813
1305031108.611407 0.207410246 -0.009506370 0.062987059 -0.013835449 0.063450880 0.015391811 0.997770369
1305031108.643303 0.216099188 -0.004338284 0.062514454 -0.011720090 0.068522729 0.017680729 0.997424006
1305031108.675375 0.229557484 -0.001719948 0.062180948 -0.014124430 0.071964860 0.021679685 0.997071505
1305031108.711411 0.235464245 -0.003968802 0.064919636 -0.018988635 0.080122344 0.025906263 0.996267378
1305031108.743502 0.238455504 -0.005609896 0.067778759 -0.021211224 0.086818233 0.026177043 0.995654285
1305031108.775493 0.250072569 -0.001362910 0.066325992 -0.020245103 0.087267078 0.029286493 0.995548546
1305031108.811244 0.249116376 -0.003956239 0.068247333 -0.023111872 0.092775643 0.032853287 0.994876444
1305031108.843264 0.250756800 -0.006171108 0.067276940 -0.022653027 0.092980042 0.039120130 0.994641244
1305031108.876515 0.251575112 -0.006000011 0.065948769 -0.020663988 0.090229727 0.045481678 0.994667292
1305031108.911364 0.251220703 -0.010281390 0.065780535 -0.019236360 0.087367207 0.050475299 0.994710624
1305031108.943243 0.248215139 -0.011824002 0.062744945 -0.014613172 0.084468022 0.051191051 0.995003045
1305031108.975268 0.245954245 -0.006378114 0.058638111 -0.008999824 0.078241087 0.049641110 0.995657146
1305031109.011269 0.246524185 -0.006079195 0.057652224 -0.009390419 0.073612340 0.048491389 0.996063054
1305031109.043277 0.239560992 -0.007423761 0.056409236 -0.008947297 0.073720686 0.045766134 0.996188104
1305031109.075410 0.233816773 -0.001876008 0.053216241 -0.008580403 0.070848569 0.040433463 0.996630311
1305031109.111282 0.228887245 -0.003103353 0.053149655 -0.012730679 0.068956040 0.037862565 0.996819675
1305031109.143334 0.212924972 -0.007146907 0.057637911 -0.014871242 0.069984883 0.033784036 0.996864915
1305031109.175464 0.201871887 -0.003863344 0.052518908 -0.014131462 0.064324260 0.030534685 0.997361660
1305031109.211379 0.197770447 0.006743642 0.051208429 -0.015307115 0.057757389 0.034207977 0.997626960
1305031109.243290 0.187796921 0.003861327 0.051068075 -0.025092013 0.055512030 0.039270975 0.997369826
1305031109.275308 0.174551904 -0.005243368 0.053487245 -0.030094495 0.052958336 0.042438328 0.997240603
1305031109.311329 0.160242915 -0.001902363 0.052581407 -0.026503643 0.045549210 0.042904548 0.997688353
1305031109.343248 0.150079221 0.003911749 0.051315419 -0.027025480 0.035948463 0.042425591 0.998086929
1305031109.375397 0.141996235 -0.000084339 0.051261120 -0.031242661 0.026803557 0.041422673 0.998293340
1305031109.411329 0.132489160 0.002277595 0.048285563 -0.030986894 0.019483669 0.038125414 0.998602331
1305031109.443302 0.124118343 0.005735670 0.046212215 -0.033236988 0.013634655 0.032509260 0.998825610
1305031109.475363 0.116067387 0.002401229 0.045463521 -0.037317574 0.010523717 0.029250152 0.998819828
1305031109.511273 0.105493642 -0.000763679 0.044687681 -0.038135841 0.008659424 0.025046885 0.998921096
1305031109.543294 0.095480859 0.000096066 0.042714112 -0.035178404 0.007186082 0.022631483 0.999098957
1305031109.575362 0.083666041 0.002615580 0.041423693 -0.033785775 0.008107604 0.022461418 0.999143779
1305031109.611310 0.073464930 0.002627583 0.039541747 -0.034134820 0.006479899 0.020037295 0.999195337
1305031109.643229 0.065346792 0.004445157 0.038174782 -0.034244452 0.004922619 0.019775165 0.999205709
1305031109.675263 0.052449666 0.006081080 0.037105288 -0.036095422 0.005710752 0.021576041 0.999099076
1305031109.711312 0.041513842 0.009778462 0.036884367 -0.037497383 0.002760754 0.020796215 0.999076486
1305031109.743274 0.031808876 0.009647433 0.036953289 -0.042252321 -0.000118190 0.020134045 0.998904049
1305031109.775277 0.023181645 0.008934017 0.038605053 -0.045568887 -0.002222841 0.020500407 0.998748362
1305031109.811371 0.010578414 0.011373343 0.038102258 -0.046804976 -0.002077413 0.019198887 0.998717368
1305031109.843296 -0.000140391 0.011816306 0.038766623 -0.050163709 -0.004215717 0.018332481 0.998563826
1305031109.875306 -0.013920542 0.012615394 0.038560789 -0.053674545 -0.006040947 0.016486380 0.998404145
1305031109.911265 -0.024613921 0.009911666 0.041901600 -0.055993494 -0.011611946 0.011582293 0.998296440
1305031109.943299 -0.033523917 0.017260782 0.043210171 -0.054980975 -0.015229575 0.007267186 0.998344779
1305031109.975258 -0.044974096 0.016414119 0.046406522 -0.059798967 -0.016844746 0.002428222 0.998065352
1305031110.011256 -0.055192806 0.018275643 0.049610209 -0.061416317 -0.019229406 -0.004433492 0.997917116
1305031110.043299 -0.064172201 0.018237766 0.052006125 -0.064081974 -0.020523449 -0.011421463 0.997668207
1305031110.075319 -0.075556226 0.020752754 0.053380650 -0.065248363 -0.019983530 -0.017099483 0.997522414
1305031110.111325 -0.087297060 0.021707658 0.055177547 -0.069479585 -0.020646276 -0.022013476 0.997126698
1305031110.143432 -0.096662454 0.016634248 0.058058724 -0.072849639 -0.024370452 -0.025742332 0.996712744
1305031110.175641 -0.104970850 0.022989444 0.058550484 -0.072111182 -0.027906524 -0.026770549 0.996646643
1305031110.211637 -0.114700533 0.019406278 0.059997458 -0.077394538 -0.030459721 -0.028720474 0.996121228
1305031110.243323 -0.122584298 0.017057724 0.061548233 -0.078726329 -0.034908451 -0.028092811 0.995888710
1305031110.279321 -0.129322574 0.017104976 0.062732659 -0.076960810 -0.039082922 -0.029096738 0.995842814
1305031110.311404 -0.138952270 0.018003453 0.061409745 -0.074091300 -0.041719701 -0.030860230 0.995900393
1305031110.343355 -0.147696272 0.020409985 0.061239965 -0.072442040 -0.046146233 -0.031976588 0.995791197
1305031110.379281 -0.157068402 0.021836476 0.062115237 -0.070842758 -0.051325072 -0.035625603 0.995528936
1305031110.411469 -0.167683780 0.025975632 0.059477132 -0.069495618 -0.056727484 -0.038386565 0.995228052
1305031110.443260 -0.176814884 0.029093977 0.059694998 -0.072787762 -0.062053598 -0.042004719 0.994528532
1305031110.479331 -0.186153039 0.026391622 0.061221153 -0.076703541 -0.068896294 -0.047906272 0.993516445
1305031110.511429 -0.195946813 0.027519513 0.061385408 -0.076822922 -0.075548679 -0.052002016 0.992817402
1305031110.543408 -0.202792674 0.033085257 0.061116297 -0.076466404 -0.082407326 -0.054933362 0.992141247
1305031110.579426 -0.211363301 0.035436764 0.060203310 -0.080664009 -0.087714285 -0.058824245 0.991130292
1305031110.611307 -0.216824397 0.030263919 0.062979668 -0.086926252 -0.092262387 -0.062805288 0.989942908
1305031110.643418 -0.223905027 0.028600354 0.063020363 -0.086079732 -0.094257824 -0.066156745 0.989610553
1305031110.679606 -0.228301495 0.035630845 0.061360769 -0.083494186 -0.097002812 -0.067807391 0.989455044
1305031110.711412 -0.234030500 0.033897452 0.062676072 -0.087761074 -0.098413505 -0.069436148 0.988833368
1305031110.743249 -0.238848880 0.034504235 0.063824907 -0.087713808 -0.099689968 -0.071449168 0.988566220
1305031110.779193 -0.239923134 0.035695694 0.063459687 -0.087372683 -0.102257550 -0.072113924 0.988285899
1305031110.811386 -0.241880760 0.036035992 0.062332362 -0.087934114 -0.102543861 -0.073741615 0.988086283
1305031110.843218 -0.245285109 0.035962101 0.063196614 -0.089616716 -0.103783011 -0.075667210 0.987660050
1305031110.879313 -0.243196160 0.036178783 0.064208753 -0.089382112 -0.107018054 -0.075783543 0.987327099
1305031110.911333 -0.243179724 0.036962248 0.063993603 -0.089880936 -0.107955225 -0.076116070 0.987154186
1305031110.943862 -0.238967612 0.036563121 0.064425997 -0.089963466 -0.111177571 -0.077032328 0.986717880
1305031110.979345 -0.229291499 0.037900422 0.064681172 -0.089557588 -0.113090023 -0.076687761 0.986564279
1305031111.011431 -0.221610546 0.035793494 0.066637874 -0.091962360 -0.110153213 -0.075869836 0.986738503
1305031111.043327 -0.218287989 0.036258489 0.066411391 -0.090781935 -0.103672311 -0.073672816 0.987716019
1305031111.079283 -0.214875758 0.040980730 0.066938624 -0.090600908 -0.099813551 -0.071542688 0.988286555
1305031111.111508 -0.206189945 0.035368685 0.068388000 -0.094424970 -0.099065222 -0.067942001 0.988258004
1305031111.143257 -0.199754357 0.034050487 0.069777101 -0.092931122 -0.096408963 -0.067038104 0.988723934
1305031111.179326 -0.185703725 0.032351442 0.070706137 -0.091083810 -0.095791720 -0.066035941 0.989023209
1305031111.211433 -0.178831786 0.033670198 0.069364890 -0.088794202 -0.086887315 -0.062291883 0.990295827
1305031111.243236 -0.178849727 0.030172147 0.068576388 -0.089581512 -0.080529980 -0.062888876 0.990724504
1305031111.279308 -0.163060263 0.027499776 0.072038904 -0.086101703 -0.082697973 -0.060256224 0.991018057
1305031111.311547 -0.159427568 0.031998552 0.066471785 -0.080823161 -0.075183302 -0.056556679 0.992278397
1305031111.343397 -0.154053062 0.034170784 0.067836910 -0.083268330 -0.077265427 -0.057703853 0.991850138
1305031111.379134 -0.138835907 0.025819745 0.073154584 -0.085834116 -0.082673930 -0.053372189 0.991437793
1305031111.411296 -0.135229796 0.027283901 0.067106389 -0.080577470 -0.080814779 -0.053367678 0.992032290
1305031111.443386 -0.118582718 0.029065844 0.073769286 -0.079770461 -0.089789160 -0.057605289 0.991088390
1305031111.479259 -0.097509399 0.025933456 0.081175804 -0.077444725 -0.088812411 -0.054940876 0.991512060
1305031111.511264 -0.091706187 0.024034774 0.075192362 -0.073988922 -0.075375430 -0.054724865 0.992899477
1305031111.543250 -0.079051130 0.022298496 0.080382511 -0.070214778 -0.071100935 -0.054812934 0.993483782
1305031111.579237 -0.066430055 0.022978973 0.075486869 -0.066557959 -0.062220633 -0.047588464 0.994702935
1305031111.611271 -0.064757630 0.018958569 0.068668306 -0.069308899 -0.053827822 -0.041474901 0.995278180
1305031111.643395 -0.046467144 0.014391814 0.078351580 -0.067320533 -0.059237856 -0.033369951 0.995412052
1305031111.679320 -0.031843498 0.019546824 0.075984277 -0.060278974 -0.053115152 -0.025144195 0.996450186
1305031111.711760 -0.020969242 0.018931068 0.077579431 -0.060000293 -0.045519695 -0.024104377 0.996868551
1305031111.743386 -0.003537691 0.015777782 0.081140675 -0.056882754 -0.037615780 -0.020365637 0.997464120
1305031111.779423 0.010975589 0.019415807 0.081716999 -0.052267838 -0.021709077 -0.015561012 0.998275816
1305031111.811406 0.014658062 0.014216820 0.077792414 -0.051722139 -0.004422024 -0.015410857 0.998532772
1305031111.843299 0.024585564 0.015504660 0.076188706 -0.047342241 0.005194318 -0.013854538 0.998769104
1305031111.879442 0.032736659 0.013456600 0.070320167 -0.049299300 0.012713116 -0.008824688 0.998664141
1305031111.911354 0.034357291 0.010814727 0.073393099 -0.049142651 0.015300795 -0.003512109 0.998668373
1305031111.943300 0.047538571 0.011812519 0.074221447 -0.046979316 0.010050960 0.005808522 0.998828411
1305031111.979449 0.064800441 0.012766855 0.076792911 -0.045578931 0.008595818 0.012691111 0.998843133
1305031112.011433 0.077037744 0.011343899 0.076131925 -0.044142533 0.015317012 0.012804775 0.998825729
1305031112.043270 0.089515418 0.011329898 0.076944627 -0.040512577 0.022103077 0.011021587 0.998873711
1305031112.079339 0.105871901 0.009527397 0.075846031 -0.039373118 0.030759355 0.011311490 0.998686969
1305031112.111423 0.103218362 0.010655157 0.075744294 -0.036043845 0.043832868 0.005792475 0.998371661
1305031112.144342 0.119488433 0.012063935 0.074913077 -0.035122242 0.045923591 0.000552153 0.998327196
1305031112.179390 0.135156125 0.012940667 0.074607335 -0.036982398 0.055972856 -0.002133405 0.997744858
1305031112.211254 0.143657088 0.002943567 0.072789088 -0.040573481 0.065974586 -0.009198623 0.996953607
1305031112.243369 0.154289648 -0.001022524 0.073911943 -0.036070287 0.074821152 -0.013627371 0.996451199
1305031112.279353 0.157669231 -0.001089645 0.074808568 -0.030636355 0.082895711 -0.016874747 0.995944262
1305031112.311312 0.164965436 -0.005844218 0.075037882 -0.026294107 0.085218213 -0.019196730 0.995830297
1305031112.343323 0.176850408 -0.002821888 0.074503809 -0.017899977 0.083860487 -0.016523071 0.996179700
1305031112.379360 0.185138494 -0.001742383 0.073910713 -0.013182082 0.082248479 -0.012169719 0.996450365
1305031112.411442 0.194481924 -0.001520473 0.072717980 -0.010822673 0.079607219 -0.008125615 0.996734440
1305031112.443391 0.204523295 -0.004550240 0.072342113 -0.009559972 0.077984802 -0.001676827 0.996907294
1305031112.479418 0.209575176 -0.003585300 0.072368555 -0.005995039 0.077566020 0.007583318 0.996940374
1305031112.511504 0.215484470 -0.005014894 0.072151095 -0.004487112 0.074540272 0.014791492 0.997098207
1305031112.543212 0.224330068 -0.005701516 0.070796050 -0.002038303 0.070525780 0.019216646 0.997322738
1305031112.579252 0.230138227 -0.005357350 0.070258766 -0.000112591 0.067853183 0.024770565 0.997387767
1305031112.611261 0.246236533 0.000784807 0.068132281 0.002506063 0.064277411 0.032795534 0.997389853
1305031112.643246 0.252801478 0.000849658 0.069638863 -0.000430166 0.070276082 0.039650030 0.996739149
1305031112.679952 0.254312634 -0.000115097 0.070706464 -0.002846421 0.077168941 0.042730924 0.996097863
1305031112.711251 0.255968034 0.001058451 0.070477098 -0.004484508 0.081578858 0.044143230 0.995678723
1305031112.743245 0.262734562 0.012128200 0.071017101 -0.005050670 0.082465217 0.048313215 0.995409369
1305031112.779310 0.259131134 0.006588311 0.074286155 -0.014924579 0.088179909 0.049854893 0.994744241
1305031112.811310 0.248906150 0.002462642 0.075886093 -0.018276623 0.091457590 0.047292773 0.994517386
1305031112.843286 0.247306198 0.008754613 0.076801583 -0.018244728 0.085700080 0.045753233 0.995102644
1305031112.879421 0.248061344 0.009548541 0.077302739 -0.021517962 0.081514031 0.048480064 0.995259821
1305031112.911411 0.238166258 0.007996364 0.078455999 -0.024936575 0.081102677 0.049620736 0.995157421
1305031112.943321 0.231589481 0.006253186 0.080316260 -0.027450303 0.076735623 0.048045993 0.995514810
1305031112.979278 0.229900837 0.007108700 0.078482136 -0.027522260 0.069497734 0.046118934 0.996135354
1305031113.011353 0.225811869 0.011055563 0.077562198 -0.027587077 0.066054933 0.046557464 0.996347368
1305031113.043231 0.218190596 0.009499360 0.077203795 -0.032486744 0.065188527 0.043846726 0.996379733
1305031113.079251 0.207033068 0.001498906 0.079159476 -0.035918240 0.064310126 0.037943617 0.996561289
1305031113.111316 0.198778018 0.005308958 0.074533030 -0.031591326 0.058975570 0.034166936 0.997174263
1305031113.143306 0.193583265 0.010530894 0.071794897 -0.032001249 0.054931317 0.033042397 0.997430027
1305031113.179343 0.182728887 0.005072282 0.072174281 -0.036412783 0.054432027 0.034484658 0.997257292
1305031113.211259 0.170969501 0.005447499 0.071437113 -0.034170076 0.049866501 0.035776727 0.997529805
1305031113.243227 0.159051582 0.009393310 0.068657078 -0.034590293 0.043680470 0.036290277 0.997786880
1305031113.279312 0.151190311 0.003084108 0.067874596 -0.038841221 0.037286658 0.037787840 0.997834206
1305031113.311452 0.137121871 -0.003712136 0.066152506 -0.036573019 0.031811375 0.041117731 0.997977853
1305031113.343252 0.124429092 0.002631322 0.064756833 -0.028907288 0.022296350 0.039609380 0.998548150
1305031113.379312 0.108105719 0.002091303 0.065144166 -0.032692015 0.015663434 0.037178863 0.998650908
1305031113.411625 0.097658016 -0.004131438 0.065956853 -0.034196675 0.008296451 0.038189974 0.998650730
1305031113.443266 0.081783183 0.001987546 0.064938530 -0.029408449 0.003392447 0.031763487 0.999056935
1305031113.479311 0.066645153 0.002968038 0.064862177 -0.032621272 -0.002308683 0.026227215 0.999120951
1305031113.511523 0.052147835 -0.000782067 0.063994743 -0.038012609 -0.006997303 0.024062019 0.998962998
1305031113.543242 0.039899204 -0.004635742 0.062912613 -0.041227855 -0.012632280 0.020999558 0.998849213
1305031113.579301 0.026938125 -0.000457387 0.063329346 -0.039220788 -0.016996762 0.015768861 0.998961568
1305031113.611268 0.017081430 -0.001218014 0.063723639 -0.042262867 -0.020214863 0.011198042 0.998839259
1305031113.643222 0.007307536 -0.000061961 0.065555990 -0.044235196 -0.020990316 0.007478477 0.998772621
1305031113.679288 -0.004371128 -0.000971493 0.065171398 -0.045525022 -0.019881438 0.003842844 0.998757958
1305031113.711931 -0.013197020 -0.002041799 0.066487595 -0.046085373 -0.020215580 -0.000799837 0.998732626
1305031113.743590 -0.023494860 -0.000239670 0.066906385 -0.044479623 -0.017633285 -0.006356798 0.998834431
1305031113.779320 -0.035861447 -0.001749514 0.067187928 -0.043951120 -0.014246709 -0.010849067 0.998873174
1305031113.811237 -0.044876050 -0.000914936 0.067266241 -0.042804290 -0.013773304 -0.012570499 0.998909473
1305031113.843295 -0.055491280 0.001764129 0.067680918 -0.042544343 -0.011392197 -0.016012251 0.998901308
1305031113.879281 -0.068775758 -0.005195320 0.068525270 -0.043902420 -0.009893422 -0.020613553 0.998774171
1305031113.911290 -0.076495722 -0.000400486 0.069180727 -0.038978897 -0.012185304 -0.020972040 0.998945594
1305031113.943291 -0.085755259 -0.000961824 0.070539117 -0.036708280 -0.010349022 -0.023517614 0.998995662
1305031113.979293 -0.098147735 -0.000041708 0.070976183 -0.033035200 -0.007713734 -0.028923189 0.999005795
1305031114.011257 -0.111355446 0.002060562 0.070194542 -0.029106639 -0.005873743 -0.034194916 0.998973966
1305031114.043301 -0.127601758 0.002326480 0.070198163 -0.027790617 -0.006372965 -0.036370233 0.998931587
1305031114.079285 -0.138290003 0.002068863 0.070929617 -0.025548277 -0.011979252 -0.036727808 0.998926878
1305031114.111263 -0.148919940 0.005949470 0.071354032 -0.021958970 -0.017312070 -0.040454615 0.998790026
1305031114.143284 -0.158322453 0.006770536 0.073864952 -0.021663066 -0.022588063 -0.043849036 0.998547852
1305031114.179337 -0.163920760 0.002915308 0.075114191 -0.020628115 -0.026503365 -0.045677744 0.998391509
1305031114.211303 -0.174987674 0.011531415 0.074469402 -0.015841406 -0.026141908 -0.048264332 0.998366773
1305031114.243337 -0.189074978 0.010977464 0.076184765 -0.018469779 -0.027215607 -0.052351847 0.998086870
1305031114.279390 -0.201612145 0.011347229 0.076579832 -0.018224910 -0.032404911 -0.054422170 0.997825623
1305031114.311429 -0.210043475 0.013418604 0.078190416 -0.018903930 -0.040836621 -0.054459434 0.997501433
1305031114.343331 -0.214390323 0.013648744 0.081070870 -0.019762276 -0.048128288 -0.057145577 0.997009277
1305031114.379320 -0.221108958 0.012951169 0.082710400 -0.019850878 -0.050656475 -0.061574426 0.996618509
1305031114.411397 -0.231684208 0.013242349 0.082863048 -0.018870126 -0.051457506 -0.066095546 0.996306896
1305031114.443345 -0.243524909 0.015371609 0.083822668 -0.018336130 -0.054067593 -0.067993224 0.996050894
1305031114.479332 -0.253379077 0.014204161 0.084890127 -0.019168271 -0.060419362 -0.069286868 0.995580912
1305031114.511266 -0.256926745 0.017003264 0.085536711 -0.018722340 -0.069578573 -0.071184404 0.994857311
1305031114.543236 -0.257877409 0.014689263 0.087259531 -0.022612935 -0.075375617 -0.069912426 0.994444251
1305031114.579237 -0.262204409 0.012701744 0.087630227 -0.024642900 -0.076071858 -0.066645443 0.994567335
1305031114.611391 -0.266643852 0.015294277 0.087567851 -0.026012374 -0.076625206 -0.064166255 0.994652987
1305031114.644136 -0.274233788 0.015547580 0.088914566 -0.030606192 -0.077423804 -0.063919507 0.994476259
1305031114.679251 -0.278283507 0.013155340 0.090180255 -0.034156289 -0.083478078 -0.065050945 0.993797302
1305031114.711306 -0.277058423 0.010549069 0.090969816 -0.035601299 -0.089602232 -0.063836150 0.993291974
1305031114.743200 -0.277703375 0.008210879 0.090882502 -0.035575904 -0.093096837 -0.066370986 0.992805243
1305031114.779289 -0.275488555 0.009829720 0.090375483 -0.032622412 -0.095681950 -0.069403872 0.992453456
1305031114.811303 -0.274252921 0.012527099 0.089326128 -0.031643018 -0.095760904 -0.069999799 0.992435694
1305031114.843208 -0.273277700 0.011649656 0.089348763 -0.032089967 -0.096549883 -0.072630577 0.992155790
1305031114.879281 -0.269414157 0.013995422 0.088670366 -0.031795722 -0.097530916 -0.071921170 0.992121041
1305031114.912879 -0.266934335 0.015755316 0.087742686 -0.032401185 -0.097695023 -0.072220579 0.992063522
1305031114.943234 -0.257889330 0.017978741 0.088579029 -0.034108482 -0.099879637 -0.073472939 0.991696715
1305031114.979280 -0.253477603 0.020433597 0.089160681 -0.035458490 -0.097390182 -0.074431367 0.991825521
1305031115.011300 -0.246806860 0.024167357 0.090235002 -0.038433522 -0.096802637 -0.075104684 0.991721451
1305031115.043508 -0.236457929 0.020776138 0.093895070 -0.043467317 -0.096541561 -0.075190179 0.991532564
1305031115.079238 -0.229065537 0.025251588 0.094745934 -0.043007996 -0.093373664 -0.076554224 0.991751552
1305031115.111230 -0.213528633 0.024663325 0.098891094 -0.046578679 -0.092520334 -0.073237188 0.991920710
1305031115.143275 -0.205531284 0.022795089 0.100396723 -0.048671879 -0.083539136 -0.071070448 0.992774546
1305031115.179440 -0.201531067 0.024960876 0.101044849 -0.049298633 -0.078080073 -0.070279673 0.993244171
1305031115.211374 -0.186247528 0.018176530 0.106287517 -0.052365225 -0.078910649 -0.066798508 0.993261755
1305031115.243297 -0.175573856 0.015328915 0.108134769 -0.048871864 -0.073973328 -0.063207716 0.994054437
1305031115.279966 -0.164754137 0.022078872 0.110013485 -0.044958699 -0.071596086 -0.058902141 0.994677424
1305031115.311704 -0.147341073 0.015423934 0.117378831 -0.047638703 -0.069799721 -0.052253310 0.995051801
1305031115.343235 -0.134075388 0.020116922 0.118272126 -0.041515052 -0.061460190 -0.048558224 0.996062875
1305031115.379166 -0.135955855 0.025813483 0.112964757 -0.044018213 -0.052094661 -0.044654246 0.996671736
1305031115.411237 -0.121375635 0.020883609 0.118941382 -0.052347336 -0.060791045 -0.042252433 0.995880961
1305031115.443159 -0.102524795 0.021643443 0.124084324 -0.055150934 -0.065857150 -0.036323879 0.995641410
1305031115.479241 -0.090850160 0.023288870 0.125304624 -0.058619596 -0.065254748 -0.030669637 0.995673120
1305031115.511253 -0.067724906 0.021686677 0.135167062 -0.061812211 -0.068880610 -0.025830531 0.995373070
1305031115.543604 -0.048223920 0.021309810 0.140481919 -0.061565772 -0.059311636 -0.017965985 0.996177197
1305031115.579315 -0.038981043 0.017792206 0.133679405 -0.062338758 -0.045034487 -0.013040741 0.996953189
1305031115.611424 -0.025407683 0.015989475 0.133566484 -0.062192883 -0.039655712 -0.007437933 0.997248292
1305031115.643254 -0.012398306 0.015270455 0.134110823 -0.060776729 -0.033229373 0.000296269 0.997598052
1305031115.679241 -0.004039555 0.011869205 0.126834929 -0.060757101 -0.027802940 0.010873432 0.997706056
1305031115.711320 0.011556938 0.015012189 0.129195333 -0.058656555 -0.029495861 0.019500269 0.997651815
1305031115.743250 0.031539582 0.013938098 0.131953582 -0.059146740 -0.025948798 0.026661800 0.997555733
1305031115.779425 0.042221289 0.013051550 0.128433704 -0.057379473 -0.015248762 0.033360813 0.997678399
1305031115.811277 0.055461999 0.015236447 0.128133878 -0.056436632 -0.006833029 0.041236732 0.997530818
1305031115.843224 0.066920549 0.014823746 0.128317013 -0.058925394 0.002984800 0.048598636 0.997074246
1305031115.879198 0.075830102 0.010204813 0.125567719 -0.060032569 0.010341190 0.056781180 0.996526480
1305031115.911118 0.091139272 0.012135734 0.125970706 -0.057696268 0.011166146 0.062685706 0.996301651
1305031115.943311 0.103133813 0.013211295 0.126507282 -0.058517210 0.017225524 0.069155358 0.995739222
1305031115.980740 0.112347551 0.016498044 0.127104729 -0.058584139 0.023374580 0.074579790 0.995218277
1305031116.011379 0.131129220 0.017519305 0.126800492 -0.061311856 0.028030876 0.078372315 0.994642079
1305031116.043164 0.141522706 0.019251898 0.130044788 -0.064082295 0.040090922 0.080590889 0.993876874
1305031116.080030 0.150770485 0.023767581 0.132435337 -0.067184560 0.049681135 0.084510379 0.992912889
1305031116.111300 0.159468025 0.022019200 0.133768693 -0.075112596 0.059742473 0.087240815 0.991553307
1305031116.143441 0.163224071 0.024535371 0.136131003 -0.077223405 0.070570901 0.089311533 0.990494728
1305031116.179572 0.170453608 0.024966806 0.137719378 -0.079849325 0.076194838 0.091880970 0.989634454
1305031116.211299 0.179088056 0.024505425 0.139263257 -0.084862389 0.081268802 0.095071942 0.988511562
1305031116.243320 0.189846009 0.021351539 0.140446171 -0.088698789 0.085936345 0.098731473 0.987420678
1305031116.279385 0.199292988 0.023531886 0.141044840 -0.088189319 0.093997128 0.101857774 0.986413777
1305031116.311336 0.204591483 0.025478624 0.140260220 -0.090161473 0.102886960 0.105537213 0.984960437
1305031116.343292 0.209556416 0.019017924 0.141790673 -0.094230980 0.109185219 0.109077990 0.983514667
1305031116.379384 0.214093417 0.017585024 0.139399141 -0.089266047 0.111545764 0.108992897 0.983722389
1305031116.411333 0.214375630 0.022012901 0.136263877 -0.083357647 0.114300370 0.112244070 0.983558953
1305031116.443369 0.216630965 0.022939757 0.133451357 -0.085559189 0.115296900 0.121676929 0.982130826
1305031116.479850 0.215130031 0.019767884 0.133812666 -0.086956255 0.117688507 0.125583306 0.981232285
1305031116.511205 0.212719396 0.018469006 0.131452113 -0.085515298 0.116923556 0.121637054 0.981947243
1305031116.543262 0.206345826 0.020049870 0.129622638 -0.081965387 0.118112624 0.116994485 0.982671559
1305031116.579313 0.195415810 0.020342425 0.129123554 -0.082136363 0.118674025 0.113604128 0.982987404
1305031116.611261 0.183002055 0.016188737 0.128463641 -0.083199628 0.116130114 0.107761808 0.983859241
1305031116.643355 0.172971085 0.015773144 0.127556786 -0.081886552 0.108684964 0.098420784 0.985796928
1305031116.679281 0.165815309 0.015943354 0.125329331 -0.081429861 0.099781707 0.089634456 0.987612486
1305031116.711634 0.156786188 0.018431282 0.124212891 -0.079415232 0.094790056 0.080749474 0.989033639
1305031116.743291 0.143156052 0.022996251 0.123667106 -0.078044213 0.091442637 0.069629863 0.990302503
1305031116.779298 0.129865542 0.022891525 0.121602751 -0.080212995 0.087901257 0.058819465 0.991150618
1305031116.811318 0.115295149 0.019753428 0.120395951 -0.081085823 0.085342497 0.051071942 0.991732538
1305031116.846089 0.096022278 0.021765424 0.119768567 -0.077907331 0.079788342 0.043415956 0.992813826
1305031116.880165 0.089301966 0.022225922 0.116982646 -0.079187728 0.065841682 0.037179276 0.993987858
1305031116.912044 0.079162270 0.023290947 0.118660167 -0.077963285 0.053913414 0.032651011 0.994961798
1305031116.943296 0.055598289 0.027606174 0.116514862 -0.076736234 0.044987399 0.025469555 0.995710313
1305031116.979351 0.040707730 0.027771829 0.114495963 -0.075915873 0.034583073 0.014991791 0.996401548
1305031117.011382 0.027551915 0.027669493 0.109812327 -0.074781194 0.023430778 0.006278730 0.996904910
1305031117.043261 0.015587661 0.030399332 0.107563794 -0.074632637 0.013326361 0.001158452 0.997121394
1305031117.079520 0.001772284 0.035438538 0.106530309 -0.074547708 0.005073677 -0.005375810 0.997190058
1305031117.111238 -0.009744353 0.035895456 0.105421975 -0.076756276 -0.005103234 -0.007142767 0.997011244
1305031117.143218 -0.017481921 0.039391436 0.103019036 -0.078344755 -0.015816003 -0.007109261 0.996775508
1305031117.179264 -0.025448197 0.041626438 0.104078226 -0.080588877 -0.024585826 -0.012245988 0.996368945
1305031117.211361 -0.026475875 0.044022374 0.109539941 -0.081421986 -0.034056012 -0.015484557 0.995977342
1305031117.243277 -0.027458895 0.047688276 0.110160477 -0.083509021 -0.037500829 -0.017215420 0.995652318
1305031117.279299 -0.028316811 0.045876250 0.112087026 -0.088984676 -0.037582837 -0.021801706 0.995084882
1305031117.311200 -0.031229232 0.043661028 0.112808138 -0.093088455 -0.035413668 -0.023509815 0.994750082
1305031117.343243 -0.032857236 0.040201697 0.113685340 -0.095590353 -0.035691798 -0.024379928 0.994481862
1305031117.379454 -0.034061193 0.037006695 0.113781728 -0.095463656 -0.035581145 -0.024652794 0.994491279
1305031117.411221 -0.036333177 0.032822944 0.114003628 -0.094681695 -0.036474518 -0.024149038 0.994546056
1305031117.443274 -0.035475325 0.030469382 0.113051899 -0.091801636 -0.038617734 -0.022773635 0.994767547
1305031117.479403 -0.036194436 0.024729414 0.113179132 -0.091129340 -0.039316349 -0.021110000 0.994838715
1305031117.511325 -0.036760986 0.018045029 0.113571912 -0.088929377 -0.040778119 -0.019699112 0.995007873
1305031117.544285 -0.037719272 0.014734935 0.112789564 -0.083774641 -0.041246120 -0.019290084 0.995443821
1305031117.579155 -0.039275315 0.010314148 0.113209896 -0.080880597 -0.042427562 -0.020949636 0.995599985
1305031117.611159 -0.040104344 0.005500114 0.114747502 -0.079830699 -0.043934740 -0.020219894 0.995634437
1305031117.643252 -0.040705502 -0.000910359 0.116987646 -0.078564234 -0.046088461 -0.019086713 0.995660186
1305031117.679262 -0.041665349 -0.004636997 0.118495837 -0.077711634 -0.048434116 -0.018637348 0.995624244
1305031117.711184 -0.040669616 -0.013345290 0.122059204 -0.079568498 -0.051634628 -0.016157951 0.995360076
1305031117.743184 -0.041031364 -0.020749960 0.125287384 -0.079806991 -0.053799488 -0.012874763 0.995274186
1305031117.779467 -0.041420553 -0.025990617 0.127167508 -0.079226941 -0.056096997 -0.011019760 0.995215952
1305031117.811320 -0.040047020 -0.036572270 0.132623494 -0.081930988 -0.059028592 -0.009173916 0.994846106
1305031117.843291 -0.035363391 -0.044813484 0.137776241 -0.080484934 -0.061082460 -0.007639032 0.994853139
1305031117.879451 -0.036541119 -0.049947962 0.140082151 -0.078427643 -0.057520494 -0.008113032 0.995225966
1305031117.911407 -0.037780669 -0.060414046 0.143261999 -0.079394385 -0.055388473 -0.008368780 0.995268106
1305031117.943253 -0.038673017 -0.064787820 0.145662174 -0.077015415 -0.053063039 -0.008722755 0.995578647
1305031117.979228 -0.041574821 -0.070033342 0.148867056 -0.077972643 -0.050297823 -0.009565479 0.995639920
1305031118.011228 -0.040591244 -0.081585236 0.155590579 -0.081556611 -0.050970536 -0.009571553 0.995318472
1305031118.043521 -0.041810088 -0.088492721 0.158827305 -0.080426008 -0.049141280 -0.009563140 0.995502532
1305031118.079334 -0.038777057 -0.095693409 0.163017124 -0.080790490 -0.049541023 -0.010638357 0.995442331
1305031118.111217 -0.036883038 -0.103970997 0.168514654 -0.080524661 -0.046350606 -0.011853282 0.995603800
1305031118.143256 -0.039491832 -0.110816859 0.170168757 -0.079035304 -0.040790271 -0.013705541 0.995942652
1305031118.179323 -0.040099196 -0.119838044 0.174954817 -0.079174958 -0.037995502 -0.015631579 0.996013701
1305031118.211202 -0.044118300 -0.128601864 0.177146897 -0.076627947 -0.033948682 -0.014585244 0.996374846
1305031118.243173 -0.045709100 -0.137467727 0.180186793 -0.074456990 -0.034553621 -0.014622334 0.996518135
1305031118.279194 -0.043965384 -0.146078572 0.184949368 -0.071302570 -0.035764989 -0.014807446 0.996703327
1305031118.311299 -0.044912085 -0.151567519 0.186458930 -0.064628996 -0.035715163 -0.014803362 0.997160137
1305031118.343324 -0.042474926 -0.154367104 0.189554706 -0.059126403 -0.035778217 -0.015718175 0.997485280
1305031118.379208 -0.046392009 -0.160618573 0.190587685 -0.055292170 -0.032690670 -0.017593412 0.997779846
1305031118.411296 -0.047267284 -0.161945105 0.191650510 -0.051725313 -0.034324501 -0.017423216 0.997919202
1305031118.445692 -0.044982921 -0.162836850 0.194296286 -0.050802734 -0.035359666 -0.014109016 0.997982800
1305031118.479285 -0.045097414 -0.166003436 0.195938662 -0.050856501 -0.035742737 -0.012020327 0.997993767
1305031118.511255 -0.042752218 -0.163605317 0.196429044 -0.048010759 -0.036769375 -0.010676281 0.998112679
1305031118.544414 -0.042628869 -0.158698469 0.196524233 -0.047971442 -0.035939053 -0.011206185 0.998139024
1305031118.579285 -0.040409319 -0.157882974 0.197782815 -0.050381504 -0.035838991 -0.011399622 0.998021722
1305031118.616142 -0.039321270 -0.152904719 0.197058216 -0.049844917 -0.034072567 -0.013712402 0.998081446
1305031118.645325 -0.040722504 -0.145536080 0.194232076 -0.049549248 -0.031082131 -0.016412457 0.998153031
1305031118.679295 -0.041884366 -0.142043084 0.192221254 -0.053405471 -0.029406069 -0.018216336 0.997973621
1305031118.711421 -0.043504890 -0.139923379 0.190851763 -0.055153761 -0.029169474 -0.021462446 0.997820914
1305031118.746770 -0.046366856 -0.132578522 0.186010107 -0.052735146 -0.030386724 -0.021276912 0.997919321
1305031118.779277 -0.044545628 -0.116386659 0.181678340 -0.051818091 -0.034729358 -0.020575257 0.997840405
1305031118.811221 -0.041136522 -0.117298961 0.182306632 -0.058903493 -0.038383812 -0.021825815 0.997286677
1305031118.846753 -0.037566382 -0.109907709 0.178627923 -0.054926772 -0.039561808 -0.020368444 0.997498393
1305031118.879208 -0.037745975 -0.091885075 0.170553014 -0.050274059 -0.036788426 -0.022528756 0.997803390
1305031118.911177 -0.038126826 -0.089020908 0.167579100 -0.054741241 -0.035587426 -0.025116161 0.997550070
1305031118.946974 -0.037853174 -0.078140549 0.162100077 -0.052657362 -0.034342721 -0.026780119 0.997662604
1305031118.979374 -0.040326715 -0.064585134 0.155179217 -0.051588584 -0.032135300 -0.030778984 0.997676611
1305031119.011363 -0.041285623 -0.056026537 0.149666026 -0.055113569 -0.032128092 -0.033292491 0.997407556
1305031119.047172 -0.042097654 -0.049779970 0.144990385 -0.057667017 -0.032517251 -0.033897109 0.997230232
1305031119.079223 -0.044688109 -0.042129166 0.138975203 -0.058174782 -0.033744346 -0.034116600 0.997152448
1305031119.111328 -0.044687442 -0.034685623 0.134706438 -0.058588408 -0.037562095 -0.033292674 0.997019589
1305031119.147616 -0.046328008 -0.024665013 0.129251406 -0.057901766 -0.040255006 -0.031997830 0.996996999
1305031119.179226 -0.044777576 -0.020109534 0.126425043 -0.059135836 -0.045434292 -0.031598695 0.996714711
1305031119.211364 -0.043107640 -0.010991066 0.121084176 -0.055972409 -0.047773775 -0.030013034 0.996836960
1305031119.247399 -0.043930791 -0.002503311 0.116842695 -0.054985411 -0.048675131 -0.029032886 0.996877372
1305031119.279212 -0.042184114 0.005110336 0.112841651 -0.054800559 -0.050413352 -0.028937927 0.996803880
1305031119.311212 -0.043645278 0.012647578 0.109658413 -0.054598670 -0.050104190 -0.026367016 0.996901870
1305031119.347741 -0.044214364 0.018104687 0.106440105 -0.054344177 -0.051735561 -0.023978917 0.996892750
1305031119.379239 -0.043578580 0.029545784 0.103245489 -0.051991042 -0.054196436 -0.023405334 0.996901155
1305031119.411484 -0.040266875 0.035830203 0.100542605 -0.053346239 -0.055340726 -0.022601623 0.996785223
1305031119.447706 -0.039653584 0.042185690 0.097881034 -0.054316588 -0.053070363 -0.022083046 0.996867895
1305031119.479267 -0.041072126 0.052614514 0.094935976 -0.051440351 -0.050445355 -0.023160627 0.997132242
1305031119.511240 -0.042773958 0.061206926 0.092071995 -0.052512839 -0.048662353 -0.022386095 0.997182667
1305031119.547382 -0.042535570 0.070071377 0.089792185 -0.053377140 -0.048913442 -0.020750204 0.997159839
1305031119.579559 -0.041466862 0.082497485 0.087480254 -0.053373355 -0.048161909 -0.020864436 0.997194231
1305031119.615017 -0.043385006 0.087948747 0.085015438 -0.057960641 -0.045294572 -0.020466339 0.997080803
1305031119.647903 -0.044487122 0.100180447 0.082705498 -0.058639146 -0.044411000 -0.019576637 0.997098744
1305031119.679208 -0.042197268 0.109861277 0.082265534 -0.061842203 -0.043284278 -0.021461446 0.996915996
1305031119.715232 -0.042181078 0.116463117 0.082474031 -0.068033300 -0.039147243 -0.018958077 0.996734440
1305031119.747193 -0.046390958 0.122072071 0.079853654 -0.072156124 -0.035628244 -0.014433143 0.996652305
1305031119.779169 -0.048519384 0.130366847 0.077923812 -0.074302673 -0.036182009 -0.012515246 0.996500552
1305031119.814537 -0.046989176 0.138561904 0.077068210 -0.075657725 -0.037847351 -0.008533756 0.996378720
1305031119.847429 -0.046727143 0.146231160 0.076091737 -0.077658989 -0.036896005 -0.004399978 0.996287286
1305031119.879214 -0.046202280 0.149602219 0.075024411 -0.079281293 -0.035380300 -0.004284126 0.996215045
1305031119.911401 -0.047381394 0.161473408 0.072766215 -0.076352090 -0.033166379 -0.003345490 0.996523499
1305031119.947392 -0.046611793 0.168484986 0.072165221 -0.079716034 -0.032114942 -0.002418202 0.996297181
1305031119.979537 -0.046209462 0.172579527 0.071212724 -0.082051717 -0.029130153 -0.003563746 0.996195912
1305031120.015264 -0.048650630 0.181937948 0.068912081 -0.083927743 -0.024689274 -0.002389960 0.996163070
1305031120.047290 -0.052054152 0.179356605 0.068175331 -0.093987420 -0.022222331 -0.001064404 0.995324790
1305031120.079418 -0.052132554 0.179951891 0.067818701 -0.095698699 -0.024596764 0.001526734 0.995105267
1305031120.115232 -0.052080881 0.183531731 0.067382365 -0.095813364 -0.027121151 0.003513654 0.995023608
1305031120.148157 -0.050016314 0.179425120 0.068767548 -0.099658228 -0.028959822 0.004252222 0.994591117
1305031120.179246 -0.047380336 0.174839988 0.070866287 -0.100063764 -0.030123709 0.007406642 0.994497359
1305031120.215249 -0.048108656 0.169209898 0.070425510 -0.096999303 -0.029495306 0.007018784 0.994822562
1305031120.248003 -0.047403794 0.167601228 0.071203887 -0.092231229 -0.029847702 0.004755325 0.995278835
1305031120.279430 -0.047972970 0.162912160 0.072519034 -0.089154556 -0.028720919 0.002995144 0.995599151
1305031120.315196 -0.047619574 0.156433582 0.074144438 -0.087187849 -0.028540807 0.000894951 0.995782554
1305031120.347787 -0.047615215 0.149033964 0.074936740 -0.084454842 -0.027815994 -0.001059803 0.996038377
1305031120.379437 -0.047288746 0.140904844 0.077350512 -0.083695762 -0.028160436 -0.001327859 0.996092498
1305031120.415445 -0.045147400 0.127597824 0.081983075 -0.080480598 -0.029905574 -0.000892349 0.996307075
1305031120.447417 -0.046347052 0.124851510 0.083642542 -0.071313992 -0.029816126 -0.001871942 0.997006416
1305031120.479432 -0.045112591 0.111318015 0.087613970 -0.072011121 -0.031102655 -0.001811671 0.996917129
1305031120.514819 -0.046953119 0.102251999 0.091952316 -0.065906964 -0.032087471 0.000481529 0.997309566
1305031120.547736 -0.047071826 0.094650656 0.095131524 -0.059870850 -0.035104807 0.002352512 0.997585893
1305031120.579551 -0.048016496 0.089649335 0.097615942 -0.055744085 -0.038446169 0.005314404 0.997690439
1305031120.615236 -0.046159312 0.080218770 0.102285892 -0.053727005 -0.043605365 0.008291523 0.997568667
1305031120.647354 -0.044595871 0.072643377 0.105686031 -0.049319535 -0.047057081 0.008435945 0.997638226
1305031120.679318 -0.042098045 0.066860624 0.109212235 -0.046855047 -0.049585681 0.009562727 0.997624397
1305031120.714522 -0.042780045 0.059950337 0.112275168 -0.044815190 -0.049697418 0.010098706 0.997707248
1305031120.747369 -0.043097675 0.051890295 0.115133062 -0.044339392 -0.051727705 0.010388331 0.997622371
1305031120.779894 -0.040491547 0.042623140 0.119770862 -0.043127999 -0.055063892 0.010489179 0.997495830
1305031120.814944 -0.040584404 0.038399760 0.121503063 -0.039529894 -0.055163220 0.009978733 0.997644603
1305031120.847921 -0.039944239 0.029966652 0.124933578 -0.041012298 -0.056508873 0.008088822 0.997526586
1305031120.883435 -0.037660446 0.020779010 0.127956375 -0.039612737 -0.057031840 0.006493436 0.997565091
1305031120.915444 -0.040020708 0.017369460 0.129296526 -0.036820274 -0.054405384 0.004103253 0.997831404
1305031120.947488 -0.040597845 0.009297919 0.132229283 -0.037434295 -0.053987470 0.002143407 0.997837365
1305031120.983366 -0.041377690 0.001746156 0.134864271 -0.037155382 -0.053831615 -0.000021800 0.997858524
1305031121.015019 -0.041469775 -0.007455956 0.136454314 -0.036594875 -0.054398403 -0.001325774 0.997847617
1305031121.047498 -0.042581163 -0.011605036 0.137928545 -0.034970365 -0.053788204 -0.002381727 0.997937024
1305031121.083099 -0.043722793 -0.022834536 0.140301198 -0.035576493 -0.054688457 -0.003585983 0.997863054
1305031121.114696 -0.043225266 -0.028657073 0.141548991 -0.032850325 -0.056285825 -0.003048152 0.997869432
1305031121.147331 -0.044570923 -0.035735216 0.143147916 -0.031146787 -0.056400988 -0.004052178 0.997914016
1305031121.183271 -0.044588231 -0.043161578 0.144778743 -0.029588962 -0.057837423 -0.004524727 0.997877181
1305031121.211420 -0.041646920 -0.051474482 0.148316368 -0.027789276 -0.058974404 -0.004402004 0.997862935
1305031121.247194 -0.045181226 -0.056182787 0.148526192 -0.025049852 -0.056093372 -0.005289734 0.998097241
1305031121.282876 -0.044959694 -0.065883107 0.151553079 -0.026436213 -0.057803977 -0.003945178 0.997970104
1305031121.313568 -0.044211958 -0.074240439 0.155099779 -0.024041142 -0.058316089 -0.003287484 0.998003244
1305031121.347517 -0.046817522 -0.080431573 0.155265331 -0.022232668 -0.058331136 -0.002104966 0.998047471
1305031121.383226 -0.043731004 -0.091373891 0.160235763 -0.022123316 -0.061190616 -0.001680645 0.997879446
1305031121.414318 -0.044166271 -0.096427932 0.160634294 -0.016988333 -0.060004063 -0.003425691 0.998047709
1305031121.447319 -0.044167884 -0.101517409 0.163025394 -0.015391678 -0.059797801 -0.002589743 0.998088479
1305031121.482964 -0.042279538 -0.111824095 0.168374062 -0.015033233 -0.058689948 -0.000671515 0.998162806
1305031121.514107 -0.045981783 -0.116413034 0.165292054 -0.011243482 -0.055216048 -0.000703421 0.998410881
1305031121.547270 -0.046295237 -0.119987816 0.168288678 -0.011731249 -0.055162691 -0.000139593 0.998408437
1305031121.583204 -0.045575142 -0.130781129 0.171440139 -0.014816209 -0.054170579 -0.001134381 0.998421133
1305031121.614700 -0.045821279 -0.135869369 0.173729360 -0.013186473 -0.052323755 -0.002258198 0.998540580
1305031121.647183 -0.044675007 -0.138921097 0.176203936 -0.011877457 -0.048686393 -0.004464692 0.998733521
1305031121.683200 -0.048546664 -0.145872071 0.176820248 -0.014687574 -0.043547977 -0.006416067 0.998922765
1305031121.714520 -0.050707538 -0.152539596 0.178096294 -0.015664235 -0.042169303 -0.005638670 0.998971760
1305031121.747145 -0.050567299 -0.156631678 0.179819897 -0.017558275 -0.041997712 -0.005288327 0.998949409
1305031121.782835 -0.049203306 -0.163615063 0.183180079 -0.020354729 -0.042273313 -0.002890703 0.998894513
1305031121.811540 -0.047559466 -0.165834770 0.185740456 -0.021150317 -0.041715238 -0.000583191 0.998905480
1305031121.847335 -0.048649993 -0.168941811 0.186193839 -0.023266872 -0.039492331 0.001989906 0.998946965
1305031121.882060 -0.049406603 -0.171698987 0.185998648 -0.025943520 -0.038844150 0.007947676 0.998876810
1305031121.914931 -0.051171180 -0.171346426 0.185891896 -0.027269321 -0.039913766 0.010053401 0.998780370
1305031121.947288 -0.048203334 -0.171381012 0.187975362 -0.027267905 -0.043248668 0.009994336 0.998642147
1305031121.982926 -0.047789559 -0.166469619 0.187067330 -0.026001308 -0.042901099 0.009393974 0.998696744
1305031122.014256 -0.049588438 -0.164593786 0.185541064 -0.026759772 -0.042158749 0.007197218 0.998726547
1305031122.047306 -0.049751673 -0.159561574 0.183764800 -0.025105745 -0.043440297 0.003564632 0.998734176
1305031122.082959 -0.048165150 -0.154774711 0.182472438 -0.024414998 -0.044614915 0.000001947 0.998705864
1305031122.114672 -0.049787734 -0.145386308 0.179029882 -0.021811120 -0.043983001 -0.003785603 0.998786986
1305031122.150725 -0.047513850 -0.138328224 0.177710220 -0.022120975 -0.045258842 -0.008585573 0.998693466
1305031122.183042 -0.046448298 -0.130033508 0.174606383 -0.020003054 -0.044559386 -0.013486838 0.998715401
1305031122.214959 -0.047272153 -0.111821607 0.170040235 -0.019225525 -0.042608641 -0.017776184 0.998748660
1305031122.251319 -0.047990404 -0.109363183 0.167801961 -0.026430231 -0.041725207 -0.021814827 0.998541176
1305031122.283560 -0.050275579 -0.097276658 0.163552076 -0.025428435 -0.041777663 -0.023884268 0.998517692
1305031122.314289 -0.051845707 -0.082399227 0.158366263 -0.029064614 -0.043354474 -0.028376786 0.998233616
1305031122.351327 -0.051408820 -0.077417769 0.156615198 -0.036421515 -0.046140671 -0.030738700 0.997797370
1305031122.382630 -0.053888548 -0.067875199 0.151373744 -0.040668093 -0.047137406 -0.031529956 0.997562051
1305031122.414997 -0.055598285 -0.062648945 0.146829471 -0.045222212 -0.050679356 -0.032250393 0.997169256
1305031122.451257 -0.056235906 -0.053059530 0.141398683 -0.046579946 -0.055000801 -0.030893790 0.996920645
1305031122.483360 -0.055432692 -0.045167692 0.138189360 -0.049554568 -0.060382761 -0.030532937 0.996476769
1305031122.515097 -0.053983912 -0.037191480 0.133954003 -0.050709464 -0.064767085 -0.031803671 0.996103585
1305031122.551490 -0.050876193 -0.028618447 0.129949287 -0.052024852 -0.066861853 -0.032833878 0.995863855
1305031122.583208 -0.051205993 -0.021097489 0.126491576 -0.053343661 -0.065395169 -0.034426633 0.995837688
1305031122.614980 -0.054991048 -0.015304152 0.123332940 -0.054431073 -0.064093135 -0.033744402 0.995886862
1305031122.648788 -0.055020437 -0.006413549 0.119004197 -0.052653950 -0.065958150 -0.032887027 0.995889306
1305031122.683402 -0.055446863 0.001722677 0.114963710 -0.052104231 -0.066924393 -0.031448819 0.995900214
1305031122.715208 -0.056998104 0.009871270 0.111248419 -0.051812764 -0.068911679 -0.028660914 0.995864034
1305031122.751298 -0.054658681 0.021830250 0.108143404 -0.049997903 -0.072579503 -0.028145360 0.995710909
1305031122.783423 -0.054108404 0.033143751 0.105221033 -0.051912397 -0.072954796 -0.028666561 0.995570660
1305031122.812555 -0.052143067 0.038921643 0.104283601 -0.057393227 -0.073075704 -0.029192246 0.995245576
1305031122.851418 -0.048037432 0.046903461 0.104293458 -0.058718838 -0.071163088 -0.030805903 0.995258212
1305031122.883754 -0.050695390 0.055245999 0.100683063 -0.061149992 -0.063481010 -0.030545278 0.995639384
1305031122.914571 -0.054164954 0.059087824 0.098827168 -0.065477699 -0.059523825 -0.029763602 0.995632291
1305031122.951341 -0.054482810 0.064053118 0.096677281 -0.066860162 -0.058706071 -0.028776892 0.995617986
1305031122.982815 -0.056374155 0.073375978 0.093527317 -0.067102298 -0.057900693 -0.025314432 0.995742917
1305031123.015450 -0.055575877 0.076973043 0.092020780 -0.070420459 -0.059419457 -0.022264509 0.995497167
1305031123.051827 -0.054370183 0.082569435 0.090645149 -0.069618344 -0.059541956 -0.020943308 0.995574892
1305031123.082975 -0.054706313 0.093110725 0.087903522 -0.067360312 -0.058530305 -0.018224575 0.995843649
1305031123.113873 -0.055066727 0.101579860 0.085445836 -0.069546320 -0.057055984 -0.016037172 0.995816588
1305031123.150822 -0.055578019 0.107809633 0.084425956 -0.072284520 -0.056157406 -0.015939264 0.995674253
1305031123.182155 -0.053289924 0.118030049 0.083789997 -0.072873600 -0.055415202 -0.015443150 0.995680749
1305031123.214704 -0.052539181 0.126968756 0.082577601 -0.076108344 -0.050976235 -0.016079297 0.995665789
1305031123.250618 -0.052936077 0.138435766 0.080563053 -0.079411604 -0.046912111 -0.017402824 0.995585322
1305031123.282347 -0.051370576 0.147090703 0.081175074 -0.086812355 -0.044730298 -0.014162584 0.995119214
1305031123.311327 -0.050006311 0.152615473 0.081780344 -0.092717052 -0.041505773 -0.013183647 0.994739652
1305031123.350481 -0.049886525 0.162883297 0.081178010 -0.094963424 -0.037213992 -0.012426240 0.994707346
1305031123.382255 -0.048121557 0.169928417 0.081230193 -0.099095523 -0.033414219 -0.009038351 0.994475722
1305031123.411363 -0.048697095 0.173336834 0.080607772 -0.103545628 -0.028207280 -0.006505331 0.994203389
1305031123.451255 -0.049812648 0.181772262 0.079171613 -0.103961483 -0.024988540 -0.005448020 0.994252443
1305031123.483594 -0.048569083 0.188943222 0.078209274 -0.107402675 -0.023730272 -0.000614648 0.993932188
1305031123.511360 -0.048106384 0.193301678 0.077436648 -0.111119635 -0.022140196 0.002332549 0.993557632
1305031123.551513 -0.047613434 0.199737921 0.076234624 -0.112097733 -0.022348220 0.004617319 0.993435144
1305031123.579583 -0.045735400 0.203830272 0.076059096 -0.115119569 -0.022836769 0.008200750 0.993055224
1305031123.611335 -0.044518866 0.212678432 0.074588105 -0.114024103 -0.021779202 0.009308428 0.993195593
1305031123.652411 -0.042626694 0.218304470 0.074307621 -0.117649943 -0.020553997 0.009374283 0.992798150
1305031123.683753 -0.041712783 0.223839507 0.073685005 -0.121090606 -0.017143350 0.010615384 0.992436647
1305031123.711323 -0.041635815 0.228713721 0.073313504 -0.125028059 -0.013353967 0.011761408 0.991993666
1305031123.751723 -0.042564183 0.227490395 0.072533593 -0.131148964 -0.010519026 0.013836565 0.991210341
1305031123.783858 -0.042642269 0.230764866 0.070942432 -0.131950721 -0.010754226 0.015672820 0.991074026
1305031123.811608 -0.041576549 0.231753394 0.070323408 -0.133118421 -0.011620731 0.017069381 0.990885019
1305031123.851444 -0.041695166 0.229908317 0.069397256 -0.135720044 -0.011399539 0.019021720 0.990499020
1305031123.883786 -0.041970257 0.223941192 0.069034062 -0.139163151 -0.012457462 0.019947521 0.989990175
1305031123.911243 -0.041338421 0.224982426 0.069229037 -0.134146675 -0.014387773 0.018883521 0.990677059
1305031123.951442 -0.041986234 0.227723300 0.068898574 -0.131443530 -0.014446524 0.020363320 0.991009176
1305031123.983415 -0.042560585 0.214271396 0.070210688 -0.140074492 -0.016246168 0.022246446 0.989757657
1305031124.011302 -0.041854743 0.209688142 0.072038405 -0.134773105 -0.020704787 0.021756023 0.990421236
1305031124.051505 -0.043564014 0.210435838 0.072214037 -0.127596706 -0.022692479 0.022232901 0.991317213
1305031124.083837 -0.041416299 0.203941271 0.075512834 -0.127970591 -0.027006011 0.022888223 0.991145968
1305031124.111331 -0.039423246 0.194258407 0.079097070 -0.123975329 -0.031306889 0.021794241 0.991551816
1305031124.147446 -0.041441668 0.194801137 0.080156326 -0.115132116 -0.031269439 0.019496188 0.992666483
1305031124.182694 -0.039439064 0.184307203 0.084013991 -0.117078587 -0.033912610 0.017897762 0.992382109
1305031124.211396 -0.038427711 0.173898801 0.087399453 -0.112999156 -0.035661831 0.015911566 0.992827356
1305031124.249327 -0.042231306 0.174608633 0.086592332 -0.103331879 -0.034495398 0.015174625 0.993932724
1305031124.282545 -0.041767709 0.165391251 0.088834591 -0.104955763 -0.039244097 0.015162793 0.993586540
1305031124.311361 -0.040256977 0.156093851 0.091842271 -0.102052420 -0.044089172 0.015567112 0.993679583
1305031124.350354 -0.040229436 0.150165930 0.092889555 -0.096559688 -0.047293168 0.014484822 0.994097471
1305031124.382420 -0.038593315 0.140669331 0.095929980 -0.094368890 -0.050465330 0.013414599 0.994166911
1305031124.411439 -0.037624087 0.131568655 0.097898871 -0.090010196 -0.052409317 0.012883858 0.994477451
1305031124.450245 -0.037158594 0.122807994 0.099416666 -0.083619185 -0.053814329 0.011126377 0.994981408
1305031124.480099 -0.037887577 0.112805359 0.100327298 -0.078323729 -0.054456908 0.008603411 0.995402336
1305031124.511324 -0.038978323 0.106146947 0.100721911 -0.071006283 -0.055552088 0.006084954 0.995909154
1305031124.550437 -0.039533928 0.096891552 0.102663361 -0.067532733 -0.057030618 0.003301943 0.996080279
1305031124.579404 -0.039398052 0.086635202 0.105048895 -0.064562351 -0.059721228 0.001053595 0.996124506
1305031124.611358 -0.039023165 0.076791450 0.107914791 -0.060192559 -0.062370330 -0.000589347 0.996236145
1305031124.651271 -0.039608382 0.067882463 0.109718680 -0.056619253 -0.064340942 -0.002971041 0.996316075
1305031124.679362 -0.036742344 0.056700110 0.114003658 -0.053914197 -0.067708954 -0.003689800 0.996240497
1305031124.711251 -0.037458424 0.049672578 0.116354063 -0.048755091 -0.067335635 -0.006092488 0.996519804
1305031124.749890 -0.039761908 0.038965017 0.118302226 -0.047268201 -0.066070862 -0.008341128 0.996659815
1305031124.779365 -0.039793238 0.029686712 0.121802941 -0.044091403 -0.067526080 -0.008924520 0.996702850
1305031124.811360 -0.039916426 0.021415755 0.124689028 -0.041904375 -0.068370305 -0.009490844 0.996734381
1305031124.850535 -0.040069081 0.010821194 0.129968211 -0.042379819 -0.069907837 -0.010020304 0.996602476
1305031124.879355 -0.036534034 0.000596764 0.136226013 -0.040635236 -0.071680687 -0.010395756 0.996545315
1305031124.911448 -0.037605081 -0.005445438 0.138693660 -0.038429305 -0.068503566 -0.010833184 0.996851563
1305031124.950730 -0.037777536 -0.014291153 0.145123392 -0.041377004 -0.067431353 -0.010892069 0.996806026
1305031124.979438 -0.039594065 -0.030052014 0.149327308 -0.042645358 -0.065784596 -0.009450953 0.996877313
1305031125.011454 -0.042360626 -0.037329338 0.151385874 -0.037547734 -0.067007251 -0.008706564 0.997007728
1305031125.050763 -0.038760677 -0.040720075 0.156227693 -0.034309428 -0.070895590 -0.007612456 0.996864438
1305031125.079364 -0.039599713 -0.050131366 0.159844071 -0.035890836 -0.069472067 -0.004529939 0.996927738
1305031125.111364 -0.040854573 -0.060398117 0.163082823 -0.035862561 -0.070151396 -0.003663616 0.996884763
1305031125.151013 -0.039269455 -0.066054463 0.166550010 -0.031310286 -0.071251832 -0.005714233 0.996950448
1305031125.179353 -0.040819325 -0.067723148 0.168379441 -0.030238239 -0.068099245 -0.004959997 0.997207820
1305031125.211320 -0.042220060 -0.078371763 0.171787769 -0.034641456 -0.066516817 -0.005094407 0.997170746
1305031125.250632 -0.043909691 -0.088499606 0.174651921 -0.033551563 -0.065994024 -0.007622475 0.997226655
1305031125.279467 -0.044627585 -0.091449529 0.175880283 -0.029806839 -0.065729409 -0.008696612 0.997354269
1305031125.311493 -0.044155411 -0.099958934 0.179869995 -0.030464845 -0.064497791 -0.008157453 0.997419357
1305031125.348880 -0.046782747 -0.104042977 0.180634111 -0.026083108 -0.062453534 -0.011559295 0.997640014
1305031125.379401 -0.042621635 -0.106803395 0.185240790 -0.025720732 -0.062417921 -0.015003961 0.997605801
1305031125.411335 -0.042939030 -0.110879429 0.188107297 -0.025810901 -0.056067564 -0.015748166 0.997969031
1305031125.451195 -0.045134254 -0.116937742 0.189300567 -0.029372938 -0.050033458 -0.018193217 0.998149753
1305031125.479424 -0.045036592 -0.124498054 0.191873595 -0.029931540 -0.046315558 -0.019683249 0.998284280
1305031125.511316 -0.046234317 -0.124073602 0.191813976 -0.028465826 -0.042067654 -0.020258641 0.998503685
1305031125.551020 -0.045486551 -0.125587419 0.193156019 -0.029120315 -0.039435018 -0.021856625 0.998558521
1305031125.579308 -0.044896092 -0.127710864 0.194032788 -0.030883396 -0.036180161 -0.024009300 0.998579383
1305031125.611533 -0.046580598 -0.133328050 0.193462729 -0.031531889 -0.032123450 -0.024462819 0.998686850
1305031125.650575 -0.051231004 -0.135334864 0.189904988 -0.027448516 -0.030122498 -0.021966320 0.998927772
1305031125.679328 -0.054657631 -0.128538534 0.184314504 -0.021881154 -0.032870673 -0.021005552 0.998999238
1305031125.711443 -0.051068500 -0.130416155 0.184592649 -0.021710474 -0.039938185 -0.019075362 0.998784125
1305031125.751260 -0.049344756 -0.120476671 0.179964706 -0.015247259 -0.042625301 -0.017322095 0.998824596
1305031125.779348 -0.047533646 -0.114304774 0.178557217 -0.015039485 -0.044340581 -0.019989569 0.998703241
1305031125.811573 -0.046535034 -0.105606854 0.175249204 -0.013667139 -0.043804485 -0.020863008 0.998728752
1305031125.847412 -0.047694340 -0.100480236 0.172584489 -0.015990565 -0.041796882 -0.023317911 0.998726010
1305031125.879318 -0.049501490 -0.093004651 0.168397307 -0.015516946 -0.041717071 -0.023771705 0.998726130
1305031125.911305 -0.052057423 -0.083419047 0.164169967 -0.018389443 -0.043926898 -0.022620836 0.998609304
1305031125.947343 -0.054411508 -0.080710359 0.160513029 -0.022912148 -0.049664129 -0.020519869 0.998292267
1305031125.979324 -0.052841529 -0.070335999 0.157545909 -0.022380613 -0.057599880 -0.017088329 0.997942567
1305031126.011333 -0.048257884 -0.059288699 0.156819791 -0.023642007 -0.064970255 -0.016423875 0.997471869
1305031126.047324 -0.044148140 -0.048334967 0.155953482 -0.025760470 -0.067805834 -0.015755288 0.997241437
1305031126.079356 -0.043522567 -0.036950476 0.153475910 -0.028858252 -0.066217303 -0.015154419 0.997272670
1305031126.111370 -0.041779667 -0.029748103 0.152338192 -0.033217058 -0.066097900 -0.015198367 0.997144282
1305031126.147432 -0.042466484 -0.017395854 0.150389612 -0.034430310 -0.064410321 -0.014089478 0.997229815
1305031126.179384 -0.043805324 -0.005715312 0.146018386 -0.040074736 -0.063518301 -0.013484938 0.997084558
1305031126.211319 -0.040801290 0.000952891 0.147266209 -0.045358837 -0.065632857 -0.012759044 0.996730685
1305031126.247298 -0.039594583 0.014086586 0.144924015 -0.046721037 -0.064659081 -0.012198678 0.996738434
1305031126.279363 -0.037822917 0.023255825 0.144138217 -0.050935630 -0.063732363 -0.012704132 0.996585369
1305031126.311332 -0.036315247 0.035478283 0.142639071 -0.053771857 -0.061340608 -0.014059406 0.996568263
1305031126.347363 -0.036175311 0.042088896 0.140785128 -0.059137568 -0.057535116 -0.015406219 0.996471345
1305031126.379423 -0.037984923 0.051061518 0.138382941 -0.062303744 -0.053741820 -0.016771946 0.996468186
1305031126.411465 -0.038311992 0.060770020 0.135353968 -0.065988384 -0.051833205 -0.018688433 0.996297956
1305031126.447361 -0.039046623 0.065958649 0.133575052 -0.071315363 -0.050063521 -0.017925108 0.996035397
1305031126.479533 -0.040980112 0.073569737 0.130651340 -0.073317446 -0.049279362 -0.015203712 0.995974362
1305031126.511410 -0.041140307 0.086155094 0.127213389 -0.074142724 -0.050759088 -0.013579154 0.995862424
1305031126.547374 -0.037598222 0.093556531 0.126960024 -0.079972655 -0.052856024 -0.012594318 0.995315015
1305031126.579454 -0.036470152 0.100264676 0.125743985 -0.084005743 -0.051115211 -0.010879547 0.995093942
1305031126.611528 -0.036512043 0.106945410 0.123778991 -0.088956855 -0.049041666 -0.009438748 0.994782627
1305031126.647376 -0.034571111 0.109670527 0.123412840 -0.094055288 -0.048045404 -0.007557976 0.994378269
1305031126.679479 -0.034566257 0.114691287 0.121291235 -0.095605530 -0.045563538 -0.003121170 0.994371057
1305031126.711583 -0.033253599 0.120050117 0.119646162 -0.098103866 -0.044530105 0.000282459 0.994179368
1305031126.747316 -0.032298692 0.120361619 0.118417904 -0.100748703 -0.042990252 0.003301745 0.993977189
1305031126.779379 -0.031652369 0.126752004 0.116371445 -0.098693550 -0.042160261 0.006040305 0.994206011
1305031126.811602 -0.028852716 0.129692063 0.115511864 -0.099059716 -0.041199628 0.006956118 0.994203866
1305031126.847343 -0.027976515 0.132144257 0.113769785 -0.099423423 -0.037654247 0.007440869 0.994304657
1305031126.879357 -0.028367337 0.134493202 0.111588717 -0.099740349 -0.035192411 0.008037161 0.994358480
1305031126.911364 -0.026592527 0.134841859 0.111354575 -0.100506209 -0.033939146 0.007516650 0.994328976
1305031126.947437 -0.028579589 0.136291459 0.109129608 -0.100821935 -0.031468935 0.008970957 0.994366229
1305031126.979337 -0.028260577 0.135430872 0.108906470 -0.101797804 -0.032469187 0.010157975 0.994223177
1305031127.011371 -0.027328659 0.133854002 0.108507782 -0.101306126 -0.033800732 0.010539560 0.994225085
1305031127.047297 -0.026928835 0.135488808 0.108005404 -0.099541269 -0.034314349 0.011665787 0.994373143
1305031127.079299 -0.027362328 0.134490967 0.108277380 -0.100301251 -0.034569945 0.011895639 0.994285226
1305031127.111435 -0.029040720 0.131675512 0.108120680 -0.101174273 -0.035908446 0.012867609 0.994137168
1305031127.147307 -0.029449526 0.128905177 0.108475909 -0.100658089 -0.039058611 0.013386228 0.994063973
1305031127.179349 -0.029235918 0.129639402 0.108270995 -0.097526900 -0.042005967 0.012809730 0.994263470
1305031127.211700 -0.027474023 0.127579838 0.110341012 -0.097382866 -0.044604171 0.012687510 0.994166017
1305031127.247374 -0.027055301 0.124358304 0.111804351 -0.096072197 -0.045049377 0.011807322 0.994284272
1305031127.279465 -0.027979616 0.124580577 0.111621268 -0.092860721 -0.044774495 0.010609002 0.994615316
1305031127.311362 -0.029736787 0.122047246 0.112685293 -0.093473546 -0.044737194 0.009765882 0.994568169
1305031127.347356 -0.029065091 0.116199926 0.114921905 -0.093494371 -0.046910882 0.009416481 0.994469464
1305031127.379262 -0.029191002 0.116894655 0.115550168 -0.089833908 -0.048096683 0.009191046 0.994752288
1305031127.411371 -0.030205697 0.115513004 0.116278596 -0.089580409 -0.048696779 0.008359019 0.994753242
1305031127.447333 -0.029751163 0.110803083 0.119029470 -0.090252191 -0.050482564 0.008238148 0.994604528
1305031127.479362 -0.030680902 0.112572938 0.119205371 -0.086816914 -0.051126983 0.007193130 0.994885504
1305031127.511356 -0.031425022 0.111578360 0.120387986 -0.087915346 -0.052009076 0.006142678 0.994750321
1305031127.547348 -0.030632224 0.107316121 0.122943006 -0.089174770 -0.053588413 0.006225952 0.994553864
1305031127.579345 -0.031800698 0.108124353 0.122869559 -0.086563341 -0.053430710 0.005816892 0.994795501
1305031127.611271 -0.031558216 0.108597375 0.123694673 -0.086591907 -0.054246027 0.005707236 0.994749486
1305031127.647358 -0.030994680 0.105694041 0.125172585 -0.088457249 -0.054896902 0.007064326 0.994540930
1305031127.679298 -0.031336311 0.104565196 0.125580132 -0.087102763 -0.055189807 0.007764748 0.994639099
1305031127.711375 -0.032386579 0.106052093 0.124869518 -0.085718200 -0.055353396 0.007248127 0.994754136
1305031127.747304 -0.031416923 0.104316249 0.126271710 -0.087431841 -0.056471802 0.007556884 0.994539857
1305031127.779346 -0.031968936 0.101800583 0.126517817 -0.087110721 -0.056339599 0.007392462 0.994576752
1305031127.811829 -0.032501407 0.103132293 0.125838175 -0.084883384 -0.056459650 0.006483405 0.994768858
1305031127.847366 -0.032984398 0.102401823 0.126198411 -0.085263290 -0.056329049 0.005473297 0.994749844
1305031127.879380 -0.033600815 0.101317681 0.126349345 -0.085581504 -0.056452498 0.005110136 0.994717479
1305031127.911476 -0.034403943 0.101584427 0.126718476 -0.084995598 -0.057126209 0.004765284 0.994730949
1305031127.947366 -0.034447305 0.102418363 0.126800552 -0.085285030 -0.057970684 0.005023540 0.994656026
1305031127.979371 -0.034315668 0.101604462 0.128127053 -0.087084077 -0.058894429 0.004878228 0.994446576
1305031128.011427 -0.033052303 0.102009416 0.129908085 -0.087910905 -0.059804533 0.004753007 0.994320095
1305031128.047369 -0.032131590 0.099568784 0.132064611 -0.091260150 -0.059300777 0.005776732 0.994043052
1305031128.079334 -0.032850057 0.097219631 0.133394793 -0.091906980 -0.058599003 0.006577914 0.994020104
1305031128.111391 -0.032508213 0.097092569 0.134024680 -0.091064394 -0.058950577 0.007251586 0.994072199
1305031128.147418 -0.032205530 0.096703283 0.135266274 -0.091856033 -0.059207469 0.009015328 0.993969679
1305031128.179350 -0.030701058 0.093087077 0.137110218 -0.092671379 -0.060010687 0.010538005 0.993830800
1305031128.211447 -0.031985585 0.094372034 0.136214808 -0.089779250 -0.059155114 0.010600393 0.994146824
1305031128.247480 -0.032158311 0.095125839 0.136264011 -0.089759961 -0.059578575 0.010920828 0.994119823
1305031128.279336 -0.031422663 0.092022285 0.137118325 -0.091174327 -0.060315080 0.010961738 0.993946254
1305031128.311483 -0.031751439 0.093168631 0.137153879 -0.089234643 -0.060261760 0.010228578 0.994133294
1305031128.347423 -0.032702155 0.093146622 0.136657581 -0.089183830 -0.059838179 0.009276532 0.994172812
1305031128.379404 -0.032967307 0.092524730 0.137180164 -0.089465223 -0.060247190 0.007630633 0.994136810
1305031128.411337 -0.033407141 0.091529451 0.136765942 -0.089056246 -0.060007919 0.006249106 0.994197667
1305031128.447296 -0.033732064 0.091417089 0.136384085 -0.088647597 -0.059974343 0.005246395 0.994242013
1305031128.479296 -0.033996485 0.090767212 0.136533231 -0.089023530 -0.060184818 0.004107699 0.994201064
1305031128.511433 -0.033732846 0.089710042 0.136737704 -0.088970087 -0.060224056 0.003456428 0.994205952
1305031128.547399 -0.033261549 0.089566097 0.137260839 -0.088980228 -0.060014639 0.003083749 0.994218886
1305031128.579455 -0.033824019 0.087417342 0.136637524 -0.089233950 -0.058953974 0.002598029 0.994261026
1305031128.611395 -0.034740001 0.087278925 0.136152253 -0.087845407 -0.058675703 0.002854708 0.994400382
1305031128.647352 -0.035687678 0.087641865 0.135421574 -0.087079123 -0.059406385 0.003219186 0.994423330
1305031128.679282 -0.035044502 0.086377352 0.135670051 -0.087145083 -0.061172690 0.002764562 0.994311810
1305031128.711457 -0.034083858 0.086269170 0.135754421 -0.085967109 -0.061627865 0.001902127 0.994388282
1305031128.747363 -0.033761628 0.086555190 0.135452569 -0.085069731 -0.060876898 0.000993443 0.994513035
