1305031102.675285 -0.006696269 0.018144630 0.141355231 -0.042205967 -0.017318245 -0.001058452 0.998958290
1305031102.711263 -0.006243365 0.017877886 0.152560130 -0.043516878 -0.018114606 0.000389956 0.998888373
1305031102.743234 -0.003480378 0.026822500 0.169206575 -0.041614454 -0.020165563 0.002673419 0.998926640
1305031102.775472 -0.001035374 0.025833547 0.179224744 -0.045005683 -0.019473307 0.001536821 0.998795748
1305031102.811232 -0.002384762 0.029126296 0.188701466 -0.045467515 -0.015998403 0.000466134 0.998837590
1305031102.843290 -0.001075991 0.030417170 0.201948136 -0.047098510 -0.013363871 -0.000496455 0.998800695
1305031102.875363 -0.004632915 0.032678623 0.210335240 -0.046012580 -0.008913029 -0.003141779 0.998896182
1305031102.911185 -0.005061525 0.035357971 0.219460368 -0.045344532 -0.007681315 -0.004186714 0.998933136
1305031102.943229 -0.012370959 0.035440147 0.218861774 -0.045412865 -0.004084372 -0.006163883 0.998940945
1305031102.975203 -0.017077388 0.038652770 0.226008534 -0.045338508 -0.008891019 -0.006305389 0.998912215
1305031103.011215 -0.016464826 0.040841039 0.235804722 -0.046606127 -0.015711935 -0.003340502 0.998784184
1305031103.043227 -0.016888998 0.043454021 0.244716614 -0.048110880 -0.021776907 -0.000638565 0.998604357
1305031103.075319 -0.012407542 0.043435536 0.256087512 -0.048688829 -0.027186330 0.002330893 0.998441219
1305031103.111240 -0.014136420 0.049632736 0.261543393 -0.045691226 -0.025888961 0.002691564 0.998616457
1305031103.143318 -0.012530388 0.051847298 0.270924747 -0.047325607 -0.027099453 0.004694130 0.998500764
1305031103.175452 -0.013325336 0.056523807 0.276114315 -0.046873782 -0.025205525 0.004791486 0.998571277
1305031103.211220 -0.014535997 0.062429443 0.281705290 -0.049723972 -0.024758074 0.005602920 0.998440385
1305031103.243216 -0.015362194 0.064647555 0.287207156 -0.056529757 -0.024082659 0.008808031 0.998071551
1305031103.275370 -0.020886943 0.063192084 0.287704736 -0.066729724 -0.023836887 0.011973344 0.997414470
1305031103.311210 -0.018895518 0.058623292 0.293275237 -0.075467311 -0.034697756 0.012774249 0.996462524
1305031103.343223 -0.013422288 0.060633253 0.296835333 -0.075430028 -0.041533377 0.013355663 0.996196210
1305031103.375327 -0.011529749 0.061808605 0.300669372 -0.078617141 -0.041280098 0.015367013 0.995931268
1305031103.411260 -0.012857484 0.057353023 0.299228728 -0.081840761 -0.039880067 0.016682783 0.995707452
1305031103.443280 -0.016261933 0.055640198 0.293395072 -0.080986798 -0.039966479 0.014817594 0.995803356
1305031103.475274 -0.015892170 0.052342530 0.290187597 -0.081256337 -0.042800341 0.012902772 0.995690227
1305031103.511333 -0.014903285 0.048252895 0.285628319 -0.079603188 -0.044901151 0.011007435 0.995754004
1305031103.543444 -0.015091108 0.044438798 0.279209405 -0.075599156 -0.045922402 0.008556631 0.996043503
1305031103.575474 -0.016046854 0.042054780 0.270259321 -0.071353704 -0.046753932 0.008721247 0.996316552
1305031103.611223 -0.017266061 0.038027257 0.261730433 -0.069456540 -0.049128029 0.009916832 0.996325195
1305031103.643445 -0.016852895 0.034508374 0.253006339 -0.066819653 -0.053184398 0.010501186 0.996291280
1305031103.675523 -0.014667151 0.030547230 0.244468540 -0.064781860 -0.056371424 0.010875189 0.996246576
1305031103.711610 -0.013231699 0.027514070 0.234208032 -0.062370587 -0.057408743 0.010449181 0.996345818
1305031103.743326 -0.012239366 0.022243861 0.224405885 -0.060644269 -0.057087045 0.009524086 0.996480107
1305031103.775342 -0.010180620 0.021026852 0.214723289 -0.057500362 -0.057667628 0.007033826 0.996653736
1305031103.811242 -0.009898144 0.020553583 0.203147456 -0.056936022 -0.056304909 0.003736936 0.996781826
1305031103.843251 -0.011623212 0.020181021 0.190414339 -0.059591535 -0.055279851 0.001563489 0.996689796
1305031103.875361 -0.012318753 0.011342822 0.181022555 -0.067706980 -0.058011483 -0.001622909 0.996015966
1305031103.911221 -0.011090290 0.005183544 0.170441717 -0.067529917 -0.062175564 -0.003135372 0.995773077
1305031103.943211 -0.010107475 0.002884880 0.158162281 -0.065341555 -0.064792246 -0.004110060 0.995748758
1305031103.975373 -0.007910591 -0.002556223 0.148021966 -0.064457543 -0.067155629 -0.004907301 0.995646119
1305031104.011232 -0.003216772 -0.007071711 0.139180258 -0.060698766 -0.068899475 -0.005691273 0.995759070
1305031104.043249 -0.000264922 -0.009768700 0.127136841 -0.053730883 -0.066372052 -0.007563889 0.996318460
1305031104.075425 0.001081995 -0.008947040 0.115172364 -0.048687506 -0.061749954 -0.010821979 0.996844709
1305031104.111235 0.005101385 -0.014315136 0.106899686 -0.046729930 -0.057336025 -0.011720897 0.997191787
1305031104.143230 0.003513968 -0.019275989 0.092819043 -0.042741809 -0.050395023 -0.012990874 0.997729778
1305031104.175424 0.002454719 -0.019780761 0.080978930 -0.037804052 -0.046547838 -0.013965153 0.998102784
1305031104.211283 0.003688729 -0.024354370 0.070547804 -0.034528378 -0.044285987 -0.013631386 0.998328984
1305031104.243196 0.003155143 -0.026175592 0.060240302 -0.029818449 -0.041504763 -0.014039559 0.998594582
1305031104.275546 0.006147951 -0.027049404 0.057250410 -0.025616542 -0.040118076 -0.014594194 0.998759925
1305031104.311219 0.007169444 -0.027228622 0.044966392 -0.021693571 -0.037126347 -0.014203083 0.998974144
1305031104.343342 0.008184137 -0.026337150 0.036004864 -0.017726233 -0.033168323 -0.014842642 0.999182343
1305031104.375837 0.007617916 -0.027015360 0.026581259 -0.015872132 -0.027902160 -0.014457787 0.999380052
1305031104.411509 0.004546408 -0.027287887 0.017446604 -0.014259472 -0.022893159 -0.014101542 0.999536753
1305031104.443288 -0.000729664 -0.027533209 0.007464365 -0.013653001 -0.019598788 -0.014196523 0.999613881
1305031104.475456 -0.003423448 -0.028704943 -0.000277081 -0.014107099 -0.020277215 -0.013357884 0.999605596
1305031104.511329 -0.004689828 -0.031645637 -0.004723798 -0.013754627 -0.022328846 -0.012954648 0.999572098
1305031104.543368 -0.002676266 -0.032404680 -0.011673518 -0.010187328 -0.025074046 -0.012389293 0.999556899
1305031104.575343 0.002712577 -0.036921248 -0.017670559 -0.006928373 -0.026413547 -0.011387821 0.999562204
1305031104.611336 0.008234818 -0.045098938 -0.025362987 0.000256130 -0.023182560 -0.008943804 0.999691188
1305031104.643243 0.013863340 -0.045880888 -0.033909932 0.011790823 -0.017750693 -0.008867271 0.999733567
1305031104.675525 0.012736271 -0.046668388 -0.043372881 0.023766078 -0.008597020 -0.008258003 0.999646425
1305031104.711277 0.011945268 -0.045258284 -0.053347267 0.038578983 -0.000569677 -0.005552901 0.999239981
1305031104.743280 0.015561664 -0.042838197 -0.059625715 0.052197192 0.005419366 -0.002932049 0.998617768
1305031104.775327 0.016756549 -0.042771660 -0.067294665 0.063756011 0.012098349 -0.001143209 0.997891545
1305031104.811465 0.017645441 -0.039941244 -0.072089627 0.075232089 0.018765185 0.001657816 0.996988118
1305031104.843258 0.015081143 -0.035487287 -0.075659059 0.084242500 0.025999201 0.003345243 0.996100426
1305031104.875350 0.014034601 -0.030548140 -0.079692945 0.090642564 0.029146003 0.006048993 0.995438516
1305031104.911534 0.015877232 -0.028063398 -0.080627106 0.092913359 0.029574957 0.008302471 0.995200217
1305031104.943262 0.016073082 -0.027083969 -0.079330958 0.093675464 0.030242966 0.009199591 0.995100796
1305031104.975202 0.015943207 -0.020614419 -0.076372117 0.093901932 0.029405883 0.010335642 0.995093405
1305031105.011290 0.016010975 -0.018237133 -0.071130678 0.089534588 0.028837670 0.010663860 0.995509028
1305031105.043373 0.014480357 -0.014706242 -0.065650135 0.084538512 0.028834013 0.009302564 0.995959520
1305031105.075320 0.014576858 -0.014652677 -0.057520967 0.077263124 0.027838323 0.007369999 0.996594727
1305031105.111299 0.011383289 -0.018702524 -0.048360538 0.070222259 0.027431628 0.005404054 0.997139454
1305031105.143106 0.009826214 -0.010073354 -0.039988469 0.065919347 0.024769027 0.003831560 0.997510135
1305031105.175159 0.003281548 -0.003769728 -0.029952943 0.054510035 0.023677865 -0.000451098 0.998232305
1305031105.211268 -0.000846868 -0.014021466 -0.019927237 0.039141830 0.020720478 -0.003382637 0.999013066
1305031105.243270 -0.004249463 -0.010489671 -0.011385092 0.031805508 0.015824087 -0.004951344 0.999356568
1305031105.275288 -0.007260073 -0.007890088 -0.001659761 0.021794433 0.010043123 -0.005657086 0.999696016
1305031105.311290 -0.009173892 -0.008494947 0.012534825 0.011457331 0.002353901 -0.007256270 0.999905229
1305031105.343302 -0.006928710 -0.012491301 0.026329534 0.001692927 -0.005863326 -0.007143625 0.999955833
1305031105.375338 -0.008836299 -0.013227668 0.036778882 -0.002162377 -0.010359533 -0.006749118 0.999921203
1305031105.411286 -0.009597715 -0.007513206 0.046799239 -0.006259290 -0.015149333 -0.007352387 0.999838650
1305031105.443316 -0.010150297 -0.012007199 0.056829713 -0.014842947 -0.019545531 -0.007447145 0.999671042
1305031105.475280 -0.011202062 -0.009915159 0.067477278 -0.017642060 -0.022704752 -0.007582373 0.999557793
1305031105.511332 -0.011220464 -0.007554167 0.079658777 -0.021608531 -0.025413213 -0.008025370 0.999411225
1305031105.543282 -0.011411071 -0.008558189 0.092079930 -0.026266571 -0.026297988 -0.007019579 0.999284327
1305031105.575449 -0.012410813 -0.007114768 0.102526672 -0.028972534 -0.027426628 -0.006891070 0.999180079
1305031105.611378 -0.011336705 -0.007988060 0.115489550 -0.032037131 -0.029028930 -0.006315997 0.999045074
1305031105.643273 -0.012891844 -0.007186171 0.126195610 -0.032829393 -0.028997373 -0.003541199 0.999033928
1305031105.675166 -0.010409924 -0.004946963 0.138030171 -0.034397457 -0.031029284 -0.002222709 0.998923957
1305031105.711309 -0.006887622 -0.007058737 0.149457902 -0.034806404 -0.030199129 -0.002310397 0.998935044
1305031105.743312 -0.007017560 -0.001104998 0.159545183 -0.031381797 -0.026141923 -0.002052878 0.999163449
1305031105.775339 -0.004395232 -0.002229168 0.172014266 -0.032936569 -0.022523247 -0.001971618 0.999201655
1305031105.811283 -0.005299645 0.000032052 0.183102146 -0.030996449 -0.017136170 -0.001343256 0.999371707
1305031105.843271 -0.003099325 0.001230607 0.194353864 -0.029897563 -0.014327159 -0.000073238 0.999450266
1305031105.875337 -0.002007186 0.007981204 0.204335421 -0.027390340 -0.009446502 0.002249600 0.999577641
1305031105.911262 -0.002509304 0.011233427 0.215430871 -0.029608250 -0.005049396 0.006708904 0.999526322
1305031105.943272 -0.001038996 0.015454078 0.224971130 -0.031675167 -0.002544764 0.009846488 0.999446452
1305031105.975329 -0.001313451 0.019189361 0.235097945 -0.035529591 -0.000296617 0.011202466 0.999305785
1305031106.011285 -0.000953629 0.022966851 0.244809806 -0.039286323 0.001837725 0.012906467 0.999142945
1305031106.043355 -0.001931893 0.025468614 0.254295915 -0.043914389 0.004306339 0.013945106 0.998928666
1305031106.075330 -0.002973235 0.030584995 0.266534984 -0.046494272 0.005120217 0.015403088 0.998786688
1305031106.111327 -0.004771484 0.035934359 0.274058998 -0.050334308 0.005811909 0.016121695 0.998585343
1305031106.143355 -0.006228107 0.037228145 0.283430606 -0.057644181 0.004448254 0.018164137 0.998161972
1305031106.175534 -0.007366941 0.039090045 0.291116863 -0.061442398 0.003139617 0.019077420 0.997923315
1305031106.211275 -0.007734508 0.038862664 0.299177557 -0.065502733 0.001337984 0.019867653 0.997653663
1305031106.243267 -0.008705367 0.041455001 0.304969639 -0.065117188 0.000040800 0.023415856 0.997602820
1305031106.276385 -0.009441846 0.046325054 0.310275346 -0.065234773 -0.001740759 0.024471484 0.997568309
1305031106.311238 -0.009198662 0.048537757 0.314314842 -0.068960264 -0.003314439 0.027725434 0.997228563
1305031106.343258 -0.010613007 0.054475494 0.316502601 -0.072119690 -0.003942458 0.028238349 0.996988356
1305031106.375388 -0.008260024 0.054534595 0.318104148 -0.081708580 -0.004976506 0.020753870 0.996427715
1305031106.411320 -0.007307405 0.049971141 0.320896536 -0.089757413 -0.000330789 0.014770751 0.995854080
1305031106.443278 -0.010571118 0.044877503 0.317817926 -0.092954814 0.004988094 0.010836401 0.995598853
1305031106.475345 -0.013368072 0.042840857 0.314655274 -0.093015373 0.005532029 0.009018188 0.995608449
1305031106.511129 -0.014171005 0.039386019 0.310367048 -0.091966502 0.002238388 0.008986451 0.995719016
1305031106.543302 -0.013293489 0.036882311 0.302951306 -0.088924751 -0.002328176 0.007890578 0.996004343
1305031106.575282 -0.013383160 0.037789270 0.296728581 -0.083856896 -0.004238287 0.006430217 0.996448040
1305031106.611151 -0.014434369 0.037048310 0.287421554 -0.083062962 -0.006854145 0.003711463 0.996513844
1305031106.643207 -0.013420563 0.031468518 0.279106319 -0.084335245 -0.010309204 0.001395426 0.996383131
1305031106.675279 -0.016002959 0.030996829 0.268052340 -0.081223734 -0.012174333 0.001364486 0.996620595
1305031106.711508 -0.017665451 0.027665772 0.258130938 -0.083222814 -0.017257342 0.000272930 0.996381462
1305031106.743341 -0.017911218 0.024733987 0.246093586 -0.081657663 -0.023635279 0.000797963 0.996379852
1305031106.775390 -0.015513730 0.018921856 0.230237648 -0.082638644 -0.030668851 0.001228278 0.996106803
1305031106.811289 -0.015640322 0.019340549 0.217704773 -0.081564382 -0.034282915 0.000312145 0.996078193
1305031106.843416 -0.016068695 0.009887733 0.205639109 -0.085199669 -0.037930246 -0.000877403 0.995641232
1305031106.875905 -0.013446527 0.006054737 0.192161471 -0.079641961 -0.041317686 -0.004571921 0.995956361
1305031106.911243 -0.014004137 0.007195650 0.177602813 -0.074634098 -0.040176552 -0.009103321 0.996359706
1305031106.943439 -0.013232876 0.000988230 0.166195452 -0.074355729 -0.039474983 -0.013193263 0.996362805
1305031106.975547 -0.010027978 -0.004055273 0.154192656 -0.068795957 -0.038859006 -0.015988097 0.996745467
1305031107.011576 -0.011458043 -0.000785060 0.137367412 -0.060089063 -0.035187379 -0.019967666 0.997372746
1305031107.043281 -0.011642685 -0.006236910 0.125617579 -0.061466921 -0.032567497 -0.022121971 0.997332335
1305031107.075432 -0.014516190 -0.012181033 0.112277374 -0.057764780 -0.030425072 -0.023366045 0.997592866
1305031107.111229 -0.013569167 -0.011580708 0.099023283 -0.052072294 -0.031444535 -0.023860304 0.997862935
1305031107.143260 -0.010926564 -0.011300516 0.087605461 -0.049694765 -0.031355556 -0.023878340 0.997986495
1305031107.175399 -0.009920872 -0.017555317 0.078301996 -0.049077444 -0.029994303 -0.024568882 0.998042107
1305031107.211358 -0.007185820 -0.022211431 0.068076268 -0.043506369 -0.028623050 -0.026153108 0.998300493
1305031107.243378 -0.006544834 -0.020894388 0.056999635 -0.036173623 -0.025299931 -0.026277710 0.998679578
1305031107.275398 -0.004643505 -0.025642568 0.047659002 -0.031883061 -0.022351790 -0.026385091 0.998893201
1305031107.311226 -0.004320514 -0.029055195 0.039170966 -0.024834024 -0.018549480 -0.027523741 0.999140441
1305031107.343509 -0.001388185 -0.032843642 0.029422820 -0.014073785 -0.015325329 -0.027519600 0.999404669
1305031107.375413 -0.000273495 -0.027954498 0.021446371 -0.003252847 -0.010520618 -0.027444819 0.999562681
1305031107.411271 0.001067785 -0.028341653 0.015349531 0.003307801 -0.005679144 -0.028353652 0.999576330
1305031107.443419 0.006230854 -0.028831743 0.009570941 0.007777800 -0.002684684 -0.027026508 0.999600828
1305031107.475377 0.007618959 -0.029574011 0.006287812 0.010656406 0.001956817 -0.026069885 0.999601424
1305031107.511352 0.009120918 -0.025007293 0.003578963 0.013388524 0.005488636 -0.025429718 0.999571919
1305031107.543605 0.013325116 -0.026561180 0.003444805 0.010160919 0.007167394 -0.022774182 0.999663293
1305031107.575454 0.014455626 -0.029493911 0.004686266 0.009401832 0.009317032 -0.020469885 0.999702871
1305031107.611271 0.016642904 -0.024696445 0.004019025 0.011021176 0.010414277 -0.018760040 0.999709010
1305031107.643323 0.017696621 -0.024744615 0.005922774 0.007427414 0.011656802 -0.017563244 0.999750197
1305031107.675568 0.016715487 -0.024508497 0.007218863 0.006215064 0.012578830 -0.017279090 0.999752283
1305031107.711307 0.016223494 -0.020831384 0.008540832 0.005791485 0.012478056 -0.016110303 0.999775589
1305031107.743538 0.013732543 -0.017765634 0.009210239 0.002991953 0.011967764 -0.015755568 0.999799788
1305031107.775802 0.013064185 -0.017859254 0.012061656 0.000197074 0.009375344 -0.017358221 0.999805391
1305031107.811596 0.015009581 -0.016884916 0.013647681 -0.002079733 0.006943685 -0.016969310 0.999829769
1305031107.843332 0.016512888 -0.015568442 0.015451497 -0.004302960 0.006116220 -0.017702768 0.999815345
1305031107.875358 0.020579286 -0.018111939 0.018122731 -0.005759561 0.006206541 -0.021349156 0.999736249
1305031107.911541 0.023445118 -0.017697074 0.020134779 -0.004635448 0.008960599 -0.023524098 0.999672353
1305031107.943122 0.028050911 -0.019194145 0.022312006 -0.003289642 0.011865021 -0.023661155 0.999644220
1305031107.975807 0.034605525 -0.020091191 0.024890993 -0.001007872 0.015453365 -0.023474710 0.999604464
1305031108.011320 0.041671995 -0.019189073 0.026322085 0.003171088 0.019756420 -0.025240395 0.999481142
1305031108.043418 0.055526733 -0.020109806 0.024141300 0.004704725 0.024266412 -0.022720765 0.999436200
1305031108.075352 0.063315950 -0.020977212 0.027346898 0.005861444 0.033251993 -0.017613906 0.999274552
1305031108.111378 0.068506874 -0.021825399 0.032018322 0.008346426 0.039674453 -0.017500881 0.999024510
1305031108.143334 0.078224078 -0.018752061 0.034738842 0.011246577 0.042624805 -0.016326448 0.998894393
1305031108.176058 0.087171756 -0.013096995 0.035495412 0.011210096 0.045940664 -0.013092802 0.998795450
1305031108.211475 0.095222875 -0.015064869 0.039310209 0.005580799 0.047581706 -0.014060842 0.998752773
1305031108.243347 0.109047666 -0.020737154 0.043129269 0.003197623 0.049026836 -0.015674626 0.998669326
1305031108.275358 0.115676969 -0.014590857 0.045169041 0.005368131 0.054081656 -0.015154356 0.998407066
1305031108.311332 0.123289481 -0.010185608 0.048820660 0.002864921 0.055438150 -0.014308508 0.998355508
1305031108.343278 0.129299313 -0.008583048 0.052230760 -0.002443359 0.054797996 -0.012793896 0.998412490
1305031108.375410 0.135947526 -0.007505171 0.054926775 -0.007510069 0.052502561 -0.007759325 0.998562396
1305031108.411361 0.149059832 -0.006046558 0.057896663 -0.011928827 0.047125589 -0.000596689 0.998817563
1305031108.443610 0.159748062 -0.005212746 0.059602223 -0.016310316 0.045471620 0.006298177 0.998812616
1305031108.475471 0.169004500 -0.008122480 0.062378876 -0.020153167 0.044885091 0.012895950 0.998705566
1305031108.511378 0.185983375 -0.013046127 0.063722335 -0.021322221 0.045474589 0.017633561 0.998582244
1305031108.543737 0.196019664 -0.016181868 0.065804787 -0.018369788 0.052145243 0.016523579 0.998333812
1305031108.575414 0.201358333 -0.007002998 0.066223696 -0.011649624 0.058311861 0.015060151 0.998116851
1305031108.611407 0.219688773 -0.008678183 0.063234754 -0.012754702 0.061176982 0.016024295 0.997916758
1305031108.643303 0.224446177 -0.005833448 0.064330138 -0.012065816 0.068218753 0.017243642 0.997448385
1305031108.675375 0.240440443 -0.001783819 0.063754931 -0.013634531 0.070472844 0.021583052 0.997186959
1305031108.711411 0.245166689 -0.003625885 0.066393584 -0.018479651 0.079591736 0.025793113 0.996322393
1305031108.743502 0.249563128 -0.005873226 0.067888945 -0.020802312 0.085247934 0.026141474 0.995799482
1305031108.775493 0.254054248 -0.004249197 0.069438249 -0.021578498 0.089848824 0.027602922 0.995338976
1305031108.811244 0.259076208 -0.005160527 0.067942470 -0.023147089 0.092330657 0.034164209 0.994872868
1305031108.843264 0.259384334 -0.007198907 0.067666978 -0.022708368 0.093155548 0.039837908 0.994595051
1305031108.876515 0.258154035 -0.008661976 0.066171974 -0.021445226 0.091366842 0.045042485 0.994566917
1305031108.911364 0.257896364 -0.012322862 0.066341549 -0.019766718 0.088417836 0.049703937 0.994646192
1305031108.943243 0.253691196 -0.013611059 0.063822046 -0.015164538 0.086181335 0.050367404 0.994889915
1305031108.975268 0.250764370 -0.008138214 0.060317393 -0.009672005 0.080147423 0.048279524 0.995566130
1305031109.011269 0.253931671 -0.007842280 0.057415430 -0.009930016 0.074264757 0.047998711 0.996033251
1305031109.043277 0.244909659 -0.010309516 0.056569148 -0.010306578 0.075213403 0.044237275 0.996132433
1305031109.075410 0.241321519 -0.003145821 0.052401856 -0.008928305 0.071469553 0.040442977 0.996582568
1305031109.111282 0.235627457 -0.004649304 0.053812265 -0.013245124 0.069837272 0.037601005 0.996761501
1305031109.143334 0.220716506 -0.007847973 0.052324999 -0.014895245 0.069497831 0.034362603 0.996878862
1305031109.175464 0.211966649 -0.003462793 0.050967731 -0.013612109 0.063136920 0.030936731 0.997432411
1305031109.211379 0.206576303 0.007463876 0.051853828 -0.014835147 0.056663670 0.034597971 0.997683406
1305031109.243290 0.191524059 0.002535568 0.054320060 -0.025606370 0.056761280 0.038881551 0.997301698
1305031109.275308 0.180876419 -0.007269624 0.051960651 -0.030755080 0.052999742 0.041968014 0.997238100
1305031109.311329 0.167002380 -0.003536080 0.051954534 -0.026955925 0.045366500 0.042755701 0.997690976
1305031109.343248 0.157014981 0.001047825 0.049732100 -0.028359624 0.035174355 0.041943472 0.998097837
1305031109.375397 0.148532867 -0.001480798 0.049973749 -0.031720553 0.026104728 0.041074850 0.998311162
1305031109.411329 0.138665617 -0.001233906 0.046396207 -0.032238666 0.019076770 0.037227012 0.998604476
1305031109.443302 0.130101293 0.005207557 0.047524896 -0.033349440 0.013455906 0.032258410 0.998832405
1305031109.475363 0.120201789 0.002222724 0.047507655 -0.037249748 0.011369022 0.028959177 0.998821616
1305031109.511273 0.109874532 0.000073485 0.046604354 -0.037396856 0.009108492 0.024587514 0.998956442
1305031109.543294 0.098889604 0.000564836 0.044200975 -0.034513082 0.007828400 0.022008644 0.999131203
1305031109.575362 0.087672763 0.002812427 0.042332411 -0.033555850 0.007885963 0.021884300 0.999166071
1305031109.611310 0.077003509 0.002880744 0.040309951 -0.033887979 0.006373223 0.019913375 0.999206901
1305031109.643229 0.065974370 0.005050836 0.039575990 -0.033873305 0.005585436 0.019422537 0.999221802
1305031109.675263 0.052181054 0.006015335 0.036752112 -0.036041342 0.006751342 0.021066578 0.999105394
1305031109.711312 0.040590201 0.008687684 0.035830375 -0.037987687 0.004066866 0.020372817 0.999062240
1305031109.743274 0.030409995 0.008879564 0.036338378 -0.042719208 0.001005752 0.019751588 0.998891354
1305031109.775277 0.022691352 0.008039416 0.038715288 -0.046084799 -0.001555557 0.020307813 0.998729885
1305031109.811371 0.009840730 0.011370812 0.038639564 -0.046865508 -0.001495424 0.018722927 0.998724639
1305031109.843296 -0.001975077 0.011114804 0.038934376 -0.050563250 -0.003286596 0.017611820 0.998560131
1305031109.875306 -0.015789261 0.012015832 0.040678922 -0.054047212 -0.005452553 0.015983956 0.998395562
1305031109.911265 -0.025302092 0.010951233 0.044824477 -0.055532224 -0.011925217 0.010947876 0.998325646
1305031109.943299 -0.034421388 0.018524114 0.046210814 -0.054674551 -0.015468863 0.007251381 0.998358071
1305031109.975258 -0.046301007 0.016720224 0.049698457 -0.059881561 -0.017013883 0.002145729 0.998058200
1305031110.011256 -0.056590348 0.018569391 0.052858844 -0.061510805 -0.019442925 -0.004731909 0.997905791
1305031110.043299 -0.065164991 0.018906672 0.055076856 -0.064059712 -0.021125786 -0.011732153 0.997653484
1305031110.075319 -0.076605380 0.021690808 0.056765050 -0.065227225 -0.020857040 -0.016674012 0.997513115
1305031110.111325 -0.088308133 0.022150613 0.060104109 -0.069694348 -0.021887122 -0.021883445 0.997088134
1305031110.143432 -0.098563664 0.018161729 0.062504612 -0.072408266 -0.025383154 -0.025743699 0.996719599
1305031110.175641 -0.105633199 0.024945933 0.063559771 -0.071604617 -0.029540943 -0.026413465 0.996645570
1305031110.211637 -0.118562944 0.021800736 0.062681690 -0.076683305 -0.030483980 -0.028305443 0.996187329
1305031110.243323 -0.127682403 0.019498702 0.064462110 -0.077979848 -0.034563921 -0.028052939 0.995960593
1305031110.279321 -0.133631811 0.019053182 0.065377079 -0.076481640 -0.039051838 -0.028448582 0.995899677
1305031110.311404 -0.143761784 0.019907024 0.064847685 -0.073573798 -0.041920464 -0.030710405 0.995934963
1305031110.343355 -0.153618231 0.023277093 0.064859688 -0.071523517 -0.045864191 -0.031683300 0.995880067
1305031110.379281 -0.163282365 0.022979351 0.063957997 -0.070765182 -0.051178534 -0.035526194 0.995545566
1305031110.411469 -0.174167186 0.028554961 0.061892889 -0.068879545 -0.056395564 -0.038199693 0.995296896
1305031110.443260 -0.181509838 0.030508678 0.062376857 -0.072916679 -0.063089810 -0.041470025 0.994476259
1305031110.479331 -0.193370804 0.028165627 0.063475959 -0.076516569 -0.068743370 -0.047822494 0.993545473
1305031110.511429 -0.204055473 0.027961858 0.062229671 -0.077233531 -0.074551649 -0.051665593 0.992878497
1305031110.543408 -0.212024763 0.032353651 0.061323520 -0.077525683 -0.080875903 -0.054649912 0.992200673
1305031110.579426 -0.217793435 0.036594614 0.062906370 -0.080706693 -0.087658167 -0.059366997 0.991099417
1305031110.611307 -0.225346088 0.033320785 0.066357933 -0.085982323 -0.091283001 -0.063009031 0.990103185
1305031110.643418 -0.232062384 0.029748119 0.065224834 -0.085984789 -0.093581058 -0.065974392 0.989695191
1305031110.679606 -0.237255499 0.038447365 0.064259574 -0.082761884 -0.096070543 -0.068284772 0.989574730
1305031110.711412 -0.243157163 0.036495939 0.065913983 -0.087110177 -0.097428232 -0.069935597 0.988953292
1305031110.743249 -0.246464610 0.035164684 0.066027001 -0.088087283 -0.099677697 -0.071349829 0.988541424
1305031110.779193 -0.247406110 0.035984557 0.065418445 -0.087796740 -0.102326207 -0.071813114 0.988263130
1305031110.811386 -0.251114637 0.036842119 0.064723656 -0.088272624 -0.101917341 -0.073851928 0.988112688
1305031110.843218 -0.254667193 0.036886163 0.065028340 -0.089816287 -0.102977119 -0.075960658 0.987703741
1305031110.879313 -0.252993494 0.036039568 0.065106228 -0.090128489 -0.105908394 -0.075820312 0.987376094
1305031110.911333 -0.252667338 0.037036337 0.065302283 -0.090473697 -0.106989354 -0.076107092 0.987205923
1305031110.943862 -0.248043805 0.037419964 0.066345736 -0.090214118 -0.110403351 -0.076956138 0.986787856
1305031110.979345 -0.238859594 0.038648784 0.065923929 -0.089938015 -0.111927256 -0.076629542 0.986666799
1305031111.011431 -0.230076611 0.036728848 0.068738736 -0.092244744 -0.109440774 -0.075876698 0.986790955
1305031111.043327 -0.226495519 0.037129745 0.068620481 -0.091081113 -0.102992676 -0.073661879 0.987760425
1305031111.079283 -0.222221047 0.041572131 0.068422742 -0.091043450 -0.099460505 -0.071435474 0.988289237
1305031111.111508 -0.214390054 0.036628630 0.069450811 -0.094468646 -0.098086931 -0.068120800 0.988339126
1305031111.143257 -0.207032353 0.035133623 0.070945196 -0.093096547 -0.095791645 -0.067122810 0.988762617
1305031111.179326 -0.191348016 0.033103526 0.071821287 -0.091380104 -0.095813930 -0.066238143 0.988980174
1305031111.211433 -0.183216766 0.033930611 0.071771756 -0.089143567 -0.087424107 -0.062456924 0.990206778
1305031111.243236 -0.182882100 0.031942721 0.071841970 -0.089150935 -0.081064388 -0.062837034 0.990723073
1305031111.279308 -0.166770115 0.027541101 0.074096143 -0.086450674 -0.083073020 -0.060281619 0.990954697
1305031111.311547 -0.163543761 0.033114389 0.068294138 -0.080682985 -0.075269505 -0.056275751 0.992299259
1305031111.343397 -0.159751251 0.034099288 0.068092294 -0.083814055 -0.076250777 -0.056439325 0.991955459
1305031111.379134 -0.144485295 0.025614534 0.073304825 -0.086330503 -0.081416726 -0.053103849 0.991513133
1305031111.411296 -0.141120970 0.028442413 0.069162063 -0.080409758 -0.079609193 -0.052668370 0.992180765
1305031111.443386 -0.123648159 0.031033013 0.075052351 -0.079382792 -0.088961847 -0.057397958 0.991206169
1305031111.479259 -0.097293958 0.023116836 0.078698650 -0.079090297 -0.089407474 -0.055817299 0.991279662
1305031111.511264 -0.093164526 0.021460546 0.075371549 -0.075409904 -0.075289153 -0.055242367 0.992770433
1305031111.543250 -0.082458161 0.018050538 0.076481983 -0.072747141 -0.069499269 -0.054417647 0.993436635
1305031111.579237 -0.069601014 0.023134328 0.076299965 -0.066515490 -0.060882710 -0.048014477 0.994768083
1305031111.611271 -0.068260506 0.020259477 0.070395134 -0.068911925 -0.052616298 -0.041265376 0.995379269
1305031111.643395 -0.044040322 0.012327002 0.080160566 -0.068305336 -0.060033459 -0.033118505 0.995305717
1305031111.679320 -0.030744530 0.018057890 0.076897994 -0.060838524 -0.052601948 -0.025816731 0.996426165
1305031111.711760 -0.018062770 0.017456697 0.080364920 -0.060716625 -0.046264227 -0.024485987 0.996781528
1305031111.743386 0.006250536 0.013840569 0.086653627 -0.058116477 -0.041648604 -0.019783279 0.997244418
1305031111.779423 0.011146725 0.013912216 0.078020193 -0.055033624 -0.019719971 -0.015553047 0.998168588
1305031111.811406 0.021941766 0.011117452 0.078846112 -0.053387243 -0.006663667 -0.014952145 0.998439670
1305031111.843299 0.030884156 0.010157964 0.074596807 -0.050322194 0.003762913 -0.012908137 0.998642504
1305031111.879442 0.031615041 0.016707372 0.075394973 -0.047853477 0.013697305 -0.008974213 0.998720109
1305031111.911354 0.034555968 0.012427269 0.075880751 -0.048391454 0.015871229 -0.003886663 0.998694777
1305031111.943300 0.048979051 0.013750639 0.076504059 -0.045926571 0.010224980 0.005185436 0.998879015
1305031111.979449 0.068726450 0.012777276 0.075702116 -0.045710061 0.008227408 0.012732599 0.998839736
1305031112.011433 0.080783635 0.008946806 0.075292021 -0.045305554 0.015217610 0.012024029 0.998784900
1305031112.043270 0.095352635 0.007694693 0.072954156 -0.042198554 0.021586502 0.010398783 0.998821855
1305031112.079339 0.113444723 0.008143244 0.075484648 -0.040012166 0.029438348 0.010565196 0.998709559
1305031112.111423 0.110256173 0.009734677 0.075415350 -0.036394011 0.042701166 0.005221949 0.998411119
1305031112.144342 0.127662227 0.010840555 0.072481953 -0.035484649 0.044469059 -0.000503025 0.998380244
1305031112.179390 0.142085657 0.010501975 0.072350509 -0.037699923 0.055785954 -0.003300395 0.997725308
1305031112.211254 0.149937838 0.003593168 0.077180311 -0.040110093 0.065369233 -0.009578909 0.997008681
1305031112.243369 0.162484303 -0.004254472 0.072519623 -0.036898039 0.073583528 -0.014518463 0.996500492
1305031112.279353 0.163413137 -0.002994674 0.074085556 -0.030986309 0.082887098 -0.017571939 0.995922089
1305031112.311312 0.171577513 -0.007102841 0.076701730 -0.026365921 0.085371271 -0.018975317 0.995819569
1305031112.343323 0.180945188 -0.005012066 0.075666986 -0.018703971 0.085080586 -0.016591912 0.996060312
1305031112.379360 0.188313454 -0.003737700 0.076315977 -0.014019679 0.084067769 -0.012936606 0.996277452
1305031112.411442 0.200041369 -0.002728626 0.074742302 -0.011111637 0.080536678 -0.008325151 0.996654987
1305031112.443391 0.212230548 -0.005686241 0.073941477 -0.009664079 0.078198671 -0.001374316 0.996890008
1305031112.479418 0.217657059 -0.004953985 0.073326834 -0.006195499 0.077602088 0.007859243 0.996934175
1305031112.511504 0.224037305 -0.005510282 0.073974207 -0.004374514 0.074518219 0.015377975 0.997091472
1305031112.543212 0.232717544 -0.006411592 0.073161237 -0.002116448 0.070947200 0.019508030 0.997287035
1305031112.579252 0.239923880 -0.005215639 0.072756343 0.000427885 0.067822643 0.025716517 0.997365773
1305031112.611261 0.256135941 -0.000219272 0.071479119 0.002299411 0.064105324 0.032279089 0.997418284
1305031112.643246 0.264449835 0.000034921 0.071484640 -0.000565439 0.069120429 0.039887924 0.996810436
1305031112.679952 0.264286995 -0.000961634 0.072954491 -0.003026670 0.076938942 0.042110115 0.996141553
1305031112.711251 0.265636802 0.000571956 0.073328212 -0.004719201 0.081729040 0.043694776 0.995685101
1305031112.743245 0.268914551 0.009270863 0.072357431 -0.006111804 0.084155269 0.047750052 0.995289087
1305031112.779310 0.267517149 0.006252028 0.074367270 -0.014728354 0.088656105 0.050889846 0.994652390
1305031112.811310 0.256513476 0.001888856 0.076491624 -0.018459026 0.092271134 0.048405427 0.994385362
1305031112.843286 0.255195320 0.008300959 0.076338023 -0.018214587 0.086327657 0.046305966 0.995023370
1305031112.879421 0.253613770 0.007482888 0.077585198 -0.022284925 0.083138265 0.048062589 0.995128870
1305031112.911411 0.246353701 0.006943579 0.076959692 -0.025116492 0.081340484 0.050016519 0.995113671
1305031112.943321 0.238098487 0.003325866 0.078301817 -0.028667698 0.077837050 0.048152961 0.995389819
1305031112.979278 0.239303082 0.005319830 0.075675942 -0.027956784 0.069305122 0.047923934 0.996051490
1305031113.011353 0.234257624 0.008824602 0.074385576 -0.028294431 0.065646604 0.046939112 0.996336639
1305031113.043231 0.225769386 0.008982493 0.075744286 -0.032418784 0.065228201 0.044640921 0.996344090
1305031113.079251 0.215660051 -0.000258683 0.074442782 -0.036211234 0.063846678 0.039848816 0.996506155
1305031113.111316 0.205844939 0.004765399 0.073001131 -0.031766526 0.059033278 0.034534588 0.997152627
1305031113.143306 0.198806867 0.008984011 0.071606494 -0.032751042 0.055773512 0.032747362 0.997368693
1305031113.179343 0.187893525 0.002166462 0.071006589 -0.037694171 0.055168778 0.034620401 0.997164488
1305031113.211259 0.173022866 0.000819314 0.068850718 -0.036249947 0.051672671 0.034908760 0.997395217
1305031113.243227 0.160948500 0.005869252 0.067649662 -0.036248121 0.045516793 0.035343241 0.997679889
1305031113.279312 0.151933342 -0.000105850 0.070702769 -0.040391181 0.039829347 0.037163097 0.997697890
1305031113.311452 0.136707887 -0.007726704 0.069782212 -0.038347110 0.034834959 0.040819239 0.997822523
1305031113.343252 0.123467095 0.000236056 0.066375598 -0.030260386 0.025018312 0.039777916 0.998436868
1305031113.379312 0.111629158 0.000112733 0.064976774 -0.033554275 0.016202860 0.036913741 0.998623550
1305031113.411625 0.099261209 -0.006176373 0.066280395 -0.034672096 0.009291657 0.037626904 0.998646975
1305031113.443266 0.083077565 0.000945895 0.065786526 -0.030018348 0.004123111 0.032080479 0.999025881
1305031113.479311 0.068756260 0.001987800 0.064792275 -0.032963246 -0.002015080 0.025884531 0.999119282
1305031113.511523 0.051678482 0.000710499 0.065649696 -0.037059583 -0.005875218 0.023538191 0.999018550
1305031113.543242 0.038006611 -0.003475769 0.065602608 -0.040191215 -0.011016026 0.020357309 0.998923838
1305031113.579301 0.026142901 -0.000495662 0.064964160 -0.038934410 -0.015930397 0.015441821 0.998995423
1305031113.611268 0.017803475 -0.000172202 0.066608652 -0.041643914 -0.020178489 0.011028117 0.998867869
1305031113.643222 0.007591856 -0.000519928 0.068061985 -0.044479813 -0.020912737 0.007472148 0.998763442
1305031113.679288 -0.003915045 -0.000840597 0.068345591 -0.045532148 -0.020177398 0.003983365 0.998751104
1305031113.711931 -0.013881237 -0.001313913 0.069910802 -0.045749784 -0.020234572 -0.000779044 0.998747647
1305031113.743590 -0.024264554 0.000058143 0.070409358 -0.044431094 -0.017709395 -0.005968494 0.998837650
1305031113.779320 -0.037444793 -0.001001476 0.070940144 -0.043639086 -0.014266678 -0.010765420 0.998887479
1305031113.811237 -0.047747485 -0.000183509 0.069719985 -0.042460062 -0.013226217 -0.012437446 0.998933196
1305031113.843295 -0.059092660 0.002497530 0.069918558 -0.042155217 -0.010535491 -0.015984278 0.998927653
1305031113.879281 -0.072873443 -0.004365664 0.072090954 -0.043357112 -0.009229491 -0.020787701 0.998800755
1305031113.911290 -0.082059011 0.000428185 0.072413258 -0.038542897 -0.010983430 -0.020925028 0.998977482
1305031113.943291 -0.089966960 -0.000078384 0.073550142 -0.036358472 -0.009883379 -0.023275992 0.999018848
1305031113.979293 -0.103189699 0.000961214 0.074116856 -0.032602835 -0.007030736 -0.028781965 0.999029160
1305031114.011257 -0.116734877 0.002704160 0.073397070 -0.028949469 -0.005339277 -0.033683397 0.998998940
1305031114.043301 -0.132046580 0.003465901 0.074062772 -0.027287275 -0.006370457 -0.036206603 0.998951435
1305031114.079285 -0.143955842 0.002566044 0.073694445 -0.025361188 -0.011561986 -0.036587287 0.998941720
1305031114.111263 -0.155855313 0.006813174 0.075207703 -0.021602657 -0.016668949 -0.041047376 0.998784542
1305031114.143284 -0.164431199 0.007957807 0.077367447 -0.021291073 -0.022349084 -0.043567844 0.998573482
1305031114.179337 -0.171179965 0.003649003 0.078986056 -0.020461725 -0.026001384 -0.045451026 0.998418450
1305031114.211303 -0.183495089 0.013429299 0.077789873 -0.015217408 -0.025105054 -0.048115887 0.998410225
1305031114.243337 -0.196132407 0.012017367 0.080864191 -0.018191576 -0.027113415 -0.052035935 0.998111308
1305031114.279390 -0.210075691 0.012950032 0.082746424 -0.017876137 -0.031904865 -0.053706117 0.997886837
1305031114.311429 -0.219602212 0.017102268 0.084105268 -0.017661422 -0.040039897 -0.053594768 0.997603357
1305031114.343331 -0.224263832 0.016599191 0.087035857 -0.018820927 -0.047297541 -0.055922493 0.997136593
1305031114.379320 -0.230313599 0.014624042 0.088548332 -0.019502878 -0.050060470 -0.060247980 0.996736586
1305031114.411397 -0.241644144 0.014934496 0.088424072 -0.018397007 -0.050681140 -0.065216549 0.996413469
1305031114.443345 -0.252954245 0.016495988 0.089056998 -0.018240206 -0.053741008 -0.066503026 0.996170938
1305031114.479332 -0.261117488 0.016664853 0.090459064 -0.018322567 -0.060590297 -0.068655759 0.995630145
1305031114.511266 -0.263782263 0.018986221 0.090557054 -0.018105408 -0.070174806 -0.070569187 0.994870663
1305031114.543236 -0.264721423 0.016902253 0.092945501 -0.021797072 -0.076007620 -0.069367960 0.994452477
1305031114.579237 -0.268150330 0.016281322 0.094864652 -0.023043418 -0.077258818 -0.065717809 0.994575918
1305031114.611391 -0.272275150 0.018643215 0.094190598 -0.024602652 -0.078053370 -0.062956110 0.994655132
1305031114.644136 -0.280511409 0.017534804 0.094810769 -0.029873095 -0.078705899 -0.062750272 0.994472384
1305031114.679251 -0.285353631 0.015192982 0.096525371 -0.033460245 -0.084448785 -0.063789412 0.993820727
1305031114.711306 -0.284340084 0.012343238 0.096697457 -0.034858476 -0.090390496 -0.062606864 0.993325114
1305031114.743200 -0.284179509 0.011019459 0.098262332 -0.034399088 -0.094130799 -0.066009387 0.992773294
1305031114.779289 -0.282117188 0.012421449 0.096815065 -0.031477090 -0.096621461 -0.069476329 0.992394328
1305031114.811303 -0.281092882 0.014693736 0.095611721 -0.030835688 -0.096616454 -0.070146129 0.992367804
1305031114.843208 -0.279539227 0.013765988 0.094896220 -0.031254046 -0.097645566 -0.072304226 0.992099106
1305031114.879281 -0.275816560 0.016813662 0.094742343 -0.030665103 -0.098430157 -0.071849808 0.992072940
1305031114.912879 -0.273078024 0.018513437 0.094117559 -0.031362310 -0.098679945 -0.072221719 0.991999328
1305031114.943234 -0.264487147 0.021274846 0.094704151 -0.032934751 -0.100437693 -0.073656358 0.991666436
1305031114.979280 -0.258944988 0.023732990 0.096191041 -0.034211893 -0.098519109 -0.074292131 0.991768241
1305031115.011300 -0.251642495 0.028359337 0.096453622 -0.036812454 -0.098118894 -0.075176798 0.991648078
1305031115.043508 -0.242170364 0.022596363 0.099902757 -0.043049123 -0.097305253 -0.074997388 0.991490722
1305031115.079238 -0.233416334 0.027958408 0.101076618 -0.042198841 -0.094686739 -0.075559273 0.991738081
1305031115.111230 -0.217482835 0.027914461 0.104988925 -0.045460653 -0.093648955 -0.073422551 0.991852939
1305031115.143275 -0.209483922 0.024990579 0.107659608 -0.048068937 -0.084629253 -0.071528174 0.992678702
1305031115.179440 -0.204903379 0.028557766 0.108876444 -0.047981102 -0.079399064 -0.070346572 0.993199348
1305031115.211374 -0.190681711 0.020331208 0.112134501 -0.051737264 -0.079408556 -0.067383669 0.993215442
1305031115.243297 -0.178312704 0.017999578 0.116098523 -0.047849093 -0.075151362 -0.063327789 0.994008243
1305031115.279966 -0.166136116 0.024783799 0.117697731 -0.044066831 -0.073281541 -0.059130423 0.994581044
1305031115.311704 -0.150988981 0.016019262 0.122086227 -0.047826361 -0.070790827 -0.051648732 0.995004356
1305031115.343235 -0.137099907 0.019930597 0.121844180 -0.041940726 -0.062241320 -0.048644718 0.995992303
1305031115.379166 -0.139577255 0.025549583 0.117126510 -0.044689450 -0.052716095 -0.044261906 0.996626675
1305031115.411237 -0.124520138 0.020948313 0.123024873 -0.052638374 -0.060623765 -0.041384406 0.995912313
1305031115.443159 -0.102513291 0.020535570 0.127258539 -0.056084022 -0.066859499 -0.035200797 0.995562792
1305031115.479241 -0.091692232 0.021370403 0.127590954 -0.059962384 -0.065486498 -0.029604869 0.995610178
1305031115.511253 -0.071319595 0.020313665 0.136430487 -0.063126758 -0.068752080 -0.024762888 0.995326579
1305031115.543604 -0.050364763 0.019616267 0.143022001 -0.062705949 -0.059243523 -0.018450219 0.996101260
1305031115.579315 -0.041901544 0.018399367 0.139750719 -0.062456753 -0.044903222 -0.012579744 0.996957660
1305031115.611424 -0.027377104 0.018046146 0.138935775 -0.061471164 -0.039239321 -0.007531660 0.997308791
1305031115.643254 -0.011202233 0.013031933 0.134260058 -0.062110495 -0.033435807 0.000172073 0.997509062
1305031115.679241 -0.003584858 0.010271626 0.127031103 -0.061847057 -0.027361270 0.011671403 0.997642279
1305031115.711320 0.013882127 0.013145411 0.129594594 -0.059985608 -0.029903285 0.019603034 0.997558653
1305031115.743250 0.035142642 0.013130697 0.132466868 -0.059704795 -0.026790570 0.026378112 0.997507811
1305031115.779425 0.047379367 0.013074772 0.133327425 -0.057590887 -0.017408196 0.033066776 0.997640610
1305031115.811277 0.063550599 0.013117110 0.128088623 -0.058100265 -0.009903018 0.041511059 0.997398138
1305031115.843224 0.074683927 0.011679749 0.126208454 -0.061008554 0.001149565 0.049047519 0.996930778
1305031115.879198 0.075589836 0.008686093 0.127085000 -0.060799204 0.011735534 0.056163598 0.996499538
1305031115.911118 0.090558492 0.010765256 0.125911146 -0.058172490 0.013467967 0.062285744 0.996270597
1305031115.943311 0.103134498 0.012414250 0.126598001 -0.058832783 0.019416796 0.069042422 0.995688081
1305031115.980740 0.114875332 0.014465105 0.126823679 -0.059686493 0.024263475 0.074527219 0.995135427
1305031116.011379 0.139395162 0.016580733 0.128842980 -0.062076371 0.026194163 0.077327132 0.994726598
1305031116.043164 0.149491251 0.021053817 0.130856618 -0.063129537 0.038581140 0.079350300 0.994097471
1305031116.080030 0.151554823 0.027218111 0.133128390 -0.064970195 0.052380167 0.082976878 0.993050873
1305031116.111300 0.165431425 0.024730550 0.136708349 -0.073780149 0.059381675 0.086559832 0.991734684
1305031116.143441 0.166733652 0.024850011 0.137841165 -0.077079542 0.071656674 0.088678613 0.990484774
1305031116.179572 0.174017370 0.025322190 0.140074566 -0.079628155 0.077434003 0.091222875 0.989616990
1305031116.211299 0.183529317 0.025566513 0.139393434 -0.083912723 0.082102813 0.094652690 0.988563955
1305031116.243320 0.196574882 0.021831963 0.143357575 -0.088550173 0.086090513 0.097799838 0.987513304
1305031116.279385 0.208311975 0.023668699 0.142167225 -0.088189028 0.092293680 0.101366535 0.986625254
1305031116.311336 0.209471434 0.022967957 0.142917737 -0.091749609 0.103939630 0.104216091 0.984843969
1305031116.343292 0.215831041 0.018868528 0.142433524 -0.093744777 0.109313756 0.108264372 0.983636737
1305031116.379384 0.219490439 0.015753668 0.142008454 -0.090057962 0.112940714 0.108610988 0.983533204
1305031116.411333 0.220189959 0.018224195 0.139032975 -0.085637949 0.115498625 0.111662805 0.983289182
1305031116.443369 0.221889928 0.020472635 0.136623263 -0.087077394 0.116917081 0.120837927 0.981909454
1305031116.479850 0.218686089 0.017810348 0.137317449 -0.087746613 0.120213598 0.124854505 0.980948806
1305031116.511205 0.216195092 0.019171473 0.134196550 -0.084578067 0.119148716 0.121420115 0.981787801
1305031116.543262 0.211146355 0.018755917 0.131409958 -0.082283795 0.119582698 0.116605520 0.982513368
1305031116.579313 0.205117539 0.019103922 0.127173215 -0.082557835 0.116742879 0.114364035 0.983095169
1305031116.611261 0.188401163 0.017184822 0.129096448 -0.082191780 0.116204388 0.106481880 0.984074533
1305031116.643355 0.177558750 0.016194537 0.127362847 -0.081110306 0.109017186 0.097007610 0.985964417
1305031116.679281 0.168358266 0.017792078 0.126460910 -0.079767369 0.101133756 0.088311836 0.987729788
1305031116.711634 0.159795776 0.018711084 0.122975387 -0.078728892 0.095344715 0.079622678 0.989126563
1305031116.743291 0.142339885 0.020385671 0.123016804 -0.079250455 0.094067462 0.067922153 0.990079403
1305031116.779298 0.130237624 0.023935413 0.123245418 -0.079357944 0.090029731 0.058199994 0.991064966
1305031116.811318 0.115767054 0.020655505 0.122134723 -0.080420099 0.087253243 0.050145127 0.991667747
1305031116.846089 0.103117242 0.025620976 0.122501083 -0.075629219 0.077314697 0.041340888 0.993274212
1305031116.880165 0.085352510 0.027724462 0.120558240 -0.075956039 0.069759294 0.035692200 0.994027376
1305031116.912044 0.070569888 0.028991131 0.120461121 -0.074431486 0.059546787 0.030294020 0.994985640
1305031116.943296 0.057818472 0.028030038 0.117678538 -0.076438285 0.045524321 0.024141427 0.995741904
1305031116.979351 0.039656997 0.030101396 0.117578588 -0.074837938 0.035981074 0.013892687 0.996449530
1305031117.011382 0.024946984 0.032856740 0.116202079 -0.072272249 0.025097555 0.005153362 0.997055829
1305031117.043261 0.015875628 0.034151223 0.109767474 -0.072891168 0.013327420 0.000101591 0.997250855
1305031117.079520 -0.000846915 0.034830734 0.105892509 -0.074960232 0.007369454 -0.006073816 0.997140825
1305031117.111238 -0.009623365 0.034291003 0.107078880 -0.077765733 -0.005091758 -0.007941479 0.996927023
1305031117.143218 -0.017137839 0.039150611 0.107364587 -0.078917719 -0.016545694 -0.007231695 0.996717572
1305031117.179264 -0.025688002 0.042934060 0.110429302 -0.080331124 -0.025506029 -0.012078322 0.996368647
1305031117.211361 -0.026752284 0.044224001 0.113208391 -0.081905253 -0.034253307 -0.015499954 0.995930731
1305031117.243277 -0.027238652 0.048450105 0.114105605 -0.083918594 -0.038154922 -0.016864710 0.995599031
1305031117.279299 -0.028393280 0.046173580 0.115726843 -0.089421161 -0.037991595 -0.021358384 0.995039880
1305031117.311200 -0.031253994 0.044538267 0.117221743 -0.093182616 -0.036125705 -0.023206260 0.994722784
1305031117.343243 -0.033620812 0.040422276 0.117011748 -0.096002467 -0.035880964 -0.024332011 0.994436562
1305031117.379454 -0.034916688 0.037030429 0.117243022 -0.095898531 -0.035668142 -0.024584621 0.994448006
1305031117.411221 -0.037251458 0.032540638 0.117661126 -0.095284685 -0.036569871 -0.023793072 0.994493484
1305031117.443274 -0.035998311 0.030320508 0.116821475 -0.092288472 -0.038943231 -0.022464834 0.994716823
1305031117.479403 -0.037211299 0.024539495 0.116368301 -0.091533065 -0.039391410 -0.020905124 0.994803011
1305031117.511325 -0.037028991 0.018385604 0.117279314 -0.089078195 -0.041222785 -0.019131862 0.994987309
1305031117.544285 -0.037595563 0.014632629 0.116495654 -0.084039740 -0.041997798 -0.018935131 0.995396912
1305031117.579155 -0.039901897 0.010583875 0.116788715 -0.080911994 -0.042712025 -0.020583702 0.995592892
1305031117.611159 -0.040179420 0.005646683 0.118140198 -0.079902321 -0.044460222 -0.019900672 0.995611787
1305031117.643252 -0.042184614 -0.001463270 0.120638520 -0.078794420 -0.045960557 -0.018994013 0.995649695
1305031117.679262 -0.042004421 -0.005729822 0.122431844 -0.078239620 -0.048955221 -0.018376507 0.995562315
1305031117.711184 -0.041041955 -0.013757220 0.126121148 -0.079616062 -0.052074011 -0.015994543 0.995335996
1305031117.743184 -0.041411683 -0.021809123 0.128933430 -0.080028407 -0.054226041 -0.012940106 0.995232403
1305031117.779467 -0.042285468 -0.027152080 0.131147116 -0.079554975 -0.056251280 -0.010808898 0.995183408
1305031117.811320 -0.040907830 -0.036945812 0.136520147 -0.081628986 -0.059097018 -0.008757482 0.994870603
1305031117.843291 -0.036727890 -0.044346437 0.141250849 -0.079710551 -0.060800999 -0.007064604 0.994936943
1305031117.879451 -0.037602808 -0.050279543 0.143603265 -0.078141622 -0.057411194 -0.007340007 0.995260775
1305031117.911407 -0.040350489 -0.062253639 0.148327529 -0.079333641 -0.054727223 -0.008105090 0.995311737
1305031117.943253 -0.039651878 -0.067870118 0.151221186 -0.077770874 -0.053271428 -0.008331519 0.995512128
1305031117.979228 -0.042913854 -0.073197380 0.154371008 -0.078774638 -0.050369237 -0.008961597 0.995578825
1305031118.011228 -0.042586669 -0.085002244 0.160655275 -0.082245879 -0.050621733 -0.009364558 0.995281518
1305031118.043521 -0.042920351 -0.092231184 0.164422274 -0.081182271 -0.049232170 -0.009039272 0.995441556
1305031118.079334 -0.040383663 -0.099091232 0.169792622 -0.081320778 -0.049463768 -0.009998011 0.995409608
1305031118.111217 -0.037565909 -0.109644122 0.173523873 -0.082093611 -0.046361294 -0.010919206 0.995485842
1305031118.143256 -0.041361410 -0.115909681 0.177450716 -0.080122501 -0.040555198 -0.013223270 0.995871902
1305031118.179323 -0.041257739 -0.125269279 0.183181792 -0.080364890 -0.038217399 -0.014786341 0.995922863
1305031118.211202 -0.045898609 -0.132914171 0.185036063 -0.076976262 -0.033881605 -0.014367289 0.996353507
1305031118.243173 -0.047089279 -0.142292365 0.186917856 -0.075019121 -0.034572553 -0.014677174 0.996474504
1305031118.279194 -0.045779970 -0.151666656 0.190952122 -0.072255455 -0.035458487 -0.014928020 0.996643901
1305031118.311299 -0.047144931 -0.155383557 0.192550331 -0.064334415 -0.035329062 -0.015436333 0.997183383
1305031118.343324 -0.044545598 -0.160579801 0.196742490 -0.060288321 -0.035521466 -0.015870690 0.997422516
1305031118.379208 -0.048015192 -0.167330787 0.197140813 -0.056493599 -0.032453917 -0.017851131 0.997715652
1305031118.411296 -0.049628086 -0.167465255 0.197848797 -0.052223586 -0.033807665 -0.017855026 0.997903287
1305031118.445692 -0.046674818 -0.169465467 0.201492056 -0.051848881 -0.035224833 -0.014327869 0.997930646
1305031118.479285 -0.046965614 -0.171058953 0.203216746 -0.051059976 -0.035617273 -0.012115751 0.997986734
1305031118.511255 -0.045920722 -0.169518203 0.203026265 -0.048632003 -0.035835106 -0.011059005 0.998112440
1305031118.544414 -0.044039782 -0.165908113 0.203094214 -0.049210064 -0.035909381 -0.011657759 0.998074651
1305031118.579285 -0.043364376 -0.164091215 0.203693807 -0.051147550 -0.034906309 -0.011760466 0.998011589
1305031118.616142 -0.042047791 -0.158879519 0.203323692 -0.050672777 -0.033278566 -0.013689307 0.998066843
1305031118.645325 -0.042500354 -0.152227595 0.202075198 -0.050930634 -0.030976059 -0.016394682 0.998087108
1305031118.679295 -0.043836620 -0.147817045 0.198667094 -0.054246906 -0.029039057 -0.018507488 0.997933626
1305031118.711421 -0.045176696 -0.145687461 0.197422951 -0.055973899 -0.028958380 -0.021794053 0.997774184
1305031118.746770 -0.047623958 -0.137510344 0.193229705 -0.053467605 -0.030563422 -0.020709200 0.997886837
1305031118.779277 -0.045357715 -0.121352986 0.188302934 -0.052847095 -0.035121910 -0.020007204 0.997784197
1305031118.811221 -0.042012833 -0.122066453 0.189399034 -0.059992574 -0.038630657 -0.021381591 0.997221828
1305031118.846753 -0.038629532 -0.114401616 0.185935691 -0.055962551 -0.039817892 -0.020235412 0.997433364
1305031118.879208 -0.037791885 -0.095215827 0.177211866 -0.051086880 -0.037503392 -0.021856593 0.997750461
1305031118.911177 -0.038520440 -0.092241220 0.174499199 -0.055460770 -0.036115613 -0.024374688 0.997509718
1305031118.946974 -0.037786171 -0.081909284 0.168680459 -0.053818926 -0.035041481 -0.025757525 0.997603238
1305031118.979374 -0.039622240 -0.068125002 0.161259025 -0.052819785 -0.033260778 -0.029986586 0.997599423
1305031119.011363 -0.041398995 -0.059665680 0.156989843 -0.056412484 -0.032953221 -0.032196984 0.997344017
1305031119.047172 -0.043328498 -0.052193750 0.152044535 -0.058308743 -0.032811295 -0.032875411 0.997217476
1305031119.079223 -0.046287343 -0.044240125 0.145047039 -0.058616750 -0.033787023 -0.033607993 0.997142434
1305031119.111328 -0.046237279 -0.036744736 0.140333354 -0.059052017 -0.037519053 -0.032920495 0.997006238
1305031119.147616 -0.047180086 -0.025773186 0.135072604 -0.058188606 -0.040635601 -0.031133361 0.996992230
1305031119.179226 -0.045999203 -0.021620518 0.131796628 -0.059677027 -0.045633785 -0.031149901 0.996687472
1305031119.211364 -0.044706877 -0.011828649 0.126809597 -0.056132365 -0.047817811 -0.029695792 0.996835351
1305031119.247399 -0.045994297 -0.002897014 0.121733747 -0.055112123 -0.048444651 -0.028820837 0.996887684
1305031119.279212 -0.044431686 0.005693262 0.118219629 -0.054599099 -0.050113831 -0.028635001 0.996838808
1305031119.311212 -0.046009053 0.013567023 0.114621818 -0.054300126 -0.049759835 -0.026233608 0.996938944
1305031119.347741 -0.046556909 0.019463206 0.110580638 -0.053962156 -0.051366486 -0.023573706 0.996942222
1305031119.379239 -0.045746945 0.031947087 0.107569218 -0.051324159 -0.053925909 -0.022799714 0.996964395
1305031119.411484 -0.042472791 0.038720861 0.104810640 -0.052494232 -0.054996662 -0.022467315 0.996852517
1305031119.447706 -0.042243060 0.045768291 0.102115415 -0.053251036 -0.052549079 -0.021908117 0.996956825
1305031119.479267 -0.043085948 0.056102756 0.099220969 -0.050588831 -0.050290577 -0.022467809 0.997199476
1305031119.511240 -0.044955406 0.064489208 0.095238864 -0.051829513 -0.048352994 -0.021875286 0.997244775
1305031119.547382 -0.045159139 0.075091265 0.092739925 -0.051928189 -0.048330743 -0.020136507 0.997277379
1305031119.579559 -0.043293182 0.087708525 0.089810170 -0.052180927 -0.048041940 -0.020021064 0.997280478
1305031119.615017 -0.045443904 0.092611015 0.088542894 -0.056985680 -0.045231771 -0.019585725 0.997157514
1305031119.647903 -0.047431074 0.106395617 0.086549647 -0.056918658 -0.043856222 -0.019474691 0.997224987
1305031119.679208 -0.043710642 0.117054775 0.085974649 -0.059979104 -0.043403842 -0.021361310 0.997026742
1305031119.715232 -0.045394931 0.123051032 0.085954048 -0.066548415 -0.038279973 -0.018656310 0.996874034
1305031119.747193 -0.049385682 0.128260970 0.083429769 -0.071097925 -0.035091560 -0.013397716 0.996761858
1305031119.779169 -0.051090524 0.137140274 0.082694456 -0.072882861 -0.036020149 -0.011738483 0.996620715
1305031119.814537 -0.048476700 0.144933850 0.081467666 -0.074712954 -0.038239330 -0.007366497 0.996444404
1305031119.847429 -0.048046339 0.152325198 0.079942226 -0.077085376 -0.037346095 -0.003200835 0.996319652
1305031119.879214 -0.048500516 0.155922756 0.079858683 -0.078525305 -0.035381619 -0.003274173 0.996278644
1305031119.911401 -0.049986709 0.168932542 0.077611938 -0.075150222 -0.033080537 -0.002689746 0.996619761
1305031119.947392 -0.049355395 0.173696220 0.075170889 -0.079961918 -0.031570431 -0.002485695 0.996294737
1305031119.979537 -0.048201308 0.179072455 0.074478202 -0.081776164 -0.029103654 -0.003660369 0.996218979
1305031120.015264 -0.050545152 0.189302817 0.073353246 -0.083111539 -0.024875682 -0.001423241 0.996228695
1305031120.047290 -0.054160874 0.185337305 0.072054207 -0.094083436 -0.022281747 -0.000063550 0.995314956
1305031120.079418 -0.054841287 0.185415342 0.071155727 -0.096086748 -0.024279404 0.001455928 0.995075762
1305031120.115232 -0.055392720 0.190830126 0.071227401 -0.094778851 -0.026354887 0.002868568 0.995145321
1305031120.148157 -0.053493578 0.186657369 0.071935773 -0.098613881 -0.027924405 0.003580210 0.994727433
1305031120.179246 -0.052041817 0.181389511 0.072362080 -0.099368557 -0.028056175 0.006752986 0.994632185
1305031120.215249 -0.051595721 0.175381169 0.073433653 -0.096401006 -0.028421521 0.006519380 0.994915366
1305031120.248003 -0.051153585 0.174257994 0.073868141 -0.091323331 -0.028604141 0.004823006 0.995398700
1305031120.279430 -0.050837357 0.168357685 0.074769005 -0.089246176 -0.027966574 0.002728696 0.995613158
1305031120.315196 -0.050795060 0.161771104 0.076348566 -0.087196440 -0.027600138 0.000454097 0.995808661
1305031120.347787 -0.050807841 0.155596763 0.077249728 -0.083590135 -0.026854964 -0.001383168 0.996137321
1305031120.379437 -0.049617942 0.146059960 0.081096038 -0.083596513 -0.027878951 -0.001706178 0.996108174
1305031120.415445 -0.048492927 0.131111577 0.086038195 -0.080630995 -0.029007835 -0.002048146 0.996319711
1305031120.447417 -0.049220040 0.129140154 0.087823935 -0.071368821 -0.029291963 -0.002599839 0.997016430
1305031120.479432 -0.048356127 0.116622820 0.093030252 -0.071011759 -0.030545054 -0.002043289 0.997005641
1305031120.514819 -0.049710732 0.107540712 0.095965736 -0.064811118 -0.031617768 -0.000242970 0.997396529
1305031120.547736 -0.048735503 0.101060107 0.100130439 -0.057999700 -0.035369124 0.002377017 0.997687042
1305031120.579551 -0.049050950 0.094758525 0.102602609 -0.054656729 -0.039038423 0.005915372 0.997724235
1305031120.615236 -0.048256714 0.085184261 0.107274979 -0.052387118 -0.043552209 0.008458965 0.997640848
1305031120.647354 -0.046746753 0.078731284 0.110906005 -0.047264282 -0.046969697 0.008757959 0.997739077
1305031120.679318 -0.045878910 0.073053464 0.114504792 -0.044644479 -0.048584066 0.009771515 0.997773051
1305031120.714522 -0.045754496 0.064598881 0.117187761 -0.043316942 -0.049097672 0.010151038 0.997802615
1305031120.747369 -0.045745470 0.056224436 0.120482385 -0.042888012 -0.051373072 0.010586586 0.997702062
1305031120.779894 -0.043096431 0.046405420 0.125427365 -0.041809957 -0.054658752 0.010787653 0.997571051
1305031120.814944 -0.043789487 0.042028416 0.125893548 -0.038152415 -0.054299921 0.009879302 0.997746646
1305031120.847921 -0.043080673 0.033288665 0.129915223 -0.039799817 -0.055691715 0.008188120 0.997620881
1305031120.883435 -0.040455081 0.024001308 0.134016693 -0.038249284 -0.056521587 0.006530956 0.997647047
1305031120.915444 -0.042017449 0.019952610 0.134509787 -0.035707012 -0.054200284 0.004243441 0.997882426
1305031120.947488 -0.041669354 0.011418376 0.137778908 -0.036551274 -0.054236799 0.002651166 0.997855365
1305031120.983366 -0.043333098 0.002788483 0.139867261 -0.036620714 -0.053568091 0.000182729 0.997892439
1305031121.015019 -0.042870939 -0.005769799 0.141769111 -0.035574611 -0.054452773 -0.001049672 0.997881889
1305031121.047498 -0.043509878 -0.011062597 0.142963022 -0.034576558 -0.054041576 -0.001927088 0.997938037
1305031121.083099 -0.045569509 -0.022410439 0.146119237 -0.034966279 -0.054602731 -0.003581083 0.997889340
1305031121.114696 -0.045378879 -0.028622624 0.147092104 -0.032255363 -0.056071158 -0.003235993 0.997900367
1305031121.147331 -0.046333537 -0.036243498 0.148123652 -0.030839879 -0.056285188 -0.003999738 0.997930288
1305031121.183271 -0.046300247 -0.044330060 0.150509372 -0.029441699 -0.057787478 -0.004545637 0.997884333
1305031121.211420 -0.042506382 -0.053612050 0.153906047 -0.028023735 -0.059200611 -0.004219039 0.997843742
1305031121.247194 -0.046912547 -0.057280250 0.154464304 -0.024728589 -0.056045216 -0.005476340 0.998106897
1305031121.282876 -0.047144499 -0.067595348 0.157333136 -0.026145181 -0.057492677 -0.004192793 0.997994721
1305031121.313568 -0.045915507 -0.077182382 0.160379916 -0.024285160 -0.058208797 -0.003334294 0.998003423
1305031121.347517 -0.048830017 -0.082382873 0.161704451 -0.021938669 -0.058300052 -0.002237380 0.998055518
1305031121.383226 -0.045988191 -0.094233602 0.165464073 -0.022126183 -0.060778365 -0.001820993 0.997904360
1305031121.414318 -0.046849031 -0.099904008 0.167800397 -0.017048851 -0.059643157 -0.003379759 0.998068452
1305031121.447319 -0.047259487 -0.105751462 0.169835582 -0.015845835 -0.059212431 -0.002420618 0.998116732
1305031121.482964 -0.042819686 -0.116133839 0.174575955 -0.015306940 -0.059074048 -0.000767367 0.998135924
1305031121.514107 -0.046697959 -0.120407365 0.172615692 -0.011405317 -0.055664182 -0.000242102 0.998384356
1305031121.547270 -0.046855688 -0.123754196 0.175255761 -0.011911544 -0.055694994 0.000484601 0.998376667
1305031121.583204 -0.045823697 -0.134358674 0.178978845 -0.014688747 -0.054834373 -0.000392236 0.998387337
1305031121.614700 -0.045700647 -0.139924094 0.181441426 -0.013108139 -0.053126093 -0.001645128 0.998500407
1305031121.647183 -0.045434669 -0.145008698 0.181658089 -0.012720077 -0.048850041 -0.004558396 0.998714745
1305031121.683200 -0.050231092 -0.151035622 0.183506727 -0.014967698 -0.043460395 -0.006499337 0.998921871
1305031121.714520 -0.052191053 -0.158146143 0.183636919 -0.016106702 -0.042060051 -0.005556539 0.998969793
1305031121.747145 -0.051035635 -0.162595749 0.185947835 -0.018133506 -0.042427190 -0.005028831 0.998922348
1305031121.782835 -0.050005008 -0.168838814 0.189415544 -0.020532710 -0.042529669 -0.002601100 0.998880804
1305031121.811540 -0.047262192 -0.171467096 0.191912174 -0.021398377 -0.042436980 -0.000384653 0.998869896
1305031121.847335 -0.048981488 -0.174155325 0.192504093 -0.023336608 -0.039958145 0.002278152 0.998926222
1305031121.882060 -0.049653180 -0.176268086 0.193272203 -0.025788421 -0.039472558 0.008663613 0.998850226
1305031121.914931 -0.051425193 -0.177466348 0.192953944 -0.027725143 -0.040541563 0.010332447 0.998739660
1305031121.947288 -0.048962444 -0.177122444 0.194866672 -0.027635526 -0.043590598 0.010348692 0.998613536
1305031121.982926 -0.047135383 -0.172945172 0.194158480 -0.026825599 -0.043872125 0.009911497 0.998627782
1305031122.014256 -0.049738079 -0.170688599 0.192308679 -0.027366623 -0.042752787 0.007593788 0.998681962
1305031122.047306 -0.050009109 -0.165746450 0.190458342 -0.025763493 -0.044045236 0.003708731 0.998690426
1305031122.082959 -0.048409790 -0.160718709 0.188922361 -0.025039043 -0.045118004 0.000251848 0.998667777
1305031122.114672 -0.049163125 -0.151052564 0.185584262 -0.022515813 -0.044887286 -0.003067359 0.998733580
1305031122.150725 -0.047369882 -0.144052491 0.184954166 -0.023031093 -0.046087656 -0.007884228 0.998640716
1305031122.183042 -0.047130883 -0.135533705 0.181703165 -0.020569686 -0.045034319 -0.012911606 0.998690188
1305031122.214959 -0.048805069 -0.116607487 0.174358562 -0.019821305 -0.042606991 -0.018531291 0.998723328
1305031122.251319 -0.048725210 -0.113709033 0.173469558 -0.027072920 -0.042116109 -0.021528354 0.998513818
1305031122.283560 -0.052057203 -0.102836236 0.170802370 -0.026276708 -0.041939735 -0.023709090 0.998493135
1305031122.314289 -0.053113405 -0.084890582 0.162843123 -0.029293075 -0.043626197 -0.028065026 0.998223960
1305031122.351327 -0.053179223 -0.079341091 0.161214232 -0.036492541 -0.045909785 -0.030649457 0.997808218
1305031122.382630 -0.056518145 -0.070426911 0.156648144 -0.040876538 -0.046828486 -0.031217197 0.997577906
1305031122.414997 -0.059286900 -0.064427137 0.153236270 -0.045157917 -0.049933087 -0.031847857 0.997222722
1305031122.451257 -0.058790013 -0.054297090 0.148687199 -0.046396632 -0.054981444 -0.029983765 0.996958077
1305031122.483360 -0.058925729 -0.047394596 0.143677250 -0.049884941 -0.059704367 -0.030309483 0.996508002
1305031122.515097 -0.056937084 -0.037843257 0.140351370 -0.050404344 -0.064408392 -0.031219913 0.996160746
1305031122.551490 -0.053380631 -0.029552381 0.136284053 -0.051971875 -0.066692889 -0.032559399 0.995886981
1305031122.583208 -0.054035809 -0.021264475 0.132869557 -0.052993346 -0.065113343 -0.033908430 0.995892644
1305031122.614980 -0.057834700 -0.015182499 0.128394246 -0.054141749 -0.063717894 -0.033764098 0.995926023
1305031122.648788 -0.058121450 -0.005251711 0.124508716 -0.051945932 -0.065506428 -0.032564119 0.995966911
1305031122.683402 -0.058143120 0.003479935 0.120051078 -0.051151402 -0.066670693 -0.031324252 0.995970547
1305031122.715208 -0.060704120 0.012063673 0.116410054 -0.050875288 -0.068269759 -0.028672244 0.995956242
1305031122.751298 -0.057527523 0.024911854 0.113809317 -0.048854660 -0.072322547 -0.027934812 0.995792270
1305031122.783423 -0.056886341 0.037337743 0.110341907 -0.050436817 -0.072689489 -0.028147662 0.995680690
1305031122.812555 -0.054042052 0.042382248 0.109395444 -0.056368485 -0.073183738 -0.028771348 0.995308459
1305031122.851418 -0.049220257 0.051227678 0.108731255 -0.057306301 -0.071508445 -0.030620327 0.995321512
1305031122.883754 -0.051725436 0.061085537 0.105360284 -0.059118204 -0.063944668 -0.029799055 0.995755017
1305031122.914571 -0.056524642 0.063556410 0.104070678 -0.064297974 -0.059483532 -0.029621458 0.995715857
1305031122.951341 -0.056732178 0.069390759 0.102034509 -0.065289184 -0.058778130 -0.028691579 0.995720446
1305031122.982815 -0.059068322 0.078982346 0.098504156 -0.065611675 -0.057726268 -0.025079779 0.995858312
1305031123.015450 -0.057753783 0.082859933 0.097022355 -0.068867616 -0.059489116 -0.021914322 0.995609403
1305031123.051827 -0.056101471 0.087402672 0.095631525 -0.068830945 -0.059826311 -0.020332320 0.995625317
1305031123.082975 -0.056257956 0.099346064 0.093310207 -0.066041887 -0.059031840 -0.017768333 0.995910645
1305031123.113873 -0.057338253 0.108883485 0.090703510 -0.067761093 -0.057198800 -0.015828617 0.995934844
1305031123.150822 -0.057860095 0.114061996 0.089778632 -0.071144782 -0.056265581 -0.015435435 0.995758176
1305031123.182155 -0.054771557 0.124644056 0.088781558 -0.071693338 -0.056011397 -0.014648455 0.995745063
1305031123.214704 -0.053760525 0.134239078 0.088133469 -0.074680641 -0.051828515 -0.015087225 0.995745420
1305031123.250618 -0.053868029 0.148216903 0.086963743 -0.076707095 -0.048157930 -0.016225414 0.995757759
1305031123.282347 -0.053069074 0.155437887 0.086701348 -0.085054137 -0.045340426 -0.013370450 0.995254397
1305031123.311327 -0.053325638 0.161316693 0.086627096 -0.090859659 -0.040849607 -0.012518992 0.994946778
1305031123.350481 -0.052508377 0.168547168 0.086211145 -0.095184952 -0.037052590 -0.012383033 0.994692743
1305031123.382255 -0.051535420 0.178441346 0.085661732 -0.097840630 -0.032611173 -0.008563652 0.994630754
1305031123.411363 -0.052477218 0.181682244 0.084999263 -0.102323472 -0.027259637 -0.006530473 0.994356155
1305031123.451255 -0.051868863 0.188314900 0.083674863 -0.104108915 -0.025218129 -0.005206401 0.994232476
1305031123.483594 -0.049741939 0.196344644 0.083327748 -0.106678180 -0.024436092 0.000170206 0.993993282
1305031123.511360 -0.048383877 0.198205203 0.082252756 -0.111881517 -0.023323076 0.003000927 0.993443251
1305031123.551513 -0.048849013 0.205624133 0.081727713 -0.112255603 -0.023030542 0.005069461 0.993399501
1305031123.579583 -0.046409048 0.208509177 0.080454737 -0.116312534 -0.023628075 0.008674189 0.992893696
1305031123.611335 -0.045505274 0.219118744 0.079149932 -0.114248730 -0.022455530 0.009896858 0.993149042
1305031123.652411 -0.042673629 0.225768074 0.079035707 -0.117470555 -0.021892911 0.010023532 0.992784441
1305031123.683753 -0.041040763 0.231829181 0.078036316 -0.120675579 -0.018956443 0.011272003 0.992446959
1305031123.711323 -0.040580209 0.238386005 0.077737182 -0.123626523 -0.015369595 0.012340820 0.992133021
1305031123.751723 -0.041610058 0.239170536 0.076606065 -0.128197655 -0.012487021 0.014533876 0.991563499
1305031123.783858 -0.041933961 0.241560280 0.074896581 -0.129616603 -0.012579145 0.016191775 0.991352141
1305031123.811608 -0.041737426 0.242457807 0.074726611 -0.130798861 -0.012771879 0.017062884 0.991179764
1305031123.851444 -0.041640036 0.242507026 0.073787756 -0.132157892 -0.012878153 0.019626293 0.990950704
1305031123.883786 -0.042302433 0.238025784 0.073241383 -0.134421080 -0.013692724 0.020660084 0.990614295
1305031123.911243 -0.041185573 0.235975474 0.073090024 -0.131612554 -0.015804568 0.019682176 0.990979791
1305031123.951442 -0.041386291 0.237646312 0.073237658 -0.129575700 -0.016163863 0.020907808 0.991217315
1305031123.983415 -0.042820435 0.225400060 0.073884472 -0.137069553 -0.017336195 0.022844521 0.990146220
1305031124.011302 -0.042749431 0.217580050 0.075538449 -0.134012163 -0.021337457 0.022230154 0.990500510
1305031124.051505 -0.042576879 0.216908991 0.076751143 -0.127906859 -0.024551027 0.022566950 0.991225421
1305031124.083837 -0.041803673 0.210500374 0.079838455 -0.127977192 -0.027927827 0.023325736 0.991109371
1305031124.111331 -0.042116765 0.201123074 0.082940772 -0.123355977 -0.030593319 0.021723036 0.991652906
1305031124.147446 -0.041618221 0.201003656 0.084502608 -0.115275525 -0.032348599 0.020481326 0.992595375
1305031124.182694 -0.043059390 0.191930175 0.087234095 -0.115891777 -0.032618269 0.018229764 0.992558718
1305031124.211396 -0.040017635 0.181076556 0.091223329 -0.111751266 -0.035717029 0.016201837 0.992961943
1305031124.249327 -0.042036001 0.177886009 0.090541229 -0.105059974 -0.035750780 0.016068280 0.993693173
1305031124.282545 -0.043245234 0.170805857 0.092751279 -0.105033964 -0.039437860 0.015661813 0.993562937
1305031124.311361 -0.040787030 0.159103841 0.096487850 -0.103085473 -0.044922583 0.015333178 0.993539274
1305031124.350354 -0.043003544 0.154948980 0.097153284 -0.096450865 -0.046646044 0.014406545 0.994139791
1305031124.382420 -0.040487692 0.144295499 0.099950112 -0.094820447 -0.050276477 0.013420092 0.994133413
1305031124.411439 -0.039680324 0.135665148 0.101107091 -0.089947827 -0.052032728 0.012717057 0.994505048
1305031124.450245 -0.040253554 0.127265155 0.103245437 -0.082866274 -0.052810546 0.010305090 0.995107055
1305031124.480099 -0.040944047 0.116513073 0.104718275 -0.077847980 -0.053514678 0.008305568 0.995493293
1305031124.511324 -0.042208582 0.110402152 0.105261147 -0.070180357 -0.054594573 0.005656359 0.996023178
1305031124.550437 -0.042261187 0.100403413 0.106703281 -0.066991284 -0.056270223 0.003263068 0.996160209
1305031124.579404 -0.042550962 0.090275347 0.109260522 -0.063836835 -0.058803272 0.001234895 0.996225655
1305031124.611358 -0.042373817 0.079593398 0.111241087 -0.059724189 -0.061307151 -0.001223146 0.996329784
1305031124.651271 -0.044474568 0.071563728 0.112134196 -0.055443205 -0.062216837 -0.003757357 0.996514440
1305031124.679362 -0.041224603 0.059597213 0.117083713 -0.052889589 -0.065842628 -0.005108172 0.996414244
1305031124.711251 -0.041297242 0.051315933 0.119378813 -0.048405692 -0.065797634 -0.006983552 0.996633708
1305031124.749890 -0.042282414 0.040675662 0.123244703 -0.046809386 -0.065621585 -0.008839716 0.996706843
1305031124.779365 -0.041979231 0.031263974 0.126430303 -0.043537851 -0.067101486 -0.009082931 0.996754408
1305031124.811360 -0.041738339 0.022551522 0.129796326 -0.041515905 -0.068214498 -0.009491496 0.996761322
1305031124.850535 -0.042642515 0.012510953 0.134068772 -0.041595981 -0.069099292 -0.010335091 0.996688664
1305031124.879355 -0.038331427 0.000692413 0.140106693 -0.040524524 -0.071234763 -0.010262886 0.996583164
1305031124.911448 -0.039278504 -0.004760920 0.143409058 -0.038002480 -0.068248607 -0.010629439 0.996887624
1305031124.950730 -0.039832398 -0.014313319 0.149034739 -0.041132357 -0.066885978 -0.011114175 0.996850491
1305031124.979438 -0.041676372 -0.030564375 0.153752044 -0.042432241 -0.065334551 -0.009608819 0.996914566
1305031125.011454 -0.044947162 -0.037760995 0.156252101 -0.037098512 -0.066472851 -0.008830756 0.997059226
1305031125.050763 -0.040589273 -0.040591829 0.160529271 -0.033664532 -0.070536979 -0.007362804 0.996913731
1305031125.079364 -0.041385114 -0.051293015 0.165311947 -0.035682362 -0.069262289 -0.004633230 0.996949375
1305031125.111364 -0.042079769 -0.060509082 0.169050589 -0.035175487 -0.070342004 -0.003396158 0.996896744
1305031125.151013 -0.040394537 -0.067682505 0.171046659 -0.031280771 -0.071241803 -0.005543014 0.996953070
1305031125.179353 -0.041631527 -0.069144011 0.172651067 -0.030220721 -0.068213262 -0.004383579 0.997203290
1305031125.211320 -0.043874115 -0.080911532 0.177766234 -0.034912992 -0.066433027 -0.004911180 0.997167826
1305031125.250632 -0.045607001 -0.090747729 0.180921793 -0.033390664 -0.065889634 -0.007569194 0.997239351
1305031125.279467 -0.046190806 -0.094387971 0.181671917 -0.029910544 -0.065640770 -0.008507617 0.997358620
1305031125.311493 -0.045594372 -0.103625648 0.185942173 -0.030849149 -0.064454958 -0.007678812 0.997414112
1305031125.348880 -0.047901727 -0.108415172 0.186336026 -0.026823239 -0.062516101 -0.011065966 0.997622073
1305031125.379401 -0.043961279 -0.110759154 0.192018747 -0.026260130 -0.062561877 -0.014523651 0.997589827
1305031125.411335 -0.044164393 -0.114952862 0.193876147 -0.026227744 -0.056038052 -0.015725065 0.997960210
1305031125.451195 -0.046579566 -0.120190576 0.195442572 -0.029326113 -0.049915731 -0.017931879 0.998161733
1305031125.479424 -0.046414606 -0.127625182 0.198476121 -0.029766645 -0.046300851 -0.019500941 0.998293459
1305031125.511316 -0.047207914 -0.127274185 0.198149323 -0.028313003 -0.042254467 -0.019835928 0.998508632
1305031125.551020 -0.047353264 -0.130181149 0.199274942 -0.029610386 -0.039160676 -0.021659095 0.998559237
1305031125.579308 -0.045572799 -0.131258890 0.201605245 -0.030957025 -0.036620393 -0.023449842 0.998574317
1305031125.611533 -0.047188748 -0.137282148 0.200429574 -0.031744443 -0.032569971 -0.024110746 0.998674214
1305031125.650575 -0.052183505 -0.140109554 0.196061283 -0.027940793 -0.030334491 -0.021518189 0.998917460
1305031125.679328 -0.055528123 -0.132709160 0.190597430 -0.022031603 -0.033260129 -0.020810051 0.998987138
1305031125.711443 -0.052606303 -0.134067506 0.190935522 -0.021620039 -0.039975829 -0.018933242 0.998787284
1305031125.751260 -0.050418783 -0.124142356 0.187314525 -0.015245092 -0.042962343 -0.017532317 0.998806536
1305031125.779348 -0.049335815 -0.118537314 0.184493095 -0.015444805 -0.044182844 -0.020192456 0.998699963
1305031125.811573 -0.047727037 -0.110238567 0.181230232 -0.014386361 -0.043911926 -0.021148361 0.998707950
1305031125.847412 -0.047918085 -0.104887038 0.178776801 -0.016796146 -0.042429939 -0.022884235 0.998696089
1305031125.879318 -0.050939444 -0.098054752 0.173219025 -0.016448025 -0.041646492 -0.023905134 0.998710990
1305031125.911305 -0.053887859 -0.087047562 0.168696940 -0.018887369 -0.043762170 -0.022694476 0.998605609
1305031125.947343 -0.056477565 -0.084288105 0.165202349 -0.023430398 -0.049375527 -0.020700032 0.998290837
1305031125.979324 -0.054705769 -0.073294021 0.162448660 -0.022707528 -0.057500914 -0.017016558 0.997942090
1305031126.011333 -0.050229676 -0.062191494 0.161891580 -0.024113379 -0.064716987 -0.016393667 0.997477591
1305031126.047324 -0.045313060 -0.049196981 0.161065295 -0.025572924 -0.067923144 -0.015001068 0.997249961
1305031126.079356 -0.044424720 -0.039394531 0.157519713 -0.029610246 -0.066414349 -0.014764115 0.997243404
1305031126.111370 -0.043421865 -0.032257866 0.157452106 -0.033974148 -0.065973788 -0.015020919 0.997129679
1305031126.147432 -0.044566322 -0.015910739 0.155287698 -0.033464614 -0.064177521 -0.013816306 0.997281551
1305031126.179384 -0.045389950 -0.003293788 0.153400362 -0.038862649 -0.063944809 -0.013091256 0.997110486
1305031126.211319 -0.042470716 0.002669268 0.153029725 -0.044437259 -0.065583169 -0.012436218 0.996779561
1305031126.247298 -0.041277587 0.016000891 0.150977150 -0.045930237 -0.064630136 -0.011867832 0.996781051
1305031126.279363 -0.039917096 0.025964340 0.149798125 -0.049873635 -0.063406102 -0.012511320 0.996662319
1305031126.311332 -0.036452837 0.037741531 0.147585288 -0.053371377 -0.061922409 -0.013536228 0.996561050
1305031126.347363 -0.038210277 0.045584530 0.145487666 -0.057966553 -0.057163592 -0.015634894 0.996557951
1305031126.379423 -0.040095039 0.055432644 0.142964125 -0.060818270 -0.053351391 -0.017061207 0.996576011
1305031126.411465 -0.039636128 0.064540550 0.141364366 -0.065085813 -0.052045189 -0.017907381 0.996360600
1305031126.447361 -0.041001271 0.069585726 0.139807284 -0.070530012 -0.049991880 -0.017600739 0.996100664
1305031126.479533 -0.043348223 0.077252582 0.136072204 -0.072608873 -0.048907351 -0.015110302 0.996046066
1305031126.511410 -0.042374659 0.089827888 0.133778259 -0.073863484 -0.051251136 -0.013175542 0.995863378
1305031126.547374 -0.038738139 0.098303579 0.133089617 -0.079148665 -0.053254366 -0.011969027 0.995367348
1305031126.579454 -0.038255338 0.104651123 0.131172985 -0.083569221 -0.051068064 -0.010568990 0.995136440
1305031126.611528 -0.038432270 0.112274669 0.129712403 -0.087806948 -0.048995834 -0.009227253 0.994889021
1305031126.647376 -0.034396369 0.112894811 0.129653484 -0.094432034 -0.049238756 -0.006580494 0.994291127
1305031126.679479 -0.035119966 0.118732229 0.127570987 -0.095566154 -0.046346329 -0.002530744 0.994340301
1305031126.711583 -0.034664851 0.125695661 0.125445127 -0.096964903 -0.044618253 0.000733185 0.994286895
1305031126.747316 -0.033167459 0.125145152 0.124566101 -0.100192003 -0.043532889 0.003876204 0.994007766
1305031126.779379 -0.032413546 0.130769193 0.122248076 -0.098918959 -0.042719118 0.006840760 0.994154572
1305031126.811602 -0.029799253 0.134861484 0.120878667 -0.098547235 -0.041514795 0.007434768 0.994238257
1305031126.847343 -0.028579766 0.135801673 0.118808135 -0.099942602 -0.038095709 0.008415341 0.994228005
1305031126.879357 -0.028868973 0.138627678 0.117327370 -0.100036032 -0.035797726 0.008813206 0.994300604
1305031126.911364 -0.027735427 0.139498591 0.116787508 -0.100446999 -0.034153793 0.008401988 0.994320512
1305031126.947437 -0.028548848 0.140939191 0.114949957 -0.100911491 -0.032533739 0.009852716 0.994314492
1305031126.979337 -0.028227761 0.139716566 0.114846408 -0.102046400 -0.033516936 0.011076516 0.994153142
1305031127.011371 -0.028295733 0.139028773 0.113739893 -0.100883394 -0.034170784 0.011154327 0.994248688
1305031127.047297 -0.027475882 0.139692530 0.113463104 -0.099797808 -0.034908578 0.012418501 0.994317651
1305031127.079299 -0.027985390 0.139179975 0.113534287 -0.100211792 -0.035117857 0.012604110 0.994266272
1305031127.111435 -0.029444721 0.136941552 0.113111071 -0.100636415 -0.036450043 0.013557580 0.994162917
1305031127.147307 -0.030976981 0.133966342 0.113681465 -0.100057282 -0.039024137 0.013744460 0.994121075
1305031127.179349 -0.029632766 0.134031847 0.114522099 -0.097535931 -0.042749338 0.013682981 0.994219303
1305031127.211700 -0.028446794 0.132977590 0.115913466 -0.096733257 -0.044831056 0.013268057 0.994211674
1305031127.247374 -0.027749151 0.128542721 0.117620952 -0.096071340 -0.045536179 0.012280398 0.994256496
1305031127.279465 -0.028984990 0.128240749 0.117067404 -0.093169600 -0.044957217 0.011259475 0.994570971
1305031127.311362 -0.030502342 0.125761390 0.118414596 -0.093749382 -0.045216799 0.010450311 0.994513571
1305031127.347356 -0.030089671 0.120233327 0.121213652 -0.093408778 -0.047325734 0.009693221 0.994455159
1305031127.379262 -0.029832827 0.120269231 0.121320657 -0.090168521 -0.048601661 0.009872836 0.994690895
1305031127.411371 -0.030779235 0.119678028 0.122338742 -0.089378171 -0.049269795 0.008951486 0.994738102
1305031127.447333 -0.030670492 0.114991516 0.124859527 -0.090017758 -0.050867833 0.008785476 0.994601488
1305031127.479362 -0.031884152 0.116528854 0.124850757 -0.086754508 -0.051278643 0.008040156 0.994876623
1305031127.511356 -0.032978050 0.116295785 0.125937089 -0.087294206 -0.051911391 0.006652366 0.994806826
1305031127.547348 -0.032751761 0.111005738 0.128165960 -0.089077748 -0.053180635 0.006566908 0.994582236
1305031127.579345 -0.032666899 0.112191841 0.128429666 -0.086309567 -0.053778376 0.006612711 0.994793832
1305031127.611271 -0.033092313 0.113020770 0.129163608 -0.086047143 -0.054223079 0.006209217 0.994795024
1305031127.647358 -0.032411329 0.109810784 0.130714700 -0.088125318 -0.054915424 0.007567218 0.994565725
1305031127.679298 -0.032685086 0.108505122 0.130733162 -0.086725317 -0.055273086 0.008199818 0.994663954
1305031127.711375 -0.033749305 0.110671386 0.130306214 -0.085082680 -0.055449884 0.007924544 0.994798183
1305031127.747304 -0.032369182 0.108085573 0.131704673 -0.087295689 -0.056734357 0.008039072 0.994533062
1305031127.779346 -0.033446532 0.106062658 0.132133454 -0.086597115 -0.056363288 0.007839126 0.994616807
1305031127.811829 -0.033950903 0.107473180 0.131701857 -0.084329680 -0.056526482 0.007038959 0.994808376
1305031127.847366 -0.034086116 0.106638767 0.131911471 -0.084783740 -0.056648333 0.006040189 0.994769394
1305031127.879380 -0.035263889 0.105143607 0.131450951 -0.085290514 -0.056321759 0.005417368 0.994748235
1305031127.911476 -0.036288388 0.105567068 0.131717414 -0.084586836 -0.056859452 0.005128028 0.994779229
1305031127.947366 -0.036236592 0.106529623 0.132102549 -0.084747992 -0.057734367 0.005167136 0.994714975
1305031127.979371 -0.035959203 0.105691388 0.133304030 -0.086557336 -0.058791324 0.005057819 0.994497776
1305031128.011427 -0.034374397 0.105700485 0.135267407 -0.087612130 -0.059820905 0.005083897 0.994343877
1305031128.047369 -0.034171015 0.103893146 0.137641132 -0.090575792 -0.058945347 0.005898063 0.994126081
1305031128.079334 -0.034471709 0.101649746 0.138916790 -0.091084935 -0.058442295 0.006788262 0.994103611
1305031128.111391 -0.034476548 0.100613095 0.139855281 -0.090794154 -0.058682740 0.007460890 0.994111240
1305031128.147418 -0.034098234 0.100504771 0.140917346 -0.091393150 -0.058923468 0.008926461 0.994029999
1305031128.179350 -0.032174453 0.096660048 0.142886311 -0.092192173 -0.059984956 0.010617762 0.993876100
1305031128.211447 -0.033394910 0.097721949 0.141917497 -0.089538477 -0.059205182 0.010684237 0.994164705
1305031128.247480 -0.033356711 0.098595098 0.141760826 -0.089532204 -0.059687961 0.011354988 0.994128942
1305031128.279336 -0.032967731 0.095949113 0.142996639 -0.090598799 -0.060250822 0.011129756 0.994000912
1305031128.311483 -0.033298865 0.096741512 0.142461702 -0.088868633 -0.060094498 0.010617848 0.994172156
1305031128.347423 -0.034876637 0.097238421 0.141876712 -0.088448711 -0.059325159 0.009378838 0.994268239
1305031128.379404 -0.033963330 0.095526397 0.142839447 -0.089509323 -0.060530890 0.008166924 0.994111359
1305031128.411337 -0.034477200 0.095390134 0.142497689 -0.088491842 -0.060235895 0.006757238 0.994230926
1305031128.447296 -0.035848431 0.095850304 0.142005086 -0.087706409 -0.059619326 0.005399027 0.994345963
1305031128.479296 -0.035820309 0.094675459 0.142428681 -0.088420369 -0.060067367 0.004376062 0.994260848
1305031128.511433 -0.035770040 0.094287314 0.142273650 -0.088020734 -0.059934095 0.003756604 0.994306862
1305031128.547399 -0.034963205 0.093043052 0.142343402 -0.088546053 -0.059740517 0.003302664 0.994273484
1305031128.579455 -0.034830578 0.091177516 0.142796829 -0.088687085 -0.059311107 0.002983639 0.994287610
1305031128.611395 -0.036071308 0.090908408 0.142034963 -0.087335765 -0.058855399 0.003249569 0.994433463
1305031128.647352 -0.037424654 0.091337465 0.141091645 -0.086539254 -0.059316006 0.003387729 0.994475245
1305031128.679282 -0.036405973 0.089732960 0.141311929 -0.086862497 -0.061275762 0.003002499 0.994329512
1305031128.711457 -0.035094135 0.089780420 0.141902640 -0.085675672 -0.062016223 0.002651299 0.994387567
1305031128.747363 -0.035653293 0.089624904 0.140938878 -0.084889010 -0.060642645 0.001180578 0.994542539
