#frame chA chB nCorr nA nB MNR GNR DICE
23 0 1 0 349 222 0 0 0
24 0 1 0 351 218 0 0 0
25 0 1 0 348 236 0 0 0
26 0 1 0 332 244 0 0 0
27 0 1 32 335 232 0.137931 0.114785 0.112875
28 0 1 49 316 230 0.213043 0.181756 0.179487
29 0 1 54 301 224 0.241071 0.207963 0.205714
30 0 1 58 510 324 0.179012 0.142682 0.139089
31 0 1 56 464 274 0.20438 0.157056 0.151762
32 0 1 58 449 256 0.226562 0.171074 0.164539
33 0 1 40 379 158 0.253165 0.16346 0.148976
34 0 1 64 444 228 0.280702 0.20115 0.190476
35 0 1 83 479 285 0.291228 0.22464 0.217277
36 0 1 101 474 273 0.369963 0.28077 0.270415
37 0 1 117 482 292 0.400685 0.311868 0.302326
38 0 1 116 477 307 0.37785 0.30313 0.295918
39 0 1 128 486 301 0.425249 0.334664 0.325286
40 0 1 143 480 309 0.462783 0.37131 0.362484
41 0 1 118 488 278 0.42446 0.320368 0.308094
42 0 1 130 491 292 0.445205 0.34333 0.332056
43 0 1 121 485 263 0.460076 0.338795 0.323529
44 0 1 136 482 293 0.464164 0.361894 0.350968
45 0 1 142 581 373 0.380697 0.305032 0.297694
46 0 1 124 564 338 0.366864 0.284004 0.274945
47 0 1 119 546 331 0.359517 0.279922 0.27138
48 0 1 141 547 338 0.41716 0.327919 0.318644
49 0 1 138 517 333 0.414414 0.332592 0.324706
50 0 1 115 564 360 0.319444 0.255215 0.248918
51 0 1 143 553 399 0.358396 0.30443 0.30042
52 0 1 147 531 385 0.381818 0.325117 0.320961
53 0 1 146 541 390 0.374359 0.31785 0.313641
54 0 1 145 525 380 0.381579 0.324636 0.320442
55 0 1 115 478 305 0.377049 0.301185 0.293742
56 0 1 126 525 345 0.365217 0.296061 0.289655
57 0 1 115 522 323 0.356037 0.280067 0.272189
58 0 1 111 497 271 0.409594 0.302455 0.289062
59 0 1 123 543 359 0.342618 0.278585 0.272727
60 0 1 124 520 332 0.373494 0.298436 0.29108
61 0 1 130 499 302 0.430464 0.33488 0.324594
62 0 1 128 490 284 0.450704 0.343125 0.330749
63 0 1 129 488 269 0.479554 0.356044 0.340819
64 0 1 118 543 382 0.308901 0.25909 0.255135
65 0 1 102 514 340 0.3 0.243994 0.238876
66 0 1 99 489 299 0.331104 0.258908 0.251269
67 0 1 87 495 347 0.25072 0.209919 0.206651
68 0 1 96 487 343 0.279883 0.234887 0.231325
69 0 1 90 470 314 0.286624 0.234277 0.229592
70 0 1 89 447 274 0.324818 0.254309 0.246879
71 0 1 89 499 325 0.273846 0.221003 0.216019
72 0 1 78 441 262 0.29771 0.229469 0.221906
73 0 1 28 341 133 0.210526 0.131479 0.118143
74 0 1 31 348 168 0.184524 0.128209 0.120155
75 0 1 28 323 122 0.229508 0.141051 0.125843
76 0 1 24 296 102 0.235294 0.138123 0.120603
77 0 1 29 303 110 0.263636 0.158847 0.140436
78 0 1 24 285 104 0.230769 0.139403 0.123393
79 0 1 27 259 103 0.262136 0.165309 0.149171
80 0 1 32 256 104 0.307692 0.196116 0.177778
81 0 1 27 249 118 0.228814 0.157515 0.147139
82 0 1 27 257 122 0.221311 0.152482 0.14248
83 0 1 35 247 119 0.294118 0.204148 0.191257
84 0 1 31 268 166 0.186747 0.146974 0.142857
85 0 1 40 270 175 0.228571 0.184017 0.179775
86 0 1 54 279 171 0.315789 0.247226 0.24
87 0 1 48 281 176 0.272727 0.21584 0.210066
88 0 1 60 290 198 0.30303 0.250392 0.245902
89 0 1 44 270 126 0.349206 0.238553 0.222222
90 0 1 34 321 165 0.206061 0.147735 0.139918
91 0 1 67 389 269 0.249071 0.207121 0.203647
92 0 1 60 406 238 0.252101 0.193019 0.186335
93 0 1 59 384 229 0.257642 0.198961 0.192496
94 0 1 81 417 257 0.315175 0.247429 0.240356
95 0 1 122 483 369 0.330623 0.288984 0.286385
96 0 1 129 507 365 0.353425 0.299874 0.295872
97 0 1 109 504 368 0.296196 0.253097 0.25
98 0 1 141 514 380 0.371053 0.31904 0.315436
99 0 1 163 540 407 0.400491 0.347691 0.344245
100 0 1 183 563 409 0.447433 0.38136 0.376543
101 0 1 186 555 435 0.427586 0.378549 0.375758
102 0 1 200 580 447 0.447427 0.392792 0.389484
103 0 1 190 588 551 0.344828 0.333802 0.333626
104 0 1 207 619 528 0.392045 0.362083 0.360942
105 0 1 200 605 535 0.373832 0.351541 0.350877
106 0 1 200 573 486 0.411523 0.378996 0.377715
107 0 1 224 575 485 0.461856 0.424173 0.422642
108 0 1 190 538 413 0.460048 0.403076 0.399579
109 0 1 203 596 483 0.42029 0.378355 0.376274
110 0 1 182 540 438 0.415525 0.374229 0.372188
111 0 1 174 516 433 0.401848 0.368112 0.366702
112 0 1 177 579 482 0.36722 0.335051 0.333647
113 0 1 169 531 473 0.357294 0.337217 0.336653
114 0 1 162 533 437 0.370709 0.335669 0.334021
115 0 1 154 558 487 0.316222 0.29542 0.294737
116 0 1 166 547 449 0.36971 0.334959 0.333333
117 0 1 150 521 443 0.3386 0.312227 0.311203
118 0 1 134 502 443 0.302483 0.284152 0.283598
119 0 1 153 524 427 0.358314 0.323453 0.321767
120 0 1 147 524 423 0.347518 0.312235 0.310454
121 0 1 150 523 422 0.35545 0.319289 0.31746
122 0 1 150 520 404 0.371287 0.327265 0.324675
123 0 1 172 525 470 0.365957 0.346258 0.345729
124 0 1 157 498 434 0.361751 0.337707 0.33691
125 0 1 133 414 348 0.382184 0.350398 0.349081
126 0 1 141 472 350 0.402857 0.346908 0.343066
127 0 1 127 438 407 0.312039 0.300794 0.300592
128 0 1 131 474 364 0.35989 0.315378 0.312649
129 0 1 167 509 473 0.353066 0.340351 0.340122
130 0 1 175 525 465 0.376344 0.354186 0.353535
131 0 1 189 537 503 0.375746 0.363656 0.363462
132 0 1 185 566 509 0.363458 0.344671 0.344186
133 0 1 185 563 483 0.383023 0.354768 0.353729
134 0 1 223 591 547 0.407678 0.392209 0.391916
135 0 1 198 549 486 0.407407 0.383319 0.382609
136 0 1 194 549 476 0.407563 0.3795 0.378537
137 0 1 195 562 457 0.426696 0.384776 0.382728
138 0 1 212 622 565 0.375221 0.357616 0.357203
139 0 1 202 599 558 0.362007 0.349398 0.349179
140 0 1 212 600 530 0.4 0.375943 0.375221
141 0 1 226 577 509 0.444008 0.417025 0.416206
142 0 1 221 589 539 0.410019 0.392229 0.391844
143 0 1 257 619 587 0.437819 0.426352 0.426202
144 0 1 190 584 532 0.357143 0.340872 0.340502
145 0 1 248 617 575 0.431304 0.416366 0.416107
146 0 1 241 613 591 0.407783 0.400399 0.400332
147 0 1 238 584 549 0.433515 0.420324 0.420124
148 0 1 245 607 534 0.458802 0.43033 0.429448
149 0 1 205 606 496 0.413306 0.373918 0.372051
150 0 1 222 591 502 0.442231 0.407575 0.406221
151 0 1 198 575 451 0.439024 0.388815 0.385965
152 0 1 210 605 519 0.404624 0.374764 0.373665
153 0 1 180 594 447 0.402685 0.349322 0.345821
154 0 1 161 559 385 0.418182 0.347048 0.341102
155 0 1 148 554 376 0.393617 0.324275 0.31828
156 0 1 173 568 421 0.410926 0.353778 0.349848
157 0 1 173 522 415 0.416867 0.371695 0.369264
158 0 1 143 525 393 0.363868 0.314818 0.311547
159 0 1 166 512 376 0.441489 0.378337 0.373874
160 0 1 149 516 384 0.388021 0.334731 0.331111
161 0 1 161 523 410 0.392683 0.347683 0.345123
162 0 1 158 514 398 0.396985 0.349328 0.346491
163 0 1 153 511 369 0.414634 0.352345 0.347727
164 0 1 143 481 373 0.383378 0.337605 0.334895
165 0 1 140 504 414 0.338164 0.306487 0.305011
166 0 1 154 523 428 0.359813 0.325498 0.32387
167 0 1 165 530 464 0.355603 0.332726 0.331992
168 0 1 168 540 426 0.394366 0.350274 0.347826
169 0 1 170 528 437 0.389016 0.353909 0.352332
170 0 1 182 525 455 0.4 0.37238 0.371429
171 0 1 176 514 459 0.383442 0.362347 0.361768
172 0 1 167 514 447 0.373602 0.348402 0.347555
173 0 1 149 483 398 0.374372 0.339837 0.338252
174 0 1 123 474 401 0.306733 0.282126 0.281143
175 0 1 102 424 326 0.312883 0.274352 0.272
176 0 1 46 351 222 0.207207 0.164789 0.160558
177 0 1 63 333 233 0.270386 0.226173 0.222615
178 0 1 74 339 341 0.218289 0.217648 0.217647
179 0 1 60 334 356 0.179641 0.174002 0.173913
180 0 1 39 273 256 0.152344 0.147524 0.147448
181 0 1 50 302 304 0.165563 0.165017 0.165017
182 0 1 50 301 296 0.168919 0.16751 0.167504
183 0 1 63 306 326 0.205882 0.199467 0.199367
184 0 1 65 286 280 0.232143 0.229695 0.229682
185 0 1 54 329 288 0.1875 0.175428 0.175041
186 0 1 61 271 247 0.246964 0.235774 0.235521
187 0 1 64 297 253 0.252964 0.233476 0.232727
188 0 1 53 308 279 0.189964 0.1808 0.180579
189 0 1 56 284 293 0.197183 0.194131 0.194107
190 0 1 32 193 138 0.231884 0.196079 0.193353
191 0 1 41 272 215 0.190698 0.169543 0.168378
192 0 1 50 268 247 0.202429 0.194336 0.194175
193 0 1 34 218 176 0.193182 0.173578 0.172589
194 0 1 37 258 241 0.153527 0.148383 0.148297
195 0 1 34 223 171 0.19883 0.174112 0.172589
196 0 1 29 213 198 0.146465 0.141213 0.141119
197 0 1 39 286 260 0.15 0.143019 0.142857
198 0 1 36 250 212 0.169811 0.156374 0.155844
199 0 1 42 246 169 0.248521 0.205986 0.20241
200 0 1 32 281 189 0.169312 0.138856 0.13617
201 0 1 38 270 205 0.185366 0.161519 0.16
202 0 1 44 268 175 0.251429 0.203173 0.198646
203 0 1 44 281 222 0.198198 0.176166 0.17495
204 0 1 46 279 234 0.196581 0.180031 0.179337
205 0 1 44 281 226 0.19469 0.1746 0.17357
206 0 1 52 291 229 0.227074 0.201437 0.2
207 0 1 61 297 225 0.271111 0.235972 0.233716
208 0 1 59 337 274 0.215328 0.194161 0.193126
209 0 1 46 283 233 0.197425 0.179138 0.178295
210 0 1 46 303 190 0.242105 0.191717 0.186613
211 0 1 43 320 222 0.193694 0.161331 0.158672
212 0 1 65 361 266 0.244361 0.209758 0.207337
213 0 1 45 288 185 0.243243 0.194953 0.190275
214 0 1 31 293 121 0.256198 0.16464 0.149758
215 0 1 37 253 140 0.264286 0.196597 0.188295
216 0 1 49 297 212 0.231132 0.195276 0.192534
217 0 1 50 321 233 0.214592 0.182827 0.180505
218 0 1 75 334 318 0.235849 0.230131 0.230061
219 0 1 79 376 317 0.249211 0.228825 0.227994
220 0 1 63 384 401 0.164062 0.160547 0.16051
221 0 1 79 398 404 0.198492 0.197013 0.197007
222 0 1 87 396 408 0.219697 0.216442 0.216418
223 0 1 92 406 420 0.226601 0.222792 0.22276
224 0 1 108 384 407 0.28125 0.273188 0.273072
225 0 1 96 362 353 0.271955 0.268553 0.268531
226 0 1 107 409 384 0.278646 0.269995 0.269861
227 0 1 116 416 403 0.287841 0.283308 0.283272
228 0 1 135 466 481 0.2897 0.285147 0.285111
229 0 1 128 451 413 0.309927 0.296583 0.296296
230 0 1 123 484 448 0.274554 0.264146 0.263949
231 0 1 124 450 332 0.373494 0.320809 0.317136
232 0 1 112 461 380 0.294737 0.267594 0.26635
233 0 1 132 470 438 0.30137 0.29093 0.290749
234 0 1 135 454 439 0.307517 0.302394 0.302352
235 0 1 133 460 423 0.314421 0.301511 0.301246
236 0 1 139 436 422 0.329384 0.324052 0.324009
237 0 1 127 474 446 0.284753 0.276215 0.276087
238 0 1 126 426 376 0.335106 0.314827 0.314214
239 0 1 113 422 322 0.350932 0.306545 0.303763
240 0 1 126 469 421 0.299287 0.283559 0.283146
241 0 1 122 443 375 0.325333 0.299325 0.298288
242 0 1 130 471 392 0.331633 0.302545 0.301275
243 0 1 130 436 391 0.332481 0.314856 0.314389
244 0 1 107 442 316 0.338608 0.286305 0.282322
245 0 1 117 458 333 0.351351 0.299593 0.295828
246 0 1 102 451 253 0.403162 0.301962 0.289773
247 0 1 94 432 235 0.4 0.29502 0.281859
248 0 1 116 471 282 0.411348 0.31829 0.308101
249 0 1 93 424 249 0.373494 0.28622 0.276374
250 0 1 111 457 250 0.444 0.328394 0.314003
251 0 1 113 472 271 0.416974 0.315953 0.304172
252 0 1 108 461 237 0.455696 0.326738 0.309456
253 0 1 128 459 274 0.467153 0.360934 0.34925
254 0 1 119 467 292 0.407534 0.322253 0.31357
255 0 1 111 472 292 0.380137 0.298993 0.290576
256 0 1 119 470 298 0.399329 0.317973 0.309896
257 0 1 108 493 309 0.349515 0.276708 0.269327
258 0 1 109 466 307 0.355049 0.28818 0.282018
259 0 1 116 499 301 0.385382 0.299312 0.29
260 0 1 119 487 315 0.377778 0.303828 0.296758
261 0 1 105 466 276 0.380435 0.29278 0.283019
262 0 1 117 502 303 0.386139 0.299994 0.290683
263 0 1 129 497 320 0.403125 0.323472 0.315789
264 0 1 141 526 321 0.439252 0.343142 0.33294
265 0 1 127 530 289 0.439446 0.324502 0.310134
266 0 1 146 534 312 0.467949 0.357688 0.345154
267 0 1 155 531 330 0.469697 0.370278 0.360046
268 0 1 162 579 370 0.437838 0.350006 0.341412
269 0 1 154 596 355 0.433803 0.334798 0.32387
270 0 1 141 508 270 0.522222 0.38072 0.362468
271 0 1 134 557 309 0.433657 0.322997 0.309469
272 0 1 137 573 360 0.380556 0.301642 0.293676
273 0 1 116 542 274 0.423358 0.301011 0.284314
274 0 1 153 542 358 0.427374 0.347336 0.34
275 0 1 164 550 373 0.439678 0.362083 0.355363
276 0 1 144 519 306 0.470588 0.361342 0.349091
277 0 1 161 566 372 0.432796 0.35087 0.343284
278 0 1 170 516 370 0.459459 0.389066 0.383747
279 0 1 66 344 157 0.420382 0.283998 0.263473
280 0 1 110 505 234 0.470085 0.319992 0.2977
281 0 1 86 482 201 0.427861 0.276297 0.25183
282 0 1 103 474 210 0.490476 0.326466 0.30117
283 0 1 164 547 407 0.402948 0.347579 0.343816
284 0 1 102 494 218 0.46789 0.31082 0.286517
285 0 1 101 484 218 0.463303 0.310936 0.287749
286 0 1 114 491 244 0.467213 0.329359 0.310204
287 0 1 21 248 122 0.172131 0.12073 0.113514
288 0 1 28 252 148 0.189189 0.144986 0.14
289 0 1 63 430 179 0.351955 0.22708 0.206897
290 0 1 86 455 237 0.362869 0.26189 0.248555
291 0 1 151 474 437 0.345538 0.331778 0.331504
292 0 1 140 442 402 0.348259 0.332127 0.331754
293 0 1 140 455 457 0.307692 0.307018 0.307018
294 0 1 73 369 257 0.284047 0.237052 0.233227
295 0 1 58 331 175 0.331429 0.240988 0.229249
296 0 1 40 255 166 0.240964 0.194418 0.190024
297 0 1 28 263 137 0.20438 0.147509 0.14
298 0 1 90 354 329 0.273556 0.26372 0.263543
299 0 1 38 260 155 0.245161 0.189291 0.183133
300 0 1 25 251 168 0.14881 0.121744 0.119332
301 0 1 31 274 139 0.223022 0.158847 0.150121
302 0 1 34 242 152 0.223684 0.177276 0.172589
303 0 1 73 304 244 0.29918 0.268035 0.266423
304 0 1 57 272 205 0.278049 0.241387 0.238994
305 0 1 61 328 269 0.226766 0.20536 0.204355
306 0 1 72 328 242 0.297521 0.255557 0.252632
307 0 1 56 326 239 0.23431 0.200623 0.19823
308 0 1 64 384 269 0.237918 0.199131 0.196018
309 0 1 56 365 230 0.243478 0.193276 0.188235
310 0 1 60 359 251 0.239044 0.199879 0.196721
311 0 1 55 401 271 0.202952 0.166842 0.16369
312 0 1 47 364 261 0.180077 0.152485 0.1504
313 0 1 69 331 281 0.245552 0.226247 0.22549
314 0 1 53 293 240 0.220833 0.199865 0.198874
315 0 1 72 370 303 0.237624 0.215036 0.213967
316 0 1 73 356 274 0.266423 0.233734 0.231746
317 0 1 65 328 203 0.320197 0.2519 0.244821
318 0 1 67 393 251 0.266932 0.213325 0.208075
319 0 1 83 368 331 0.250755 0.237816 0.237482
320 0 1 102 397 339 0.300885 0.278039 0.277174
321 0 1 104 375 317 0.328076 0.301639 0.300578
322 0 1 86 357 304 0.282895 0.261052 0.260212
323 0 1 97 392 329 0.294833 0.270104 0.269071
324 0 1 110 421 347 0.317003 0.287797 0.286458
325 0 1 110 401 359 0.306407 0.289917 0.289474
326 0 1 121 406 348 0.347701 0.321909 0.320955
327 0 1 96 379 296 0.324324 0.28662 0.284444
328 0 1 99 426 337 0.293769 0.261286 0.259502
329 0 1 113 394 379 0.298153 0.292422 0.292367
330 0 1 84 377 317 0.264984 0.242985 0.242075
331 0 1 53 355 226 0.234513 0.187115 0.182444
332 0 1 73 338 210 0.347619 0.274003 0.266423
333 0 1 58 322 280 0.207143 0.193162 0.192691
334 0 1 32 211 143 0.223776 0.184222 0.180791
335 0 1 35 281 128 0.273438 0.184548 0.171149
336 0 1 47 290 210 0.22381 0.190454 0.188
337 0 1 66 312 272 0.242647 0.226559 0.226027
338 0 1 57 290 206 0.276699 0.233207 0.229839
339 0 1 72 330 227 0.317181 0.263065 0.258528
340 0 1 91 369 284 0.320423 0.281105 0.278714
341 0 1 82 396 314 0.261146 0.232542 0.230986
342 0 1 131 463 367 0.356948 0.317796 0.315663
343 0 1 121 520 458 0.264192 0.247942 0.247444
344 0 1 169 527 457 0.369803 0.344368 0.343496
345 0 1 158 533 463 0.341253 0.318056 0.317269
346 0 1 163 521 430 0.37907 0.344377 0.342797
347 0 1 141 530 440 0.320455 0.291981 0.290722
348 0 1 161 519 461 0.349241 0.329148 0.328571
349 0 1 156 536 467 0.334047 0.311806 0.311067
350 0 1 149 536 473 0.315011 0.295919 0.295342
351 0 1 139 490 403 0.344913 0.312798 0.31131
352 0 1 142 546 470 0.302128 0.280313 0.279528
353 0 1 144 524 425 0.338824 0.305142 0.303477
354 0 1 156 528 419 0.372315 0.331666 0.329461
355 0 1 151 509 434 0.347926 0.321272 0.320255
356 0 1 131 484 301 0.435216 0.343214 0.333758
357 0 1 141 503 340 0.414706 0.340954 0.33452
358 0 1 168 505 349 0.481375 0.400176 0.393443
359 0 1 158 501 370 0.427027 0.366976 0.362801
360 0 1 151 485 367 0.411444 0.357909 0.35446
361 0 1 141 482 339 0.415929 0.348815 0.343484
362 0 1 139 452 289 0.480969 0.384589 0.375169
363 0 1 120 485 241 0.497925 0.350996 0.330579
364 0 1 126 491 268 0.470149 0.347346 0.332016
365 0 1 124 487 308 0.402597 0.320171 0.31195
366 0 1 117 438 302 0.387417 0.321696 0.316216
367 0 1 98 475 314 0.312102 0.253755 0.248416
368 0 1 99 452 251 0.394422 0.29392 0.28165
369 0 1 82 440 212 0.386792 0.268485 0.251534
370 0 1 114 429 243 0.469136 0.35308 0.339286
371 0 1 105 461 297 0.353535 0.283766 0.277045
372 0 1 110 432 279 0.394265 0.316846 0.309423
373 0 1 99 451 298 0.332215 0.270047 0.264352
374 0 1 107 463 328 0.326219 0.274572 0.270544
375 0 1 109 456 326 0.334356 0.282706 0.278772
376 0 1 118 447 327 0.360856 0.308642 0.30491
377 0 1 106 480 328 0.323171 0.267146 0.262376
378 0 1 101 471 321 0.314642 0.259752 0.255051
379 0 1 110 491 345 0.318841 0.267265 0.263158
380 0 1 119 479 338 0.352071 0.295747 0.29131
381 0 1 141 494 341 0.41349 0.343541 0.337725
382 0 1 132 480 368 0.358696 0.314072 0.311321
383 0 1 153 491 354 0.432203 0.366986 0.36213
384 0 1 144 502 350 0.411429 0.343539 0.338028
385 0 1 133 485 305 0.436066 0.345805 0.336709
386 0 1 150 510 341 0.439883 0.359691 0.352526
387 0 1 136 548 353 0.385269 0.309216 0.301887
388 0 1 103 518 248 0.415323 0.287373 0.26893
389 0 1 137 531 306 0.447712 0.33987 0.32736
390 0 1 148 546 381 0.388451 0.324491 0.31931
391 0 1 127 517 310 0.409677 0.317232 0.307134
392 0 1 141 552 356 0.396067 0.318071 0.310573
393 0 1 137 511 353 0.388102 0.322569 0.31713
394 0 1 82 456 238 0.344538 0.24891 0.236311
395 0 1 101 443 238 0.42437 0.311051 0.296623
396 0 1 144 484 371 0.38814 0.339823 0.336842
397 0 1 153 486 374 0.409091 0.35887 0.355814
398 0 1 140 462 312 0.448718 0.368748 0.361757
399 0 1 165 492 419 0.393795 0.363408 0.362239
400 0 1 55 368 172 0.319767 0.218612 0.203704
401 0 1 25 259 119 0.210084 0.142402 0.132275
402 0 1 84 433 212 0.396226 0.277247 0.260465
403 0 1 117 440 247 0.473684 0.354904 0.340611
404 0 1 100 455 255 0.392157 0.293578 0.28169
405 0 1 179 508 488 0.366803 0.35951 0.359438
406 0 1 119 481 277 0.429603 0.326013 0.313984
407 0 1 57 338 164 0.347561 0.2421 0.227092
408 0 1 75 380 203 0.369458 0.270036 0.25729
409 0 1 46 293 152 0.302632 0.217973 0.206742
410 0 1 50 310 166 0.301205 0.220412 0.210084
411 0 1 70 298 212 0.330189 0.278498 0.27451
412 0 1 45 294 245 0.183673 0.16767 0.166976
413 0 1 63 263 275 0.239544 0.234259 0.234201
414 0 1 57 273 239 0.238494 0.223149 0.222656
415 0 1 20 153 134 0.149254 0.139679 0.139373
416 0 1 23 204 162 0.141975 0.126519 0.125683
417 0 1 31 199 166 0.186747 0.170562 0.169863
418 0 1 21 197 167 0.125749 0.115779 0.115385
419 0 1 51 211 232 0.241706 0.230507 0.230248
420 0 1 47 250 270 0.188 0.180903 0.180769
421 0 1 49 220 246 0.222727 0.210629 0.2103
422 0 1 19 177 197 0.107345 0.10175 0.101604
423 0 1 17 147 190 0.115646 0.101722 0.10089
424 0 1 31 222 252 0.13964 0.131064 0.130802
425 0 1 34 200 215 0.17 0.163963 0.163855
426 0 1 25 188 218 0.132979 0.12349 0.123153
427 0 1 24 263 218 0.110092 0.100232 0.0997921
428 0 1 31 233 206 0.150485 0.141498 0.14123
429 0 1 37 254 204 0.181373 0.162544 0.161572
430 0 1 37 306 250 0.148 0.133774 0.133094
431 0 1 58 290 288 0.201389 0.200693 0.200692
432 0 1 47 266 270 0.176692 0.175378 0.175373
433 0 1 43 255 273 0.168627 0.162974 0.162879
434 0 1 21 243 201 0.104478 0.0950207 0.0945946
435 0 1 56 281 306 0.199288 0.190974 0.190801
436 0 1 47 320 299 0.157191 0.151945 0.151858
437 0 1 47 292 253 0.185771 0.17292 0.172477
438 0 1 75 314 311 0.241158 0.240003 0.24
439 0 1 36 270 238 0.151261 0.142014 0.141732
440 0 1 19 186 138 0.137681 0.118593 0.117284
441 0 1 20 205 159 0.125786 0.110778 0.10989
442 0 1 17 153 113 0.150442 0.12929 0.12782
443 0 1 26 155 144 0.180556 0.174031 0.173913
444 0 1 35 213 160 0.21875 0.189591 0.187668
445 0 1 36 252 171 0.210526 0.173422 0.170213
446 0 1 45 316 209 0.215311 0.175104 0.171429
447 0 1 59 311 160 0.36875 0.264492 0.250531
448 0 1 63 344 189 0.333333 0.247076 0.236398
449 0 1 87 396 236 0.368644 0.284587 0.275316
450 0 1 120 431 340 0.352941 0.313475 0.311284
451 0 1 151 493 472 0.319915 0.313028 0.312953
452 0 1 170 530 488 0.348361 0.334273 0.333988
453 0 1 176 539 461 0.381779 0.353076 0.352
454 0 1 185 548 463 0.399568 0.367275 0.365974
455 0 1 174 531 443 0.392777 0.358757 0.35729
456 0 1 178 542 467 0.381156 0.353803 0.352825
457 0 1 178 524 448 0.397321 0.36738 0.366255
458 0 1 173 523 474 0.364979 0.347461 0.347041
459 0 1 179 541 451 0.396896 0.362382 0.360887
460 0 1 163 537 408 0.39951 0.348233 0.344974
461 0 1 172 561 472 0.364407 0.334254 0.333011
462 0 1 187 570 492 0.380081 0.353119 0.352166
463 0 1 184 557 500 0.368 0.348662 0.348155
464 0 1 194 565 491 0.395112 0.36833 0.367424
465 0 1 206 536 477 0.431866 0.407404 0.406713
466 0 1 203 537 468 0.433761 0.404936 0.40398
467 0 1 200 533 482 0.414938 0.394587 0.394089
468 0 1 189 506 450 0.42 0.396078 0.395397
469 0 1 174 478 415 0.419277 0.390671 0.389698
470 0 1 174 485 470 0.370213 0.364443 0.364398
471 0 1 176 475 448 0.392857 0.381528 0.381365
472 0 1 178 489 456 0.390351 0.376949 0.37672
473 0 1 188 463 436 0.431193 0.418431 0.418242
474 0 1 158 438 411 0.384428 0.372391 0.372203
475 0 1 169 454 461 0.372247 0.36941 0.369399
476 0 1 161 436 454 0.369266 0.361872 0.361798
477 0 1 139 413 377 0.3687 0.352265 0.351899
478 0 1 104 415 331 0.314199 0.280605 0.27882
479 0 1 119 419 397 0.299748 0.291773 0.291667
480 0 1 108 403 370 0.291892 0.279686 0.279431
481 0 1 102 424 346 0.294798 0.266305 0.264935
482 0 1 93 397 339 0.274336 0.253506 0.252717
483 0 1 81 381 234 0.346154 0.271278 0.263415
484 0 1 89 348 248 0.358871 0.302952 0.298658
485 0 1 108 411 290 0.372414 0.312827 0.308131
486 0 1 87 362 279 0.311828 0.273756 0.271451
487 0 1 89 377 278 0.320144 0.274914 0.271756
488 0 1 84 365 279 0.301075 0.263227 0.26087
489 0 1 99 389 321 0.308411 0.280161 0.278873
490 0 1 91 387 302 0.301325 0.266184 0.264151
491 0 1 103 424 310 0.332258 0.284101 0.280654
492 0 1 102 418 314 0.324841 0.281545 0.278689
493 0 1 107 420 304 0.351974 0.299449 0.29558
494 0 1 122 418 303 0.40264 0.342808 0.338419
495 0 1 121 441 310 0.390323 0.327254 0.322237
496 0 1 124 431 310 0.4 0.339236 0.334683
497 0 1 121 431 304 0.398026 0.33428 0.329252
498 0 1 84 454 253 0.332016 0.247851 0.237624
499 0 1 120 489 368 0.326087 0.28288 0.280047
500 0 1 127 484 378 0.335979 0.296917 0.294664
501 0 1 121 443 287 0.421603 0.339346 0.331507
502 0 1 134 507 408 0.328431 0.294626 0.292896
503 0 1 162 489 415 0.390361 0.359614 0.358407
504 0 1 137 486 379 0.361478 0.319215 0.316763
505 0 1 192 509 429 0.447552 0.410879 0.409382
506 0 1 194 519 422 0.459716 0.414536 0.412327
507 0 1 166 543 467 0.35546 0.329647 0.328713
508 0 1 170 532 480 0.354167 0.336413 0.335968
509 0 1 185 549 475 0.389474 0.362275 0.361328
510 0 1 196 548 467 0.4197 0.387443 0.386207
511 0 1 183 529 461 0.396963 0.370572 0.369697
512 0 1 210 540 494 0.425101 0.406592 0.40619
513 0 1 178 526 461 0.386117 0.361474 0.360689
514 0 1 207 550 503 0.411531 0.393555 0.393162
515 0 1 185 540 469 0.394456 0.367611 0.3667
516 0 1 162 520 492 0.329268 0.320281 0.320158
517 0 1 168 518 437 0.384439 0.353105 0.351832
518 0 1 182 539 493 0.369168 0.353064 0.352713
519 0 1 152 517 448 0.339286 0.315834 0.315026
520 0 1 163 507 465 0.350538 0.335705 0.335391
521 0 1 148 500 437 0.338673 0.316618 0.315902
522 0 1 123 468 344 0.357558 0.306551 0.302956
523 0 1 152 499 468 0.324786 0.314536 0.314374
524 0 1 144 465 337 0.4273 0.363765 0.359102
525 0 1 114 410 307 0.371336 0.321324 0.317992
526 0 1 117 443 316 0.370253 0.312709 0.3083
527 0 1 133 427 416 0.319712 0.315567 0.31554
528 0 1 143 459 402 0.355721 0.332902 0.332172
529 0 1 121 421 371 0.326146 0.306166 0.305556
530 0 1 133 452 424 0.313679 0.303808 0.303653
531 0 1 109 411 389 0.280206 0.272603 0.2725
532 0 1 115 429 368 0.3125 0.289431 0.288582
533 0 1 107 376 332 0.322289 0.302845 0.30226
534 0 1 95 411 418 0.231144 0.2292 0.229192
535 0 1 88 380 271 0.324723 0.274224 0.270353
536 0 1 110 389 388 0.283505 0.283141 0.28314
537 0 1 98 374 330 0.29697 0.278954 0.278409
538 0 1 118 409 361 0.32687 0.307091 0.306494
539 0 1 115 400 367 0.313352 0.300148 0.29987
540 0 1 109 421 391 0.278772 0.268656 0.268473
541 0 1 119 432 361 0.32964 0.301336 0.300126
542 0 1 137 469 413 0.331719 0.311286 0.310658
543 0 1 142 472 419 0.338902 0.319308 0.318743
544 0 1 144 460 452 0.318584 0.315802 0.315789
545 0 1 151 492 464 0.325431 0.316035 0.3159
546 0 1 141 472 450 0.313333 0.305944 0.305857
547 0 1 92 452 290 0.317241 0.254109 0.247978
548 0 1 186 541 537 0.346369 0.345086 0.345083
549 0 1 121 505 387 0.312661 0.273706 0.2713
550 0 1 122 508 350 0.348571 0.28933 0.284382
551 0 1 157 530 410 0.382927 0.336798 0.334043
552 0 1 186 524 474 0.392405 0.373214 0.372745
553 0 1 145 541 400 0.3625 0.311702 0.308183
554 0 1 198 546 454 0.436123 0.397687 0.396
555 0 1 195 534 493 0.395538 0.38005 0.379747
556 0 1 197 526 464 0.424569 0.398763 0.39798
557 0 1 196 517 486 0.403292 0.391014 0.390828
558 0 1 198 529 468 0.423077 0.397937 0.397192
559 0 1 201 535 478 0.420502 0.397471 0.396841
560 0 1 201 548 477 0.421384 0.393139 0.392195
561 0 1 179 539 465 0.384946 0.357546 0.356574
562 0 1 197 537 459 0.429194 0.396801 0.395582
563 0 1 202 513 452 0.446903 0.419492 0.418653
564 0 1 202 569 505 0.4 0.376834 0.376164
565 0 1 200 549 520 0.384615 0.374319 0.374181
566 0 1 204 535 512 0.398438 0.389779 0.389685
567 0 1 185 520 427 0.433255 0.392605 0.390707
568 0 1 197 555 499 0.39479 0.374343 0.373814
569 0 1 184 521 459 0.400871 0.376264 0.37551
570 0 1 180 529 467 0.385439 0.362148 0.361446
571 0 1 154 497 386 0.398964 0.3516 0.348811
572 0 1 146 496 414 0.352657 0.32219 0.320879
573 0 1 157 469 408 0.384804 0.358908 0.358039
574 0 1 159 476 388 0.409794 0.36998 0.368056
575 0 1 132 455 371 0.355795 0.321278 0.319613
576 0 1 136 490 366 0.371585 0.321144 0.317757
577 0 1 143 473 376 0.380319 0.339087 0.336867
578 0 1 127 471 370 0.343243 0.304223 0.302021
579 0 1 129 441 283 0.45583 0.365155 0.356354
580 0 1 121 482 335 0.361194 0.30112 0.296206
581 0 1 124 490 327 0.379205 0.309777 0.30355
582 0 1 130 470 351 0.37037 0.320067 0.316687
583 0 1 127 484 369 0.344173 0.300516 0.297773
584 0 1 130 458 344 0.377907 0.327515 0.32419
585 0 1 133 477 382 0.348168 0.311574 0.309662
586 0 1 123 456 341 0.360704 0.311922 0.308657
587 0 1 134 481 392 0.341837 0.308595 0.306987
588 0 1 122 479 385 0.316883 0.284094 0.282407
589 0 1 143 476 390 0.366667 0.331895 0.330254
590 0 1 125 480 350 0.357143 0.304969 0.301205
591 0 1 134 476 378 0.354497 0.315904 0.313817
592 0 1 153 462 395 0.387342 0.358156 0.35706
593 0 1 130 484 366 0.355191 0.308873 0.305882
594 0 1 167 474 391 0.42711 0.387917 0.386127
595 0 1 148 480 376 0.393617 0.348375 0.345794
596 0 1 150 486 393 0.381679 0.343223 0.341297
597 0 1 157 495 411 0.381995 0.348078 0.346578
598 0 1 155 514 410 0.378049 0.337643 0.335498
599 0 1 154 526 405 0.380247 0.333657 0.330827
600 0 1 179 520 412 0.434466 0.386725 0.38412
601 0 1 102 473 221 0.461538 0.315481 0.293948
602 0 1 174 529 430 0.404651 0.364827 0.362878
603 0 1 133 528 312 0.426282 0.327686 0.316667
604 0 1 99 467 237 0.417722 0.297579 0.28125
605 0 1 139 521 332 0.418675 0.334216 0.325909
606 0 1 159 515 330 0.481818 0.385688 0.376331
607 0 1 180 531 411 0.437956 0.385305 0.382166
608 0 1 160 525 399 0.401002 0.349586 0.34632
609 0 1 166 547 436 0.380734 0.339916 0.337742
610 0 1 190 550 480 0.395833 0.369787 0.368932
611 0 1 183 541 477 0.383648 0.360241 0.359528
612 0 1 188 533 490 0.383673 0.367872 0.367546
613 0 1 205 532 512 0.400391 0.392792 0.39272
614 0 1 190 540 506 0.375494 0.363481 0.363289
615 0 1 212 565 546 0.388278 0.381694 0.381638
616 0 1 171 535 477 0.358491 0.338501 0.337945
617 0 1 169 522 466 0.362661 0.342656 0.342105
618 0 1 140 481 346 0.404624 0.343176 0.338573
619 0 1 187 538 461 0.40564 0.375491 0.374374
620 0 1 140 477 387 0.361757 0.325847 0.324074
621 0 1 154 475 395 0.389873 0.355529 0.354023
622 0 1 200 522 481 0.4158 0.399137 0.398804
623 0 1 164 506 483 0.339545 0.331738 0.331648
624 0 1 165 544 495 0.333333 0.317967 0.317613
625 0 1 189 550 515 0.36699 0.355121 0.35493
626 0 1 166 533 468 0.354701 0.33237 0.331668
627 0 1 163 516 477 0.341719 0.328552 0.328298
628 0 1 173 526 481 0.359667 0.343938 0.343595
629 0 1 159 531 500 0.318 0.308578 0.308438
630 0 1 136 502 411 0.3309 0.29941 0.297919
631 0 1 121 488 326 0.371166 0.303366 0.297297
632 0 1 81 442 275 0.294545 0.232331 0.225941
633 0 1 94 441 300 0.313333 0.258433 0.253711
634 0 1 113 446 324 0.348765 0.297261 0.293507
635 0 1 110 436 322 0.341615 0.293577 0.290237
636 0 1 100 437 341 0.293255 0.259049 0.257069
637 0 1 122 420 371 0.328841 0.309064 0.30847
638 0 1 126 428 343 0.367347 0.328853 0.326848
639 0 1 115 380 335 0.343284 0.322317 0.321678
640 0 1 131 463 382 0.342932 0.311494 0.310059
641 0 1 112 432 339 0.330383 0.292669 0.290532
642 0 1 109 431 337 0.323442 0.286005 0.283854
643 0 1 105 395 387 0.271318 0.268556 0.268542
644 0 1 102 413 341 0.29912 0.271799 0.270557
645 0 1 115 407 350 0.328571 0.304696 0.303831
646 0 1 100 367 327 0.30581 0.288664 0.288184
647 0 1 94 369 294 0.319728 0.285391 0.28356
648 0 1 88 391 299 0.294314 0.25737 0.255072
649 0 1 103 384 320 0.321875 0.29383 0.292614
650 0 1 87 375 293 0.296928 0.262464 0.260479
651 0 1 107 396 329 0.325228 0.296441 0.295172
652 0 1 131 400 347 0.377522 0.351622 0.350736
653 0 1 106 407 323 0.328173 0.292353 0.290411
654 0 1 131 424 335 0.391045 0.347589 0.345191
655 0 1 112 385 313 0.357827 0.322638 0.320917
656 0 1 166 502 396 0.419192 0.372313 0.36971
657 0 1 149 462 389 0.383033 0.351472 0.350176
658 0 1 101 391 283 0.35689 0.303627 0.299703
659 0 1 145 498 392 0.369898 0.328179 0.325843
660 0 1 147 472 402 0.365672 0.337469 0.336384
661 0 1 106 448 323 0.328173 0.278654 0.274968
662 0 1 144 537 455 0.316484 0.29132 0.290323
663 0 1 169 492 437 0.386728 0.364471 0.363832
664 0 1 113 468 326 0.346626 0.289299 0.284635
665 0 1 154 527 457 0.33698 0.313803 0.313008
666 0 1 146 486 419 0.348449 0.32354 0.322652
667 0 1 145 512 372 0.389785 0.332247 0.328054
668 0 1 137 511 358 0.382682 0.320309 0.315305
669 0 1 129 516 369 0.349593 0.295632 0.291525
670 0 1 172 521 443 0.388262 0.35802 0.356846
671 0 1 182 534 454 0.400881 0.369635 0.368421
672 0 1 144 505 410 0.35122 0.316464 0.314754
673 0 1 142 508 361 0.393352 0.331591 0.326812
674 0 1 168 519 464 0.362069 0.342347 0.341811
675 0 1 145 494 405 0.358025 0.324173 0.322581
676 0 1 173 512 452 0.382743 0.359618 0.358921
677 0 1 171 520 432 0.395833 0.360788 0.359244
678 0 1 167 510 433 0.385681 0.355375 0.354189
679 0 1 168 521 440 0.381818 0.350884 0.349636
680 0 1 171 517 441 0.387755 0.358122 0.356994
681 0 1 169 526 424 0.398585 0.357858 0.355789
682 0 1 161 514 422 0.381517 0.345691 0.344017
683 0 1 182 536 450 0.404444 0.370581 0.369168
684 0 1 165 482 371 0.444744 0.390188 0.38687
685 0 1 171 508 395 0.432911 0.381738 0.378738
686 0 1 161 481 391 0.411765 0.371249 0.369266
687 0 1 160 501 384 0.416667 0.364784 0.361582
688 0 1 163 511 399 0.408521 0.360986 0.358242
689 0 1 158 505 372 0.424731 0.364536 0.360319
690 0 1 143 477 338 0.423077 0.356138 0.35092
691 0 1 157 491 390 0.402564 0.358779 0.356413
692 0 1 148 526 389 0.380463 0.327185 0.323497
693 0 1 143 514 426 0.335681 0.305597 0.304255
694 0 1 150 525 365 0.410959 0.342661 0.337079
695 0 1 157 525 364 0.431319 0.359145 0.353206
696 0 1 133 498 315 0.422222 0.335801 0.327183
697 0 1 141 514 331 0.425982 0.341841 0.333728
698 0 1 143 505 379 0.377309 0.326867 0.323529
699 0 1 120 488 337 0.356083 0.295908 0.290909
700 0 1 123 489 341 0.360704 0.301213 0.296386
701 0 1 142 493 341 0.416422 0.346328 0.340528
702 0 1 152 487 342 0.444444 0.372448 0.366707
703 0 1 128 475 366 0.349727 0.306989 0.3044
704 0 1 153 462 336 0.455357 0.38833 0.383459
705 0 1 150 502 358 0.418994 0.353833 0.348837
706 0 1 167 524 385 0.433766 0.371809 0.367437
707 0 1 161 541 395 0.407595 0.34828 0.344017
708 0 1 161 521 417 0.386091 0.345413 0.343284
709 0 1 168 529 371 0.45283 0.379223 0.373333
710 0 1 179 538 420 0.42619 0.376563 0.373695
711 0 1 175 538 378 0.462963 0.388062 0.382096
712 0 1 128 521 276 0.463768 0.337549 0.321205
713 0 1 156 551 303 0.514852 0.381793 0.36534
714 0 1 139 547 319 0.435737 0.332756 0.321016
715 0 1 145 545 368 0.394022 0.323777 0.317634
716 0 1 162 512 332 0.487952 0.392926 0.383886
717 0 1 176 565 371 0.474394 0.384416 0.376068
718 0 1 168 542 438 0.383562 0.344804 0.342857
719 0 1 158 501 346 0.456647 0.37949 0.373081
720 0 1 157 500 356 0.441011 0.372126 0.366822
721 0 1 180 522 448 0.401786 0.372219 0.371134
722 0 1 148 489 337 0.439169 0.36458 0.358354
723 0 1 160 484 392 0.408163 0.367328 0.365297
724 0 1 134 478 329 0.407295 0.337904 0.332094
725 0 1 153 494 368 0.415761 0.358843 0.354988
726 0 1 143 490 380 0.376316 0.331395 0.328736
727 0 1 148 469 367 0.40327 0.356732 0.354067
728 0 1 155 487 442 0.350679 0.334084 0.333692
729 0 1 132 484 418 0.315789 0.29347 0.292683
730 0 1 125 492 416 0.300481 0.2763 0.27533
731 0 1 158 487 438 0.360731 0.342102 0.341622
732 0 1 147 471 440 0.334091 0.322909 0.322722
733 0 1 130 453 427 0.30445 0.295584 0.295455
734 0 1 129 451 362 0.356354 0.319262 0.317343
735 0 1 130 449 435 0.298851 0.294155 0.294118
736 0 1 110 436 401 0.274314 0.263074 0.262843
737 0 1 97 447 347 0.279539 0.246294 0.244332
738 0 1 92 485 384 0.239583 0.213182 0.211738
739 0 1 108 451 385 0.280519 0.259182 0.258373
740 0 1 127 475 410 0.309756 0.287783 0.287006
741 0 1 140 461 394 0.35533 0.328496 0.327485
742 0 1 123 464 370 0.332432 0.296856 0.294964
743 0 1 147 461 373 0.394102 0.354497 0.352518
744 0 1 139 461 364 0.381868 0.339323 0.33697
745 0 1 160 480 394 0.406091 0.367918 0.366133
746 0 1 134 474 369 0.363144 0.320407 0.317912
747 0 1 147 461 395 0.372152 0.344483 0.343458
748 0 1 172 466 436 0.394495 0.381586 0.381375
749 0 1 166 485 411 0.403893 0.371806 0.370536
750 0 1 168 483 428 0.392523 0.3695 0.368825
751 0 1 154 488 415 0.371084 0.342205 0.341085
752 0 1 166 508 445 0.373034 0.349137 0.348374
753 0 1 162 514 417 0.388489 0.349917 0.348013
754 0 1 164 501 442 0.371041 0.348509 0.347826
755 0 1 173 517 455 0.38022 0.356693 0.355967
756 0 1 166 521 413 0.401937 0.357861 0.35546
757 0 1 154 505 426 0.361502 0.332025 0.330827
758 0 1 166 517 441 0.376417 0.347651 0.346555
759 0 1 163 519 412 0.395631 0.352497 0.350161
760 0 1 168 522 427 0.393443 0.355844 0.354057
761 0 1 161 515 440 0.365909 0.338217 0.337173
762 0 1 151 510 419 0.360382 0.326652 0.325081
763 0 1 161 507 418 0.385167 0.349731 0.348108
764 0 1 154 512 422 0.364929 0.331306 0.329764
765 0 1 162 492 422 0.383886 0.35553 0.354486
766 0 1 164 493 442 0.371041 0.351325 0.350802
767 0 1 156 489 418 0.373206 0.34505 0.343991
768 0 1 154 497 415 0.371084 0.339093 0.337719
769 0 1 149 514 398 0.374372 0.32943 0.326754
770 0 1 146 502 430 0.339535 0.314244 0.313305
771 0 1 155 507 427 0.362998 0.33313 0.331906
772 0 1 150 509 415 0.361446 0.326369 0.324675
773 0 1 153 502 404 0.378713 0.339742 0.337748
774 0 1 153 503 413 0.37046 0.335685 0.334061
775 0 1 151 491 433 0.34873 0.327486 0.32684
776 0 1 162 498 388 0.417526 0.36854 0.365688
777 0 1 133 507 464 0.286638 0.274213 0.273944
778 0 1 140 515 455 0.307692 0.289214 0.28866
779 0 1 144 533 457 0.315098 0.29177 0.290909
780 0 1 143 498 472 0.302966 0.294951 0.294845
781 0 1 152 508 476 0.319328 0.309107 0.308943
782 0 1 143 512 441 0.324263 0.300941 0.300105
783 0 1 144 504 477 0.301887 0.293689 0.293578
784 0 1 148 508 438 0.3379 0.313757 0.312896
785 0 1 161 517 444 0.362613 0.336039 0.335068
786 0 1 156 513 449 0.347439 0.325044 0.324324
787 0 1 150 508 439 0.341686 0.317634 0.31679
788 0 1 139 516 446 0.311659 0.289749 0.288981
789 0 1 151 523 444 0.34009 0.313354 0.312306
790 0 1 143 511 431 0.331787 0.30471 0.303609
791 0 1 133 510 453 0.293598 0.276705 0.27622
792 0 1 145 502 442 0.328054 0.307826 0.307203
793 0 1 167 508 468 0.356838 0.342501 0.342213
794 0 1 146 499 452 0.323009 0.307421 0.307045
795 0 1 148 505 431 0.343387 0.317232 0.316239
796 0 1 154 500 457 0.33698 0.322164 0.321839
797 0 1 160 516 459 0.348584 0.328767 0.328205

# ---------- Global Summary ----------
# CorrFrames: 775
avg_CorrEdges: 123.626
avg_match_A: 451.796
avg_match_B: 351.639
global_RI_MNR: 0.351571
global_RI_GNR: 0.310163
global_RI_DICE: 0.307743

# ---------- Per-Channel Summary ----------
chA: 0 chB: 1 | avgC: 123.626 avgA: 451.796 avgB: 351.639 MNR: 0.340662 GNR: 0.297296 DICE: 0.29362
