#frame chA chB nCorr nA nB MNR GNR DICE
23 0 1 0 349 222 0 0 0
24 0 1 0 351 218 0 0 0
25 0 1 0 348 236 0 0 0
26 0 1 0 332 244 0 0 0
27 0 1 32 335 232 0.137931 0.114785 0.112875
28 0 1 49 316 230 0.213043 0.181756 0.179487
29 0 1 54 301 224 0.241071 0.207963 0.205714
30 0 1 58 510 324 0.179012 0.142682 0.139089
31 0 1 56 464 274 0.20438 0.157056 0.151762
32 0 1 58 449 256 0.226562 0.171074 0.164539
33 0 1 40 379 158 0.253165 0.16346 0.148976
34 0 1 64 444 228 0.280702 0.20115 0.190476
35 0 1 83 479 285 0.291228 0.22464 0.217277
36 0 1 101 474 273 0.369963 0.28077 0.270415
37 0 1 117 482 292 0.400685 0.311868 0.302326
38 0 1 116 477 307 0.37785 0.30313 0.295918
39 0 1 128 486 301 0.425249 0.334664 0.325286
40 0 1 143 480 309 0.462783 0.37131 0.362484
41 0 1 118 488 278 0.42446 0.320368 0.308094
42 0 1 130 491 292 0.445205 0.34333 0.332056
43 0 1 121 485 263 0.460076 0.338795 0.323529
44 0 1 136 482 293 0.464164 0.361894 0.350968
45 0 1 142 581 373 0.380697 0.305032 0.297694
46 0 1 124 564 338 0.366864 0.284004 0.274945
47 0 1 119 546 331 0.359517 0.279922 0.27138
48 0 1 141 547 338 0.41716 0.327919 0.318644
49 0 1 138 517 333 0.414414 0.332592 0.324706
50 0 1 115 564 360 0.319444 0.255215 0.248918
51 0 1 143 553 399 0.358396 0.30443 0.30042
52 0 1 147 531 385 0.381818 0.325117 0.320961
53 0 1 146 541 390 0.374359 0.31785 0.313641
54 0 1 145 525 380 0.381579 0.324636 0.320442
55 0 1 115 478 305 0.377049 0.301185 0.293742
56 0 1 126 525 345 0.365217 0.296061 0.289655
57 0 1 115 522 323 0.356037 0.280067 0.272189
58 0 1 111 497 271 0.409594 0.302455 0.289062
59 0 1 123 543 359 0.342618 0.278585 0.272727
60 0 1 124 520 332 0.373494 0.298436 0.29108
61 0 1 130 499 302 0.430464 0.33488 0.324594
62 0 1 128 490 284 0.450704 0.343125 0.330749
63 0 1 129 488 269 0.479554 0.356044 0.340819
64 0 1 119 531 380 0.313158 0.264916 0.261251
65 0 1 102 512 340 0.3 0.24447 0.239437
66 0 1 99 485 299 0.331104 0.259973 0.252551
67 0 1 87 497 348 0.25 0.209195 0.205917
68 0 1 96 483 343 0.279883 0.235858 0.232446
69 0 1 90 470 313 0.28754 0.23465 0.229885
70 0 1 89 446 274 0.324818 0.254593 0.247222
71 0 1 89 501 326 0.273006 0.220223 0.215236
72 0 1 78 441 261 0.298851 0.229909 0.222222
73 0 1 28 341 133 0.210526 0.131479 0.118143
74 0 1 31 347 168 0.184524 0.128393 0.120388
75 0 1 28 320 125 0.224 0.14 0.125843
76 0 1 25 297 101 0.247525 0.144345 0.125628
77 0 1 30 303 109 0.275229 0.165077 0.145631
78 0 1 25 284 104 0.240385 0.145467 0.128866
79 0 1 29 261 103 0.281553 0.176872 0.159341
80 0 1 33 257 104 0.317308 0.201851 0.182825
81 0 1 26 249 118 0.220339 0.151682 0.141689
82 0 1 27 258 122 0.221311 0.152186 0.142105
83 0 1 35 248 117 0.299145 0.20547 0.191781
84 0 1 33 268 168 0.196429 0.155522 0.151376
85 0 1 39 274 175 0.222857 0.178103 0.173719
86 0 1 56 279 171 0.327485 0.256382 0.248889
87 0 1 50 282 175 0.285714 0.225075 0.218818
88 0 1 61 289 197 0.309645 0.255651 0.251029
89 0 1 44 267 126 0.349206 0.23989 0.223919
90 0 1 35 326 165 0.212121 0.15091 0.142566
91 0 1 68 388 268 0.253731 0.210875 0.207317
92 0 1 60 408 235 0.255319 0.19377 0.186625
93 0 1 59 384 229 0.257642 0.198961 0.192496
94 0 1 80 418 256 0.3125 0.244558 0.237389
95 0 1 121 488 367 0.3297 0.285919 0.283041
96 0 1 129 501 365 0.353425 0.301665 0.297921
97 0 1 107 508 363 0.294766 0.249172 0.245695
98 0 1 137 509 377 0.363395 0.312745 0.309255
99 0 1 166 541 407 0.407862 0.353763 0.350211
100 0 1 186 566 410 0.453659 0.386112 0.381148
101 0 1 188 556 436 0.431193 0.381836 0.379032
102 0 1 198 583 446 0.443946 0.388296 0.38484
103 0 1 187 588 546 0.342491 0.330032 0.329806
104 0 1 208 621 528 0.393939 0.363246 0.362054
105 0 1 202 608 536 0.376866 0.353848 0.353147
106 0 1 201 574 488 0.411885 0.379778 0.378531
107 0 1 225 576 485 0.463918 0.425697 0.424128
108 0 1 191 538 415 0.460241 0.40422 0.400839
109 0 1 204 594 478 0.426778 0.382845 0.380597
110 0 1 182 541 439 0.414579 0.373457 0.371429
111 0 1 175 518 433 0.404157 0.369513 0.368034
112 0 1 176 586 483 0.364389 0.330819 0.32928
113 0 1 169 533 474 0.35654 0.336228 0.33565
114 0 1 163 534 438 0.372146 0.337039 0.335391
115 0 1 153 556 484 0.316116 0.294938 0.294231
116 0 1 164 545 452 0.362832 0.330428 0.328987
117 0 1 149 520 447 0.333333 0.309051 0.30817
118 0 1 132 499 441 0.29932 0.281387 0.280851
119 0 1 151 513 419 0.360382 0.325695 0.324034
120 0 1 150 522 426 0.352113 0.318091 0.316456
121 0 1 149 523 422 0.353081 0.317161 0.315344
122 0 1 151 523 407 0.371007 0.327287 0.324731
123 0 1 174 525 471 0.369427 0.349912 0.349398
124 0 1 159 494 434 0.366359 0.343391 0.342672
125 0 1 130 412 352 0.369318 0.341368 0.340314
126 0 1 139 471 352 0.394886 0.341376 0.337789
127 0 1 126 439 407 0.309582 0.298086 0.297872
128 0 1 132 471 364 0.362637 0.318796 0.316168
129 0 1 168 506 470 0.357447 0.344497 0.344262
130 0 1 170 515 465 0.365591 0.347391 0.346939
131 0 1 187 535 509 0.367387 0.358349 0.358238
132 0 1 191 566 513 0.37232 0.354459 0.354032
133 0 1 183 564 487 0.37577 0.349178 0.34824
134 0 1 224 593 554 0.404332 0.39081 0.390584
135 0 1 189 529 466 0.405579 0.380663 0.3799
136 0 1 194 562 500 0.388 0.365973 0.365348
137 0 1 189 572 503 0.375746 0.352354 0.351628
138 0 1 222 637 530 0.418868 0.382072 0.380463
139 0 1 200 603 553 0.361664 0.346345 0.346021
140 0 1 218 603 522 0.417625 0.388564 0.387556
141 0 1 227 581 584 0.390706 0.389701 0.3897
142 0 1 228 585 519 0.439306 0.413784 0.413043
143 0 1 255 603 558 0.456989 0.439607 0.439276
144 0 1 186 583 521 0.357006 0.337489 0.336957
145 0 1 263 607 550 0.478182 0.455177 0.454624
146 0 1 246 611 567 0.433862 0.417949 0.417657
147 0 1 241 600 542 0.444649 0.422612 0.422067
148 0 1 243 607 530 0.458491 0.428424 0.427441
149 0 1 197 604 484 0.407025 0.364355 0.362132
150 0 1 219 586 484 0.452479 0.411218 0.409346
151 0 1 188 569 433 0.43418 0.378754 0.37525
152 0 1 206 612 515 0.4 0.366934 0.365572
153 0 1 179 580 452 0.396018 0.349599 0.346899
154 0 1 161 568 397 0.405542 0.339044 0.333679
155 0 1 144 534 358 0.402235 0.329344 0.32287
156 0 1 168 576 465 0.36129 0.324617 0.322767
157 0 1 182 562 445 0.408989 0.363934 0.36147
158 0 1 150 551 422 0.35545 0.311071 0.308325
159 0 1 170 540 401 0.42394 0.365325 0.361318
160 0 1 158 510 373 0.423593 0.362258 0.357871
161 0 1 163 528 434 0.375576 0.340507 0.338877
162 0 1 161 521 389 0.413882 0.357629 0.353846
163 0 1 158 525 399 0.39599 0.345216 0.341991
164 0 1 136 495 373 0.364611 0.316506 0.313364
165 0 1 122 477 368 0.331522 0.29119 0.288757
166 0 1 141 521 427 0.330211 0.298942 0.297468
167 0 1 157 531 437 0.359268 0.32592 0.32438
168 0 1 163 536 429 0.379953 0.33992 0.337824
169 0 1 158 543 426 0.370892 0.328513 0.326109
170 0 1 166 523 441 0.376417 0.345651 0.344398
171 0 1 164 524 441 0.371882 0.341161 0.339896
172 0 1 173 528 421 0.410926 0.366934 0.364594
173 0 1 143 489 383 0.373368 0.330432 0.327982
174 0 1 133 464 357 0.372549 0.326782 0.323995
175 0 1 94 443 307 0.306189 0.254892 0.250667
176 0 1 53 356 198 0.267677 0.199627 0.191336
177 0 1 66 327 203 0.325123 0.256166 0.249057
178 0 1 64 372 323 0.198142 0.184632 0.184173
179 0 1 59 329 284 0.207746 0.193017 0.192496
180 0 1 46 275 219 0.210046 0.187443 0.186235
181 0 1 52 339 271 0.191882 0.171561 0.170492
182 0 1 55 289 253 0.217391 0.203401 0.202952
183 0 1 59 295 257 0.229572 0.214276 0.213768
184 0 1 61 318 273 0.223443 0.207031 0.20643
185 0 1 67 311 260 0.257692 0.235618 0.234676
186 0 1 65 313 282 0.230496 0.218785 0.218487
187 0 1 61 283 252 0.242063 0.228421 0.228037
188 0 1 62 274 254 0.244094 0.235017 0.234848
189 0 1 64 319 292 0.219178 0.209697 0.209493
190 0 1 31 188 135 0.22963 0.194588 0.19195
191 0 1 37 241 165 0.224242 0.185546 0.182266
192 0 1 41 269 229 0.179039 0.165192 0.164659
193 0 1 37 212 175 0.211429 0.192094 0.191214
194 0 1 49 228 239 0.214912 0.209908 0.20985
195 0 1 30 219 176 0.170455 0.152807 0.151899
196 0 1 38 225 221 0.171946 0.17041 0.170404
197 0 1 49 230 268 0.213043 0.197363 0.196787
198 0 1 39 257 264 0.151751 0.149726 0.149712
199 0 1 37 250 205 0.180488 0.163439 0.162637
200 0 1 43 240 202 0.212871 0.195293 0.19457
201 0 1 37 284 228 0.162281 0.145404 0.144531
202 0 1 44 261 196 0.22449 0.194538 0.19256
203 0 1 48 272 244 0.196721 0.186321 0.186047
204 0 1 52 276 281 0.188406 0.186722 0.186715
205 0 1 54 294 233 0.23176 0.20632 0.204934
206 0 1 62 311 274 0.226277 0.212391 0.211966
207 0 1 59 329 300 0.196667 0.187799 0.187599
208 0 1 69 339 309 0.223301 0.213192 0.212963
209 0 1 48 291 236 0.20339 0.183163 0.182163
210 0 1 59 331 209 0.282297 0.224318 0.218519
211 0 1 52 284 197 0.263959 0.219842 0.216216
212 0 1 61 329 234 0.260684 0.219849 0.216696
213 0 1 41 309 191 0.21466 0.168767 0.164
214 0 1 22 265 109 0.201835 0.129445 0.117647
215 0 1 34 261 118 0.288136 0.193739 0.17942
216 0 1 44 331 221 0.199095 0.162683 0.15942
217 0 1 53 301 208 0.254808 0.211817 0.208251
218 0 1 75 354 295 0.254237 0.232086 0.231125
219 0 1 78 389 339 0.230089 0.214793 0.214286
220 0 1 87 377 381 0.230769 0.229555 0.229551
221 0 1 84 388 348 0.241379 0.228599 0.228261
222 0 1 86 387 335 0.256716 0.238847 0.238227
223 0 1 93 388 351 0.264957 0.252008 0.251691
224 0 1 108 407 445 0.265356 0.253774 0.253521
225 0 1 100 387 383 0.261097 0.259744 0.25974
226 0 1 96 383 363 0.264463 0.257465 0.257373
227 0 1 128 452 462 0.283186 0.280104 0.280088
228 0 1 129 460 481 0.280435 0.274245 0.274176
229 0 1 132 471 454 0.290749 0.285454 0.285405
230 0 1 128 479 427 0.299766 0.283027 0.282561
231 0 1 127 453 321 0.395639 0.333044 0.328165
232 0 1 114 462 380 0.3 0.272077 0.270784
233 0 1 137 445 387 0.354005 0.33013 0.329327
234 0 1 151 454 417 0.36211 0.347041 0.346728
235 0 1 130 430 378 0.343915 0.322451 0.321782
236 0 1 139 472 431 0.322506 0.308181 0.307863
237 0 1 124 442 406 0.305419 0.292717 0.292453
238 0 1 126 438 358 0.351955 0.318194 0.316583
239 0 1 109 424 329 0.331307 0.291841 0.289509
240 0 1 113 445 388 0.291237 0.271946 0.271309
241 0 1 130 445 362 0.359116 0.323899 0.322181
242 0 1 118 470 414 0.285024 0.267506 0.266968
243 0 1 137 456 400 0.3425 0.320781 0.320093
244 0 1 120 452 352 0.340909 0.300844 0.298507
245 0 1 127 493 361 0.351801 0.301042 0.297424
246 0 1 104 475 285 0.364912 0.28266 0.273684
247 0 1 103 469 251 0.410359 0.300202 0.286111
248 0 1 121 487 300 0.403333 0.316563 0.307497
249 0 1 97 450 246 0.394309 0.29154 0.278736
250 0 1 120 471 249 0.481928 0.350406 0.333333
251 0 1 120 481 290 0.413793 0.321299 0.311284
252 0 1 112 466 256 0.4375 0.324269 0.310249
253 0 1 138 481 285 0.484211 0.372721 0.360313
254 0 1 122 474 307 0.397394 0.319817 0.31242
255 0 1 122 464 301 0.405316 0.326451 0.318954
256 0 1 113 472 304 0.371711 0.298312 0.291237
257 0 1 104 494 321 0.323988 0.261166 0.255215
258 0 1 107 483 320 0.334375 0.272167 0.266501
259 0 1 106 498 316 0.335443 0.267207 0.260442
260 0 1 114 493 327 0.348624 0.283928 0.278049
261 0 1 114 487 306 0.372549 0.295311 0.287516
262 0 1 120 502 327 0.366972 0.29618 0.289505
263 0 1 126 508 329 0.382979 0.308206 0.301075
264 0 1 140 533 338 0.414201 0.329842 0.32147
265 0 1 140 520 308 0.454545 0.349825 0.338164
266 0 1 160 541 326 0.490798 0.380989 0.369089
267 0 1 159 528 328 0.484756 0.38207 0.371495
268 0 1 147 527 349 0.421203 0.342767 0.335616
269 0 1 154 554 340 0.452941 0.354835 0.344519
270 0 1 141 485 261 0.54023 0.396304 0.378016
271 0 1 137 557 297 0.461279 0.336833 0.320843
272 0 1 155 549 345 0.449275 0.356152 0.346756
273 0 1 136 543 291 0.467354 0.342131 0.326139
274 0 1 159 538 347 0.458213 0.367994 0.359322
275 0 1 155 538 370 0.418919 0.347408 0.34141
276 0 1 154 549 349 0.441261 0.351821 0.342984
277 0 1 156 553 442 0.352941 0.315537 0.313568
278 0 1 180 525 407 0.44226 0.3894 0.386266
279 0 1 59 340 155 0.380645 0.257008 0.238384
280 0 1 112 520 227 0.493392 0.325989 0.299866
281 0 1 94 481 212 0.443396 0.294366 0.271284
282 0 1 109 509 223 0.488789 0.32353 0.297814
283 0 1 168 519 453 0.370861 0.346479 0.345679
284 0 1 97 456 205 0.473171 0.317258 0.293495
285 0 1 100 478 191 0.52356 0.330955 0.298954
286 0 1 103 444 186 0.553763 0.358418 0.326984
287 0 1 24 233 96 0.25 0.160471 0.145897
288 0 1 29 233 118 0.245763 0.174896 0.165242
289 0 1 61 392 156 0.391026 0.246675 0.222628
290 0 1 77 406 191 0.403141 0.27651 0.257956
291 0 1 135 440 446 0.306818 0.304747 0.30474
292 0 1 128 454 442 0.289593 0.28574 0.285714
293 0 1 138 455 438 0.315068 0.309127 0.309071
294 0 1 77 376 278 0.276978 0.238163 0.235474
295 0 1 49 292 168 0.291667 0.221233 0.213043
296 0 1 35 269 158 0.221519 0.169771 0.163934
297 0 1 24 227 96 0.25 0.162578 0.148607
298 0 1 85 358 288 0.295139 0.264717 0.263158
299 0 1 30 210 160 0.1875 0.163663 0.162162
300 0 1 23 254 125 0.184 0.129079 0.121372
301 0 1 26 273 103 0.252427 0.155051 0.138298
302 0 1 35 235 110 0.318182 0.21769 0.202899
303 0 1 67 340 279 0.240143 0.217537 0.216478
304 0 1 61 304 236 0.258475 0.227739 0.225926
305 0 1 73 315 259 0.281853 0.255575 0.254355
306 0 1 70 363 281 0.24911 0.219175 0.217391
307 0 1 68 348 299 0.227425 0.210806 0.210201
308 0 1 80 373 282 0.283688 0.246667 0.244275
309 0 1 64 387 301 0.212625 0.187517 0.186047
310 0 1 61 370 288 0.211806 0.186867 0.18541
311 0 1 68 386 284 0.239437 0.205379 0.202985
312 0 1 66 380 320 0.20625 0.189268 0.188571
313 0 1 77 365 323 0.23839 0.224255 0.223837
314 0 1 75 331 281 0.266904 0.24592 0.245098
315 0 1 91 423 368 0.247283 0.230647 0.230089
316 0 1 76 403 281 0.270463 0.225844 0.222222
317 0 1 63 349 227 0.277533 0.223828 0.21875
318 0 1 71 415 286 0.248252 0.206087 0.202568
319 0 1 86 400 344 0.25 0.23184 0.231183
320 0 1 110 427 366 0.300546 0.278252 0.277427
321 0 1 105 411 338 0.310651 0.281715 0.280374
322 0 1 92 384 331 0.277946 0.258053 0.257343
323 0 1 101 405 353 0.286119 0.26712 0.266491
324 0 1 110 425 371 0.296496 0.27702 0.276382
325 0 1 101 389 375 0.269333 0.264442 0.264398
326 0 1 110 411 391 0.28133 0.2744 0.274314
327 0 1 95 364 320 0.296875 0.278354 0.277778
328 0 1 97 386 360 0.269444 0.260212 0.260054
329 0 1 108 359 396 0.300836 0.286437 0.286093
330 0 1 80 364 328 0.243902 0.231527 0.231214
331 0 1 45 294 189 0.238095 0.190901 0.186335
332 0 1 65 325 217 0.299539 0.244761 0.239852
333 0 1 48 308 264 0.181818 0.168331 0.167832
334 0 1 29 202 137 0.211679 0.174326 0.171091
335 0 1 34 229 110 0.309091 0.214222 0.20059
336 0 1 44 263 208 0.211538 0.188124 0.186837
337 0 1 57 293 239 0.238494 0.215398 0.214286
338 0 1 58 279 210 0.27619 0.239616 0.237219
339 0 1 69 340 253 0.272727 0.235261 0.232715
340 0 1 85 370 278 0.305755 0.26503 0.262346
341 0 1 73 393 309 0.236246 0.209482 0.207977
342 0 1 125 445 343 0.364432 0.319951 0.317259
343 0 1 104 465 392 0.265306 0.243592 0.242707
344 0 1 161 497 424 0.379717 0.350723 0.34962
345 0 1 165 539 498 0.331325 0.318475 0.318226
346 0 1 169 527 482 0.350622 0.335319 0.334985
347 0 1 142 533 440 0.322727 0.293223 0.291881
348 0 1 161 526 477 0.337526 0.321421 0.321037
349 0 1 164 525 437 0.375286 0.342392 0.340956
350 0 1 165 504 464 0.355603 0.341201 0.340909
351 0 1 157 490 420 0.37381 0.34608 0.345055
352 0 1 154 512 470 0.32766 0.313933 0.313646
353 0 1 179 502 432 0.414352 0.384379 0.383298
354 0 1 170 508 430 0.395349 0.363733 0.362473
355 0 1 154 492 446 0.345291 0.328754 0.328358
356 0 1 131 468 330 0.39697 0.333343 0.328321
357 0 1 148 499 372 0.397849 0.34351 0.339839
358 0 1 163 499 385 0.423377 0.371884 0.368778
359 0 1 165 512 385 0.428571 0.371637 0.367893
360 0 1 156 472 383 0.407311 0.366905 0.364912
361 0 1 150 486 346 0.433526 0.365793 0.360577
362 0 1 153 516 365 0.419178 0.35255 0.347333
363 0 1 107 470 229 0.467249 0.32615 0.306152
364 0 1 132 490 272 0.485294 0.361569 0.346457
365 0 1 143 527 360 0.397222 0.328306 0.322435
366 0 1 152 506 373 0.407507 0.349876 0.345848
367 0 1 124 497 350 0.354286 0.29731 0.292798
368 0 1 118 521 320 0.36875 0.288994 0.280618
369 0 1 100 473 260 0.384615 0.285156 0.272851
370 0 1 147 492 332 0.442771 0.363719 0.356796
371 0 1 123 472 360 0.341667 0.298389 0.295673
372 0 1 140 510 402 0.348259 0.309193 0.307018
373 0 1 127 502 366 0.346995 0.296286 0.292627
374 0 1 140 525 360 0.388889 0.322031 0.316384
375 0 1 131 519 349 0.375358 0.307804 0.301843
376 0 1 155 492 393 0.394402 0.352495 0.350282
377 0 1 135 457 332 0.406626 0.346583 0.342205
378 0 1 139 509 407 0.341523 0.305393 0.303493
379 0 1 140 513 415 0.337349 0.303421 0.301724
380 0 1 149 512 418 0.356459 0.32208 0.32043
381 0 1 148 515 420 0.352381 0.318224 0.316578
382 0 1 149 520 421 0.353919 0.318452 0.316684
383 0 1 166 541 422 0.393365 0.347419 0.344756
384 0 1 149 542 414 0.359903 0.314548 0.311715
385 0 1 150 533 352 0.426136 0.346303 0.338983
386 0 1 180 578 393 0.458015 0.37767 0.370752
387 0 1 162 541 395 0.410127 0.350443 0.346154
388 0 1 116 501 234 0.495726 0.33879 0.315646
389 0 1 132 547 309 0.427184 0.321071 0.308411
390 0 1 182 564 422 0.43128 0.373057 0.369168
391 0 1 134 515 302 0.443709 0.33978 0.328029
392 0 1 152 505 305 0.498361 0.3873 0.375309
393 0 1 168 525 363 0.46281 0.384837 0.378378
394 0 1 68 402 193 0.352332 0.244128 0.228571
395 0 1 100 445 221 0.452489 0.318877 0.3003
396 0 1 144 474 366 0.393443 0.345727 0.342857
397 0 1 156 488 375 0.416 0.364669 0.36153
398 0 1 146 469 332 0.439759 0.369996 0.364544
399 0 1 161 498 366 0.439891 0.377112 0.372685
400 0 1 56 358 162 0.345679 0.232535 0.215385
401 0 1 22 264 125 0.176 0.121106 0.113111
402 0 1 93 411 216 0.430556 0.31213 0.296651
403 0 1 114 469 264 0.431818 0.323979 0.31105
404 0 1 107 448 227 0.471366 0.33553 0.317037
405 0 1 154 478 424 0.363208 0.342077 0.341463
406 0 1 112 458 266 0.421053 0.320881 0.309392
407 0 1 58 358 170 0.341176 0.235105 0.219697
408 0 1 67 355 200 0.335 0.251447 0.241441
409 0 1 45 257 146 0.308219 0.232311 0.223325
410 0 1 36 254 155 0.232258 0.181434 0.176039
411 0 1 70 316 250 0.28 0.249049 0.24735
412 0 1 46 252 245 0.187755 0.185129 0.185111
413 0 1 68 261 269 0.260536 0.256633 0.256604
414 0 1 43 286 251 0.171315 0.16049 0.160149
415 0 1 16 187 128 0.125 0.103418 0.101587
416 0 1 27 196 171 0.157895 0.147482 0.147139
417 0 1 27 195 166 0.162651 0.15007 0.149584
418 0 1 23 223 190 0.121053 0.111737 0.11138
419 0 1 58 240 242 0.241667 0.240666 0.240664
420 0 1 49 220 230 0.222727 0.217832 0.217778
421 0 1 48 206 226 0.23301 0.222461 0.222222
422 0 1 20 214 181 0.110497 0.101621 0.101266
423 0 1 24 174 180 0.137931 0.135613 0.135593
424 0 1 45 222 247 0.202703 0.192171 0.191898
425 0 1 44 267 255 0.172549 0.168627 0.168582
426 0 1 41 242 281 0.169421 0.157226 0.156788
427 0 1 31 262 233 0.133047 0.125468 0.125253
428 0 1 39 290 278 0.140288 0.137355 0.137324
429 0 1 36 297 255 0.141176 0.130814 0.130435
430 0 1 37 295 270 0.137037 0.131102 0.130973
431 0 1 58 309 325 0.187702 0.183024 0.182965
432 0 1 56 259 272 0.216216 0.210986 0.210923
433 0 1 45 237 236 0.190678 0.190275 0.190275
434 0 1 34 249 199 0.170854 0.15274 0.151786
435 0 1 64 309 273 0.234432 0.220353 0.219931
436 0 1 55 273 250 0.22 0.210529 0.210325
437 0 1 50 325 254 0.19685 0.174025 0.172712
438 0 1 77 317 304 0.253289 0.248041 0.247987
439 0 1 43 253 246 0.174797 0.172362 0.172345
440 0 1 18 166 130 0.138462 0.122531 0.121622
441 0 1 17 190 173 0.0982659 0.0937668 0.0936639
442 0 1 11 150 124 0.0887097 0.0806559 0.080292
443 0 1 18 153 144 0.125 0.121268 0.121212
444 0 1 17 177 161 0.10559 0.100705 0.100592
445 0 1 30 255 162 0.185185 0.147602 0.143885
446 0 1 39 303 199 0.19598 0.158824 0.155378
447 0 1 54 325 174 0.310345 0.227079 0.216433
448 0 1 56 364 217 0.258065 0.199254 0.192771
449 0 1 75 434 268 0.279851 0.219912 0.213675
450 0 1 121 436 344 0.351744 0.312437 0.310256
451 0 1 148 507 464 0.318966 0.30514 0.30484
452 0 1 176 508 459 0.383442 0.364481 0.364012
453 0 1 166 503 458 0.362445 0.345853 0.345473
454 0 1 178 501 482 0.369295 0.362224 0.362157
455 0 1 173 514 478 0.361925 0.34902 0.34879
456 0 1 170 501 499 0.340681 0.340001 0.34
457 0 1 170 517 512 0.332031 0.330422 0.330418
458 0 1 180 505 506 0.356436 0.356083 0.356083
459 0 1 173 527 494 0.350202 0.339061 0.338883
460 0 1 165 522 427 0.386417 0.34949 0.347734
461 0 1 171 560 496 0.344758 0.32446 0.323864
462 0 1 199 550 533 0.373358 0.367543 0.367498
463 0 1 187 564 529 0.353497 0.342353 0.342177
464 0 1 202 548 522 0.386973 0.377682 0.37757
465 0 1 206 532 510 0.403922 0.395482 0.395393
466 0 1 206 533 503 0.409543 0.39785 0.397683
467 0 1 202 514 491 0.411405 0.402095 0.40199
468 0 1 199 482 485 0.412863 0.411584 0.411582
469 0 1 175 484 467 0.374732 0.368092 0.368034
470 0 1 144 444 430 0.334884 0.329562 0.329519
471 0 1 185 453 489 0.408389 0.393068 0.392781
472 0 1 182 460 436 0.417431 0.406396 0.40625
473 0 1 195 494 483 0.403727 0.399206 0.399181
474 0 1 172 465 455 0.378022 0.373935 0.373913
475 0 1 176 467 466 0.377682 0.377278 0.377278
476 0 1 166 449 439 0.378132 0.373898 0.373874
477 0 1 137 449 398 0.344221 0.324083 0.323495
478 0 1 105 392 311 0.337621 0.300723 0.29872
479 0 1 116 388 369 0.314363 0.306569 0.306473
480 0 1 110 401 335 0.328358 0.300122 0.298913
481 0 1 110 383 352 0.3125 0.299586 0.29932
482 0 1 109 373 347 0.314121 0.302975 0.302778
483 0 1 95 381 266 0.357143 0.298415 0.293663
484 0 1 93 392 274 0.339416 0.283769 0.279279
485 0 1 110 371 299 0.367893 0.330271 0.328358
486 0 1 102 378 284 0.359155 0.311311 0.308157
487 0 1 108 386 306 0.352941 0.314246 0.312139
488 0 1 104 378 301 0.345515 0.308322 0.306333
489 0 1 106 397 312 0.339744 0.301185 0.299013
490 0 1 96 395 281 0.341637 0.288151 0.284024
491 0 1 112 435 336 0.333333 0.292957 0.290532
492 0 1 115 424 315 0.365079 0.314673 0.311231
493 0 1 115 428 324 0.354938 0.308819 0.305851
494 0 1 124 434 326 0.380368 0.329661 0.326316
495 0 1 128 441 344 0.372093 0.328633 0.326115
496 0 1 128 442 317 0.403785 0.341955 0.337286
497 0 1 121 440 302 0.400662 0.331937 0.326146
498 0 1 97 442 247 0.392713 0.29357 0.281567
499 0 1 121 496 355 0.340845 0.288357 0.284371
500 0 1 138 496 366 0.377049 0.32389 0.320186
501 0 1 129 481 339 0.380531 0.319461 0.314634
502 0 1 155 541 422 0.367299 0.324397 0.321911
503 0 1 164 524 432 0.37963 0.344696 0.343096
504 0 1 142 530 394 0.360406 0.310744 0.307359
505 0 1 195 531 448 0.435268 0.399805 0.398366
506 0 1 189 546 421 0.448931 0.394207 0.3909
507 0 1 178 531 422 0.421801 0.376025 0.373557
508 0 1 181 554 494 0.366397 0.345987 0.34542
509 0 1 180 542 479 0.375783 0.353269 0.352596
510 0 1 183 558 462 0.396104 0.360423 0.358824
511 0 1 185 546 479 0.386221 0.361749 0.360976
512 0 1 200 544 513 0.389864 0.378592 0.37843
513 0 1 183 526 474 0.386076 0.366496 0.366
514 0 1 191 527 500 0.382 0.372086 0.371957
515 0 1 198 522 470 0.421277 0.399743 0.399194
516 0 1 156 505 475 0.328421 0.318517 0.318367
517 0 1 169 486 463 0.365011 0.356269 0.356164
518 0 1 179 513 498 0.359438 0.354144 0.354105
519 0 1 164 479 483 0.34238 0.340959 0.340956
520 0 1 162 490 462 0.350649 0.340483 0.340336
521 0 1 154 477 441 0.349206 0.33577 0.335512
522 0 1 123 450 393 0.312977 0.292484 0.291815
523 0 1 157 484 500 0.32438 0.319148 0.319106
524 0 1 135 449 389 0.347044 0.323025 0.322196
525 0 1 109 441 335 0.325373 0.283586 0.280928
526 0 1 124 427 339 0.365782 0.325918 0.32376
527 0 1 148 481 448 0.330357 0.318823 0.318622
528 0 1 145 455 435 0.333333 0.325925 0.325843
529 0 1 151 471 431 0.350348 0.335141 0.334812
530 0 1 123 421 421 0.292162 0.292162 0.292162
531 0 1 136 448 405 0.335802 0.319281 0.318875
532 0 1 134 442 402 0.333333 0.317893 0.317536
533 0 1 120 397 393 0.305344 0.303801 0.303797
534 0 1 109 390 406 0.279487 0.273925 0.273869
535 0 1 101 366 247 0.408907 0.335917 0.329527
536 0 1 119 387 374 0.318182 0.312792 0.312746
537 0 1 115 384 336 0.342262 0.320157 0.319444
538 0 1 122 407 371 0.328841 0.313961 0.313625
539 0 1 121 394 342 0.353801 0.329628 0.328804
540 0 1 119 407 407 0.292383 0.292383 0.292383
541 0 1 116 421 357 0.32493 0.299215 0.298201
542 0 1 135 455 411 0.328467 0.312182 0.311778
543 0 1 148 443 428 0.345794 0.33989 0.339839
544 0 1 145 525 477 0.303983 0.289754 0.289421
545 0 1 147 526 477 0.308176 0.293471 0.293121
546 0 1 142 525 489 0.290389 0.280256 0.280079
547 0 1 91 443 258 0.352713 0.269172 0.259629
548 0 1 185 578 523 0.353729 0.336478 0.336058
549 0 1 124 514 393 0.315522 0.275895 0.273429
550 0 1 116 532 344 0.337209 0.271158 0.26484
551 0 1 151 519 383 0.394256 0.338683 0.334812
552 0 1 176 570 488 0.360656 0.333707 0.332703
553 0 1 148 543 418 0.354067 0.310652 0.308012
554 0 1 198 557 484 0.409091 0.381342 0.380403
555 0 1 187 579 504 0.371032 0.346168 0.345337
556 0 1 195 553 486 0.401235 0.376144 0.375361
557 0 1 191 552 495 0.385859 0.365394 0.364852
558 0 1 212 531 494 0.42915 0.413928 0.413659
559 0 1 208 560 506 0.411067 0.390746 0.390244
560 0 1 208 551 476 0.436975 0.406148 0.405063
561 0 1 190 553 487 0.390144 0.366123 0.365385
562 0 1 220 560 478 0.460251 0.425221 0.423892
563 0 1 220 548 482 0.456432 0.428064 0.427184
564 0 1 211 546 467 0.45182 0.417857 0.416584
565 0 1 230 556 541 0.425139 0.419365 0.419325
566 0 1 210 533 501 0.419162 0.406384 0.40619
567 0 1 203 525 465 0.436559 0.410856 0.410101
568 0 1 188 521 464 0.405172 0.382367 0.381726
569 0 1 193 538 495 0.389899 0.373993 0.373669
570 0 1 178 511 482 0.369295 0.358663 0.35851
571 0 1 155 477 402 0.385572 0.353964 0.352674
572 0 1 165 495 431 0.382831 0.357226 0.356371
573 0 1 155 469 431 0.359629 0.344752 0.344444
574 0 1 159 466 403 0.394541 0.366903 0.365938
575 0 1 144 460 393 0.366412 0.338678 0.337632
576 0 1 147 466 349 0.421203 0.364512 0.360736
577 0 1 147 493 396 0.371212 0.332695 0.330709
578 0 1 129 479 385 0.335065 0.300394 0.298611
579 0 1 119 464 295 0.40339 0.321645 0.31357
580 0 1 124 458 337 0.367953 0.315627 0.31195
581 0 1 135 504 379 0.356201 0.308886 0.305776
582 0 1 131 491 389 0.336761 0.299748 0.297727
583 0 1 113 465 352 0.321023 0.279306 0.276622
584 0 1 117 459 309 0.378641 0.310671 0.304688
585 0 1 124 520 417 0.297362 0.266288 0.264674
586 0 1 122 486 382 0.319372 0.283146 0.281106
587 0 1 122 492 371 0.328841 0.285555 0.282735
588 0 1 124 472 382 0.324607 0.292024 0.290398
589 0 1 136 468 378 0.359788 0.323348 0.321513
590 0 1 126 472 355 0.35493 0.307812 0.304716
591 0 1 126 465 354 0.355932 0.310558 0.307692
592 0 1 152 450 379 0.401055 0.368059 0.366707
593 0 1 129 463 355 0.36338 0.318189 0.315403
594 0 1 160 470 389 0.411311 0.374194 0.372526
595 0 1 139 462 360 0.386111 0.340834 0.3382
596 0 1 155 479 390 0.397436 0.358618 0.356732
597 0 1 153 483 391 0.391304 0.35207 0.350114
598 0 1 164 517 401 0.408978 0.360186 0.357298
599 0 1 163 532 397 0.410579 0.35468 0.350915
600 0 1 177 522 393 0.450382 0.390788 0.386885
601 0 1 119 463 209 0.569378 0.382546 0.354167
602 0 1 175 540 397 0.440806 0.37796 0.373533
603 0 1 137 520 287 0.477352 0.354632 0.339529
604 0 1 93 448 215 0.432558 0.299657 0.280543
605 0 1 141 522 329 0.428571 0.34024 0.331375
606 0 1 139 495 312 0.445513 0.3537 0.344486
607 0 1 188 548 407 0.461916 0.39808 0.393717
608 0 1 155 534 381 0.406824 0.343636 0.338798
609 0 1 184 548 420 0.438095 0.383533 0.380165
610 0 1 167 553 440 0.379545 0.338554 0.336354
611 0 1 198 531 490 0.404082 0.388168 0.387855
612 0 1 199 547 483 0.412008 0.387156 0.386408
613 0 1 214 561 522 0.409962 0.395455 0.395199
614 0 1 199 555 504 0.394841 0.376263 0.375826
615 0 1 196 538 497 0.394366 0.379041 0.378744
616 0 1 160 522 442 0.361991 0.333099 0.33195
617 0 1 168 546 489 0.343558 0.325131 0.324638
618 0 1 147 476 363 0.404959 0.353639 0.350417
619 0 1 178 499 444 0.400901 0.378162 0.377519
620 0 1 161 473 399 0.403509 0.370603 0.369266
621 0 1 152 460 373 0.407507 0.366953 0.364946
622 0 1 182 493 486 0.374486 0.371817 0.371808
623 0 1 153 486 479 0.319415 0.317107 0.317098
624 0 1 149 487 426 0.349765 0.327127 0.326396
625 0 1 178 471 463 0.384449 0.38117 0.381156
626 0 1 152 497 467 0.325482 0.315506 0.315353
627 0 1 150 470 438 0.342466 0.330602 0.330396
628 0 1 163 450 422 0.386256 0.374046 0.373853
629 0 1 158 460 468 0.343478 0.34053 0.340517
630 0 1 124 447 390 0.317949 0.296986 0.296296
631 0 1 114 426 322 0.354037 0.307802 0.304813
632 0 1 80 358 243 0.329218 0.271235 0.266223
633 0 1 88 349 250 0.352 0.29792 0.293823
634 0 1 102 393 286 0.356643 0.304243 0.300442
635 0 1 100 384 299 0.334448 0.29512 0.292826
636 0 1 96 371 291 0.329897 0.292171 0.29003
637 0 1 112 353 305 0.367213 0.341335 0.340426
638 0 1 98 382 312 0.314103 0.283868 0.282421
639 0 1 104 367 306 0.339869 0.310341 0.309064
640 0 1 114 349 328 0.347561 0.336942 0.33678
641 0 1 86 331 267 0.322097 0.289287 0.287625
642 0 1 105 395 339 0.309735 0.28694 0.286104
643 0 1 105 373 324 0.324074 0.302039 0.301291
644 0 1 86 355 282 0.304965 0.271806 0.270016
645 0 1 98 342 274 0.357664 0.320138 0.318182
646 0 1 80 374 284 0.28169 0.245468 0.243161
647 0 1 94 384 262 0.358779 0.296355 0.291022
648 0 1 68 364 232 0.293103 0.233999 0.228188
649 0 1 90 365 263 0.342205 0.290481 0.286624
650 0 1 69 373 270 0.255556 0.217427 0.214619
651 0 1 96 377 288 0.333333 0.291343 0.288722
652 0 1 119 403 295 0.40339 0.345131 0.340974
653 0 1 101 398 291 0.347079 0.296779 0.293179
654 0 1 127 425 297 0.427609 0.357463 0.351801
655 0 1 86 366 253 0.339921 0.282617 0.277868
656 0 1 131 505 373 0.351206 0.301836 0.298405
657 0 1 139 480 345 0.402899 0.341574 0.33697
658 0 1 85 364 250 0.34 0.281772 0.276873
659 0 1 123 479 390 0.315385 0.28458 0.283084
660 0 1 130 463 354 0.367232 0.321108 0.318237
661 0 1 96 369 263 0.365019 0.308163 0.303797
662 0 1 145 500 396 0.366162 0.325863 0.323661
663 0 1 161 467 398 0.404523 0.373444 0.372254
664 0 1 110 427 310 0.354839 0.302342 0.298507
665 0 1 152 472 380 0.4 0.358906 0.356808
666 0 1 146 450 379 0.385224 0.353531 0.352232
667 0 1 148 452 335 0.441791 0.380338 0.376112
668 0 1 132 455 331 0.398792 0.340137 0.335878
669 0 1 123 436 304 0.404605 0.337851 0.332432
670 0 1 163 478 360 0.452778 0.392937 0.389021
671 0 1 183 509 457 0.400438 0.379432 0.378882
672 0 1 150 494 413 0.363196 0.332088 0.330761
673 0 1 139 483 346 0.401734 0.340019 0.335344
674 0 1 161 477 430 0.374419 0.355494 0.355017
675 0 1 140 492 358 0.391061 0.333583 0.329412
676 0 1 182 522 462 0.393939 0.370608 0.369919
677 0 1 158 522 443 0.356659 0.328564 0.327461
678 0 1 169 506 461 0.366594 0.349914 0.349535
679 0 1 175 543 477 0.366876 0.343858 0.343137
680 0 1 176 522 469 0.375267 0.355706 0.355197
681 0 1 165 509 429 0.384615 0.353099 0.351812
682 0 1 182 528 454 0.400881 0.371729 0.370672
683 0 1 186 536 490 0.379592 0.362938 0.362573
684 0 1 172 484 368 0.467391 0.407551 0.403756
685 0 1 168 494 406 0.413793 0.375131 0.373333
686 0 1 179 489 413 0.433414 0.398312 0.396896
687 0 1 165 533 447 0.369128 0.338039 0.336735
688 0 1 156 506 399 0.390977 0.347187 0.344751
689 0 1 165 505 404 0.408416 0.365298 0.363036
690 0 1 154 495 375 0.410667 0.357439 0.354023
691 0 1 170 541 428 0.397196 0.353288 0.350877
692 0 1 154 512 395 0.389873 0.342442 0.339581
693 0 1 149 506 421 0.353919 0.322827 0.321467
694 0 1 160 526 351 0.45584 0.372369 0.36488
695 0 1 151 502 359 0.420613 0.355695 0.350755
696 0 1 120 467 329 0.364742 0.306143 0.301508
697 0 1 140 465 316 0.443038 0.365223 0.358515
698 0 1 144 458 360 0.4 0.354632 0.352078
699 0 1 103 439 304 0.338816 0.281947 0.277254
700 0 1 113 458 370 0.305405 0.274502 0.272947
701 0 1 112 438 361 0.310249 0.281661 0.28035
702 0 1 123 452 364 0.337912 0.303239 0.301471
703 0 1 105 434 378 0.277778 0.259238 0.258621
704 0 1 112 434 334 0.335329 0.294171 0.291667
705 0 1 130 452 311 0.418006 0.346732 0.34076
706 0 1 134 482 367 0.365123 0.318602 0.315665
707 0 1 145 495 393 0.368957 0.328753 0.326577
708 0 1 148 490 438 0.3379 0.319467 0.318966
709 0 1 137 509 372 0.36828 0.31484 0.31101
710 0 1 161 536 459 0.350763 0.324591 0.323618
711 0 1 159 535 414 0.384058 0.337847 0.33509
712 0 1 113 503 305 0.370492 0.288499 0.279703
713 0 1 151 529 292 0.517123 0.3842 0.367844
714 0 1 138 561 353 0.390935 0.310106 0.301969
715 0 1 146 532 383 0.381201 0.323443 0.319126
716 0 1 155 501 329 0.471125 0.381781 0.373494
717 0 1 161 520 354 0.454802 0.375252 0.368421
718 0 1 182 556 461 0.394794 0.359487 0.357915
719 0 1 139 495 312 0.445513 0.3537 0.344486
720 0 1 168 502 371 0.45283 0.389288 0.38488
721 0 1 169 543 449 0.376392 0.342266 0.340726
722 0 1 142 494 349 0.406877 0.341989 0.336892
723 0 1 165 517 430 0.383721 0.349949 0.348469
724 0 1 149 487 330 0.451515 0.371676 0.364749
725 0 1 152 483 407 0.373464 0.342825 0.341573
726 0 1 153 484 419 0.365155 0.339752 0.33887
727 0 1 151 476 376 0.401596 0.356927 0.35446
728 0 1 155 491 454 0.34141 0.328294 0.328042
729 0 1 141 505 414 0.34058 0.308371 0.306855
730 0 1 130 474 392 0.331633 0.301586 0.300231
731 0 1 153 500 394 0.388325 0.344714 0.342282
732 0 1 150 457 388 0.386598 0.356219 0.35503
733 0 1 149 489 470 0.317021 0.310801 0.31074
734 0 1 122 447 390 0.312821 0.292196 0.291517
735 0 1 130 447 397 0.327456 0.308599 0.308057
736 0 1 112 410 368 0.304348 0.288338 0.287918
737 0 1 101 433 360 0.280556 0.255815 0.254729
738 0 1 126 455 373 0.337802 0.305851 0.304348
739 0 1 110 427 363 0.30303 0.279399 0.278481
740 0 1 120 450 356 0.337079 0.299813 0.297767
741 0 1 151 474 385 0.392208 0.353474 0.351572
742 0 1 131 455 368 0.355978 0.320141 0.318348
743 0 1 144 477 362 0.39779 0.346537 0.343266
744 0 1 134 486 374 0.358289 0.314305 0.311628
745 0 1 149 480 393 0.379135 0.343059 0.341352
746 0 1 130 494 369 0.352304 0.304486 0.301275
747 0 1 148 472 387 0.382429 0.346286 0.344587
748 0 1 159 497 410 0.387805 0.352231 0.350606
749 0 1 162 496 418 0.38756 0.355784 0.354486
750 0 1 164 502 423 0.387707 0.355895 0.354595
751 0 1 158 499 416 0.379808 0.346785 0.345355
752 0 1 170 510 461 0.368764 0.350601 0.350154
753 0 1 164 511 408 0.401961 0.359173 0.35691
754 0 1 178 508 446 0.399103 0.373956 0.373166
755 0 1 186 507 467 0.398287 0.382253 0.38193
756 0 1 161 513 424 0.379717 0.345211 0.34365
757 0 1 155 500 415 0.373494 0.340269 0.338798
758 0 1 178 522 470 0.378723 0.359365 0.358871
759 0 1 177 524 418 0.423445 0.378198 0.375796
760 0 1 173 512 427 0.405152 0.369996 0.368477
761 0 1 168 553 461 0.364425 0.332733 0.331361
762 0 1 172 553 454 0.378855 0.343272 0.341609
763 0 1 162 542 461 0.35141 0.324089 0.323031
764 0 1 175 545 467 0.374732 0.346882 0.34585
765 0 1 181 538 470 0.385106 0.359947 0.359127
766 0 1 187 546 474 0.394515 0.367584 0.366667
767 0 1 178 525 462 0.385281 0.361426 0.360689
768 0 1 183 541 473 0.386892 0.361761 0.360947
769 0 1 169 548 435 0.388506 0.34614 0.343845
770 0 1 173 552 460 0.376087 0.343319 0.341897
771 0 1 181 539 475 0.381053 0.357715 0.357002
772 0 1 164 535 454 0.361233 0.332766 0.331648
773 0 1 185 551 449 0.412027 0.37194 0.37
774 0 1 170 539 440 0.386364 0.349083 0.347293
775 0 1 175 525 457 0.382932 0.357273 0.356415
776 0 1 162 532 427 0.379391 0.339895 0.337852
777 0 1 169 518 433 0.3903 0.356844 0.355415
778 0 1 173 525 434 0.398618 0.362428 0.360792
779 0 1 169 510 424 0.398585 0.363428 0.361884
780 0 1 166 531 516 0.321705 0.317129 0.317096
781 0 1 167 535 503 0.332008 0.321926 0.321773
782 0 1 171 544 481 0.355509 0.334291 0.333659
783 0 1 143 520 467 0.30621 0.290186 0.289767
784 0 1 176 537 450 0.391111 0.35803 0.356636
785 0 1 179 542 454 0.394273 0.360849 0.359438
786 0 1 170 530 476 0.357143 0.33846 0.337972
787 0 1 174 535 462 0.376623 0.349987 0.349047
788 0 1 164 534 455 0.36044 0.332711 0.331648
789 0 1 173 538 474 0.364979 0.342583 0.341897
790 0 1 171 546 448 0.381696 0.345749 0.344064
791 0 1 168 522 480 0.35 0.335624 0.335329
792 0 1 175 526 481 0.363825 0.347915 0.347567
793 0 1 192 528 489 0.392638 0.377859 0.377581
794 0 1 185 523 483 0.383023 0.368084 0.367793
795 0 1 183 526 456 0.401316 0.373659 0.372709
796 0 1 188 532 474 0.396624 0.37438 0.373757
797 0 1 176 542 466 0.377682 0.350203 0.349206

# ---------- Global Summary ----------
# CorrFrames: 775
avg_CorrEdges: 125.768
avg_match_A: 451.199
avg_match_B: 354.934
global_RI_MNR: 0.354341
global_RI_GNR: 0.314276
global_RI_DICE: 0.312027

# ---------- Per-Channel Summary ----------
chA: 0 chB: 1 | avgC: 125.768 avgA: 451.199 avgB: 354.934 MNR: 0.343287 GNR: 0.301118 DICE: 0.297545
