#frame chA chB nCorr nA nB MNR GNR DICE
23 0 1 0 349 222 0 0 0
24 0 1 0 351 218 0 0 0
25 0 1 0 348 236 0 0 0
26 0 1 0 332 244 0 0 0
27 0 1 32 335 232 0.137931 0.114785 0.112875
28 0 1 49 316 230 0.213043 0.181756 0.179487
29 0 1 54 301 224 0.241071 0.207963 0.205714
30 0 1 58 510 324 0.179012 0.142682 0.139089
31 0 1 56 464 274 0.20438 0.157056 0.151762
32 0 1 58 449 256 0.226562 0.171074 0.164539
33 0 1 40 379 158 0.253165 0.16346 0.148976
34 0 1 64 444 228 0.280702 0.20115 0.190476
35 0 1 83 479 285 0.291228 0.22464 0.217277
36 0 1 101 474 273 0.369963 0.28077 0.270415
37 0 1 117 482 292 0.400685 0.311868 0.302326
38 0 1 116 477 307 0.37785 0.30313 0.295918
39 0 1 128 486 301 0.425249 0.334664 0.325286
40 0 1 143 480 309 0.462783 0.37131 0.362484
41 0 1 118 488 278 0.42446 0.320368 0.308094
42 0 1 130 491 292 0.445205 0.34333 0.332056
43 0 1 121 485 263 0.460076 0.338795 0.323529
44 0 1 136 482 293 0.464164 0.361894 0.350968
45 0 1 142 581 373 0.380697 0.305032 0.297694
46 0 1 124 564 338 0.366864 0.284004 0.274945
47 0 1 119 546 331 0.359517 0.279922 0.27138
48 0 1 141 547 338 0.41716 0.327919 0.318644
49 0 1 138 517 333 0.414414 0.332592 0.324706
50 0 1 115 565 361 0.31856 0.254636 0.24838
51 0 1 139 556 400 0.3475 0.294746 0.290795
52 0 1 146 534 383 0.381201 0.322837 0.31843
53 0 1 145 544 392 0.369898 0.313997 0.309829
54 0 1 143 524 379 0.377309 0.320886 0.316722
55 0 1 116 480 304 0.381579 0.303669 0.295918
56 0 1 127 526 346 0.367052 0.297696 0.291284
57 0 1 116 524 320 0.3625 0.283281 0.274882
58 0 1 112 499 271 0.413284 0.304567 0.290909
59 0 1 123 540 356 0.345506 0.280533 0.274554
60 0 1 125 518 332 0.376506 0.301423 0.294118
61 0 1 131 497 303 0.432343 0.337576 0.3275
62 0 1 128 491 282 0.453901 0.343989 0.331177
63 0 1 129 486 270 0.477778 0.356115 0.34127
64 0 1 122 531 379 0.3219 0.271952 0.268132
65 0 1 104 509 335 0.310448 0.251856 0.246445
66 0 1 100 486 298 0.33557 0.262769 0.255102
67 0 1 88 500 346 0.254335 0.211573 0.208038
68 0 1 96 488 340 0.282353 0.23568 0.231884
69 0 1 88 471 308 0.285714 0.231045 0.225931
70 0 1 88 448 272 0.323529 0.252092 0.244444
71 0 1 88 502 326 0.269939 0.217531 0.21256
72 0 1 76 441 264 0.287879 0.222737 0.215603
73 0 1 27 345 136 0.198529 0.124648 0.112266
74 0 1 31 348 168 0.184524 0.128209 0.120155
75 0 1 28 326 125 0.224 0.138706 0.124169
76 0 1 24 297 98 0.244898 0.140676 0.121519
77 0 1 29 300 109 0.266055 0.16037 0.141809
78 0 1 23 287 103 0.223301 0.133773 0.117949
79 0 1 28 263 102 0.27451 0.170954 0.153425
80 0 1 33 257 104 0.317308 0.201851 0.182825
81 0 1 27 252 118 0.228814 0.156575 0.145946
82 0 1 28 262 122 0.229508 0.156613 0.145833
83 0 1 36 251 117 0.307692 0.210074 0.195652
84 0 1 33 251 120 0.275 0.190146 0.177898
85 0 1 38 253 133 0.285714 0.207156 0.196891
86 0 1 52 268 142 0.366197 0.266558 0.253659
87 0 1 49 268 150 0.326667 0.24439 0.23445
88 0 1 53 276 154 0.344156 0.257076 0.246512
89 0 1 43 263 112 0.383929 0.250543 0.229333
90 0 1 34 261 100 0.34 0.210455 0.188366
91 0 1 59 410 253 0.233202 0.183189 0.177979
92 0 1 62 427 235 0.26383 0.195724 0.187311
93 0 1 58 414 232 0.25 0.187147 0.179567
94 0 1 68 435 242 0.280992 0.209583 0.200886
95 0 1 117 480 372 0.314516 0.276881 0.274648
96 0 1 131 505 364 0.35989 0.305545 0.301496
97 0 1 112 506 374 0.299465 0.257458 0.254545
98 0 1 139 510 388 0.358247 0.312474 0.309577
99 0 1 169 540 407 0.415233 0.360489 0.356917
100 0 1 182 595 505 0.360396 0.332022 0.330909
101 0 1 187 578 532 0.351504 0.337227 0.336937
102 0 1 197 611 531 0.370998 0.345858 0.345009
103 0 1 184 587 499 0.368737 0.339976 0.338858
104 0 1 206 607 521 0.395393 0.366314 0.365248
105 0 1 207 606 514 0.402724 0.370896 0.369643
106 0 1 203 586 498 0.407631 0.375779 0.374539
107 0 1 218 608 517 0.421663 0.38883 0.387556
108 0 1 189 574 464 0.407328 0.366224 0.364162
109 0 1 197 614 513 0.384016 0.351013 0.349601
110 0 1 176 556 466 0.377682 0.345766 0.344423
111 0 1 168 537 447 0.375839 0.342901 0.341463
112 0 1 181 600 482 0.375519 0.336573 0.334566
113 0 1 174 544 465 0.374194 0.345958 0.344896
114 0 1 162 544 435 0.372414 0.33302 0.33095
115 0 1 155 563 491 0.315682 0.294806 0.294118
116 0 1 169 550 457 0.369803 0.337091 0.33565
117 0 1 141 517 447 0.315436 0.293305 0.292531
118 0 1 129 489 441 0.292517 0.27779 0.277419
119 0 1 151 514 424 0.356132 0.323454 0.321962
120 0 1 159 538 467 0.340471 0.31721 0.316418
121 0 1 141 486 418 0.337321 0.312833 0.311947
122 0 1 153 500 412 0.371359 0.337099 0.335526
123 0 1 149 515 451 0.330377 0.309168 0.308489
124 0 1 158 498 430 0.367442 0.341435 0.340517
125 0 1 120 404 321 0.373832 0.333225 0.331034
126 0 1 120 491 322 0.372671 0.301795 0.295203
127 0 1 117 449 389 0.300771 0.279955 0.279236
128 0 1 126 479 378 0.333333 0.296113 0.294049
129 0 1 153 489 461 0.331887 0.322245 0.322105
130 0 1 157 500 428 0.366822 0.339385 0.338362
131 0 1 175 518 470 0.37234 0.35467 0.354251
132 0 1 177 562 511 0.34638 0.330289 0.329916
133 0 1 184 566 488 0.377049 0.350106 0.349146
134 0 1 204 584 522 0.390805 0.369478 0.368897
135 0 1 187 539 466 0.401288 0.373125 0.372139
136 0 1 185 535 448 0.412946 0.377882 0.376399
137 0 1 178 573 501 0.355289 0.332219 0.331471
138 0 1 211 604 544 0.387868 0.368099 0.367596
139 0 1 192 571 552 0.347826 0.34199 0.341941
140 0 1 194 561 527 0.368121 0.356792 0.356618
141 0 1 210 551 542 0.387454 0.384277 0.384263
142 0 1 232 580 545 0.425688 0.412644 0.412444
143 0 1 249 594 630 0.419192 0.407039 0.406863
144 0 1 197 568 556 0.354317 0.350554 0.350534
145 0 1 247 615 593 0.416526 0.409008 0.40894
146 0 1 240 617 626 0.388979 0.386173 0.386163
147 0 1 246 598 559 0.440072 0.425479 0.425238
148 0 1 235 613 573 0.410122 0.396516 0.39629
149 0 1 201 617 528 0.380682 0.352157 0.351092
150 0 1 230 593 536 0.429104 0.40796 0.40744
151 0 1 199 581 484 0.411157 0.375269 0.373709
152 0 1 215 603 504 0.426587 0.39 0.388437
153 0 1 195 587 423 0.460993 0.391332 0.386139
154 0 1 171 564 367 0.46594 0.375858 0.367347
155 0 1 149 556 393 0.379135 0.318752 0.314015
156 0 1 174 583 429 0.405594 0.347926 0.343874
157 0 1 171 549 429 0.398601 0.352356 0.349693
158 0 1 150 545 413 0.363196 0.316168 0.313152
159 0 1 165 526 397 0.415617 0.361074 0.35753
160 0 1 149 499 360 0.413889 0.351548 0.346915
161 0 1 146 522 413 0.353511 0.314443 0.312299
162 0 1 143 511 389 0.367609 0.320738 0.317778
163 0 1 137 500 376 0.364362 0.315967 0.312785
164 0 1 119 488 342 0.347953 0.291289 0.286747
165 0 1 110 489 387 0.284238 0.252862 0.251142
166 0 1 138 511 397 0.347607 0.306389 0.303965
167 0 1 149 517 404 0.368812 0.326025 0.323561
168 0 1 155 515 407 0.380835 0.338556 0.336226
169 0 1 154 507 415 0.371084 0.335732 0.334056
170 0 1 148 501 411 0.360097 0.326153 0.324561
171 0 1 152 485 415 0.366265 0.338804 0.337778
172 0 1 148 483 392 0.377551 0.34013 0.338286
173 0 1 130 494 420 0.309524 0.285401 0.284464
174 0 1 112 456 353 0.31728 0.279157 0.276885
175 0 1 84 414 286 0.293706 0.244116 0.24
176 0 1 44 349 195 0.225641 0.168664 0.161765
177 0 1 56 341 205 0.273171 0.211804 0.205128
178 0 1 65 341 310 0.209677 0.19992 0.199693
179 0 1 55 314 316 0.175159 0.174604 0.174603
180 0 1 45 285 245 0.183673 0.170297 0.169811
181 0 1 51 324 294 0.173469 0.165243 0.165049
182 0 1 51 289 258 0.197674 0.186772 0.186472
183 0 1 61 290 281 0.217082 0.213687 0.21366
184 0 1 60 316 272 0.220588 0.204655 0.204082
185 0 1 58 282 260 0.223077 0.214199 0.214022
186 0 1 66 263 253 0.26087 0.255862 0.255814
187 0 1 54 290 270 0.2 0.19298 0.192857
188 0 1 64 291 283 0.226148 0.223018 0.222997
189 0 1 56 264 304 0.212121 0.197674 0.197183
190 0 1 34 225 145 0.234483 0.188236 0.183784
191 0 1 39 248 158 0.246835 0.19702 0.192118
192 0 1 44 243 246 0.18107 0.179962 0.179959
193 0 1 36 267 171 0.210526 0.16848 0.164384
194 0 1 36 244 278 0.147541 0.138225 0.137931
195 0 1 34 209 177 0.19209 0.176774 0.176166
196 0 1 29 242 263 0.119835 0.114951 0.114851
197 0 1 43 228 266 0.188596 0.174606 0.174089
198 0 1 33 216 225 0.152778 0.149691 0.14966
199 0 1 35 261 214 0.163551 0.148095 0.147368
200 0 1 44 254 191 0.230366 0.199765 0.197753
201 0 1 34 250 210 0.161905 0.148388 0.147826
202 0 1 46 271 200 0.23 0.197587 0.195329
203 0 1 43 242 261 0.177686 0.171096 0.170974
204 0 1 50 275 284 0.181818 0.178914 0.178891
205 0 1 60 327 254 0.23622 0.20819 0.20654
206 0 1 66 304 300 0.22 0.218548 0.218543
207 0 1 61 303 302 0.201987 0.201653 0.201653
208 0 1 78 330 319 0.244514 0.240404 0.24037
209 0 1 62 285 259 0.239382 0.228202 0.227941
210 0 1 68 338 225 0.302222 0.246581 0.241563
211 0 1 67 304 217 0.308756 0.26086 0.257198
212 0 1 73 355 265 0.275472 0.238005 0.235484
213 0 1 49 325 221 0.221719 0.182835 0.179487
214 0 1 38 274 105 0.361905 0.224034 0.200528
215 0 1 48 275 132 0.363636 0.251935 0.235872
216 0 1 47 348 222 0.211712 0.169095 0.164912
217 0 1 49 331 216 0.226852 0.183255 0.179159
218 0 1 93 380 314 0.296178 0.269232 0.268012
219 0 1 114 422 379 0.300792 0.285055 0.284644
220 0 1 121 418 404 0.299505 0.294447 0.294404
221 0 1 127 435 421 0.301663 0.296769 0.296729
222 0 1 133 445 464 0.298876 0.292693 0.292629
223 0 1 138 461 464 0.299349 0.29838 0.298378
224 0 1 158 457 475 0.345733 0.339119 0.339056
225 0 1 134 421 399 0.33584 0.326947 0.326829
226 0 1 131 458 434 0.301843 0.293828 0.293722
227 0 1 156 478 464 0.336207 0.331247 0.33121
228 0 1 170 508 539 0.334646 0.32488 0.324737
229 0 1 160 483 463 0.345572 0.338342 0.338266
230 0 1 157 537 498 0.315261 0.303597 0.303382
231 0 1 136 487 361 0.376731 0.324355 0.320755
232 0 1 127 489 413 0.307506 0.282601 0.281596
233 0 1 164 494 460 0.356522 0.344034 0.343816
234 0 1 165 476 480 0.346639 0.345191 0.345188
235 0 1 162 480 467 0.346895 0.342165 0.342133
236 0 1 167 469 452 0.369469 0.362711 0.362649
237 0 1 140 475 481 0.294737 0.292893 0.292887
238 0 1 143 437 387 0.369509 0.347728 0.347087
239 0 1 122 420 346 0.352601 0.320035 0.318538
240 0 1 128 424 396 0.323232 0.312377 0.312195
241 0 1 126 423 403 0.312655 0.305174 0.305085
242 0 1 124 415 361 0.34349 0.320364 0.319588
243 0 1 132 421 389 0.339332 0.326181 0.325926
244 0 1 107 458 331 0.323263 0.274813 0.271229
245 0 1 116 449 312 0.371795 0.309926 0.304862
246 0 1 107 443 276 0.387681 0.306004 0.297636
247 0 1 95 418 240 0.395833 0.299937 0.288754
248 0 1 112 437 260 0.430769 0.33227 0.321377
249 0 1 92 405 223 0.412556 0.306131 0.292994
250 0 1 106 427 245 0.432653 0.327724 0.315476
251 0 1 103 409 224 0.459821 0.340292 0.325434
252 0 1 105 455 245 0.428571 0.314485 0.3
253 0 1 108 438 260 0.415385 0.320037 0.309456
254 0 1 100 415 260 0.384615 0.304431 0.296296
255 0 1 114 463 308 0.37013 0.301883 0.29572
256 0 1 102 416 294 0.346939 0.291662 0.287324
257 0 1 91 460 291 0.312715 0.248723 0.242344
258 0 1 95 429 272 0.349265 0.278106 0.271041
259 0 1 100 453 279 0.358423 0.281286 0.273224
260 0 1 116 468 302 0.384106 0.308554 0.301299
261 0 1 87 451 295 0.294915 0.238517 0.233244
262 0 1 98 486 326 0.300613 0.246206 0.241379
263 0 1 118 491 330 0.357576 0.293146 0.287454
264 0 1 120 485 313 0.383387 0.307991 0.300752
265 0 1 108 484 272 0.397059 0.297657 0.285714
266 0 1 131 540 297 0.441077 0.327112 0.313023
267 0 1 136 511 337 0.403561 0.327728 0.320755
268 0 1 139 538 322 0.431677 0.333961 0.323256
269 0 1 141 555 313 0.450479 0.338299 0.324885
270 0 1 126 478 241 0.522822 0.371234 0.350487
271 0 1 138 548 278 0.496403 0.353563 0.33414
272 0 1 140 526 357 0.392157 0.323073 0.317101
273 0 1 120 520 258 0.465116 0.327619 0.308483
274 0 1 151 507 367 0.411444 0.350058 0.345538
275 0 1 140 549 367 0.381471 0.311895 0.305677
276 0 1 137 528 324 0.422839 0.331231 0.321596
277 0 1 141 509 381 0.370079 0.320183 0.316854
278 0 1 155 500 379 0.408971 0.356063 0.352674
279 0 1 63 346 140 0.45 0.286245 0.259259
280 0 1 94 465 202 0.465347 0.306708 0.281859
281 0 1 85 432 187 0.454545 0.299059 0.274637
282 0 1 91 459 217 0.419355 0.28834 0.269231
283 0 1 167 510 465 0.35914 0.34293 0.342564
284 0 1 97 457 234 0.41453 0.296624 0.280753
285 0 1 75 423 178 0.421348 0.273326 0.249584
286 0 1 90 452 215 0.418605 0.288705 0.269865
287 0 1 17 231 100 0.17 0.111852 0.102719
288 0 1 20 230 120 0.166667 0.120386 0.114286
289 0 1 58 387 170 0.341176 0.226125 0.208259
290 0 1 67 417 229 0.292576 0.216815 0.20743
291 0 1 137 456 412 0.332524 0.316075 0.315668
292 0 1 146 466 399 0.365915 0.338589 0.337572
293 0 1 151 473 459 0.328976 0.324071 0.324034
294 0 1 74 358 265 0.279245 0.240252 0.23756
295 0 1 52 299 173 0.300578 0.228636 0.220339
296 0 1 42 230 158 0.265823 0.220321 0.216495
297 0 1 23 209 103 0.223301 0.15676 0.147436
298 0 1 87 308 279 0.311828 0.296785 0.296422
299 0 1 26 186 143 0.181818 0.159422 0.158055
300 0 1 21 163 103 0.203883 0.162072 0.157895
301 0 1 27 256 113 0.238938 0.158747 0.146341
302 0 1 39 211 122 0.319672 0.243077 0.234234
303 0 1 82 293 245 0.334694 0.306053 0.304833
304 0 1 68 306 233 0.291846 0.254666 0.252319
305 0 1 65 305 262 0.248092 0.229939 0.229277
306 0 1 73 321 238 0.306723 0.264108 0.261181
307 0 1 62 353 297 0.208754 0.191481 0.190769
308 0 1 66 367 264 0.25 0.212036 0.209192
309 0 1 62 335 250 0.248 0.214239 0.211966
310 0 1 69 402 295 0.233898 0.200366 0.197991
311 0 1 57 384 283 0.201413 0.172908 0.170915
312 0 1 61 376 280 0.217857 0.188 0.185976
313 0 1 74 373 274 0.270073 0.231474 0.228748
314 0 1 75 352 258 0.290698 0.248874 0.245902
315 0 1 93 407 291 0.319588 0.270234 0.266476
316 0 1 68 392 247 0.275304 0.218533 0.212833
317 0 1 58 324 212 0.273585 0.221303 0.216418
318 0 1 67 387 251 0.266932 0.214972 0.210031
319 0 1 73 366 292 0.25 0.223301 0.221885
320 0 1 94 376 315 0.298413 0.273136 0.272069
321 0 1 85 392 317 0.268139 0.241127 0.239774
322 0 1 74 363 274 0.270073 0.234641 0.232339
323 0 1 83 351 282 0.294326 0.263815 0.262243
324 0 1 94 432 357 0.263305 0.23936 0.238276
325 0 1 92 400 344 0.267442 0.248015 0.247312
326 0 1 105 414 354 0.29661 0.274276 0.273438
327 0 1 85 373 294 0.289116 0.256679 0.254873
328 0 1 97 407 332 0.292169 0.263879 0.262517
329 0 1 119 380 364 0.326923 0.319966 0.319892
330 0 1 78 361 293 0.266212 0.239832 0.238532
331 0 1 55 310 179 0.307263 0.233483 0.224949
332 0 1 69 322 205 0.336585 0.268562 0.26186
333 0 1 52 290 241 0.215768 0.196696 0.195857
334 0 1 42 208 132 0.318182 0.253472 0.247059
335 0 1 40 269 135 0.296296 0.209902 0.19802
336 0 1 56 291 183 0.306011 0.24267 0.236287
337 0 1 65 311 247 0.263158 0.234523 0.232975
338 0 1 64 300 178 0.359551 0.276955 0.267782
339 0 1 73 332 216 0.337963 0.272601 0.266423
340 0 1 86 372 258 0.333333 0.277599 0.273016
341 0 1 83 376 299 0.277592 0.247542 0.245926
342 0 1 140 466 341 0.410557 0.351203 0.346964
343 0 1 139 528 457 0.304158 0.28297 0.282234
344 0 1 189 561 480 0.39375 0.364217 0.363112
345 0 1 189 568 482 0.392116 0.361214 0.36
346 0 1 174 573 499 0.348697 0.325403 0.324627
347 0 1 171 565 477 0.358491 0.329392 0.328215
348 0 1 178 545 489 0.364008 0.3448 0.344294
349 0 1 175 534 437 0.400458 0.362265 0.360453
350 0 1 166 537 527 0.314991 0.312044 0.31203
351 0 1 153 489 420 0.364286 0.337608 0.336634
352 0 1 159 523 495 0.321212 0.312495 0.312377
353 0 1 173 518 461 0.375271 0.354022 0.353422
354 0 1 164 497 438 0.374429 0.351503 0.350802
355 0 1 171 508 432 0.395833 0.365025 0.36383
356 0 1 118 448 281 0.419929 0.332575 0.323731
357 0 1 131 475 321 0.4081 0.335484 0.329146
358 0 1 147 473 299 0.491639 0.390887 0.380829
359 0 1 138 529 353 0.390935 0.319348 0.312925
360 0 1 147 470 385 0.381818 0.345572 0.34386
361 0 1 150 492 364 0.412088 0.354452 0.350467
362 0 1 134 484 299 0.448161 0.352246 0.342273
363 0 1 103 489 228 0.451754 0.308472 0.287308
364 0 1 110 494 257 0.428016 0.308718 0.292943
365 0 1 142 510 330 0.430303 0.346136 0.338095
366 0 1 148 486 326 0.453988 0.371822 0.364532
367 0 1 129 500 347 0.371758 0.309699 0.304605
368 0 1 109 490 277 0.393502 0.295862 0.284224
369 0 1 101 459 211 0.478673 0.324544 0.301493
370 0 1 130 491 303 0.429043 0.33704 0.327456
371 0 1 121 479 350 0.345714 0.295518 0.291918
372 0 1 136 478 345 0.394203 0.3349 0.330498
373 0 1 110 487 343 0.3207 0.269142 0.26506
374 0 1 115 485 324 0.354938 0.290105 0.284302
375 0 1 116 513 327 0.35474 0.283221 0.27619
376 0 1 121 476 362 0.334254 0.291493 0.288783
377 0 1 98 459 313 0.313099 0.258552 0.253886
378 0 1 116 504 380 0.305263 0.265064 0.262443
379 0 1 116 499 370 0.313514 0.269965 0.266974
380 0 1 115 513 382 0.301047 0.259781 0.256983
381 0 1 138 527 397 0.347607 0.301702 0.298701
382 0 1 139 517 404 0.344059 0.304144 0.301846
383 0 1 156 509 378 0.412698 0.355648 0.351747
384 0 1 142 547 402 0.353234 0.302818 0.299262
385 0 1 128 533 350 0.365714 0.296355 0.289921
386 0 1 143 567 347 0.412104 0.322389 0.31291
387 0 1 143 533 345 0.414493 0.333475 0.32574
388 0 1 103 505 233 0.44206 0.300271 0.279133
389 0 1 119 523 273 0.435897 0.314931 0.298995
390 0 1 159 554 417 0.381295 0.330807 0.327497
391 0 1 129 503 280 0.460714 0.343737 0.329502
392 0 1 138 551 348 0.396552 0.315147 0.307008
393 0 1 141 514 353 0.399433 0.331017 0.32526
394 0 1 81 452 237 0.341772 0.247481 0.235123
395 0 1 94 467 247 0.380567 0.276771 0.263305
396 0 1 122 450 347 0.351585 0.308737 0.306148
397 0 1 140 464 383 0.365535 0.332101 0.330579
398 0 1 123 471 321 0.383178 0.316331 0.310606
399 0 1 147 462 411 0.357664 0.337346 0.33677
400 0 1 61 380 169 0.360947 0.24071 0.222222
401 0 1 21 271 115 0.182609 0.118956 0.108808
402 0 1 91 450 211 0.43128 0.295321 0.27534
403 0 1 113 459 246 0.45935 0.336283 0.320567
404 0 1 100 454 218 0.458716 0.317866 0.297619
405 0 1 163 498 474 0.343882 0.335493 0.335391
406 0 1 109 477 251 0.434263 0.315014 0.299451
407 0 1 62 336 161 0.385093 0.266569 0.249497
408 0 1 60 349 175 0.342857 0.242784 0.229008
409 0 1 42 277 149 0.281879 0.206736 0.197183
410 0 1 40 273 159 0.251572 0.191991 0.185185
411 0 1 70 308 258 0.271318 0.248321 0.24735
412 0 1 44 257 216 0.203704 0.186749 0.186047
413 0 1 48 267 269 0.179775 0.179106 0.179104
414 0 1 39 257 222 0.175676 0.163276 0.162839
415 0 1 18 162 126 0.142857 0.125988 0.125
416 0 1 22 182 148 0.148649 0.134047 0.133333
417 0 1 21 185 159 0.132075 0.122443 0.122093
418 0 1 18 172 166 0.108434 0.106526 0.106509
419 0 1 29 223 206 0.140777 0.135304 0.135198
420 0 1 27 208 191 0.141361 0.135461 0.135338
421 0 1 23 221 230 0.104072 0.102016 0.101996
422 0 1 15 184 168 0.0892857 0.0853155 0.0852273
423 0 1 15 192 182 0.0824176 0.0802426 0.0802139
424 0 1 22 213 208 0.105769 0.10452 0.104513
425 0 1 31 257 240 0.129167 0.124822 0.124748
426 0 1 25 229 232 0.10917 0.108462 0.10846
427 0 1 26 241 210 0.12381 0.115573 0.115299
428 0 1 30 276 232 0.12931 0.118556 0.11811
429 0 1 33 277 208 0.158654 0.137481 0.136082
430 0 1 35 292 248 0.141129 0.130062 0.12963
431 0 1 40 309 294 0.136054 0.132711 0.13267
432 0 1 52 278 273 0.190476 0.188756 0.188748
433 0 1 37 232 241 0.159483 0.156477 0.156448
434 0 1 19 241 225 0.0844444 0.0815932 0.0815451
435 0 1 40 294 286 0.13986 0.137944 0.137931
436 0 1 28 291 250 0.112 0.103811 0.103512
437 0 1 42 316 253 0.166008 0.148541 0.147627
438 0 1 45 309 305 0.147541 0.146583 0.14658
439 0 1 39 280 232 0.168103 0.153018 0.152344
440 0 1 23 178 116 0.198276 0.160062 0.156463
441 0 1 24 228 169 0.142012 0.122265 0.120907
442 0 1 19 169 116 0.163793 0.1357 0.133333
443 0 1 25 182 146 0.171233 0.153366 0.152439
444 0 1 24 197 147 0.163265 0.141033 0.139535
445 0 1 29 282 163 0.177914 0.135263 0.130337
446 0 1 36 309 156 0.230769 0.163969 0.154839
447 0 1 46 285 168 0.27381 0.210223 0.203091
448 0 1 51 331 177 0.288136 0.210702 0.200787
449 0 1 79 428 195 0.405128 0.273456 0.253612
450 0 1 105 429 282 0.37234 0.301881 0.295359
451 0 1 115 456 373 0.308311 0.278844 0.277443
452 0 1 121 441 387 0.312661 0.292894 0.292271
453 0 1 152 499 431 0.352668 0.327759 0.326882
454 0 1 146 481 407 0.358722 0.329977 0.328829
455 0 1 144 510 407 0.353808 0.316068 0.314068
456 0 1 150 499 431 0.348028 0.323446 0.322581
457 0 1 140 479 437 0.320366 0.305999 0.305677
458 0 1 144 489 429 0.335664 0.314398 0.313726
459 0 1 151 505 423 0.356974 0.326709 0.325431
460 0 1 137 497 396 0.34596 0.308812 0.306831
461 0 1 149 488 421 0.353919 0.328727 0.327833
462 0 1 158 505 411 0.384428 0.346809 0.344978
463 0 1 164 495 437 0.375286 0.352615 0.351931
464 0 1 152 499 426 0.356808 0.329677 0.328649
465 0 1 156 500 413 0.377724 0.343293 0.341731
466 0 1 158 483 418 0.37799 0.351638 0.350721
467 0 1 136 470 425 0.32 0.304296 0.303911
468 0 1 153 494 464 0.329741 0.319572 0.319415
469 0 1 138 462 434 0.317972 0.308186 0.308036
470 0 1 142 460 432 0.328704 0.318543 0.318386
471 0 1 149 467 419 0.355609 0.336838 0.336343
472 0 1 143 472 461 0.310195 0.306559 0.306538
473 0 1 153 440 458 0.347727 0.340826 0.340757
474 0 1 150 442 460 0.339367 0.33266 0.332594
475 0 1 145 438 455 0.33105 0.324807 0.324748
476 0 1 154 434 497 0.354839 0.331587 0.330827
477 0 1 122 394 410 0.309645 0.303543 0.303483
478 0 1 94 354 307 0.306189 0.285139 0.284418
479 0 1 116 369 391 0.314363 0.305391 0.305263
480 0 1 93 390 379 0.245383 0.241897 0.241873
481 0 1 97 348 332 0.292169 0.285373 0.285294
482 0 1 98 372 338 0.289941 0.276373 0.276056
483 0 1 86 336 241 0.356846 0.302218 0.298094
484 0 1 91 372 256 0.355469 0.294883 0.289809
485 0 1 93 340 265 0.350943 0.309828 0.307438
486 0 1 91 357 271 0.335793 0.292565 0.289809
487 0 1 89 324 282 0.315603 0.294437 0.293729
488 0 1 90 365 306 0.294118 0.269299 0.268256
489 0 1 91 351 311 0.292605 0.275428 0.274924
490 0 1 90 368 288 0.3125 0.276454 0.27439
491 0 1 98 380 319 0.30721 0.281474 0.280401
492 0 1 92 377 302 0.304636 0.272655 0.270987
493 0 1 102 379 300 0.34 0.302496 0.300442
494 0 1 117 379 286 0.409091 0.355372 0.35188
495 0 1 115 392 314 0.366242 0.327786 0.325779
496 0 1 102 387 305 0.334426 0.296889 0.294798
497 0 1 128 405 294 0.435374 0.370944 0.366237
498 0 1 87 423 254 0.34252 0.265419 0.257016
499 0 1 108 460 352 0.306818 0.268394 0.26601
500 0 1 117 477 356 0.328652 0.283924 0.280912
501 0 1 114 453 279 0.408602 0.320667 0.311475
502 0 1 144 505 406 0.35468 0.31802 0.316136
503 0 1 148 502 429 0.344988 0.31892 0.317938
504 0 1 128 492 377 0.339523 0.297205 0.294591
505 0 1 173 508 436 0.396789 0.367596 0.366525
506 0 1 179 517 421 0.425178 0.383678 0.381663
507 0 1 161 503 437 0.368421 0.343401 0.342553
508 0 1 178 524 461 0.386117 0.362163 0.361421
509 0 1 172 550 491 0.350305 0.330984 0.330451
510 0 1 175 533 494 0.354251 0.341044 0.340798
511 0 1 173 526 485 0.356701 0.342517 0.342235
512 0 1 187 560 505 0.370297 0.351643 0.351174
513 0 1 170 520 478 0.355649 0.340983 0.340681
514 0 1 198 528 485 0.408247 0.391271 0.390918
515 0 1 187 536 470 0.397872 0.372572 0.371769
516 0 1 158 507 451 0.350333 0.330419 0.329854
517 0 1 180 513 492 0.365854 0.358287 0.358209
518 0 1 176 488 475 0.370526 0.365558 0.365524
519 0 1 160 494 435 0.367816 0.345153 0.344456
520 0 1 156 483 447 0.348993 0.335735 0.335484
521 0 1 159 514 491 0.323829 0.316501 0.316418
522 0 1 135 473 368 0.366848 0.323578 0.321046
523 0 1 151 479 467 0.32334 0.319265 0.319239
524 0 1 135 452 344 0.392442 0.342362 0.339196
525 0 1 107 427 305 0.35082 0.296497 0.29235
526 0 1 114 407 344 0.331395 0.304669 0.303595
527 0 1 125 443 436 0.286697 0.284423 0.284414
528 0 1 142 423 430 0.335697 0.332954 0.332943
529 0 1 139 449 439 0.316629 0.313083 0.313063
530 0 1 134 393 420 0.340967 0.329825 0.329643
531 0 1 125 422 417 0.29976 0.297979 0.297974
532 0 1 110 385 359 0.306407 0.29588 0.295699
533 0 1 101 393 379 0.266491 0.261701 0.261658
534 0 1 90 367 373 0.245232 0.243251 0.243243
535 0 1 88 373 300 0.293333 0.263068 0.261516
536 0 1 97 345 369 0.281159 0.271862 0.271709
537 0 1 83 391 357 0.232493 0.222155 0.221925
538 0 1 111 390 382 0.290576 0.28758 0.287565
539 0 1 104 425 357 0.291317 0.266996 0.265985
540 0 1 105 415 397 0.264484 0.258684 0.258621
541 0 1 104 418 358 0.290503 0.268846 0.268041
542 0 1 135 445 394 0.34264 0.322408 0.321812
543 0 1 140 443 435 0.321839 0.31892 0.318907
544 0 1 135 425 423 0.319149 0.318397 0.318396
545 0 1 142 439 426 0.333333 0.328361 0.328324
546 0 1 151 493 480 0.314583 0.310408 0.31038
547 0 1 86 411 271 0.317343 0.257687 0.252199
548 0 1 180 534 510 0.352941 0.344919 0.344828
549 0 1 130 497 363 0.358127 0.306064 0.302326
550 0 1 124 523 333 0.372372 0.297132 0.28972
551 0 1 164 513 417 0.393285 0.354582 0.352688
552 0 1 177 542 445 0.397753 0.360407 0.358663
553 0 1 161 508 403 0.399504 0.355829 0.353458
554 0 1 183 575 498 0.36747 0.341981 0.3411
555 0 1 197 573 526 0.374525 0.358836 0.358508
556 0 1 181 554 491 0.368635 0.347043 0.346411
557 0 1 185 562 496 0.372984 0.350399 0.349716
558 0 1 207 547 491 0.421589 0.399426 0.398844
559 0 1 205 545 479 0.427975 0.401225 0.400391
560 0 1 203 545 463 0.438445 0.404117 0.402778
561 0 1 177 539 519 0.34104 0.334653 0.334594
562 0 1 191 537 492 0.388211 0.37159 0.371234
563 0 1 200 522 508 0.393701 0.388385 0.38835
564 0 1 199 537 506 0.393281 0.38176 0.381592
565 0 1 205 521 508 0.403543 0.398477 0.398445
566 0 1 207 520 467 0.443255 0.420059 0.419453
567 0 1 182 515 456 0.399123 0.375565 0.374871
568 0 1 177 490 463 0.382289 0.371608 0.371459
569 0 1 176 487 446 0.394619 0.377642 0.377278
570 0 1 159 464 406 0.391626 0.366332 0.365517
571 0 1 142 473 385 0.368831 0.332757 0.331002
572 0 1 142 448 421 0.337292 0.32697 0.326812
573 0 1 136 398 359 0.37883 0.359791 0.359313
574 0 1 140 416 356 0.393258 0.363795 0.362694
575 0 1 117 432 389 0.300771 0.28541 0.285018
576 0 1 110 409 309 0.355987 0.309422 0.306407
577 0 1 120 403 327 0.366972 0.330563 0.328767
578 0 1 115 387 325 0.353846 0.324265 0.323034
579 0 1 113 411 276 0.40942 0.335508 0.328967
580 0 1 119 385 329 0.361702 0.334363 0.333333
581 0 1 106 371 302 0.350993 0.316676 0.315007
582 0 1 101 364 317 0.318612 0.297332 0.296623
583 0 1 91 416 340 0.267647 0.241967 0.240741
584 0 1 103 382 298 0.345638 0.305279 0.302941
585 0 1 104 374 345 0.301449 0.289526 0.289291
586 0 1 108 371 337 0.320475 0.305437 0.305085
587 0 1 107 401 351 0.304843 0.285206 0.284574
588 0 1 105 410 361 0.290859 0.272925 0.272374
589 0 1 113 385 339 0.333333 0.312787 0.312155
590 0 1 110 403 339 0.324484 0.297605 0.296496
591 0 1 116 441 381 0.304462 0.282993 0.282238
592 0 1 127 420 388 0.32732 0.314603 0.314356
593 0 1 110 423 388 0.283505 0.271523 0.27127
594 0 1 132 438 391 0.337596 0.318969 0.318456
595 0 1 118 432 391 0.30179 0.287112 0.286756
596 0 1 127 455 390 0.325641 0.301485 0.300592
597 0 1 132 455 416 0.317308 0.303404 0.3031
598 0 1 129 465 397 0.324937 0.30024 0.299304
599 0 1 134 468 407 0.329238 0.307033 0.306286
600 0 1 141 469 372 0.379032 0.337568 0.335315
601 0 1 105 423 205 0.512195 0.356568 0.334395
602 0 1 149 513 412 0.36165 0.3241 0.322162
603 0 1 127 497 304 0.417763 0.32673 0.317104
604 0 1 93 455 233 0.399142 0.285627 0.270349
605 0 1 127 507 319 0.398119 0.315794 0.307506
606 0 1 138 529 348 0.396552 0.321634 0.314709
607 0 1 172 508 404 0.425743 0.37967 0.377193
608 0 1 159 510 393 0.40458 0.355153 0.352159
609 0 1 178 533 419 0.424821 0.37666 0.37395
610 0 1 184 550 470 0.391489 0.361899 0.360784
611 0 1 186 532 484 0.384298 0.366551 0.366142
612 0 1 188 535 490 0.383673 0.367183 0.366829
613 0 1 180 542 529 0.340265 0.336159 0.336134
614 0 1 183 537 508 0.360236 0.350374 0.350239
615 0 1 193 530 508 0.379921 0.371953 0.371869
616 0 1 150 507 467 0.321199 0.308268 0.308008
617 0 1 161 559 496 0.324597 0.305759 0.305213
618 0 1 157 496 374 0.419786 0.364521 0.36092
619 0 1 176 533 433 0.406467 0.366358 0.364389
620 0 1 163 505 393 0.414758 0.365886 0.363029
621 0 1 164 470 387 0.423773 0.384538 0.38273
622 0 1 185 526 499 0.370741 0.361101 0.360976
623 0 1 151 505 494 0.305668 0.302321 0.302302
624 0 1 155 508 469 0.33049 0.317551 0.317298
625 0 1 165 499 507 0.330661 0.328042 0.328032
626 0 1 164 504 461 0.355748 0.340234 0.339896
627 0 1 154 531 472 0.326271 0.307611 0.307079
628 0 1 168 515 466 0.360515 0.342936 0.342508
629 0 1 154 521 490 0.314286 0.304792 0.304649
630 0 1 143 485 383 0.373368 0.331792 0.329493
631 0 1 134 480 343 0.390671 0.330246 0.325638
632 0 1 104 469 295 0.352542 0.279599 0.272251
633 0 1 100 459 302 0.331126 0.26859 0.262812
634 0 1 114 480 332 0.343374 0.285572 0.280788
635 0 1 104 426 330 0.315152 0.277378 0.275132
636 0 1 111 403 301 0.368771 0.318704 0.315341
637 0 1 133 439 383 0.347258 0.324355 0.323601
638 0 1 118 419 350 0.337143 0.308135 0.306892
639 0 1 123 387 336 0.366071 0.341099 0.340249
640 0 1 126 375 339 0.371681 0.353391 0.352941
641 0 1 109 420 339 0.321534 0.28887 0.28722
642 0 1 109 402 359 0.303621 0.286924 0.286465
643 0 1 109 377 340 0.320588 0.30445 0.304045
644 0 1 99 365 294 0.336735 0.302214 0.300455
645 0 1 106 396 354 0.299435 0.283111 0.282667
646 0 1 88 377 325 0.270769 0.251403 0.250712
647 0 1 87 357 292 0.297945 0.26946 0.268105
648 0 1 65 350 268 0.242537 0.212233 0.210356
649 0 1 89 374 322 0.276398 0.256464 0.255747
650 0 1 72 356 293 0.245734 0.222933 0.22188
651 0 1 86 366 321 0.267913 0.250903 0.250364
652 0 1 118 382 342 0.345029 0.326465 0.325967
653 0 1 94 387 314 0.299363 0.269654 0.268188
654 0 1 117 414 322 0.363354 0.320448 0.317935
655 0 1 98 388 304 0.322368 0.285347 0.283237
656 0 1 137 457 388 0.353093 0.325347 0.32426
657 0 1 132 437 347 0.380403 0.338976 0.336735
658 0 1 83 358 245 0.338776 0.280255 0.27529
659 0 1 120 486 407 0.29484 0.269815 0.268757
660 0 1 118 478 372 0.317204 0.279831 0.277647
661 0 1 91 398 262 0.347328 0.281805 0.275758
662 0 1 132 479 398 0.331658 0.302318 0.301026
663 0 1 143 519 442 0.323529 0.298567 0.297607
664 0 1 110 461 336 0.327381 0.279494 0.276035
665 0 1 140 506 414 0.338164 0.305881 0.304348
666 0 1 139 482 390 0.35641 0.320597 0.318807
667 0 1 130 516 359 0.362117 0.302045 0.297143
668 0 1 132 495 359 0.367688 0.31313 0.309133
669 0 1 120 478 336 0.357143 0.299432 0.29484
670 0 1 158 508 414 0.381643 0.344528 0.342733
671 0 1 178 495 439 0.405467 0.381843 0.381156
672 0 1 133 485 400 0.3325 0.301961 0.300565
673 0 1 153 478 366 0.418033 0.365794 0.362559
674 0 1 162 507 453 0.357616 0.338035 0.3375
675 0 1 134 486 384 0.348958 0.310185 0.308046
676 0 1 186 502 451 0.412417 0.390906 0.390346
677 0 1 169 527 430 0.393023 0.355015 0.353187
678 0 1 164 507 425 0.385882 0.353301 0.351931
679 0 1 169 523 459 0.368192 0.344929 0.344196
680 0 1 154 524 461 0.334056 0.313332 0.31269
681 0 1 155 516 428 0.36215 0.329826 0.32839
682 0 1 179 520 482 0.371369 0.357543 0.357285
683 0 1 160 525 481 0.33264 0.318396 0.318091
684 0 1 151 485 360 0.419444 0.361372 0.357396
685 0 1 170 525 409 0.415648 0.366866 0.364026
686 0 1 167 501 426 0.392019 0.361487 0.360302
687 0 1 159 496 416 0.382212 0.350034 0.348684
688 0 1 163 482 400 0.4075 0.371222 0.369615
689 0 1 149 507 382 0.390052 0.338572 0.335208
690 0 1 148 475 375 0.394667 0.350671 0.348235
691 0 1 158 467 394 0.401015 0.368341 0.367015
692 0 1 151 483 371 0.407008 0.356711 0.35363
693 0 1 154 518 441 0.349206 0.322208 0.321168
694 0 1 139 515 394 0.352792 0.308577 0.305831
695 0 1 147 506 397 0.370277 0.32798 0.325581
696 0 1 130 474 342 0.380117 0.32288 0.318627
697 0 1 137 511 360 0.380556 0.319418 0.314581
698 0 1 141 504 381 0.370079 0.321767 0.318644
699 0 1 114 476 340 0.335294 0.283375 0.279412
700 0 1 125 492 370 0.337838 0.292972 0.290023
701 0 1 133 474 371 0.358491 0.317158 0.314793
702 0 1 139 475 358 0.388268 0.337075 0.333733
703 0 1 137 480 393 0.348601 0.31543 0.31386
704 0 1 143 455 354 0.403955 0.356311 0.353523
705 0 1 142 502 365 0.389041 0.331734 0.327566
706 0 1 148 512 393 0.37659 0.329937 0.327072
707 0 1 151 528 413 0.365617 0.323359 0.320935
708 0 1 161 537 424 0.379717 0.337408 0.335068
709 0 1 171 536 403 0.424318 0.367927 0.364217
710 0 1 166 537 436 0.380734 0.343066 0.341213
711 0 1 177 549 402 0.440298 0.376768 0.37224
712 0 1 123 515 286 0.43007 0.320493 0.307116
713 0 1 146 538 313 0.466454 0.355787 0.343126
714 0 1 138 538 332 0.415663 0.326527 0.317241
715 0 1 146 546 386 0.378238 0.318026 0.313305
716 0 1 162 512 322 0.503106 0.398981 0.388489
717 0 1 169 551 379 0.44591 0.369821 0.363441
718 0 1 165 540 434 0.380184 0.340833 0.338809
719 0 1 137 494 266 0.515038 0.377934 0.360526
720 0 1 150 483 357 0.420168 0.36123 0.357143
721 0 1 181 531 462 0.391775 0.365435 0.364552
722 0 1 141 488 371 0.380054 0.331377 0.328289
723 0 1 159 482 375 0.424 0.373988 0.371062
724 0 1 121 468 308 0.392857 0.318704 0.311856
725 0 1 152 494 383 0.396867 0.349447 0.346636
726 0 1 144 458 379 0.379947 0.345629 0.344086
727 0 1 145 459 377 0.384615 0.348571 0.34689
728 0 1 162 468 453 0.357616 0.351838 0.351792
729 0 1 136 464 405 0.335802 0.313727 0.313003
730 0 1 129 449 340 0.379412 0.330162 0.326996
731 0 1 138 470 392 0.352041 0.321505 0.320186
732 0 1 140 436 388 0.360825 0.340384 0.339806
733 0 1 143 438 371 0.385445 0.354742 0.353523
734 0 1 127 424 378 0.335979 0.31723 0.316708
735 0 1 131 453 404 0.324257 0.306219 0.305718
736 0 1 102 418 388 0.262887 0.253277 0.253102
737 0 1 117 407 370 0.316216 0.3015 0.301158
738 0 1 118 445 369 0.319783 0.291198 0.289926
739 0 1 119 403 368 0.32337 0.309009 0.30869
740 0 1 131 453 433 0.30254 0.295786 0.295711
741 0 1 147 458 414 0.355072 0.337586 0.337156
742 0 1 109 449 408 0.267157 0.254667 0.254376
743 0 1 130 460 393 0.330789 0.305751 0.304807
744 0 1 129 452 401 0.321696 0.303004 0.302462
745 0 1 140 452 404 0.346535 0.327618 0.327103
746 0 1 155 472 397 0.390428 0.358068 0.356732
747 0 1 146 458 407 0.358722 0.338161 0.337572
748 0 1 160 464 457 0.350109 0.347458 0.347448
749 0 1 169 473 437 0.386728 0.37172 0.371429
750 0 1 164 464 448 0.366071 0.359704 0.359649
751 0 1 158 479 419 0.377088 0.352681 0.351893
752 0 1 168 492 464 0.362069 0.351615 0.351464
753 0 1 169 494 436 0.387615 0.36415 0.363441
754 0 1 151 494 476 0.317227 0.311394 0.31134
755 0 1 172 498 469 0.366738 0.355899 0.355739
756 0 1 170 490 435 0.390805 0.368219 0.367568
757 0 1 157 483 438 0.358447 0.341341 0.340934
758 0 1 159 493 444 0.358108 0.339846 0.339381
759 0 1 172 505 453 0.379691 0.359612 0.359081
760 0 1 164 496 437 0.375286 0.352259 0.351554
761 0 1 164 510 451 0.363636 0.341956 0.341311
762 0 1 169 505 442 0.382353 0.357709 0.356917
763 0 1 170 489 443 0.383747 0.365252 0.364807
764 0 1 175 497 443 0.395034 0.372956 0.37234
765 0 1 172 490 457 0.376368 0.363473 0.363252
766 0 1 172 489 450 0.382222 0.366664 0.366347
767 0 1 170 488 441 0.385488 0.366454 0.365985
768 0 1 171 492 436 0.392202 0.369207 0.368534
769 0 1 151 491 438 0.344749 0.325611 0.325081
770 0 1 145 501 437 0.331808 0.309891 0.309168
771 0 1 176 501 452 0.389381 0.369849 0.36936
772 0 1 152 490 436 0.348624 0.328853 0.328294
773 0 1 160 504 428 0.373832 0.344495 0.343348
774 0 1 162 493 443 0.365688 0.346649 0.346154
775 0 1 165 502 457 0.36105 0.344488 0.344108
776 0 1 160 493 422 0.379147 0.350784 0.349727
777 0 1 151 488 425 0.355294 0.331568 0.330778
778 0 1 158 482 407 0.388206 0.356727 0.355456
779 0 1 158 492 412 0.383495 0.350934 0.349558
780 0 1 154 473 413 0.372881 0.34843 0.34763
781 0 1 154 486 426 0.361502 0.338453 0.337719
782 0 1 150 487 416 0.360577 0.333258 0.332226
783 0 1 126 470 407 0.309582 0.288087 0.287343
784 0 1 143 489 400 0.3575 0.323334 0.32171
785 0 1 159 483 405 0.392593 0.359498 0.358108
786 0 1 147 485 410 0.358537 0.329651 0.328492
787 0 1 151 483 419 0.360382 0.335658 0.334812
788 0 1 136 490 393 0.346056 0.309916 0.308041
789 0 1 148 483 402 0.368159 0.335873 0.334463
790 0 1 142 484 420 0.338095 0.31495 0.314159
791 0 1 147 473 419 0.350835 0.330202 0.329596
792 0 1 148 492 422 0.350711 0.324805 0.323851
793 0 1 155 482 435 0.356322 0.338504 0.338059
794 0 1 143 484 423 0.338061 0.316041 0.315325
795 0 1 141 488 416 0.338942 0.312941 0.311947
796 0 1 144 471 425 0.338824 0.321853 0.321429
797 0 1 137 491 424 0.323113 0.30026 0.299454

# ---------- Global Summary ----------
# CorrFrames: 775
avg_CorrEdges: 120.123
avg_match_A: 442.462
avg_match_B: 349.974
global_RI_MNR: 0.343233
global_RI_GNR: 0.305259
global_RI_DICE: 0.303173

# ---------- Per-Channel Summary ----------
chA: 0 chB: 1 | avgC: 120.123 avgA: 442.462 avgB: 349.974 MNR: 0.333685 GNR: 0.292921 DICE: 0.289357
