1341840840.233363 0.075746462 0.035339501 0.001141032 -0.014715668 -0.014296865 -0.002086222 0.999787331
1341840840.269407 0.080507234 0.021892542 0.003253563 -0.022343449 -0.014408679 -0.000952872 0.999646068
1341840840.294570 0.076562390 0.021552408 0.005891675 -0.021038122 -0.010934916 -0.000453380 0.999718785
1341840840.330394 0.073660344 0.019139173 0.004142125 -0.019925563 -0.008539084 0.001039870 0.999764442
1341840840.362487 0.071568519 0.028822688 -0.000082939 -0.015042120 -0.007885421 0.002946125 0.999851406
1341840840.394382 0.068849921 0.038286489 -0.000419243 -0.013681469 -0.006977896 0.004117826 0.999873579
1341840840.430325 0.089540929 0.022966720 0.007328024 -0.020438962 -0.014577120 0.007075123 0.999659777
1341840840.462407 0.087042332 0.031007132 0.002999184 -0.014977223 -0.010665351 0.006132699 0.999812126
1341840840.494502 0.089084037 0.038875025 0.003103802 -0.014803198 -0.010624434 0.007499174 0.999805868
1341840840.530297 0.091726393 0.028381955 0.005397833 -0.021010075 -0.011083238 0.009334393 0.999674261
1341840840.562361 0.095474385 0.027723437 0.005202935 -0.020029910 -0.011758827 0.010041565 0.999679804
1341840840.598321 0.097815633 0.029211257 0.003294247 -0.019757520 -0.012572927 0.011010341 0.999665082
1341840840.630280 0.098124437 0.017073555 0.002685881 -0.023315875 -0.014078199 0.012984770 0.999544680
1341840840.662439 0.107813142 0.033413149 0.003100160 -0.014317068 -0.019171109 0.012329127 0.999637663
1341840840.698371 0.133808374 0.038005654 0.004823528 -0.014179100 -0.026830003 0.012252078 0.999464333
1341840840.730361 0.141237870 0.021387015 0.007515872 -0.021092258 -0.025036678 0.013108754 0.999378026
1341840840.762407 0.132440403 0.016671209 0.000226691 -0.018962260 -0.018593593 0.011613308 0.999579847
1341840840.798303 0.133301169 0.033697471 -0.001550217 -0.011346481 -0.018995417 0.011084388 0.999693692
1341840840.830375 0.143840939 0.031396054 0.002849464 -0.014215029 -0.020824529 0.011550960 0.999615371
1341840840.866393 0.155060664 0.014772614 0.005266068 -0.018961312 -0.021520644 0.011851355 0.999518335
1341840840.898320 0.149969354 0.024926201 0.000615774 -0.010821212 -0.017028719 0.009695334 0.999749422
1341840840.930454 0.149478078 0.038351942 -0.002705764 -0.007012135 -0.015565732 0.008697763 0.999816418
1341840840.966498 0.160376176 0.031108290 0.002315312 -0.013744844 -0.017390542 0.008495036 0.999718189
1341840840.998398 0.156076714 0.032578830 0.002946485 -0.012346488 -0.011998296 0.008013347 0.999819696
1341840841.034538 0.171828568 0.039964240 0.001877110 -0.010392630 -0.014022537 0.006286979 0.999827921
1341840841.066345 0.174424514 0.046517324 0.000671958 -0.011868560 -0.009025224 0.005489287 0.999873757
1341840841.098335 0.176069915 0.030204359 0.003198470 -0.024231842 -0.006558169 0.006725675 0.999662220
1341840841.134331 0.186027229 0.023967037 0.006868027 -0.024096075 -0.010112759 0.007960660 0.999626815
1341840841.166392 0.192746505 0.042531561 0.003050413 -0.014687306 -0.008607660 0.006607786 0.999833226
1341840841.198348 0.197151586 0.041271184 0.003314090 -0.018723039 -0.004422267 0.008404007 0.999779582
1341840841.234400 0.196966097 0.017245788 0.003909055 -0.028394988 -0.001387010 0.011329144 0.999531627
1341840841.266296 0.198980600 0.018585067 0.000921351 -0.021684404 -0.002251123 0.011002505 0.999701798
1341840841.302430 0.203532204 0.033563983 -0.004526129 -0.013770067 -0.002595070 0.012438629 0.999824464
1341840841.334542 0.207879707 0.031468526 -0.005077427 -0.015842678 -0.001931920 0.014289820 0.999770522
1341840841.366311 0.210328579 0.028685272 -0.005956063 -0.016730556 -0.001844253 0.013217120 0.999770939
1341840841.402475 0.211570978 0.031037115 -0.006532392 -0.015521917 -0.002128313 0.012433719 0.999799907
1341840841.434345 0.213055760 0.031626251 -0.009205226 -0.015654819 -0.001665876 0.010952145 0.999816060
1341840841.466383 0.218600944 0.033229150 -0.007796621 -0.016298659 -0.002763686 0.011182025 0.999800801
1341840841.502454 0.225543365 0.029513434 -0.006959296 -0.018408261 -0.005530446 0.011379574 0.999750495
1341840841.534696 0.230543166 0.027485592 -0.007414701 -0.018134078 -0.007410243 0.011779103 0.999738693
1341840841.570470 0.228318825 0.044455271 -0.011550749 -0.011990433 -0.005115089 0.012668351 0.999834776
1341840841.602476 0.235447675 0.041103087 -0.006854984 -0.018042585 -0.006350109 0.012834129 0.999734640
1341840841.634468 0.244099259 0.030556433 -0.002678467 -0.022292763 -0.007533586 0.012295438 0.999647439
1341840841.671032 0.236896947 0.031385012 -0.009605821 -0.020019563 -0.002501949 0.011178252 0.999733984
1341840841.702284 0.237610415 0.036597144 -0.012081908 -0.018894179 -0.004052003 0.012985888 0.999728978
1341840841.734304 0.245624289 0.037335351 -0.008972142 -0.020826556 -0.007815667 0.014654679 0.999645114
1341840841.770351 0.249278739 0.030859794 -0.006408583 -0.023912851 -0.008836973 0.016279459 0.999542415
1341840841.802313 0.240877181 0.027830452 -0.012219463 -0.024314292 -0.006785064 0.018767580 0.999505162
1341840841.838370 0.238786042 0.019940244 -0.013032845 -0.027116032 -0.011427177 0.021410845 0.999337673
1341840841.870881 0.251607567 0.031254854 -0.009039697 -0.019530283 -0.023710839 0.016970200 0.999383986
1341840841.902346 0.266047001 0.052811753 -0.005397341 -0.011583878 -0.028583193 0.013482438 0.999433398
1341840841.938375 0.259990752 0.042911537 -0.004765208 -0.019646801 -0.020542318 0.013693795 0.999502122
1341840841.970352 0.250705451 0.033888090 -0.010202792 -0.024273461 -0.017235003 0.012739661 0.999475598
1341840842.006342 0.255592525 0.041731309 -0.009792896 -0.021776929 -0.022234920 0.009751921 0.999468029
1341840842.038475 0.271508008 0.046306700 -0.000804873 -0.021468313 -0.027553815 0.008051408 0.999357343
1341840842.070419 0.266363204 0.044058643 -0.004987324 -0.021280671 -0.020891827 0.005511859 0.999540031
1341840842.106404 0.259715825 0.040681612 -0.010956412 -0.023608873 -0.016811952 0.004619841 0.999569237
1341840842.138367 0.263756752 0.025451584 -0.010002543 -0.028526684 -0.021476071 0.004130288 0.999353766
1341840842.170410 0.274175882 0.033866551 -0.010809500 -0.020489773 -0.028174700 0.001548453 0.999391794
1341840842.206430 0.277994305 0.042781923 -0.013707773 -0.014473052 -0.027948091 -0.001608400 0.999503314
1341840842.238319 0.280338347 0.041595772 -0.015597208 -0.013343058 -0.026797684 -0.006677590 0.999529541
1341840842.274385 0.288838536 0.038689770 -0.014956509 -0.012475083 -0.027852930 -0.011712391 0.999465585
1341840842.306571 0.282913983 0.039361998 -0.019648120 -0.008851508 -0.021918444 -0.015621548 0.999598503
1341840842.338413 0.279554963 0.044409290 -0.027910039 -0.006064061 -0.020391408 -0.017638348 0.999618113
1341840842.374365 0.282662511 0.031521454 -0.027130526 -0.011426843 -0.023661816 -0.019049646 0.999473214
1341840842.406739 0.286186934 0.031667992 -0.027870750 -0.005079044 -0.028476667 -0.022014106 0.999339104
1341840842.438410 0.294843763 0.064277261 -0.024053976 0.008720228 -0.030468578 -0.026520418 0.999145806
1341840842.506377 0.288752735 0.069532380 -0.017908506 0.011843729 -0.027544361 -0.024818573 0.999242246
1341840842.542388 0.306805640 0.081072450 -0.015823441 0.017078223 -0.035626817 -0.018746853 0.999043345
1341840842.574346 0.314953625 0.076530017 -0.023808699 0.015628699 -0.037702635 -0.020447383 0.998957574
1341840842.606530 0.323531985 0.079878069 -0.033179499 0.015809104 -0.039102599 -0.011957924 0.999038577
1341840842.642329 0.327602893 0.083906069 -0.028950563 0.018843208 -0.042509615 -0.011372160 0.998853564
1341840842.674386 0.323683292 0.083398111 -0.027277367 0.018291252 -0.041148838 -0.011608777 0.998918116
1341840842.706548 0.321747571 0.060989305 -0.034084149 0.008228520 0.010329125 -0.035044830 0.999298453
1341840842.742312 0.324727207 0.061819069 -0.045533389 0.007674755 0.011303731 -0.028211964 0.999508560
1341840842.774261 0.323112190 0.060974482 -0.045007952 0.009590429 0.011442672 -0.036642935 0.999216855
1341840842.810490 0.327399462 0.050268985 -0.035857253 0.012880221 0.039173901 -0.038325220 0.998414099
1341840842.842296 0.316095233 0.062914409 -0.046587631 0.013584417 0.041622955 -0.038527220 0.998297870
1341840842.874411 0.347672492 0.054831609 -0.030489072 0.005320984 0.026340572 -0.034535602 0.999042094
1341840842.910377 0.355622739 0.035819985 -0.027913606 0.000303133 0.026188189 -0.033942811 0.999080598
1341840842.942647 0.341345817 0.052128267 -0.039450433 0.010190520 0.034485310 -0.035331350 0.998728454
1341840842.974535 0.358044088 0.061638527 -0.034158252 0.012118039 0.027541077 -0.037134729 0.998857200
1341840843.010449 0.374251783 0.049395993 -0.025894435 0.007071173 0.025922531 -0.036129817 0.998985827
1341840843.042429 0.354315966 0.042118818 -0.036109209 0.006346412 0.041470781 -0.031695105 0.998616695
1341840843.078385 0.324715823 0.053659409 -0.052511856 0.010656176 0.052208018 -0.031613003 0.998078883
1341840843.110373 0.359133601 0.058082197 -0.041155018 0.008264782 0.031490631 -0.029548962 0.999032974
1341840843.142285 0.408931315 0.023605473 -0.045125041 -0.006095905 0.012963417 -0.029395547 0.999465168
1341840843.178476 0.399151444 0.039575495 -0.032959662 0.006705907 0.031704921 -0.029810620 0.999030113
1341840843.210589 0.345795602 0.135648578 0.053532347 0.056095500 0.059093356 -0.032564983 0.996142983
1341840843.246317 0.275673121 0.146811575 0.030093811 0.054964986 0.088551454 -0.048188534 0.993385792
1341840843.278543 0.365213156 0.016671663 -0.095296241 -0.010193387 0.046740375 -0.040227037 0.998044729
1341840843.310587 0.369279593 0.029715382 -0.052158184 0.003798409 0.054616407 -0.036896743 0.997818291
1341840843.346529 0.378297836 0.056774221 -0.039166313 0.017168310 0.051501054 -0.032256562 0.998004198
1341840843.385053 0.381955594 0.073801577 -0.037645519 0.018529771 0.047865681 -0.031383242 0.998188674
1341840843.411509 0.395224959 0.053495973 -0.032585263 0.005383987 0.044450201 -0.028578589 0.998588264
1341840843.447220 0.392602712 0.049055189 -0.034513380 0.004723955 0.048776839 -0.026771976 0.998439670
1341840843.478671 0.380085886 0.067357428 -0.041786999 0.010942348 0.054387517 -0.029307537 0.998029709
1341840843.515039 0.403591782 0.061921876 -0.033148464 0.003912180 0.043276343 -0.030382590 0.998593390
1341840843.548527 0.412928015 0.041584298 -0.024047967 -0.003706124 0.042795431 -0.031394705 0.998583615
1341840843.582569 0.399088889 0.047885370 -0.030984137 0.003850886 0.051804669 -0.033305947 0.998094320
1341840843.614798 0.392838359 0.063419938 -0.041415893 0.007972337 0.054652866 -0.034607112 0.997873724
1341840843.653429 0.406323731 0.050917130 -0.029287893 -0.002316897 0.046998706 -0.032256875 0.998371303
1341840843.687928 0.412446558 0.038068708 -0.027505320 -0.004970583 0.045786317 -0.034385141 0.998346925
1341840843.720258 0.412870705 0.048142217 -0.031987786 0.001119833 0.047719505 -0.034664020 0.998258471
1341840843.785505 0.416442543 0.042082042 -0.026685890 -0.003479825 0.046698328 -0.035079949 0.998286843
1341840843.814703 0.419648439 0.043871514 -0.025072979 -0.000683866 0.046838284 -0.034794953 0.998296082
1341840843.846439 0.416945457 0.046920739 -0.026930463 0.000779347 0.049354225 -0.033539727 0.998217762
1341840843.882429 0.424796432 0.045293454 -0.026190139 -0.000301872 0.046453144 -0.034356929 0.998329401
1341840843.914321 0.435223073 0.047630072 -0.019210178 0.000993472 0.044199109 -0.036015362 0.998372853
1341840843.946316 0.436808854 0.037748031 -0.021938657 -0.001892440 0.048215777 -0.037171006 0.998143256
1341840843.982401 0.429422498 0.046503022 -0.024211815 0.001470767 0.053796880 -0.036659330 0.997877657
1341840844.014387 0.432023734 0.042183585 -0.022284292 -0.002477402 0.052829813 -0.037504785 0.997895896
1341840844.050399 0.442579120 0.023851892 -0.015692035 -0.006964617 0.049362909 -0.039554246 0.997973084
1341840844.082349 0.445404500 0.030450653 -0.023978747 0.001086000 0.052294642 -0.041437585 0.997771025
1341840844.114393 0.442012280 0.036941085 -0.028765377 0.001953202 0.055959005 -0.039926063 0.997632504
1341840844.150523 0.445978582 0.033961784 -0.022802014 -0.000369332 0.053943299 -0.041662086 0.997674406
1341840844.182299 0.460270375 0.025450394 -0.017014902 -0.002207979 0.050107691 -0.042677615 0.997829080
1341840844.218448 0.462499738 0.023773996 -0.014352009 0.001461405 0.052456807 -0.043589026 0.997670352
1341840844.250566 0.469283849 0.023969760 -0.021799769 0.003781489 0.051563356 -0.042575482 0.997754574
1341840844.282274 0.456433624 0.031601321 -0.025211634 0.004841620 0.057064857 -0.044184573 0.997380495
1341840844.318322 0.466746479 0.022416575 -0.014726609 -0.000414650 0.049959123 -0.041807514 0.997875750
1341840844.350432 0.466882855 0.012129986 -0.022309465 0.000677312 0.049835108 -0.047274843 0.997637749
1341840844.382375 0.478175610 0.026492976 -0.023520075 0.007778730 0.047502961 -0.049177542 0.997629404
1341840844.418837 0.470847040 0.015526959 -0.023729982 0.000609050 0.053129695 -0.049253009 0.997372091
1341840844.450418 0.467232823 0.001859615 -0.025200756 -0.003058328 0.052281708 -0.050231922 0.997363567
1341840844.486330 0.481234699 0.004315584 -0.025780067 0.000788107 0.044438358 -0.051764369 0.997669816
1341840844.518335 0.492727846 0.010116575 -0.022129430 0.005735759 0.043129515 -0.053927012 0.997596502
1341840844.550458 0.491930038 0.006794303 -0.027758155 0.003625683 0.047819231 -0.053608097 0.997409821
1341840844.586351 0.481124848 0.002704642 -0.024716571 0.001696050 0.050529905 -0.053979892 0.997261286
1341840844.618382 0.490068436 0.006544984 -0.024239238 0.003789912 0.044864058 -0.053644937 0.997544527
1341840844.650334 0.497511327 0.008492317 -0.021828637 0.003180946 0.042197835 -0.053891554 0.997649729
1341840844.686320 0.499512911 -0.003179208 -0.020961650 -0.000941652 0.043147188 -0.056135073 0.997489989
1341840844.718495 0.505441785 -0.003770156 -0.021946084 0.001237881 0.042559654 -0.057356562 0.997445464
1341840844.757582 0.501983166 0.004829835 -0.021596823 0.003226823 0.045535658 -0.057166871 0.997320473
1341840844.791011 0.506437719 -0.005739731 -0.020137453 -0.002073402 0.043323584 -0.055845134 0.997496903
1341840844.818394 0.517475724 -0.002781560 -0.018554902 0.001205230 0.039702982 -0.055957485 0.997642696
1341840844.854307 0.517549276 -0.005319026 -0.017011380 0.000132726 0.042432472 -0.056218825 0.997516394
1341840844.888045 0.523352265 -0.006650184 -0.019884218 -0.000563912 0.041657284 -0.053869508 0.997678578
1341840844.918612 0.528753638 -0.004307409 -0.019591674 -0.001553123 0.039817877 -0.052705806 0.997814775
1341840844.954718 0.533664465 -0.010870442 -0.017921066 -0.005135796 0.038912907 -0.052900184 0.997828186
1341840844.986719 0.539941669 -0.012788665 -0.018142277 -0.005203990 0.039050702 -0.054080386 0.997759104
1341840845.022279 0.544342518 -0.014650367 -0.016734013 -0.005756149 0.040349949 -0.053306416 0.997746050
1341840845.054280 0.547293782 -0.013434515 -0.015146533 -0.004840840 0.042192545 -0.050473910 0.997821987
1341840845.086344 0.550024867 -0.010618350 -0.018855171 -0.004360536 0.043705948 -0.049754526 0.997795224
1341840845.123640 0.551859081 -0.007049432 -0.015085619 -0.003861845 0.042346261 -0.050159302 0.997835636
1341840845.154408 0.552309155 -0.019229794 -0.015069213 -0.005497265 0.041647453 -0.054042902 0.997654557
1341840845.186393 0.556423783 -0.036793120 -0.028768010 -0.013189018 0.041881200 -0.055278253 0.997505069
1341840845.222296 0.550595462 -0.015442060 -0.016092699 -0.008655568 0.041641597 -0.048738267 0.997905612
1341840845.254440 0.561654866 -0.023280246 -0.014457792 -0.010081473 0.034532897 -0.050624352 0.998069644
1341840845.290376 0.575491726 -0.019255390 -0.014571156 -0.007395183 0.031491540 -0.052662704 0.998088300
1341840845.322289 0.566117525 -0.021625269 -0.015632203 -0.009566172 0.039747812 -0.053474616 0.997731984
1341840845.354494 0.555142045 -0.026779845 -0.014600884 -0.011271939 0.042025629 -0.053340741 0.997627974
1341840845.390309 0.557658732 -0.026147259 -0.013105392 -0.006722120 0.035632253 -0.056036886 0.997770011
1341840845.422339 0.571922958 -0.020739214 -0.015517656 -0.001446930 0.029311474 -0.057368174 0.997921646
1341840845.458335 0.584552646 -0.012587894 -0.016681746 0.000425780 0.027109630 -0.059489898 0.997860670
1341840845.490264 0.582364142 -0.020313736 -0.013851520 -0.006141210 0.031999681 -0.060040940 0.997663975
1341840845.522343 0.576757312 -0.024325488 -0.013492001 -0.008083102 0.036389727 -0.058269985 0.997604668
1341840845.558310 0.568068445 -0.022966860 -0.014157331 -0.007382690 0.037058827 -0.056938723 0.997662365
1341840845.597232 0.572747767 -0.023459740 -0.013574462 -0.006948542 0.030415352 -0.056028970 0.997941613
1341840845.622577 0.588832021 -0.020570131 -0.014401391 -0.004780130 0.022649745 -0.054985829 0.998218775
1341840845.658634 0.603549182 -0.018871471 -0.014942312 -0.004832547 0.019850334 -0.055935197 0.998225331
1341840845.690353 0.602526784 -0.020865645 -0.014108260 -0.007905545 0.023421435 -0.058329511 0.997991264
1341840845.729069 0.599608183 -0.024268318 -0.011952478 -0.009135171 0.026749842 -0.059630271 0.997820199
1341840845.758375 0.600838780 -0.025628468 -0.015095625 -0.008619705 0.027076110 -0.058955383 0.997856140
1341840845.790466 0.596097291 -0.021308679 -0.016392283 -0.007101838 0.025664739 -0.059094250 0.997897148
1341840845.826375 0.610252202 -0.014999636 -0.016556341 -0.005080773 0.015834399 -0.061129130 0.997991323
1341840845.858782 0.631530464 -0.013801838 -0.011751060 -0.006039838 0.010566330 -0.063451067 0.997910738
1341840845.890417 0.627688527 -0.032353871 -0.012619125 -0.013383845 0.019794796 -0.064964540 0.997601449
1341840845.926383 0.620995760 -0.022603706 -0.017796248 -0.006545897 0.023477411 -0.065900259 0.997528493
1341840845.958390 0.628057897 -0.010244409 -0.016410593 -0.003848759 0.020202223 -0.065909177 0.997613668
1341840845.994269 0.630486071 -0.022896262 -0.014509843 -0.009839613 0.021132350 -0.064877898 0.997620881
1341840846.026558 0.637675405 -0.025427399 -0.019001182 -0.008616282 0.019800982 -0.064062037 0.997712255
1341840846.058807 0.635875404 -0.020002872 -0.019766804 -0.007611321 0.020178359 -0.063532308 0.997746766
1341840846.094265 0.649290860 -0.022034070 -0.018268205 -0.008073388 0.014842900 -0.065020815 0.997740865
1341840846.126378 0.670546591 -0.021730270 -0.016665777 -0.006244364 0.011976161 -0.064404644 0.997832417
1341840846.158446 0.664610267 -0.021820033 -0.020388579 -0.006616602 0.020394774 -0.063727193 0.997736931
1341840846.194427 0.656712234 -0.016323574 -0.021236213 -0.006775613 0.023958461 -0.063386291 0.997678459
1341840846.226385 0.667216539 -0.021832962 -0.019736875 -0.011200338 0.019754898 -0.061940569 0.997821450
1341840846.262497 0.682277501 -0.028700054 -0.018249646 -0.011202549 0.018031495 -0.059427034 0.998006880
1341840846.294419 0.679512978 -0.021990970 -0.022772115 -0.007820439 0.024697458 -0.058591858 0.997945845
1341840846.326478 0.667281628 -0.021334806 -0.023222651 -0.008885257 0.029126376 -0.058664069 0.997813225
1341840846.362426 0.683313191 -0.020697976 -0.023169290 -0.008308293 0.022409227 -0.059415109 0.997947216
1341840846.394323 0.702865124 -0.025006821 -0.024560327 -0.008448899 0.019483000 -0.058748253 0.998046935
1341840846.430454 0.696649253 -0.017296778 -0.024662081 -0.005535016 0.026524302 -0.058097146 0.997943163
1341840846.465291 0.692370534 -0.014600611 -0.024564512 -0.007604101 0.028587723 -0.058520999 0.997847795
1341840846.494473 0.703709066 -0.025106587 -0.024134014 -0.012762257 0.024881735 -0.058792982 0.997878432
1341840846.530439 0.709678471 -0.023644378 -0.024503306 -0.008654532 0.027064759 -0.056503896 0.997997940
1341840846.562569 0.702796459 -0.014615536 -0.026513366 -0.004282940 0.032808378 -0.054701515 0.997954428
1341840846.594486 0.703030169 -0.006754356 -0.028376635 -0.004955446 0.031533025 -0.055382341 0.997954905
1341840846.630509 0.721480608 -0.014114887 -0.028983712 -0.010829021 0.025887545 -0.056401763 0.998013735
1341840846.662363 0.745969832 -0.032956000 -0.029548682 -0.014984559 0.023356991 -0.056551926 0.998013914
1341840846.698323 0.730516553 -0.008846708 -0.027933346 -0.002837236 0.036316499 -0.058756083 0.997607529
1341840846.730390 0.711190283 -0.001427855 -0.027841941 -0.005205463 0.043258674 -0.061071135 0.997182012
1341840846.762470 0.724678636 -0.013391130 -0.028090155 -0.012362225 0.036323141 -0.059968673 0.997462571
1341840846.798363 0.738270581 -0.005276350 -0.029317185 -0.008234877 0.034344655 -0.060238976 0.997558951
1341840846.830356 0.738630474 0.002031694 -0.026927566 -0.008873866 0.037594553 -0.061394814 0.997365832
1341840846.862350 0.736097813 -0.009112186 -0.027469376 -0.014293186 0.037398931 -0.062089324 0.997267246
1341840846.898489 0.744032502 0.002822877 -0.028731750 -0.009592929 0.035857312 -0.062758140 0.997338295
1341840846.930380 0.755492210 0.015361751 -0.029300321 -0.009955567 0.035591502 -0.063257329 0.997312725
1341840846.966358 0.742748559 -0.007131457 -0.028003376 -0.022393124 0.040965520 -0.062596172 0.996946394
1341840846.998844 0.740308702 -0.003728434 -0.026079349 -0.018421175 0.039463677 -0.063870430 0.997007430
1341840847.030411 0.756435394 0.013091748 -0.027435478 -0.013095275 0.033062991 -0.064688332 0.997271657
1341840847.066359 0.761336625 0.008135675 -0.026128491 -0.018809106 0.034166273 -0.064551078 0.997151971
1341840847.098410 0.745989442 -0.003097379 -0.025315225 -0.024354516 0.040633205 -0.064982668 0.996761322
1341840847.130366 0.756038010 0.005263641 -0.026785774 -0.020446222 0.035282563 -0.065604620 0.997012079
1341840847.166401 0.764985323 0.008106188 -0.028228292 -0.021342078 0.032906651 -0.064528704 0.997144759
1341840847.198307 0.765951872 -0.002183227 -0.026890386 -0.025668565 0.034335997 -0.063735463 0.997045636
1341840847.234496 0.754445434 -0.005216106 -0.025682729 -0.022622231 0.037560873 -0.064325884 0.996965170
1341840847.266747 0.762720346 0.008464345 -0.028839476 -0.015963491 0.032163583 -0.063753627 0.997319460
1341840847.298356 0.775070429 0.004242369 -0.028848236 -0.019678863 0.028593039 -0.063481808 0.997379184
1341840847.334573 0.772732437 -0.001527062 -0.027739294 -0.021408465 0.031826474 -0.063658401 0.997234344
1341840847.366405 0.770806909 -0.001489241 -0.026873993 -0.018696077 0.031749520 -0.064688295 0.997225106
1341840847.398361 0.780803859 0.002841252 -0.029528916 -0.015873920 0.027455989 -0.066369541 0.997290969
1341840847.434625 0.788552999 0.002985986 -0.033315711 -0.017962819 0.028660027 -0.067673981 0.997133970
1341840847.466370 0.780500472 -0.003378048 -0.027277000 -0.021255791 0.036731418 -0.066681005 0.996871412
1341840847.502590 0.772079885 -0.000845268 -0.026108671 -0.018663924 0.039565951 -0.066048257 0.996856987
1341840847.534309 0.782429576 0.006239392 -0.028183471 -0.017208543 0.033977773 -0.066390879 0.997066498
1341840847.566354 0.795122027 0.000603375 -0.027551062 -0.021255918 0.030681096 -0.066140600 0.997111976
1341840847.603337 0.791149378 -0.008017734 -0.025767408 -0.023280894 0.035347164 -0.065871492 0.996930063
1341840847.634465 0.788023114 -0.003178721 -0.024040524 -0.019370476 0.036822084 -0.066057168 0.996948063
1341840847.670420 0.797250032 -0.001436591 -0.026704574 -0.018718516 0.033066105 -0.066428170 0.997067451
1341840847.702420 0.808727980 0.001587313 -0.027339892 -0.018966712 0.031847220 -0.065053999 0.997193038
1341840847.734342 0.807471335 -0.003953362 -0.022909839 -0.023319041 0.035909794 -0.064624436 0.996990681
1341840847.770464 0.804396868 -0.016260650 -0.020932630 -0.025675451 0.037244432 -0.065204106 0.996846080
1341840847.802407 0.809213161 -0.008252135 -0.023727890 -0.018604118 0.035040844 -0.066128485 0.997022092
1341840847.834306 0.820103228 0.000144527 -0.022726886 -0.016054837 0.033416908 -0.066999875 0.997063994
1341840847.870532 0.814047217 -0.009971886 -0.021202046 -0.020032002 0.037891742 -0.065594114 0.996925414
1341840847.902485 0.815580308 -0.000474393 -0.021599393 -0.015352353 0.036984678 -0.064214520 0.997132361
1341840847.938405 0.823815525 -0.006830642 -0.021374393 -0.019948510 0.032898400 -0.064744160 0.997159958
1341840847.970339 0.828015089 -0.020361405 -0.021307584 -0.023665896 0.031265575 -0.065268412 0.997097015
1341840848.002312 0.829165697 -0.015638642 -0.022087375 -0.018888447 0.031162560 -0.065619431 0.997179151
1341840848.038354 0.833103299 -0.014378130 -0.022403311 -0.017081752 0.028776489 -0.066488303 0.997225881
1341840848.070743 0.843448699 -0.013321303 -0.024375966 -0.015797300 0.025174962 -0.066661336 0.997332931
1341840848.102909 0.848607302 -0.013600555 -0.026439384 -0.016349338 0.026160404 -0.067010045 0.997275293
1341840848.138432 0.847025633 -0.013028182 -0.025146475 -0.017478596 0.029438131 -0.066602722 0.997192025
1341840848.170385 0.852588892 -0.019810099 -0.023991587 -0.020835249 0.028011067 -0.065963626 0.997211158
1341840848.206548 0.856723905 -0.023157962 -0.024003120 -0.020382229 0.027774092 -0.065195709 0.997277617
1341840848.238651 0.858159781 -0.018479215 -0.025295934 -0.017055308 0.028388655 -0.064748138 0.997351944
1341840848.277372 0.867690861 -0.013844308 -0.021900009 -0.015514548 0.025479108 -0.064310089 0.997483969
1341840848.313384 0.870225310 -0.024915090 -0.023417871 -0.019679412 0.025209360 -0.064916588 0.997378111
1341840848.345285 0.873171508 -0.025526585 -0.024456823 -0.018136583 0.025429584 -0.064487398 0.997429609
1341840848.377729 0.874528885 -0.022805493 -0.026012434 -0.016986281 0.026969837 -0.064850472 0.997385859
1341840848.413434 0.882551134 -0.020509664 -0.024086554 -0.016740227 0.025268147 -0.064858787 0.997434020
1341840848.446614 0.885768652 -0.027495963 -0.024669984 -0.019510819 0.026298335 -0.064242795 0.997396886
1341840848.477376 0.886529207 -0.025350416 -0.025493629 -0.017221924 0.028275875 -0.062227454 0.997512698
1341840848.514358 0.888496399 -0.019711198 -0.025074597 -0.016550658 0.028292421 -0.061244965 0.997584403
1341840848.545352 0.898395836 -0.037426312 -0.024083294 -0.024317086 0.025255494 -0.061355062 0.997500062
1341840848.581630 0.905445695 -0.051534042 -0.025716450 -0.024154097 0.026950657 -0.061212335 0.997468412
1341840848.613497 0.899082959 -0.024231972 -0.027409911 -0.009493535 0.033124238 -0.061032943 0.997540772
1341840848.645345 0.901889920 -0.021288970 -0.022143520 -0.009881399 0.030821631 -0.057383150 0.997827411
1341840848.681427 0.916778743 -0.042759769 -0.025189213 -0.016353711 0.023704352 -0.056371368 0.997994423
1341840848.713310 0.924081683 -0.045820914 -0.031507429 -0.013019024 0.024761969 -0.056749351 0.997996449
1341840848.745404 0.925101221 -0.032699235 -0.028258825 -0.004747157 0.030293986 -0.056628689 0.997924328
1341840848.774529 0.921366096 -0.024454838 -0.027849481 -0.001038602 0.034534570 -0.053362705 0.997977316
1341840848.806548 0.924874663 -0.018953912 -0.026638452 -0.002158351 0.034280900 -0.051655635 0.998074055
1341840848.842443 0.931199074 -0.041372165 -0.021561611 -0.010363394 0.031719297 -0.047889639 0.998295069
1341840848.874427 0.934810400 -0.042490970 -0.027614204 -0.005577648 0.030300234 -0.049344003 0.998306513
1341840848.910589 0.936955035 -0.030349808 -0.030511735 -0.000457237 0.031145660 -0.052209046 0.998150289
1341840848.942390 0.942333519 -0.046472307 -0.026577948 -0.007091203 0.030587208 -0.051311221 0.998189032
1341840848.974342 0.919749558 -0.052095469 -0.015608810 -0.002508551 0.042363975 -0.053887982 0.997644782
1341840849.010480 0.935638905 -0.026745051 -0.030285483 0.012105594 0.031509839 -0.051254116 0.998115003
1341840849.042373 0.946829557 -0.032903261 -0.031527337 0.004446032 0.025854517 -0.051835779 0.998310983
1341840849.074269 0.954477549 -0.047761418 -0.029090088 -0.000121504 0.025344197 -0.050702635 0.998392165
1341840849.110433 0.949508786 -0.042595740 -0.028239379 0.004807549 0.029659193 -0.050815754 0.998255968
1341840849.142356 0.947955847 -0.042710695 -0.028388191 0.006622416 0.029094795 -0.051884301 0.998207211
1341840849.178427 0.952124417 -0.036695667 -0.031479999 0.009867477 0.026156681 -0.053117234 0.998196900
1341840849.210439 0.956562817 -0.044170827 -0.029689064 0.008215539 0.024817018 -0.050156686 0.998399198
1341840849.242309 0.958237469 -0.045134153 -0.031914636 0.011109572 0.023529543 -0.049245741 0.998447716
1341840849.278391 0.965782225 -0.036321335 -0.037900925 0.013454222 0.020932116 -0.050991606 0.998389065
1341840849.310332 0.973315597 -0.050240338 -0.042785387 0.003756706 0.022838270 -0.053665541 0.998290718
1341840849.342402 1.002105355 -0.067242473 -0.038643513 0.002523438 0.021210732 -0.046624325 0.998684049
1341840849.378339 0.971208334 -0.041394282 -0.032517634 0.017699504 0.040244255 -0.049639933 0.997799098
1341840849.410390 0.970330477 -0.021096660 -0.034825262 0.023753894 0.039297529 -0.047566999 0.997812033
1341840849.446437 0.993778348 -0.044106051 -0.035248753 0.011899325 0.030434025 -0.044860102 0.998458683
1341840849.478425 1.002560973 -0.048782598 -0.036041047 0.014365301 0.033909351 -0.044742916 0.998319507
1341840849.512199 1.011012793 -0.036088884 -0.041129187 0.020864500 0.036509100 -0.044775676 0.998111665
1341840849.546449 1.013390660 -0.023768995 -0.042481035 0.021907855 0.040423363 -0.047279418 0.997822940
1341840849.578498 1.019334435 -0.035229363 -0.039049730 0.012367651 0.043070171 -0.047350630 0.997872710
1341840849.610692 1.016225576 -0.044729933 -0.033707850 0.009506643 0.049587272 -0.045148436 0.997703552
1341840849.646317 1.015394926 -0.025019087 -0.034115553 0.018339898 0.051674243 -0.043510322 0.997547090
1341840849.685647 1.030371547 -0.013966653 -0.036380094 0.017384030 0.046848517 -0.041186254 0.997901201
1341840849.714708 1.038557649 -0.043130234 -0.035698071 0.000593916 0.048916601 -0.040541690 0.997979581
1341840849.746347 1.031937957 -0.042643081 -0.032045998 0.002256072 0.056181438 -0.040747706 0.997586191
1341840849.778359 1.029260635 -0.019002654 -0.027068444 0.010649065 0.058179799 -0.041664019 0.997379482
1341840849.814323 1.026890278 -0.027397104 -0.024341591 0.002991267 0.060689364 -0.042559721 0.997244477
1341840849.846557 1.035500407 -0.038850296 -0.020825468 -0.000690984 0.058407173 -0.042114258 0.997403860
1341840849.882256 1.047316909 -0.034328051 -0.027169421 0.003933267 0.052230932 -0.041168578 0.997778356
1341840849.921575 1.053543806 -0.020143108 -0.032446243 0.006618216 0.050653715 -0.042352226 0.997795880
1341840849.946362 1.055586338 -0.038206175 -0.022555359 -0.003920230 0.052171711 -0.042262524 0.997735739
1341840849.982476 1.065395117 -0.046215679 -0.028829522 -0.002102722 0.050583597 -0.040917382 0.997879088
1341840850.014371 1.061234355 -0.022263167 -0.030791089 0.009088375 0.055128992 -0.040130798 0.997631073
1341840850.046326 1.052207947 -0.013570531 -0.025325894 0.006909772 0.057281740 -0.042258788 0.997439325
1341840850.082415 1.068291545 -0.036426097 -0.023677520 -0.004382320 0.048542533 -0.041918311 0.997931480
1341840850.121449 1.077587724 -0.034606185 -0.027145617 0.001084965 0.047515787 -0.041654736 0.998000979
1341840850.157539 1.076353192 -0.019624174 -0.029951453 0.007184535 0.050151560 -0.041104205 0.997869551
1341840850.189410 1.069839358 -0.019386299 -0.025517143 0.004025059 0.051508404 -0.043115336 0.997733295
1341840850.221491 1.083318949 -0.034840558 -0.026386365 -0.001671349 0.044759654 -0.043650161 0.998042345
1341840850.257570 1.091251612 -0.034940418 -0.034241483 0.001737170 0.044455495 -0.044010006 0.998040020
1341840850.289374 1.095953584 -0.018692615 -0.035373226 0.008214939 0.045890145 -0.044095483 0.997938991
1341840850.314521 1.093273878 -0.014042969 -0.033346914 0.007673344 0.046768080 -0.046275496 0.997803807
1341840850.350348 1.100782871 -0.021620033 -0.033930514 0.003000465 0.043687575 -0.046925966 0.997938037
1341840850.382480 1.108257651 -0.022123666 -0.036841102 0.002464246 0.044741306 -0.048226550 0.997830808
1341840850.418448 1.097594023 -0.013416601 -0.033146694 0.006193635 0.050601423 -0.048604704 0.997516274
1341840850.450229 1.110381484 -0.019093549 -0.036855690 0.003826771 0.043007717 -0.049230117 0.997853756
1341840850.482352 1.142819166 -0.035023149 -0.050269607 -0.001083447 0.032852251 -0.049177736 0.998248994
1341840850.518351 1.126423120 -0.020497171 -0.044646807 0.005208353 0.051683240 -0.053103689 0.997237027
1341840850.550287 1.090927601 -0.009798220 -0.034015797 0.008171008 0.067493297 -0.053327214 0.996260047
1341840850.582563 1.091900110 -0.023530468 -0.032371528 0.003675502 0.059465256 -0.051156569 0.996911883
1341840850.618439 1.117432117 -0.025809946 -0.040278774 0.008729372 0.045125816 -0.051618144 0.997608662
1341840850.650443 1.133382201 -0.007433471 -0.051611278 0.017164394 0.038849894 -0.050325319 0.997829318
1341840850.686406 1.125738502 -0.007237295 -0.045388512 0.011444245 0.044566371 -0.049958244 0.997690856
1341840850.718516 1.121139288 -0.022325948 -0.040918119 0.005886470 0.046539146 -0.049025159 0.997695327
1341840850.750308 1.128862500 -0.012874927 -0.045495119 0.012687826 0.042815130 -0.048061721 0.997845650
1341840850.786319 1.142729998 -0.003784007 -0.051297329 0.014304860 0.037374910 -0.046921678 0.998096585
1341840850.818316 1.144623876 -0.014119373 -0.047872487 0.007468518 0.039184649 -0.047224198 0.998087525
1341840850.854290 1.148806334 -0.017394599 -0.048508853 0.007301315 0.040586334 -0.047498588 0.998019695
1341840850.886322 1.156203151 -0.006141047 -0.050885674 0.011063595 0.042142734 -0.046588104 0.997963488
1341840850.918358 1.142597198 -0.009011570 -0.044219188 0.006861181 0.051071614 -0.045135450 0.997650981
1341840850.954395 1.145410895 -0.016630707 -0.041095987 0.005406400 0.049068939 -0.044134319 0.997805178
1341840850.986448 1.158743739 -0.009195979 -0.047766939 0.010817617 0.043630350 -0.042276368 0.998094201
1341840851.018447 1.158025503 -0.007272218 -0.045630142 0.009589928 0.046374239 -0.041012894 0.998035789
1341840851.054395 1.156119347 -0.016402686 -0.041171253 0.006564034 0.047686454 -0.040641744 0.998013616
1341840851.086362 1.168863773 -0.014060583 -0.046207719 0.009529208 0.042346209 -0.040530249 0.998235106
1341840851.122353 1.170796037 -0.019851970 -0.046233725 0.007298593 0.044182990 -0.039445199 0.998217702
1341840851.154293 1.172100186 -0.016196461 -0.044029549 0.010673941 0.045879897 -0.038414910 0.998151004
1341840851.186482 1.178727508 -0.011935580 -0.045363352 0.012712901 0.043363713 -0.038058344 0.998253226
1341840851.222499 1.182267547 -0.018856430 -0.043477282 0.009889114 0.043424617 -0.038362835 0.998270869
1341840851.254587 1.185249925 -0.021818284 -0.042947702 0.010944948 0.044237237 -0.039185457 0.998192251
1341840851.286786 1.187161565 -0.014521282 -0.043446694 0.015488400 0.044730071 -0.039861549 0.998083353
1341840851.322525 1.190441489 -0.017331993 -0.045338552 0.013113194 0.043546952 -0.040609885 0.998139501
1341840851.354461 1.200539589 -0.026526574 -0.044141300 0.009334472 0.041174751 -0.042153951 0.998218656
1341840851.390383 1.206161141 -0.027790835 -0.046118289 0.010772292 0.042404391 -0.043324098 0.998102605
1341840851.422373 1.197406769 -0.026312031 -0.040333726 0.012384747 0.048607510 -0.042789105 0.997824132
1341840851.454333 1.186864853 -0.027803073 -0.038846083 0.014890668 0.049531907 -0.042316172 0.997764587
1341840851.490328 1.210402489 -0.024885874 -0.045675218 0.017457774 0.035905030 -0.041753467 0.998329937
1341840851.522431 1.226189852 -0.037060451 -0.047307137 0.012851708 0.032070089 -0.041542903 0.998539209
1341840851.555777 1.213027000 -0.039605062 -0.043053824 0.015704870 0.041833937 -0.043827925 0.998039305
1341840851.590800 1.220734954 -0.020693175 -0.046365082 0.025475441 0.038259599 -0.043075241 0.998013854
1341840851.622401 1.228814840 -0.028549556 -0.046065979 0.018974567 0.034568455 -0.042597752 0.998313785
1341840851.658371 1.241159320 -0.041597471 -0.045331523 0.014711951 0.032105342 -0.041385278 0.998518944
1341840851.690446 1.241653681 -0.036094341 -0.045695424 0.018654555 0.035644293 -0.041077863 0.998345673
1341840851.722387 1.235154510 -0.039467692 -0.043172967 0.017816396 0.039629307 -0.041007023 0.998213649
1341840851.758379 1.241376638 -0.044044543 -0.044288639 0.017716751 0.037147216 -0.041293096 0.998299062
1341840851.790498 1.242226839 -0.050649010 -0.044231627 0.017901286 0.038323354 -0.039943624 0.998306215
1341840851.822502 1.245354414 -0.041810147 -0.045007162 0.024218753 0.037768599 -0.038193684 0.998262584
1341840851.858469 1.259855032 -0.030069506 -0.047874965 0.027018078 0.032461442 -0.037351914 0.998409271
1341840851.890382 1.263692975 -0.054946780 -0.044656686 0.015078982 0.034163900 -0.037383065 0.998602986
1341840851.926297 1.261358857 -0.059078854 -0.043872360 0.018956287 0.038791753 -0.034801010 0.998461187
1341840851.958364 1.258999825 -0.034798533 -0.045244802 0.029324336 0.040181089 -0.033129495 0.998212397
1341840851.990589 1.267116070 -0.045394853 -0.043520812 0.021449227 0.035760850 -0.032874249 0.998589158
1341840852.026374 1.281607389 -0.061029579 -0.042413656 0.016603321 0.032764744 -0.031056505 0.998842478
1341840852.058336 1.272576809 -0.054951217 -0.042315185 0.022232870 0.040385835 -0.028550612 0.998528659
1341840852.094404 1.273132443 -0.043762952 -0.041760795 0.026638284 0.039299022 -0.026905183 0.998509943
1341840852.126392 1.287352681 -0.048988022 -0.043241274 0.021268312 0.032529637 -0.028479336 0.998838544
1341840852.158516 1.290546060 -0.073564209 -0.047595240 0.010813181 0.036527261 -0.029097496 0.998850405
1341840852.194279 1.292684674 -0.062742591 -0.042153798 0.020561073 0.044489644 -0.027268320 0.998425961
1341840852.226380 1.279238462 -0.040262446 -0.039413571 0.028630851 0.050951712 -0.025462808 0.997965813
1341840852.258313 1.282267451 -0.059425481 -0.039428800 0.017123209 0.044837456 -0.025565835 0.998520315
1341840852.294500 1.301987171 -0.082215711 -0.041308869 0.010739631 0.037757739 -0.026572585 0.998875797
1341840852.326311 1.312712550 -0.064984903 -0.045193888 0.022432033 0.039420284 -0.027323220 0.998597145
1341840852.362368 1.306635261 -0.049619045 -0.044448979 0.025740851 0.046424486 -0.027398502 0.998214126
1341840852.394489 1.307880998 -0.070066728 -0.041460723 0.015462051 0.047886997 -0.026223974 0.998388708
1341840852.426307 1.310051322 -0.074873552 -0.041904718 0.017003771 0.050096385 -0.025184369 0.998282015
1341840852.462394 1.310707808 -0.064695954 -0.042328157 0.023207137 0.052204978 -0.023248358 0.998095989
1341840852.494557 1.319932461 -0.059055172 -0.043741450 0.024757715 0.049777582 -0.020026822 0.998252571
1341840852.526348 1.324621439 -0.064499177 -0.042644434 0.020923490 0.051125661 -0.019107195 0.998290181
1341840852.562305 1.324308395 -0.065649137 -0.043286741 0.019911978 0.054734349 -0.018423850 0.998132348
1341840852.594400 1.326267123 -0.060720213 -0.041049480 0.019796312 0.056488406 -0.016559474 0.998069584
1341840852.630345 1.319911361 -0.079123318 -0.037379354 0.012189422 0.059704788 -0.016918859 0.997998238
1341840852.663508 1.323254466 -0.076809034 -0.038097560 0.018093642 0.057719562 -0.016863292 0.998026431
1341840852.694654 1.324730515 -0.061468117 -0.040451460 0.025133248 0.055874143 -0.015518935 0.998000801
1341840852.732477 1.328649640 -0.064140208 -0.039301574 0.021457402 0.052641008 -0.014527257 0.998277247
1341840852.762455 1.338353753 -0.060034737 -0.040737160 0.021352144 0.048761170 -0.013967330 0.998484492
1341840852.794631 1.342958689 -0.066422977 -0.037641346 0.015812255 0.048805565 -0.016311975 0.998549938
1341840852.830583 1.347427607 -0.083224744 -0.035182387 0.010755483 0.049634695 -0.019304713 0.998522937
1341840852.862990 1.344541430 -0.072539844 -0.036465891 0.020045415 0.053216703 -0.020910166 0.998162746
1341840852.898597 1.350829005 -0.048534058 -0.040508538 0.027791705 0.051347304 -0.019422697 0.998105109
1341840852.930367 1.343090296 -0.064580314 -0.036991715 0.014674642 0.054686029 -0.020222342 0.998190939
1341840852.962482 1.345336199 -0.081969388 -0.033996291 0.009370807 0.053633433 -0.021146368 0.998292804
1341840852.998535 1.354009032 -0.069916241 -0.039229356 0.017371116 0.050789542 -0.022426674 0.998306394
1341840853.037588 1.356206417 -0.065813936 -0.039261743 0.017560322 0.051429611 -0.022782225 0.998262286
1341840853.066770 1.355691791 -0.075164214 -0.038301073 0.014067399 0.051930327 -0.022951987 0.998287797
1341840853.098354 1.362574697 -0.069926806 -0.040583380 0.017968815 0.048994876 -0.023560368 0.998359442
1341840853.131999 1.372728467 -0.064793102 -0.041659974 0.019373527 0.046700388 -0.024258252 0.998426378
1341840853.166530 1.369019747 -0.075789385 -0.039831087 0.015787873 0.050087858 -0.026650602 0.998264313
1341840853.198406 1.373185754 -0.064779907 -0.042999290 0.023476347 0.048109580 -0.027966479 0.998174429
1341840853.231726 1.386474967 -0.045705643 -0.047788076 0.027783470 0.043266408 -0.030064501 0.998224556
1341840853.266442 1.391479850 -0.066329941 -0.044814326 0.014829325 0.045184728 -0.031389441 0.998375237
1341840853.298516 1.385468960 -0.084152900 -0.043836266 0.011822945 0.050097711 -0.032663014 0.998140097
1341840853.334385 1.387006164 -0.062950462 -0.048257865 0.025660055 0.048037082 -0.034413107 0.997922719
1341840853.366351 1.398594260 -0.051645212 -0.050227873 0.027348071 0.042915244 -0.034836281 0.998096585
1341840853.398402 1.401432157 -0.066804945 -0.048355669 0.019366426 0.044505369 -0.035400841 0.998193860
1341840853.434335 1.401353002 -0.064025588 -0.050418042 0.021591494 0.046443313 -0.036774900 0.998010218
1341840853.466387 1.403771520 -0.058469873 -0.050908253 0.022903202 0.045806590 -0.038104139 0.997960567
1341840853.498430 1.413083196 -0.064271800 -0.050352298 0.020620162 0.042718749 -0.039914284 0.998076499
1341840853.534407 1.416836977 -0.060845207 -0.051471427 0.023236524 0.044483371 -0.040876832 0.997902989
1341840853.566451 1.416472673 -0.049255550 -0.052260600 0.026414521 0.046218555 -0.040609725 0.997755945
1341840853.602691 1.420938015 -0.047023792 -0.052994154 0.022286048 0.044895519 -0.041413683 0.997884035
1341840853.634832 1.424423575 -0.062924765 -0.049592152 0.013554292 0.045295637 -0.041991897 0.997998595
1341840853.666488 1.421988726 -0.070643760 -0.049527518 0.013850342 0.046854019 -0.043809399 0.997844458
1341840853.702424 1.427015305 -0.050308108 -0.052818991 0.023517527 0.044195704 -0.044956617 0.997733712
1341840853.734353 1.429133534 -0.046403442 -0.052957088 0.020495744 0.043066029 -0.047176223 0.997747242
1341840853.766467 1.435158610 -0.067424864 -0.049166806 0.011684367 0.041316688 -0.047821131 0.997932673
1341840853.802607 1.438733935 -0.058112733 -0.051766127 0.019389018 0.041425116 -0.048594739 0.997770786
1341840853.834576 1.442142248 -0.043533295 -0.053713314 0.023207689 0.041255899 -0.050366830 0.997608423
1341840853.870615 1.447413921 -0.047878936 -0.052255601 0.018202802 0.040106911 -0.052102786 0.997669995
1341840853.902573 1.448817492 -0.051931694 -0.051441438 0.015211200 0.041786030 -0.052756630 0.997616827
1341840853.940152 1.449053526 -0.051997822 -0.052316591 0.014934528 0.042582255 -0.053391282 0.997553527
1341840853.970342 1.456389904 -0.043483153 -0.054400153 0.016907029 0.039974920 -0.054704808 0.997558773
1341840854.002413 1.463341236 -0.051445808 -0.053167410 0.011684013 0.040251199 -0.056463465 0.997524559
1341840854.034566 1.464777350 -0.054961067 -0.051772334 0.012153112 0.043378312 -0.057945117 0.997302830
1341840854.070475 1.462653637 -0.042239107 -0.054833323 0.018023577 0.046309467 -0.057919070 0.997083724
1341840854.102373 1.462387800 -0.041439489 -0.055923514 0.016247042 0.045918077 -0.057215184 0.997173011
1341840854.138343 1.474175811 -0.048031177 -0.055386730 0.012907049 0.040754296 -0.057826728 0.997410953
1341840854.170475 1.480472803 -0.053939234 -0.055745319 0.013017230 0.041406341 -0.057818435 0.997383118
1341840854.202459 1.473545074 -0.043916348 -0.058826707 0.019541308 0.046516865 -0.057553649 0.997066617
1341840854.238384 1.470617652 -0.039872997 -0.060459889 0.019620618 0.045688685 -0.057645999 0.997098029
1341840854.270355 1.480631948 -0.050962292 -0.059524126 0.016160253 0.039375339 -0.057696242 0.997426450
1341840854.306367 1.495881796 -0.047194976 -0.061005387 0.021460781 0.035415508 -0.057260994 0.997500062
1341840854.338540 1.490431666 -0.037094750 -0.063057855 0.025821844 0.041502457 -0.057001088 0.997176826
1341840854.370427 1.483134151 -0.033414129 -0.063814260 0.024984829 0.043593578 -0.055315249 0.997203887
1341840854.406491 1.494518876 -0.040026858 -0.062647700 0.021040700 0.037282739 -0.054881196 0.997574747
1341840854.438402 1.498207927 -0.037494887 -0.062760055 0.022578180 0.037571419 -0.053742930 0.997592270
1341840854.470341 1.493125081 -0.031924181 -0.064360470 0.023107441 0.039229408 -0.053274080 0.997541487
1341840854.506442 1.503622532 -0.034939233 -0.062826976 0.019938376 0.033436690 -0.054843638 0.997735739
1341840854.538722 1.515313745 -0.035632808 -0.062136345 0.019753097 0.032195732 -0.055357803 0.997751832
1341840854.574331 1.512018323 -0.029930487 -0.061329715 0.020342445 0.038386520 -0.056293666 0.997468650
1341840854.606460 1.504101038 -0.037100654 -0.060734347 0.016154464 0.042236086 -0.057050992 0.997346640
1341840854.638476 1.510636687 -0.032759160 -0.061005075 0.017934667 0.038935486 -0.054848097 0.997574091
1341840854.674312 1.516464591 -0.031052224 -0.060681511 0.016412644 0.037071198 -0.054269977 0.997702897
1341840854.706362 1.514185309 -0.041326959 -0.058966566 0.011826263 0.038222656 -0.056059677 0.997625411
1341840854.738328 1.522982359 -0.035321891 -0.059444938 0.015324780 0.035551734 -0.057122946 0.997616231
1341840854.774384 1.522258878 -0.034844704 -0.058725014 0.014767413 0.037763976 -0.057119425 0.997543573
1341840854.806396 1.522859454 -0.035746612 -0.058411818 0.013973935 0.037773486 -0.058393147 0.997480869
1341840854.842383 1.528170466 -0.041619904 -0.057294112 0.011568339 0.036183532 -0.060141053 0.997466803
1341840854.874351 1.525712132 -0.058388922 -0.056565229 0.008616402 0.037111435 -0.060147118 0.997462153
1341840854.906375 1.521743298 -0.042835832 -0.059949055 0.019957079 0.036963850 -0.059938475 0.997317791
1341840854.942414 1.527910709 -0.029687397 -0.061822712 0.023465421 0.031462129 -0.062443770 0.997276425
1341840854.974632 1.544301391 -0.048672434 -0.059241716 0.014409197 0.024696605 -0.064022973 0.997538745
1341840855.006485 1.542894363 -0.055007603 -0.057319559 0.017005924 0.028857198 -0.065304212 0.997303069
1341840855.042409 1.543882847 -0.029852156 -0.060158595 0.028742990 0.029092440 -0.066765048 0.996930242
1341840855.074380 1.560392141 -0.023319319 -0.059392229 0.023557777 0.024509689 -0.069050193 0.997033775
