1305031102.975203 -0.015947130 0.040141314 0.238245293 -0.045934070 -0.010065709 -0.004899154 0.998881757
1305031103.011215 -0.015219584 0.042247962 0.247691274 -0.047259923 -0.016947953 -0.001991480 0.998736858
1305031103.043227 -0.017536238 0.047495227 0.259296805 -0.046814088 -0.021801535 -0.000809895 0.998665333
1305031103.075319 -0.011601897 0.045265473 0.266874343 -0.048963990 -0.027715301 0.003206113 0.998410761
1305031103.111240 -0.015285671 0.053880714 0.276165992 -0.044354580 -0.025580844 0.002636181 0.998684824
1305031103.143318 -0.011855021 0.053314134 0.282914042 -0.047929350 -0.027736997 0.005728441 0.998449087
1305031103.175452 -0.012982454 0.058421381 0.288249969 -0.047212001 -0.025623376 0.005775133 0.998539507
1305031103.211220 -0.015371164 0.062774867 0.294079781 -0.051343367 -0.024398206 0.006193082 0.998363793
1305031103.243216 -0.014983576 0.065170765 0.300118387 -0.058242761 -0.024524609 0.009925255 0.997951806
1305031103.275370 -0.020162689 0.066482127 0.303808242 -0.067123413 -0.024790009 0.013252771 0.997348607
1305031103.311210 -0.020954238 0.065981671 0.308755457 -0.071854785 -0.034296513 0.012390427 0.996748269
1305031103.343223 -0.015354618 0.067905158 0.311914682 -0.071938813 -0.041227017 0.012864836 0.996473610
1305031103.375327 -0.014616656 0.067647301 0.312774241 -0.075283922 -0.039945640 0.014480108 0.996256471
1305031103.411260 -0.015409879 0.063421786 0.311634362 -0.078367241 -0.039028462 0.015929269 0.996032894
1305031103.443280 -0.016806737 0.061537970 0.307348996 -0.078404814 -0.040573522 0.015168044 0.995980144
1305031103.475274 -0.016036008 0.058237463 0.304028392 -0.078786828 -0.043668311 0.013630370 0.995841324
1305031103.511333 -0.015461196 0.054520115 0.299156994 -0.076774932 -0.045458343 0.011455786 0.995945752
1305031103.543444 -0.013385354 0.045196913 0.293392241 -0.077673294 -0.047316086 0.010648070 0.995798528
1305031103.575474 -0.014901713 0.043619081 0.284647882 -0.072642416 -0.047836259 0.010679366 0.996152937
1305031103.611223 -0.016579438 0.039516330 0.276318669 -0.070523061 -0.050002590 0.010971504 0.996195674
1305031103.643445 -0.015719682 0.036023147 0.267663479 -0.067870267 -0.054336201 0.011615346 0.996145725
1305031103.675523 -0.013580387 0.032982487 0.258510441 -0.065147154 -0.057505436 0.011866670 0.996146619
1305031103.711610 -0.011308016 0.030134972 0.249130636 -0.062745661 -0.059215169 0.012080931 0.996198058
1305031103.743326 -0.009555554 0.024572635 0.239300326 -0.061419129 -0.059296571 0.011951720 0.996277452
1305031103.775342 -0.009264369 0.023543004 0.227103382 -0.057377916 -0.058613293 0.008593563 0.996593356
1305031103.811242 -0.008623194 0.022207927 0.214682028 -0.057246234 -0.057315007 0.005094177 0.996700525
1305031103.843251 -0.012789564 0.021669229 0.201360166 -0.059644978 -0.054935377 0.001766906 0.996705294
1305031103.875361 -0.013467691 0.012860907 0.192709357 -0.067702867 -0.057717137 -0.001153711 0.996034026
1305031103.911221 -0.010815581 0.005693421 0.178992450 -0.068075739 -0.062447425 -0.002692910 0.995720208
1305031103.943211 -0.009541716 0.003722025 0.166901857 -0.065690398 -0.065241270 -0.003417791 0.995699048
1305031103.975373 -0.006770133 -0.001508025 0.155981809 -0.064594381 -0.067904666 -0.004292233 0.995589316
1305031104.011232 -0.003767394 -0.006727273 0.147266194 -0.060912069 -0.068604179 -0.005801097 0.995765805
1305031104.043249 -0.000591895 -0.009248158 0.134607151 -0.053766981 -0.066197760 -0.007888887 0.996325612
1305031104.075425 0.001349149 -0.008696252 0.123038672 -0.049012482 -0.061922908 -0.010690710 0.996819437
1305031104.111235 0.004559104 -0.014486353 0.113310456 -0.047048517 -0.056820367 -0.012116413 0.997201622
1305031104.143230 0.002415777 -0.017746240 0.100317642 -0.042186379 -0.049893700 -0.013618876 0.997770250
1305031104.175424 0.002021655 -0.019379389 0.088458933 -0.037830319 -0.046353113 -0.014370278 0.998105109
1305031104.211283 0.003044623 -0.023776589 0.078101829 -0.034446489 -0.044023685 -0.014433741 0.998332143
1305031104.243196 0.003583317 -0.025086908 0.067189030 -0.029501544 -0.041698489 -0.014443234 0.998590171
1305031104.275546 0.005491149 -0.027108388 0.056339368 -0.025433389 -0.039651956 -0.015010776 0.998777032
1305031104.311219 0.006322755 -0.028578855 0.047217935 -0.021781405 -0.036572397 -0.015214100 0.998977721
1305031104.343342 0.008024788 -0.028019387 0.038363717 -0.018120226 -0.032934189 -0.015397225 0.999174595
1305031104.375837 0.007674823 -0.028142717 0.029571708 -0.015971147 -0.027855169 -0.015028691 0.999371350
1305031104.411509 0.005069635 -0.029895917 0.019722927 -0.014919634 -0.023036806 -0.014927620 0.999511838
1305031104.443288 0.000662536 -0.029193319 0.010493298 -0.013871554 -0.020087535 -0.014455729 0.999597490
1305031104.475456 -0.001932492 -0.030430198 0.002860270 -0.014381043 -0.020855147 -0.013779254 0.999584079
1305031104.511329 -0.002593630 -0.034244657 -0.004185840 -0.014395907 -0.023363277 -0.012367415 0.999546885
1305031104.543368 -0.000289617 -0.035483025 -0.011407871 -0.011061330 -0.026147744 -0.011585311 0.999529779
1305031104.575343 0.004518872 -0.039163001 -0.016423758 -0.007461980 -0.027452616 -0.010916436 0.999535620
1305031104.611336 0.012123918 -0.047491349 -0.023157578 0.000124411 -0.025128463 -0.009533743 0.999638736
1305031104.643243 0.013061862 -0.042924006 -0.031371541 0.013905616 -0.017531602 -0.008868832 0.999710262
1305031104.675525 0.014402753 -0.047791332 -0.040070824 0.024035923 -0.009688731 -0.008197794 0.999630511
1305031104.711277 0.014352562 -0.047272258 -0.048905794 0.038360097 -0.001927810 -0.005660228 0.999246120
1305031104.743280 0.016379781 -0.044982053 -0.056860335 0.052046705 0.004758037 -0.003650661 0.998626649
1305031104.775327 0.015002188 -0.044229887 -0.066193856 0.064277284 0.012636798 -0.002348247 0.997849345
1305031104.811465 0.018109731 -0.040864665 -0.072000585 0.075322010 0.018531766 0.001109611 0.996986449
1305031104.843258 0.017903553 -0.038950585 -0.077656113 0.083511502 0.025143338 0.003559168 0.996183217
1305031104.875350 0.013114255 -0.035765663 -0.083678260 0.089053109 0.029726462 0.005713737 0.995566785
1305031104.911534 0.015093163 -0.032698020 -0.083435170 0.091517515 0.029967880 0.008427377 0.995316744
1305031104.943262 0.013724853 -0.031140577 -0.084161967 0.092608579 0.031326652 0.008600205 0.995172501
1305031104.975202 0.013409882 -0.025322422 -0.080507278 0.092541777 0.030554228 0.009837254 0.995191276
1305031105.011290 0.014278967 -0.022086309 -0.075696900 0.088296950 0.029867208 0.010603373 0.995589852
1305031105.043373 0.013399856 -0.018364230 -0.068597883 0.083388999 0.029411925 0.009116806 0.996041179
1305031105.075320 0.013055343 -0.018413384 -0.060503270 0.076111242 0.028587816 0.007326146 0.996662498
1305031105.111299 0.010887782 -0.020604812 -0.051141459 0.069698378 0.027958592 0.005238296 0.997162461
1305031105.143106 0.008389742 -0.010996534 -0.041676499 0.065583885 0.025642473 0.003907623 0.997509837
1305031105.175159 0.006905871 -0.008279033 -0.030247558 0.052460495 0.022360004 0.001453812 0.998371601
1305031105.211268 -0.000222799 -0.012251256 -0.019571064 0.039990164 0.020228596 -0.003109139 0.998990417
1305031105.243270 -0.004132305 -0.009839034 -0.009752527 0.032212369 0.015528901 -0.005132506 0.999347210
1305031105.275288 -0.007914275 -0.006460235 0.002064037 0.022512436 0.009756126 -0.006249759 0.999679446
1305031105.311290 -0.009419316 -0.008675084 0.013794870 0.011502299 0.002188944 -0.007010180 0.999906898
1305031105.343302 -0.008097014 -0.012543341 0.025979282 0.001818880 -0.005290824 -0.006924470 0.999960363
1305031105.375338 -0.009512967 -0.013494175 0.037033848 -0.002102851 -0.010141063 -0.006903782 0.999922514
1305031105.411286 -0.011456279 -0.007908919 0.048100770 -0.006055193 -0.014525958 -0.007636518 0.999846995
1305031105.443316 -0.011805133 -0.011803775 0.060124375 -0.014211777 -0.018781727 -0.008362914 0.999687612
1305031105.475280 -0.011925814 -0.010423089 0.072079957 -0.017565854 -0.022552520 -0.008182703 0.999557853
1305031105.511332 -0.010415203 -0.007988719 0.083783939 -0.021728991 -0.026045965 -0.007821949 0.999393940
1305031105.543282 -0.010849107 -0.009858757 0.096031405 -0.026701294 -0.026854228 -0.006962718 0.999258399
1305031105.575449 -0.012018732 -0.007473914 0.107059337 -0.028996045 -0.027908504 -0.006686801 0.999167502
1305031105.611378 -0.010607333 -0.008785417 0.120490499 -0.032346774 -0.029639591 -0.005983801 0.999019206
1305031105.643273 -0.012093758 -0.007789306 0.131496489 -0.033035852 -0.029602492 -0.002994156 0.999011219
1305031105.675166 -0.009148644 -0.004704251 0.145572767 -0.034171131 -0.032155294 -0.001800676 0.998896956
1305031105.711309 -0.005357641 -0.006789058 0.160244048 -0.034541488 -0.031519320 -0.001760563 0.998904526
1305031105.743312 -0.004634264 -0.000716022 0.170799851 -0.031355876 -0.027953122 -0.001089957 0.999116719
1305031105.775339 -0.002351400 -0.001634472 0.183235422 -0.032866862 -0.024172604 -0.001080044 0.999166787
1305031105.811283 -0.003374341 0.000429995 0.194218308 -0.031044848 -0.018610561 -0.000340431 0.999344647
1305031105.843271 -0.000782330 0.001232247 0.205254883 -0.030158270 -0.015902439 0.000847343 0.999418259
1305031105.875337 0.000588252 0.007360619 0.216011792 -0.028211327 -0.011262248 0.003052220 0.999533892
1305031105.911262 0.000738597 0.009981785 0.226058021 -0.030998217 -0.007007654 0.007772211 0.999464691
1305031105.943272 0.000221532 0.014672516 0.235741720 -0.032904286 -0.003227132 0.010445742 0.999398708
1305031105.975329 -0.000470219 0.018307723 0.245757908 -0.037010875 -0.000690474 0.011842343 0.999244452
1305031106.011285 0.000383683 0.021745462 0.255731106 -0.041185968 0.001258963 0.013868323 0.999054432
1305031106.043355 -0.001025928 0.025073541 0.265954912 -0.045477584 0.003842324 0.015019021 0.998845041
1305031106.075330 -0.002340506 0.028474534 0.275105774 -0.049257960 0.005096550 0.016844990 0.998631001
1305031106.111327 -0.004024164 0.033889242 0.283788323 -0.053307194 0.005508540 0.017478168 0.998409986
1305031106.143355 -0.005812869 0.035406198 0.293367863 -0.060483474 0.004359265 0.019348796 0.997972131
1305031106.175534 -0.007186824 0.037280474 0.301656246 -0.064355016 0.003101793 0.020025183 0.997721314
1305031106.211275 -0.009506276 0.037980005 0.309841484 -0.067501865 0.002686457 0.019237950 0.997530043
1305031106.243267 -0.010330501 0.040582031 0.315746486 -0.067202255 0.001266296 0.022940809 0.997474790
1305031106.276385 -0.011127359 0.045317303 0.320613682 -0.067453124 -0.000366051 0.024098163 0.997431278
1305031106.311238 -0.010673996 0.048140898 0.324825317 -0.070866294 -0.002140403 0.027744601 0.997097611
1305031106.343258 -0.010290990 0.055131622 0.328014731 -0.073783763 -0.004188993 0.029129745 0.996839941
1305031106.375388 -0.006470355 0.055517748 0.328782827 -0.082730196 -0.006339467 0.022620412 0.996295035
1305031106.411320 -0.007033661 0.050541412 0.331210554 -0.090644933 -0.000661110 0.015591887 0.995760977
1305031106.443278 -0.011519689 0.048151810 0.331632197 -0.092193559 0.005500490 0.010601196 0.995669484
1305031106.475345 -0.013891907 0.046753444 0.328548431 -0.091703303 0.005626771 0.009057490 0.995729268
1305031106.511129 -0.015702197 0.042997621 0.324196041 -0.090835422 0.003035446 0.008592173 0.995824218
1305031106.543302 -0.014422850 0.040646762 0.316382885 -0.087569997 -0.001758892 0.007152291 0.996131122
1305031106.575282 -0.013420153 0.038584899 0.305818230 -0.084012859 -0.004500680 0.006914304 0.996430516
1305031106.611151 -0.014804640 0.038170531 0.296333313 -0.082963556 -0.006988642 0.003800713 0.996520817
1305031106.643207 -0.014090711 0.031957999 0.287287056 -0.084477268 -0.010136701 0.001859789 0.996372104
1305031106.675279 -0.016900372 0.032068640 0.275192618 -0.080830835 -0.011899294 0.001689299 0.996655345
1305031106.711508 -0.018843494 0.028588314 0.265137911 -0.082913041 -0.016889812 0.000761872 0.996413350
1305031106.743341 -0.018621225 0.025005344 0.252591908 -0.081911564 -0.023608314 0.001252893 0.996359169
1305031106.775390 -0.016431656 0.021859825 0.239971891 -0.081238672 -0.030489391 0.001192491 0.996227503
1305031106.811289 -0.015284672 0.021589646 0.226616919 -0.080650143 -0.034899615 0.000977036 0.996130824
1305031106.843416 -0.015338579 0.013586802 0.215513408 -0.083147399 -0.038779579 -0.000745102 0.995782137
1305031106.875905 -0.012355177 0.008848682 0.201424196 -0.078095160 -0.042262778 -0.004291033 0.996040463
1305031106.911243 -0.011797689 0.011210252 0.186353728 -0.072295122 -0.041729018 -0.008337048 0.996475101
1305031106.943439 -0.010982594 0.004891679 0.175296769 -0.071853653 -0.041292928 -0.012725462 0.996478796
1305031106.975547 -0.011394916 -0.003038658 0.162461862 -0.068170451 -0.038611814 -0.015884584 0.996799707
1305031107.011576 -0.011324735 -0.000604479 0.143805042 -0.059941046 -0.035528239 -0.019716978 0.997374594
1305031107.043281 -0.011413591 -0.006339483 0.131355867 -0.061368152 -0.032949515 -0.021864854 0.997331560
1305031107.075432 -0.013699727 -0.012769519 0.117064521 -0.057870787 -0.031082243 -0.022861255 0.997578204
1305031107.111229 -0.013387273 -0.011467106 0.104899131 -0.051897448 -0.031936254 -0.023295719 0.997869790
1305031107.143260 -0.011038990 -0.011194711 0.092431538 -0.049526069 -0.031610537 -0.023491928 0.997996032
1305031107.175399 -0.010264862 -0.017024286 0.083491348 -0.048512153 -0.030257776 -0.024238799 0.998069882
1305031107.211358 -0.007475435 -0.023459934 0.072256185 -0.043679342 -0.028839298 -0.026075928 0.998288751
1305031107.243378 -0.007255020 -0.022888932 0.059991848 -0.036676027 -0.025237318 -0.026426343 0.998658895
1305031107.275398 -0.005210520 -0.026651535 0.051164616 -0.031767130 -0.022436177 -0.026648557 0.998888075
1305031107.311226 -0.004753950 -0.029926764 0.041493796 -0.024831545 -0.018586289 -0.027484804 0.999140918
1305031107.343509 -0.001837017 -0.034017533 0.031581149 -0.014324987 -0.015464924 -0.027942603 0.999387264
1305031107.375413 -0.000618100 -0.028883675 0.022183022 -0.003273887 -0.010407289 -0.027715100 0.999556303
1305031107.411271 0.001894412 -0.028975125 0.017431550 0.003263233 -0.006342281 -0.028047457 0.999581158
1305031107.443419 0.004652104 -0.028594516 0.009981941 0.008512709 -0.001946913 -0.027615229 0.999580503
1305031107.475377 0.007165896 -0.029644152 0.006451785 0.011224895 0.002312652 -0.026546828 0.999581873
1305031107.511352 0.008088690 -0.024632098 0.004005993 0.014135138 0.006086720 -0.025787102 0.999548972
1305031107.543605 0.010818755 -0.026725505 0.003353773 0.010646291 0.008450091 -0.023529930 0.999630749
1305031107.575454 0.013031620 -0.030174475 0.004808679 0.009640016 0.010119367 -0.020846678 0.999684989
1305031107.611271 0.016095079 -0.023418589 0.004596417 0.011757113 0.010933113 -0.018155206 0.999706268
1305031107.643323 0.016907804 -0.023687562 0.006735355 0.007949973 0.012219013 -0.016922196 0.999750555
1305031107.675568 0.016638672 -0.022325978 0.008482947 0.007298035 0.012752162 -0.016643418 0.999753535
1305031107.711307 0.016506968 -0.022009809 0.008797441 0.005252394 0.012619083 -0.015404312 0.999787927
1305031107.743538 0.013519910 -0.015733534 0.010291971 0.003969285 0.012211663 -0.015179692 0.999802291
1305031107.775802 0.013763110 -0.016827025 0.012694668 0.000611460 0.009127339 -0.016927714 0.999814868
1305031107.811596 0.016403385 -0.016358981 0.014517148 -0.002013593 0.006409589 -0.016333938 0.999844015
1305031107.843332 0.017034274 -0.014453442 0.016443497 -0.003948467 0.006021944 -0.017247656 0.999825299
1305031107.875358 0.020922480 -0.017055713 0.019251782 -0.005317388 0.006223572 -0.020915078 0.999747753
1305031107.911541 0.023421077 -0.017594470 0.020776337 -0.004628547 0.009223175 -0.023219259 0.999677122
1305031107.943122 0.029653387 -0.016602959 0.025952533 -0.002316340 0.011384597 -0.022082293 0.999688625
1305031107.975807 0.034091514 -0.019825431 0.023906643 -0.000840662 0.015964132 -0.023406513 0.999598205
1305031108.011320 0.042313375 -0.016048441 0.031766061 0.004276112 0.019496761 -0.023567511 0.999522984
1305031108.043418 0.054227553 -0.016292410 0.033026494 0.005968796 0.024753556 -0.020796901 0.999459386
1305031108.075352 0.062464051 -0.019893067 0.032165349 0.006064953 0.033927362 -0.016524149 0.999269247
1305031108.111378 0.065347165 -0.019068984 0.035568941 0.009469381 0.041396879 -0.017374258 0.998946786
1305031108.143334 0.076385416 -0.016033283 0.037722550 0.012201750 0.043912187 -0.015752323 0.998836696
1305031108.176058 0.082420774 -0.010046515 0.038862571 0.012059133 0.048436843 -0.012329741 0.998677313
1305031108.211475 0.091123879 -0.011301985 0.042850915 0.006993955 0.049857482 -0.013094599 0.998645961
1305031108.243347 0.106290445 -0.018204588 0.047187757 0.003954777 0.051134225 -0.015346305 0.998566031
1305031108.275358 0.112485953 -0.012682142 0.047086876 0.005701853 0.056538969 -0.015009618 0.998271286
1305031108.311332 0.117476404 -0.009148583 0.050295483 0.002778066 0.058891498 -0.013629756 0.998167455
1305031108.343278 0.125044078 -0.006519435 0.053076383 -0.002004343 0.057703581 -0.011608600 0.998264253
1305031108.375410 0.131801069 -0.005685995 0.055851642 -0.007256668 0.055416014 -0.006571040 0.998415351
1305031108.411361 0.148875982 -0.005094142 0.058589168 -0.011758179 0.049266573 0.000034791 0.998716474
1305031108.443610 0.166924134 -0.003704311 0.058695517 -0.015595980 0.044489354 0.006161019 0.998869121
1305031108.475471 0.168871641 -0.007749961 0.062468827 -0.020187540 0.047422770 0.013494554 0.998579741
1305031108.511378 0.185983583 -0.010705732 0.066011116 -0.020459227 0.048047524 0.018627835 0.998461783
1305031108.543737 0.194679335 -0.016238539 0.065996215 -0.018513624 0.055826433 0.016742036 0.998128414
1305031108.575414 0.202221379 -0.007568692 0.066283196 -0.012085834 0.061291061 0.015669635 0.997923791
1305031108.611407 0.213301405 -0.007972130 0.068194374 -0.012874973 0.066566877 0.016392989 0.997564197
1305031108.643303 0.218318582 -0.005068556 0.068991572 -0.012207820 0.073606201 0.017645927 0.997056484
1305031108.675375 0.240095913 -0.001573670 0.067439407 -0.013865843 0.073787689 0.021047138 0.996955454
1305031108.711411 0.243637741 -0.004042099 0.070626915 -0.019032426 0.083177410 0.024395868 0.996054292
1305031108.743502 0.241042271 -0.006914680 0.072352335 -0.021757348 0.092173912 0.025685780 0.995173752
1305031108.775493 0.246281967 -0.006216420 0.072487146 -0.022949994 0.096461654 0.027277892 0.994698107
1305031108.811244 0.247564018 -0.008022727 0.073263288 -0.025091782 0.100861534 0.031871088 0.994073272
1305031108.843264 0.254484862 -0.010778863 0.072160080 -0.024933081 0.098877072 0.036648598 0.994111955
1305031108.876515 0.254687607 -0.010761578 0.070597395 -0.022923332 0.096376419 0.042694278 0.994164646
1305031108.911364 0.254353017 -0.015508877 0.070362009 -0.021669295 0.093347676 0.047001619 0.994287431
1305031108.943243 0.251032889 -0.018786401 0.065744549 -0.017686065 0.090618387 0.047193978 0.994609594
1305031108.975268 0.252162099 -0.012507142 0.060551897 -0.011727572 0.082894780 0.046649732 0.995396793
1305031109.011269 0.251937926 -0.012278052 0.059816524 -0.012194722 0.078703411 0.045355760 0.995791137
1305031109.043277 0.245904922 -0.013381319 0.056968197 -0.011604850 0.078071073 0.042772580 0.995962203
1305031109.075410 0.240139455 -0.008860274 0.053736508 -0.011843792 0.075529985 0.037645161 0.996362269
1305031109.111282 0.233202904 -0.010753373 0.054407720 -0.016344391 0.074466370 0.034379944 0.996496677
1305031109.143334 0.214438766 -0.011554574 0.056797612 -0.017082246 0.075598881 0.032210745 0.996471524
1305031109.175464 0.210045815 -0.004711133 0.054994561 -0.014549692 0.067052908 0.030577034 0.997174680
1305031109.211379 0.206170678 0.005490419 0.053370602 -0.015971830 0.060173914 0.034461692 0.997465014
1305031109.243290 0.195281282 0.003609532 0.053855371 -0.025264841 0.058113039 0.039708819 0.997199953
1305031109.275308 0.178835094 -0.005761115 0.055809006 -0.030395929 0.056395028 0.042447865 0.997042596
1305031109.311329 0.167989925 -0.000192554 0.054702226 -0.025640925 0.047261551 0.044169120 0.997576058
1305031109.343248 0.156883016 0.004317215 0.054405317 -0.026984125 0.037605576 0.043442909 0.997983217
1305031109.375397 0.147169724 0.001865755 0.054230660 -0.030294668 0.029081838 0.042501021 0.998213530
1305031109.411329 0.137246817 0.005507966 0.053573716 -0.029402571 0.021801569 0.038779456 0.998577178
1305031109.443302 0.130131423 0.007586266 0.051327363 -0.032356925 0.015274859 0.033563036 0.998795867
1305031109.475363 0.119369514 0.005379436 0.050837532 -0.035721026 0.013276913 0.029774899 0.998829901
1305031109.511273 0.106795184 0.001653397 0.048635222 -0.036767270 0.011003932 0.024734424 0.998957098
1305031109.543294 0.095954768 0.001975105 0.045991972 -0.034015529 0.009722372 0.022096887 0.999129713
1305031109.575362 0.085464656 0.003879871 0.044342380 -0.033190634 0.009241283 0.022179069 0.999160171
1305031109.611310 0.074502520 0.004682427 0.042553462 -0.033195365 0.007812190 0.020011978 0.999217987
1305031109.643229 0.065663494 0.005259229 0.040318448 -0.033948727 0.006222393 0.019651156 0.999211013
1305031109.675263 0.052978236 0.006485903 0.038707696 -0.036178831 0.006647232 0.021807970 0.999085248
1305031109.711312 0.041534245 0.010025760 0.037670951 -0.037609074 0.003736219 0.020764004 0.999069810
1305031109.743274 0.031386264 0.009580319 0.038016640 -0.042534087 0.000786708 0.020034600 0.998893797
1305031109.775277 0.023636753 0.008446506 0.040039822 -0.046087906 -0.001863565 0.020487271 0.998725533
1305031109.811371 0.010410737 0.012060447 0.040010151 -0.046758644 -0.001695348 0.019058835 0.998722911
1305031109.843296 -0.000218758 0.011367043 0.040642500 -0.050742615 -0.004097779 0.018519348 0.998531640
1305031109.875306 -0.014939715 0.013492558 0.041599017 -0.053578243 -0.005903269 0.016519962 0.998409510
1305031109.911265 -0.025056664 0.010565367 0.044860009 -0.055997010 -0.012014476 0.011891950 0.998287797
1305031109.943299 -0.034581851 0.017980197 0.046866443 -0.055066302 -0.015534230 0.007326659 0.998334944
1305031109.975258 -0.047777407 0.017175464 0.049759343 -0.059661597 -0.016528308 0.001776525 0.998080254
1305031110.011256 -0.056489442 0.018198518 0.053121511 -0.061861094 -0.019900372 -0.004538749 0.997876048
1305031110.043299 -0.065462708 0.018156540 0.055781487 -0.064566582 -0.021426667 -0.011377540 0.997618496
1305031110.075319 -0.078697309 0.021417685 0.057354074 -0.065532915 -0.020476975 -0.016798591 0.997498870
1305031110.111325 -0.091097288 0.022373691 0.060100917 -0.069786251 -0.021232579 -0.021641765 0.997101128
1305031110.143432 -0.101690300 0.017937001 0.061898492 -0.072662897 -0.024418045 -0.025374947 0.996734679
1305031110.175641 -0.109652303 0.024027873 0.062138647 -0.072184965 -0.028294593 -0.026789118 0.996629834
1305031110.211637 -0.120929204 0.021035144 0.064423509 -0.077175096 -0.030467808 -0.028278094 0.996150613
1305031110.243323 -0.128602564 0.019361457 0.066300154 -0.078088954 -0.035158552 -0.028013751 0.995932341
1305031110.279321 -0.134556368 0.019156944 0.068009332 -0.076499850 -0.039924234 -0.028884286 0.995851159
1305031110.311404 -0.145903334 0.019665342 0.066960864 -0.073792346 -0.041881390 -0.030761324 0.995918870
1305031110.343355 -0.157409936 0.021152189 0.063729368 -0.072642080 -0.045196939 -0.031648077 0.995830715
1305031110.379281 -0.167161450 0.022427298 0.063661277 -0.071210310 -0.050433163 -0.035158452 0.995564878
1305031110.411469 -0.178321600 0.026930120 0.061464436 -0.069713369 -0.055732358 -0.038385499 0.995269060
1305031110.443260 -0.187147230 0.030065928 0.061962105 -0.073149264 -0.061472178 -0.041786626 0.994547248
1305031110.479331 -0.198054329 0.026777070 0.063104331 -0.077275470 -0.067918345 -0.047463793 0.993560672
1305031110.511429 -0.207283288 0.026862269 0.062751427 -0.077881910 -0.075096346 -0.051274657 0.992807031
1305031110.543408 -0.216119081 0.033054382 0.062682107 -0.077386528 -0.081193231 -0.054987609 0.992166996
1305031110.579426 -0.222126871 0.036621265 0.062994212 -0.080937155 -0.087954238 -0.059449907 0.991049409
1305031110.611307 -0.229479507 0.031769842 0.066198125 -0.086960532 -0.091739617 -0.063086383 0.989970624
1305031110.643418 -0.237100154 0.030280016 0.066505179 -0.085995331 -0.093677998 -0.066450492 0.989653230
1305031110.679606 -0.241976440 0.037783425 0.065003186 -0.083363116 -0.096343063 -0.068360575 0.989492536
1305031110.711412 -0.247502998 0.035070382 0.065963678 -0.088006511 -0.098045588 -0.069600485 0.988836527
1305031110.743249 -0.251750737 0.033412311 0.065827608 -0.089068897 -0.099817410 -0.071163327 0.988452852
1305031110.779193 -0.253411651 0.035351366 0.065839887 -0.088363640 -0.102115817 -0.071674980 0.988244355
1305031110.811386 -0.255514115 0.036041543 0.065354712 -0.088831156 -0.102543019 -0.073484093 0.988025308
1305031110.843218 -0.259391308 0.035457347 0.065408647 -0.090684868 -0.103553094 -0.075604245 0.987591505
1305031110.879313 -0.256750137 0.034418933 0.065873548 -0.091110200 -0.107033409 -0.075342961 0.987201214
1305031110.911333 -0.264048874 0.037591524 0.066076979 -0.090934269 -0.106661208 -0.075922996 0.987213254
1305031110.943862 -0.259825855 0.036854625 0.066445522 -0.091183402 -0.109797634 -0.076941043 0.986767530
1305031110.979345 -0.249494553 0.039415866 0.067363486 -0.090260588 -0.111724555 -0.076493211 0.986670911
1305031111.011431 -0.240791097 0.037296530 0.070100501 -0.092615724 -0.109036334 -0.075352013 0.986841142
1305031111.043327 -0.237096950 0.037992150 0.069531523 -0.091329768 -0.102671593 -0.073243976 0.987801969
1305031111.079283 -0.233998835 0.041848376 0.069412902 -0.091676660 -0.098534249 -0.071332194 0.988330960
1305031111.111508 -0.225101352 0.036943525 0.071612008 -0.094999567 -0.097679526 -0.068039499 0.988334179
1305031111.143257 -0.217790693 0.035424974 0.073078901 -0.093619794 -0.095289670 -0.066981778 0.988771260
1305031111.179326 -0.201875553 0.035445727 0.074708894 -0.090804346 -0.094883464 -0.066102713 0.989131987
1305031111.211433 -0.193515629 0.035854138 0.073126137 -0.088958889 -0.086591892 -0.062188454 0.990313470
1305031111.243236 -0.195917517 0.033774488 0.073109873 -0.088962086 -0.079330325 -0.063536867 0.990835786
1305031111.279308 -0.177739233 0.030144759 0.076372854 -0.085847780 -0.082000718 -0.060540475 0.991080642
1305031111.311547 -0.174301356 0.034878783 0.070076004 -0.080613956 -0.074242227 -0.056996096 0.992341101
1305031111.343397 -0.172529578 0.037414245 0.070689842 -0.083044350 -0.074489087 -0.057701353 0.992081463
1305031111.379134 -0.148803860 0.028150890 0.077820241 -0.085371606 -0.081416287 -0.053370658 0.991581857
1305031111.411296 -0.151793793 0.029495783 0.070114583 -0.080713727 -0.078556947 -0.053103298 0.992216766
1305031111.443386 -0.133857429 0.031132834 0.076804139 -0.079992011 -0.087523654 -0.057471551 0.991280973
1305031111.479259 -0.107934415 0.026876248 0.084619910 -0.077837519 -0.088145092 -0.055725694 0.991497040
1305031111.511264 -0.102122426 0.025759399 0.078606874 -0.074008286 -0.074662618 -0.055197269 0.992925763
1305031111.543250 -0.090994366 0.022919744 0.082994774 -0.070842609 -0.069389798 -0.054755658 0.993563414
1305031111.579237 -0.078677706 0.024804311 0.079388991 -0.066477448 -0.060355179 -0.048090938 0.994799137
1305031111.611271 -0.078051582 0.021702874 0.072710112 -0.068686545 -0.051548280 -0.041975684 0.995420992
1305031111.643395 -0.059065405 0.016131880 0.083168328 -0.067040958 -0.056882560 -0.034131035 0.995542526
1305031111.679320 -0.041463416 0.023581080 0.081851311 -0.059119381 -0.051902931 -0.025436090 0.996576130
1305031111.711760 -0.028469656 0.021643680 0.082832128 -0.059605394 -0.044960517 -0.023396557 0.996934474
1305031111.743386 -0.009986741 0.015187212 0.087085865 -0.057989914 -0.036950752 -0.020099929 0.997430623
1305031111.779423 -0.002316780 0.023752086 0.088069089 -0.050867714 -0.016594820 -0.015059783 0.998453975
1305031111.811406 0.003454071 0.020371862 0.085850075 -0.049548965 -0.001232296 -0.014508490 0.998665571
1305031111.843299 0.024796197 0.019132668 0.083512858 -0.045859221 0.005267536 -0.014366572 0.998830736
1305031111.879442 0.031723905 0.016252683 0.075675644 -0.048103321 0.014011515 -0.009358737 0.998700261
1305031111.911354 0.035716500 0.011985073 0.077041633 -0.048761044 0.015552245 -0.003519280 0.998683155
1305031111.943300 0.049173415 0.013389274 0.076738045 -0.046371046 0.010537163 0.005673069 0.998852611
1305031111.979449 0.069051184 0.014059345 0.079720899 -0.045392942 0.008084850 0.013409646 0.998846471
1305031112.011433 0.077559777 0.011548584 0.078768484 -0.044340864 0.017006677 0.013110708 0.998785675
1305031112.043270 0.092456937 0.011736635 0.077079721 -0.040695854 0.022991911 0.011293895 0.998843133
1305031112.079339 0.105410472 0.010688460 0.077174857 -0.039111957 0.033641152 0.011422272 0.998603046
1305031112.111423 0.106980070 0.010999227 0.075130567 -0.036095403 0.045128621 0.006218424 0.998309493
1305031112.144342 0.124573544 0.013533171 0.075250663 -0.034801107 0.046723615 0.000441577 0.998301387
1305031112.179390 0.139343455 0.011696408 0.073875017 -0.038022906 0.057778977 -0.002052494 0.997602940
1305031112.211254 0.144962281 0.003417160 0.075722769 -0.040894844 0.068920009 -0.008119226 0.996750593
1305031112.243369 0.165327907 -0.000798830 0.077214643 -0.035780065 0.075099230 -0.013828540 0.996437967
1305031112.279353 0.170918137 -0.001788259 0.077522412 -0.030713849 0.082120053 -0.016921096 0.996005356
1305031112.311312 0.178026944 -0.006378845 0.079417139 -0.026200144 0.084948391 -0.019332185 0.995853186
1305031112.343323 0.187131539 -0.004297396 0.078784265 -0.018547574 0.085142523 -0.017142760 0.996048629
1305031112.379360 0.194733202 -0.003352343 0.077888004 -0.013981832 0.084086299 -0.012897023 0.996276915
1305031112.411442 0.204422623 -0.003830029 0.076615736 -0.011947100 0.081592195 -0.008944412 0.996554077
1305031112.443391 0.213533118 -0.006922276 0.077425554 -0.010740912 0.080914497 -0.002831128 0.996659160
1305031112.479418 0.219847366 -0.005337369 0.076537855 -0.006766282 0.080056816 0.006904242 0.996743441
1305031112.511504 0.225107312 -0.006864870 0.076225236 -0.005249692 0.077507600 0.013874327 0.996881425
1305031112.543212 0.233995616 -0.008128973 0.075380847 -0.003152610 0.073736265 0.018214667 0.997106433
1305031112.579252 0.240664259 -0.007068830 0.074118584 -0.000724081 0.070894383 0.023892850 0.997197390
1305031112.611261 0.267231494 0.002621993 0.074384704 0.003280072 0.063033529 0.032216746 0.997485876
1305031112.643246 0.263394803 -0.002968955 0.071866348 -0.002097016 0.073447086 0.038641021 0.996548057
1305031112.679952 0.264383674 -0.003813115 0.073947318 -0.004508847 0.080605842 0.041280761 0.995880663
1305031112.711251 0.268176049 -0.000722258 0.074557066 -0.005390683 0.084198922 0.042919982 0.995509624
1305031112.743245 0.280246675 0.012688371 0.077002957 -0.005148755 0.083327867 0.047311351 0.995385170
1305031112.779310 0.278095156 0.008758241 0.080639333 -0.014058908 0.088283226 0.049527738 0.994763970
1305031112.811310 0.265875071 0.003680585 0.081915468 -0.017743398 0.092380829 0.047223270 0.994445026
1305031112.843286 0.263961554 0.009852173 0.082832962 -0.017966354 0.086730205 0.045201883 0.995043635
1305031112.879421 0.264465123 0.010616438 0.083458111 -0.021195883 0.082559913 0.047790196 0.995213926
1305031112.911411 0.257024884 0.009370761 0.083637603 -0.024399700 0.080765128 0.050014656 0.995178461
1305031112.943321 0.249818295 0.006724955 0.084854960 -0.027227104 0.076271020 0.047944892 0.995561481
1305031112.979278 0.248140693 0.007212615 0.083659664 -0.027656035 0.069260858 0.046037946 0.996151924
1305031113.011353 0.242770582 0.010923507 0.082418039 -0.027835634 0.066175863 0.046095122 0.996353924
1305031113.043231 0.236101672 0.009835298 0.081790313 -0.032502644 0.064549044 0.043431476 0.996439040
1305031113.079251 0.223268777 0.001518105 0.082908750 -0.035824802 0.063950226 0.037431762 0.996607125
1305031113.111316 0.213600114 0.005063461 0.080968715 -0.032132499 0.059283562 0.032424949 0.997196853
1305031113.143306 0.212452307 0.013210576 0.077002451 -0.030971671 0.053256214 0.032759491 0.997562706
1305031113.179343 0.199497074 0.006666016 0.077459380 -0.035984736 0.053109508 0.033976499 0.997361541
1305031113.211259 0.187907115 0.007408894 0.075601719 -0.033453703 0.048083041 0.035306681 0.997658432
1305031113.243227 0.169317648 0.007460187 0.070763037 -0.035794567 0.044444729 0.035705708 0.997731686
1305031113.279312 0.161160991 0.001627702 0.071417421 -0.039650962 0.037999820 0.037679277 0.997779608
1305031113.311452 0.148986846 -0.005307910 0.068137154 -0.037025955 0.031395167 0.040751990 0.997989297
1305031113.343252 0.135256737 -0.000929689 0.064404204 -0.030481450 0.021696797 0.039185096 0.998531282
1305031113.379312 0.120186977 0.001907888 0.065691389 -0.032743171 0.014133538 0.036941305 0.998680830
1305031113.411625 0.108704612 -0.005463451 0.067352466 -0.034631491 0.006582250 0.037487604 0.998675108
1305031113.443266 0.091163456 0.001256315 0.064915277 -0.029799843 0.001919264 0.030976182 0.999073923
1305031113.479311 0.076350078 0.002549171 0.066319153 -0.032954887 -0.004399829 0.025686409 0.999117017
1305031113.511523 0.055149809 0.000142382 0.066777416 -0.037583221 -0.006586960 0.024422849 0.998973310
1305031113.543242 0.040826507 -0.001968230 0.067752361 -0.039744988 -0.011881253 0.021057589 0.998917282
1305031113.579301 0.027962962 0.001114644 0.067650639 -0.038397435 -0.016539412 0.015890878 0.998999298
1305031113.611268 0.017792258 0.000930862 0.069047734 -0.041210271 -0.020150434 0.011353921 0.998882771
1305031113.643222 0.007466577 0.000381720 0.069632545 -0.043974824 -0.020846551 0.007485845 0.998787045
1305031113.679288 -0.004865919 -0.000629813 0.069612131 -0.045230854 -0.019768663 0.003881460 0.998773396
1305031113.711931 -0.015164840 -0.002074238 0.070188046 -0.045932785 -0.019629858 -0.001059945 0.998751104
1305031113.743590 -0.024726950 -0.000601971 0.070636719 -0.044675171 -0.017597364 -0.006144541 0.998827696
1305031113.779320 -0.036776952 -0.001951310 0.071641505 -0.044152752 -0.014859517 -0.010139440 0.998862803
1305031113.811237 -0.048267454 -0.000019130 0.071510665 -0.042357154 -0.013575767 -0.012433397 0.998932898
1305031113.843295 -0.060029451 0.002877278 0.071923435 -0.042013284 -0.010908251 -0.015984997 0.998929620
1305031113.879281 -0.074891560 -0.005179526 0.072681926 -0.043724503 -0.009055701 -0.020560317 0.998790979
1305031113.911290 -0.083364502 -0.000758493 0.072688363 -0.039047208 -0.011254700 -0.020979986 0.998953700
1305031113.943291 -0.093073860 -0.000808376 0.074413136 -0.036636058 -0.009422895 -0.023406457 0.999010086
1305031113.979293 -0.106212847 -0.000682983 0.074637540 -0.033315361 -0.006725323 -0.028773209 0.999008000
1305031114.011257 -0.120554842 0.001344064 0.073554717 -0.029551813 -0.004678113 -0.033869050 0.998978317
1305031114.043301 -0.137567118 0.000506831 0.072996691 -0.028697571 -0.005252208 -0.036051821 0.998924017
1305031114.079285 -0.148929104 0.000966735 0.074098669 -0.026161654 -0.011018073 -0.036416903 0.998933434
1305031114.111263 -0.159374088 0.004607248 0.074410774 -0.022749318 -0.016747871 -0.040022034 0.998799384
1305031114.143284 -0.169570118 0.005234370 0.076916836 -0.022635041 -0.021925623 -0.043248590 0.998567224
1305031114.179337 -0.176957056 0.001522379 0.078908257 -0.021523586 -0.025352940 -0.044926610 0.998436570
1305031114.211303 -0.189016908 0.010534929 0.077884480 -0.016723452 -0.024869608 -0.047774907 0.998408437
1305031114.243337 -0.203618184 0.008926399 0.079591244 -0.019848159 -0.026089957 -0.051527623 0.998133361
1305031114.279390 -0.217297703 0.009419454 0.079743214 -0.019530158 -0.031125642 -0.053535953 0.997889638
1305031114.311429 -0.226317137 0.012012937 0.081912138 -0.020023335 -0.039541587 -0.053604294 0.997578084
1305031114.343331 -0.231125042 0.011935165 0.084624000 -0.021102676 -0.046832193 -0.056266412 0.997093558
1305031114.379320 -0.238499746 0.009771133 0.084879518 -0.021854255 -0.049233839 -0.060775373 0.996696949
1305031114.411397 -0.250885516 0.010695029 0.085529722 -0.020579465 -0.049478777 -0.065421760 0.996417761
1305031114.443345 -0.262560099 0.012175522 0.086079083 -0.020392414 -0.052533630 -0.067039214 0.996157706
1305031114.479332 -0.272540629 0.010775799 0.086707436 -0.021244990 -0.059184276 -0.068030879 0.995699584
1305031114.511266 -0.276895553 0.013145877 0.086521827 -0.021030230 -0.068080626 -0.070100307 0.994991839
1305031114.543236 -0.277475387 0.011265865 0.088596493 -0.024606206 -0.074144818 -0.068773501 0.994568944
1305031114.579237 -0.281366438 0.009624366 0.089500770 -0.026376015 -0.075173952 -0.065249428 0.994683743
1305031114.611391 -0.286830157 0.012222481 0.089288212 -0.027884254 -0.075352810 -0.063104920 0.994767427
1305031114.644136 -0.295348316 0.011463325 0.090892762 -0.032929081 -0.076003753 -0.062496394 0.994602144
1305031114.679251 -0.300603688 0.009920795 0.092276707 -0.036075644 -0.081568331 -0.063657917 0.993978322
1305031114.711306 -0.299790233 0.006920450 0.092605084 -0.037630152 -0.087421991 -0.062489368 0.993497133
1305031114.743200 -0.299755126 0.004764433 0.092745021 -0.037452109 -0.091241255 -0.065960646 0.992935896
1305031114.779289 -0.296477318 0.007838481 0.094105601 -0.033880685 -0.094325617 -0.069269277 0.992550552
1305031114.811303 -0.295329422 0.010934722 0.093286201 -0.032844674 -0.094286323 -0.070027255 0.992535889
1305031114.843208 -0.293784142 0.009980854 0.093022123 -0.033272069 -0.095357731 -0.072499730 0.992241740
1305031114.879281 -0.289773107 0.013678190 0.092852123 -0.032402691 -0.096206397 -0.071975246 0.992226779
1305031114.912879 -0.287174195 0.015534328 0.092213675 -0.033014115 -0.096348420 -0.072480530 0.992156029
1305031114.943234 -0.277395189 0.018336849 0.093556628 -0.034584194 -0.098583683 -0.073612235 0.991799593
1305031114.979280 -0.273734152 0.020802405 0.094267406 -0.035951227 -0.096520059 -0.073736444 0.991944730
1305031115.011300 -0.266769528 0.025147764 0.095031664 -0.038793683 -0.095936172 -0.074933551 0.991804540
1305031115.043508 -0.255938232 0.021073047 0.098849088 -0.044105500 -0.095579773 -0.074773580 0.991629004
1305031115.079238 -0.247708842 0.025407732 0.099723980 -0.043893494 -0.092583857 -0.075337745 0.991879940
1305031115.111230 -0.231634662 0.024799250 0.104401067 -0.047433089 -0.091480404 -0.073279589 0.991973579
1305031115.143275 -0.222114965 0.022561844 0.106098473 -0.049549792 -0.083005682 -0.071125910 0.992771864
1305031115.179440 -0.218937457 0.025612528 0.107288860 -0.049839281 -0.076970331 -0.070437744 0.993292570
1305031115.211374 -0.201422542 0.019988205 0.114625230 -0.052130051 -0.078483671 -0.066640086 0.993318617
1305031115.243297 -0.186865032 0.018306535 0.118484229 -0.047716770 -0.074452892 -0.064157985 0.994013906
1305031115.279966 -0.174716234 0.024417147 0.119819835 -0.044418503 -0.072281688 -0.059557531 0.994613111
1305031115.311704 -0.153540224 0.017895937 0.128670231 -0.046699829 -0.071842983 -0.052663017 0.994929314
1305031115.343235 -0.140761331 0.022356920 0.127968818 -0.040900357 -0.062898181 -0.049092423 0.995972335
1305031115.379166 -0.142435014 0.029402263 0.124650583 -0.042888127 -0.053551909 -0.045689583 0.996596873
1305031115.411237 -0.128586009 0.024782030 0.129668489 -0.051024333 -0.061292294 -0.042392168 0.995913029
1305031115.443159 -0.106480494 0.025662523 0.135982096 -0.053876925 -0.067352310 -0.035990618 0.995623231
1305031115.479241 -0.094220959 0.027577989 0.137750566 -0.057280697 -0.066745691 -0.030453827 0.995658815
1305031115.511253 -0.067856200 0.025094360 0.147841439 -0.060815610 -0.071123473 -0.025517670 0.995284796
1305031115.543604 -0.044289902 0.028575439 0.160750508 -0.058523443 -0.064135939 -0.018693607 0.996048272
1305031115.579315 -0.039341506 0.023442224 0.149601161 -0.059854176 -0.046577554 -0.013617170 0.997026861
1305031115.611424 -0.027299691 0.022342723 0.149050400 -0.059162125 -0.040002540 -0.008352781 0.997411549
1305031115.643254 -0.012808277 0.020230811 0.149132967 -0.058373701 -0.033763256 -0.000679359 0.997723460
1305031115.679241 -0.005306608 0.017494559 0.142997429 -0.057909116 -0.027923316 0.009647948 0.997884631
1305031115.711320 0.011206776 0.021573152 0.145942479 -0.055604167 -0.030084159 0.018972693 0.997819245
1305031115.743250 0.030667033 0.024097063 0.153423786 -0.054135665 -0.026559679 0.025942957 0.997843146
1305031115.779425 0.043306854 0.021035710 0.148860216 -0.053440165 -0.016303420 0.032600623 0.997905612
1305031115.811277 0.055805780 0.025304185 0.149958044 -0.051547244 -0.007480848 0.040277056 0.997830033
1305031115.843224 0.068281919 0.018507587 0.141777113 -0.057096090 0.004091588 0.047740322 0.997218251
1305031115.879198 0.078070045 0.011741824 0.134199768 -0.059113204 0.012000880 0.056179151 0.996596932
1305031115.911118 0.094618693 0.014447719 0.135760680 -0.056758001 0.012356296 0.062347032 0.996362746
1305031115.943311 0.106937639 0.015176898 0.135530472 -0.057735618 0.018846545 0.068634175 0.995791495
1305031115.980740 0.119007565 0.018720880 0.136575446 -0.057932653 0.023949957 0.074602634 0.995240986
1305031116.011379 0.131591335 0.020266768 0.139315054 -0.060159430 0.031938773 0.077668399 0.994649887
1305031116.043164 0.152697891 0.021336904 0.135600045 -0.063195534 0.039182950 0.079567462 0.994052351
1305031116.080030 0.158950835 0.026476895 0.135398686 -0.065979481 0.051056955 0.084001757 0.992967010
1305031116.111300 0.167211756 0.025993286 0.139072239 -0.073061600 0.061493501 0.086430296 0.991670430
1305031116.143441 0.176926747 0.026905952 0.144377336 -0.076951675 0.069300495 0.089120544 0.990622759
1305031116.179572 0.182634637 0.029675625 0.146674231 -0.077982418 0.075886086 0.091734931 0.989820540
1305031116.211299 0.192062676 0.029229170 0.147965416 -0.082928956 0.080729507 0.094526567 0.988772094
1305031116.243320 0.205492690 0.020693103 0.148951098 -0.089888550 0.084538512 0.098160945 0.987490594
1305031116.279385 0.209366903 0.022754317 0.151702017 -0.089476310 0.096265748 0.099794760 0.986289978
1305031116.311336 0.217753977 0.022958040 0.149829000 -0.092570543 0.103437260 0.103805535 0.984863400
1305031116.343292 0.229259640 0.020665433 0.152513146 -0.094300866 0.106800176 0.108206972 0.983865976
1305031116.379384 0.232465312 0.020478044 0.150983989 -0.088587627 0.110229932 0.108915761 0.983940482
1305031116.411333 0.232767820 0.025356948 0.147177547 -0.082562074 0.112869635 0.111735754 0.983849108
1305031116.443369 0.229357421 0.025109775 0.143937394 -0.085019931 0.117296793 0.119689301 0.982185066
1305031116.479850 0.229988813 0.019112982 0.143286139 -0.087946236 0.118454635 0.123948582 0.981259763
1305031116.511205 0.225817382 0.019940771 0.141289577 -0.085128188 0.118593939 0.120369397 0.981936812
1305031116.543262 0.219843030 0.020086076 0.139341563 -0.082700863 0.119372070 0.115440860 0.982641459
1305031116.579313 0.211386651 0.020092607 0.138672262 -0.083054759 0.118782572 0.112991281 0.982967734
1305031116.611261 0.192739561 0.013446439 0.140504956 -0.085646130 0.118764900 0.105485708 0.983581424
1305031116.643355 0.186227992 0.019909171 0.137589127 -0.080066204 0.109658055 0.097090811 0.985970497
1305031116.679281 0.180519983 0.020912895 0.134863243 -0.079203524 0.099554211 0.088837229 0.987888515
1305031116.711634 0.166855305 0.016916366 0.134607509 -0.081083335 0.096211039 0.079864487 0.988832951
1305031116.743291 0.151027203 0.022879165 0.134461507 -0.079271182 0.093404196 0.067754880 0.990152001
1305031116.779298 0.140677467 0.021308873 0.131686285 -0.082388833 0.087807409 0.057368416 0.991065502
1305031116.811318 0.122448303 0.023470933 0.126410201 -0.079729356 0.086049877 0.050405003 0.991815507
1305031116.846089 0.111174859 0.025490735 0.126979142 -0.077062495 0.075854450 0.042883176 0.993211210
1305031116.880165 0.083729565 0.028262980 0.123232104 -0.076429687 0.071646154 0.037036449 0.993807614
1305031116.912044 0.077580765 0.026992619 0.123000063 -0.076787040 0.056848552 0.032415096 0.994897544
1305031116.943296 0.059709564 0.028897468 0.118913397 -0.076967575 0.044596091 0.025694244 0.995704293
1305031116.979351 0.044309244 0.028997088 0.118889041 -0.076242089 0.033200610 0.014835300 0.996425986
1305031117.011382 0.034420207 0.028834589 0.115983613 -0.075227916 0.019777959 0.006365483 0.996949911
1305031117.043261 0.017228590 0.034424432 0.113146439 -0.073775418 0.012969793 0.001267645 0.997189760
1305031117.079520 0.003629786 0.037225064 0.113291875 -0.074900128 0.004147820 -0.004956121 0.997170091
1305031117.111238 -0.007380136 0.036558039 0.111234494 -0.077761181 -0.006501994 -0.006423248 0.996930122
1305031117.143218 -0.017117215 0.042448603 0.109240867 -0.078122243 -0.016391378 -0.006626233 0.996787012
1305031117.179264 -0.024984904 0.044735514 0.111675918 -0.080422074 -0.025595935 -0.011820445 0.996362090
1305031117.211361 -0.028519284 0.047289435 0.115980476 -0.081245586 -0.033720937 -0.015479098 0.996003211
1305031117.243277 -0.029713603 0.050658397 0.115829766 -0.083491772 -0.036875136 -0.017818276 0.995666504
1305031117.279299 -0.029732723 0.050537646 0.120820135 -0.088147715 -0.037960425 -0.021544619 0.995150626
1305031117.311200 -0.033842273 0.048426114 0.121866144 -0.092099130 -0.035428718 -0.023289934 0.994846761
1305031117.343243 -0.035976347 0.044307955 0.122511953 -0.094813913 -0.035439413 -0.024308015 0.994566977
1305031117.379454 -0.036859013 0.039914161 0.122455686 -0.095117331 -0.035533074 -0.024740163 0.994524002
1305031117.411221 -0.039009362 0.035476182 0.122364685 -0.094464861 -0.036490049 -0.023700133 0.994576871
1305031117.443274 -0.038731847 0.032428231 0.121577621 -0.091669463 -0.038333151 -0.022777010 0.994790673
1305031117.479403 -0.039612800 0.027130708 0.121533625 -0.090646654 -0.038985852 -0.021018296 0.994897723
1305031117.511325 -0.039032575 0.019851550 0.122199111 -0.088608362 -0.041006472 -0.019350599 0.995033979
1305031117.544285 -0.040185709 0.016784064 0.121581398 -0.083272293 -0.041479342 -0.018918626 0.995483458
1305031117.579155 -0.041925784 0.011727368 0.122098051 -0.080501646 -0.042594783 -0.020616334 0.995630503
1305031117.611159 -0.042625427 0.006177829 0.123724721 -0.079594456 -0.044215608 -0.019965680 0.995646060
1305031117.643252 -0.043428056 -0.001318278 0.125766426 -0.078673333 -0.046170834 -0.018744806 0.995654285
1305031117.679262 -0.044319142 -0.005468749 0.127542228 -0.077935115 -0.048723955 -0.018144453 0.995601773
1305031117.711184 -0.043171331 -0.014710661 0.131793737 -0.079726458 -0.051982284 -0.015661377 0.995337248
1305031117.743184 -0.042760093 -0.023656370 0.135204539 -0.080471985 -0.054522794 -0.012263499 0.995189011
1305031117.779467 -0.043770500 -0.027084300 0.137501702 -0.078923553 -0.056571830 -0.011096199 0.995212317
1305031117.811320 -0.042167701 -0.038558178 0.142835319 -0.081609622 -0.059449393 -0.008944402 0.994849563
1305031117.843291 -0.038629692 -0.046243541 0.146410108 -0.079697281 -0.060677905 -0.008030717 0.994938195
1305031117.879451 -0.039129622 -0.053420596 0.148151636 -0.078537203 -0.057339821 -0.008351260 0.995225787
1305031117.911407 -0.040779110 -0.063269638 0.153911114 -0.078804277 -0.055389136 -0.008622824 0.995312810
1305031117.943253 -0.041084085 -0.068745464 0.156902716 -0.076939814 -0.053422380 -0.008831291 0.995564342
1305031117.979228 -0.044401560 -0.074810088 0.159999907 -0.078311749 -0.050485499 -0.009897492 0.995600581
1305031118.011228 -0.044099115 -0.086715065 0.166464657 -0.081572466 -0.050720435 -0.010303343 0.995322645
1305031118.043521 -0.044639602 -0.094221525 0.170481339 -0.080631129 -0.049343579 -0.009999002 0.995471656
1305031118.079334 -0.043026559 -0.101158902 0.175221831 -0.080439307 -0.048989065 -0.011380605 0.995489836
1305031118.111217 -0.040010296 -0.109272286 0.181505501 -0.079937503 -0.046336681 -0.012198333 0.995647609
1305031118.143256 -0.043057796 -0.117854297 0.182580248 -0.079040796 -0.040469699 -0.014200810 0.995948315
1305031118.179323 -0.043537773 -0.126507625 0.188747123 -0.078790836 -0.037974942 -0.016069109 0.996038020
1305031118.211202 -0.047994141 -0.137154385 0.190084130 -0.076858535 -0.033700239 -0.014989620 0.996359527
1305031118.243173 -0.049329229 -0.144002080 0.192870051 -0.073659077 -0.034388091 -0.014986023 0.996577740
1305031118.279194 -0.046209544 -0.156224355 0.198005229 -0.072125509 -0.036114920 -0.013951147 0.996643841
1305031118.311299 -0.047281396 -0.162482783 0.199951902 -0.065558560 -0.036057487 -0.014514247 0.997091413
1305031118.343324 -0.044260256 -0.165785402 0.203829378 -0.060292192 -0.036396708 -0.015257640 0.997400284
1305031118.379208 -0.048432175 -0.171860516 0.205046743 -0.056193918 -0.033227488 -0.017074473 0.997720718
1305031118.411296 -0.048362091 -0.172745571 0.206831932 -0.052500814 -0.035339307 -0.016343402 0.997861624
1305031118.445692 -0.046269484 -0.174503207 0.209146574 -0.051894896 -0.036148615 -0.013424034 0.997907817
1305031118.479285 -0.046241317 -0.177424446 0.210955366 -0.051724259 -0.036601122 -0.011076590 0.997929037
1305031118.511255 -0.043777242 -0.173382729 0.211952358 -0.048226163 -0.037714299 -0.009519134 0.998078823
1305031118.544414 -0.043791432 -0.168948501 0.211842105 -0.048487108 -0.036811966 -0.010333473 0.998091757
1305031118.579285 -0.042712376 -0.168412581 0.212047622 -0.050948594 -0.036030725 -0.010788287 0.997992814
1305031118.616142 -0.041188151 -0.163762331 0.211562380 -0.050723579 -0.034491632 -0.013026370 0.998031974
1305031118.645325 -0.042399772 -0.156104147 0.208694160 -0.050617591 -0.031646207 -0.015593571 0.998094857
1305031118.679295 -0.043281768 -0.152870104 0.206954777 -0.054627724 -0.030155009 -0.017490901 0.997898102
1305031118.711421 -0.044924293 -0.151667893 0.204989895 -0.056878302 -0.029899627 -0.020617599 0.997720301
1305031118.746770 -0.048066385 -0.142571583 0.199484915 -0.053855177 -0.031011777 -0.020023316 0.997866213
1305031118.779277 -0.046318449 -0.123423681 0.195704103 -0.052014496 -0.035380900 -0.019674150 0.997825444
1305031118.811221 -0.043288499 -0.126033530 0.195639789 -0.059863146 -0.038734060 -0.021408910 0.997225046
1305031118.846753 -0.038641855 -0.119024806 0.192144260 -0.056282103 -0.040415678 -0.019216942 0.997411430
1305031118.879208 -0.039874047 -0.097830892 0.183824867 -0.050623987 -0.037134919 -0.021971680 0.997785270
1305031118.911177 -0.040102538 -0.094522357 0.179668650 -0.054870881 -0.035840757 -0.024717849 0.997543812
1305031118.946974 -0.040032305 -0.083011180 0.174884245 -0.052779309 -0.034646276 -0.026315685 0.997658014
1305031118.979374 -0.042044207 -0.069769725 0.167912975 -0.052250080 -0.032838717 -0.030354720 0.997632265
1305031119.011363 -0.043163832 -0.062145524 0.161884978 -0.056354057 -0.032590631 -0.032367606 0.997353733
1305031119.047172 -0.044579577 -0.055579923 0.156874657 -0.058983102 -0.032815114 -0.033079118 0.997170985
1305031119.079223 -0.046992034 -0.046777133 0.151155218 -0.059122939 -0.034285113 -0.033098888 0.997112572
1305031119.111328 -0.047112398 -0.038372628 0.145588666 -0.059240382 -0.037894502 -0.032636389 0.996990204
1305031119.147616 -0.049531057 -0.027476477 0.139502674 -0.058421206 -0.040253472 -0.031440608 0.996984482
1305031119.179226 -0.046944041 -0.024810983 0.137279868 -0.060608376 -0.045990862 -0.032000281 0.996587873
1305031119.211364 -0.044868559 -0.014421338 0.131952137 -0.057100091 -0.048622306 -0.030290915 0.996723592
1305031119.247399 -0.046748057 -0.005366097 0.126785740 -0.056076098 -0.048883125 -0.029462371 0.996793807
1305031119.279212 -0.045045212 0.002925127 0.123100691 -0.055766661 -0.050590277 -0.029560450 0.996723056
1305031119.311212 -0.046296090 0.010893784 0.119286664 -0.055604920 -0.050422918 -0.027187338 0.996808171
1305031119.347741 -0.047730029 0.017038580 0.115336940 -0.055074926 -0.051609524 -0.025238112 0.996828079
1305031119.379239 -0.047227431 0.028764769 0.110955298 -0.053015586 -0.053839702 -0.024544671 0.996839106
1305031119.411484 -0.043531790 0.036238890 0.109131984 -0.053897608 -0.055127870 -0.023960600 0.996735632
1305031119.447706 -0.043689590 0.043842290 0.106938168 -0.054362793 -0.052594274 -0.023909660 0.996848464
1305031119.479267 -0.043193892 0.052334633 0.103464834 -0.052784339 -0.050946105 -0.024180334 0.997012317
1305031119.511240 -0.045150526 0.061144818 0.099710390 -0.053973746 -0.048946504 -0.023675784 0.997060955
1305031119.547382 -0.045886770 0.071407534 0.096711807 -0.054367300 -0.048663277 -0.022456698 0.997081637
1305031119.579559 -0.044471998 0.084305562 0.094053969 -0.054654658 -0.047998834 -0.022399954 0.997099400
1305031119.615017 -0.046473674 0.089637965 0.092366435 -0.059446864 -0.045299433 -0.021966176 0.996961176
1305031119.647903 -0.047824595 0.101745255 0.089334354 -0.060473938 -0.044235133 -0.021215402 0.996963441
1305031119.679208 -0.044709016 0.112968281 0.089546345 -0.063418493 -0.043542966 -0.022865152 0.996774435
1305031119.715232 -0.046222422 0.120873019 0.087191910 -0.069267213 -0.038215972 -0.020461025 0.996655881
1305031119.747193 -0.050734740 0.126935482 0.084789991 -0.073367096 -0.034827664 -0.016088720 0.996566832
1305031119.779169 -0.052002780 0.135353804 0.082533956 -0.075801574 -0.035972346 -0.013001690 0.996389031
1305031119.814537 -0.050033852 0.143277705 0.082159944 -0.077613175 -0.037893128 -0.008841406 0.996223986
1305031119.847429 -0.051034562 0.152335167 0.080952875 -0.079290196 -0.036109895 -0.005846004 0.996180177
1305031119.879214 -0.050300710 0.156322181 0.080472559 -0.080698639 -0.034801848 -0.005630863 0.996114850
1305031119.911401 -0.051811893 0.168832004 0.076867178 -0.077817149 -0.032186214 -0.004985312 0.996435523
1305031119.947392 -0.051212005 0.174743980 0.076636054 -0.082080930 -0.031048821 -0.005011005 0.996129334
1305031119.979537 -0.053196307 0.187638476 0.074982502 -0.080204777 -0.026882283 -0.004419011 0.996406019
1305031120.015264 -0.055202950 0.198584557 0.071925610 -0.081562892 -0.022721071 -0.002864749 0.996405065
1305031120.047290 -0.056039609 0.187469095 0.071675725 -0.095896743 -0.021602122 -0.003241801 0.995151579
1305031120.079418 -0.057914600 0.187679648 0.070756726 -0.097813964 -0.022835478 -0.001078804 0.994942129
1305031120.115232 -0.057575412 0.191632196 0.070344448 -0.097755261 -0.025477616 0.000640944 0.994884133
1305031120.148157 -0.057522550 0.196546733 0.072196364 -0.096911572 -0.026591107 0.003423123 0.994931817
1305031120.179246 -0.055243418 0.191072583 0.073750593 -0.097609870 -0.027303474 0.006471780 0.994829118
1305031120.215249 -0.055469889 0.185317874 0.073339179 -0.094656751 -0.027093122 0.006827832 0.995117784
1305031120.248003 -0.055350043 0.183399424 0.074061856 -0.089941151 -0.027092261 0.004344184 0.995569050
1305031120.279430 -0.054307178 0.177565366 0.075917386 -0.087255567 -0.026904412 0.002841377 0.995818555
1305031120.315196 -0.054340377 0.170246169 0.076561488 -0.085528292 -0.026284853 0.000416650 0.995988905
1305031120.347787 -0.053975556 0.163112029 0.078603797 -0.082371771 -0.025996380 -0.001502298 0.996261418
1305031120.379437 -0.052389078 0.153669566 0.082392931 -0.082032010 -0.027148880 -0.001622227 0.996258497
1305031120.415445 -0.050113034 0.139601573 0.085986882 -0.078758575 -0.028800121 -0.001182803 0.996476889
1305031120.447417 -0.052375395 0.136442751 0.087054938 -0.069710240 -0.028020371 -0.002718802 0.997169971
1305031120.479432 -0.049899511 0.122880757 0.093570665 -0.069713026 -0.030247381 -0.001132574 0.997107744
1305031120.514819 -0.050882645 0.114008665 0.096781813 -0.063416757 -0.031665690 0.001067693 0.997484088
1305031120.547736 -0.050859503 0.105982639 0.099562638 -0.057288226 -0.034670684 0.002834309 0.997751474
1305031120.579551 -0.052366458 0.099935740 0.102890819 -0.053433400 -0.037839159 0.005412289 0.997839570
1305031120.615236 -0.050504647 0.089834131 0.107916087 -0.051476706 -0.042927224 0.008323869 0.997716427
1305031120.647354 -0.048684303 0.081840590 0.112050183 -0.046891507 -0.046472896 0.008347210 0.997783422
1305031120.679318 -0.047507845 0.076255679 0.115832902 -0.043975364 -0.048352461 0.009341146 0.997818053
1305031120.714522 -0.047506884 0.068704620 0.119145311 -0.042167533 -0.048840094 0.010097576 0.997865021
1305031120.747369 -0.047852185 0.059347287 0.122474059 -0.041985463 -0.050926875 0.010162937 0.997767687
1305031120.779894 -0.045265861 0.050124850 0.127408415 -0.040459786 -0.054144185 0.010590483 0.997656882
1305031120.814944 -0.045564573 0.045467902 0.128770933 -0.036911055 -0.054045144 0.009827836 0.997807622
1305031120.847921 -0.044664927 0.035828080 0.132578447 -0.038761009 -0.055521619 0.008013263 0.997672617
1305031120.883435 -0.041442581 0.026101254 0.137226999 -0.037456449 -0.056653902 0.006208202 0.997671723
1305031120.915444 -0.042988595 0.021220103 0.137939364 -0.035332810 -0.054405447 0.004340766 0.997884154
1305031120.947488 -0.044035569 0.012288334 0.140937075 -0.036044579 -0.053822592 0.001830163 0.997898102
1305031120.983366 -0.044134840 0.004047095 0.143463761 -0.035917863 -0.053890154 -0.000096973 0.997900665
1305031121.015019 -0.043389924 -0.005326461 0.145776853 -0.035294332 -0.054914266 -0.000894280 0.997866690
1305031121.047498 -0.044743143 -0.009894461 0.147497758 -0.033761892 -0.054254550 -0.001725262 0.997954726
1305031121.083099 -0.045973144 -0.022483446 0.149876311 -0.034626927 -0.055141870 -0.003341472 0.997872353
1305031121.114696 -0.045290157 -0.028339542 0.151462361 -0.031801816 -0.056830075 -0.002530265 0.997874022
1305031121.147331 -0.045874711 -0.035625082 0.153286457 -0.030121962 -0.057410315 -0.003357186 0.997890532
1305031121.183271 -0.045526750 -0.043091066 0.155745566 -0.028361730 -0.059095778 -0.003620678 0.997842789
1305031121.211420 -0.043572206 -0.052204613 0.158688620 -0.026560208 -0.059575502 -0.004096784 0.997861981
1305031121.247194 -0.047174972 -0.057555307 0.159235880 -0.024043938 -0.056791265 -0.004777556 0.998085082
1305031121.282876 -0.047258481 -0.067933574 0.162256494 -0.025450407 -0.058300488 -0.003786624 0.997967422
1305031121.313568 -0.045701917 -0.077380717 0.165612042 -0.023371113 -0.059113778 -0.002919886 0.997973382
1305031121.347517 -0.047516722 -0.082112640 0.167176634 -0.020704430 -0.059755377 -0.001486473 0.997997224
1305031121.383226 -0.043869771 -0.094012909 0.172379807 -0.020908860 -0.062738352 -0.000407647 0.997810900
1305031121.414318 -0.045766510 -0.100096665 0.173253492 -0.015890907 -0.060890250 -0.002597740 0.998014569
1305031121.447319 -0.045401745 -0.105459496 0.175687701 -0.014381619 -0.060714014 -0.001334411 0.998050690
1305031121.482964 -0.043938577 -0.117871068 0.180017397 -0.014598081 -0.059247501 -0.000480200 0.998136461
1305031121.514107 -0.048637714 -0.121139154 0.178580910 -0.010117898 -0.055747271 -0.000223716 0.998393595
1305031121.547270 -0.045703441 -0.131331623 0.181518719 -0.013519677 -0.056866925 0.000968565 0.998289764
1305031121.583204 -0.044842724 -0.141642630 0.185337991 -0.016093744 -0.056012824 0.000222871 0.998300314
1305031121.614700 -0.044860058 -0.148789272 0.187216476 -0.015128342 -0.054144453 -0.001158257 0.998417854
1305031121.647183 -0.043363020 -0.151980579 0.189955652 -0.013721005 -0.050682425 -0.003543328 0.998614311
1305031121.683200 -0.047335841 -0.160380527 0.190803885 -0.017074885 -0.045551706 -0.005249636 0.998802245
1305031121.714520 -0.049731039 -0.166398466 0.192623511 -0.017704152 -0.044173315 -0.004267852 0.998857856
1305031121.747145 -0.048784696 -0.170394793 0.195132375 -0.019474052 -0.044426117 -0.003521619 0.998816669
1305031121.782835 -0.048015181 -0.177459538 0.198007658 -0.022070771 -0.044320300 -0.001250540 0.998772740
1305031121.811540 -0.046226203 -0.180718616 0.200646922 -0.023132673 -0.043739095 0.000700341 0.998774886
1305031121.847335 -0.047153186 -0.183484986 0.201430619 -0.025162911 -0.041593563 0.003694830 0.998810887
1305031121.882060 -0.048606835 -0.185692519 0.201852486 -0.027559759 -0.040802509 0.009616908 0.998740792
1305031121.914931 -0.049502000 -0.186638758 0.202041894 -0.029394299 -0.042321134 0.011373794 0.998606801
1305031121.947288 -0.047256164 -0.186396003 0.203202114 -0.029189022 -0.045163408 0.011178636 0.998490512
1305031121.982926 -0.045472026 -0.181007877 0.203083843 -0.028162288 -0.045428943 0.011445499 0.998504937
1305031122.014256 -0.047675960 -0.179098561 0.201446578 -0.028820476 -0.044610556 0.008900411 0.998548985
1305031122.047306 -0.047920920 -0.173744991 0.199662551 -0.027121445 -0.045916397 0.005210310 0.998563468
1305031122.082959 -0.046866152 -0.168211609 0.197822794 -0.026127467 -0.046781503 0.001469204 0.998562276
1305031122.114672 -0.048110582 -0.158698812 0.193984866 -0.023707066 -0.046293423 -0.002271758 0.998643935
1305031122.150725 -0.046850249 -0.151657850 0.191640154 -0.024192834 -0.047077302 -0.007409711 0.998570740
1305031122.183042 -0.045582823 -0.142066777 0.188240647 -0.021730080 -0.046412256 -0.012213380 0.998611271
1305031122.214959 -0.046963342 -0.123465344 0.182971507 -0.021101972 -0.044272430 -0.016821094 0.998654962
1305031122.251319 -0.048267148 -0.120957233 0.180937901 -0.028361784 -0.043216866 -0.021178059 0.998438478
1305031122.283560 -0.051462382 -0.107410684 0.176433221 -0.027041169 -0.042929824 -0.023391111 0.998438120
1305031122.314289 -0.052888691 -0.091783799 0.171241820 -0.030740706 -0.044675782 -0.027649181 0.998145580
1305031122.351327 -0.052552119 -0.086884692 0.168277144 -0.038244594 -0.047255367 -0.030529534 0.997683406
1305031122.382630 -0.055904999 -0.075914033 0.163187906 -0.042016581 -0.047941834 -0.031536385 0.997467577
1305031122.414997 -0.058149017 -0.070842341 0.158638626 -0.046822332 -0.051361497 -0.032006357 0.997068286
1305031122.451257 -0.058620706 -0.060734034 0.152563632 -0.048104208 -0.055689316 -0.030841608 0.996811628
1305031122.483360 -0.058664046 -0.053123415 0.148895994 -0.051333401 -0.060611226 -0.030797899 0.996364713
1305031122.515097 -0.056958146 -0.044377573 0.144579440 -0.052419167 -0.065096512 -0.031910267 0.995990157
1305031122.551490 -0.053728100 -0.035100028 0.141056538 -0.053462327 -0.067233451 -0.033290304 0.995747566
1305031122.583208 -0.054294035 -0.027355136 0.136502624 -0.054938152 -0.065578617 -0.034792151 0.995726228
1305031122.614980 -0.057416886 -0.021033658 0.132513955 -0.056080900 -0.064643688 -0.034309555 0.995740414
1305031122.648788 -0.057448760 -0.010512456 0.127696022 -0.053952254 -0.066514462 -0.033540595 0.995761037
1305031122.683402 -0.058291629 -0.001240284 0.123188347 -0.053077120 -0.067295335 -0.032246672 0.995798349
1305031122.715208 -0.059593741 0.007700002 0.119618982 -0.052735705 -0.069573782 -0.029271904 0.995751739
1305031122.751298 -0.057266746 0.020372611 0.115676709 -0.050896060 -0.072990000 -0.028665984 0.995620549
1305031122.783423 -0.057579935 0.033283170 0.112981617 -0.052374486 -0.072911590 -0.029704452 0.995519161
1305031122.812555 -0.055878580 0.038795762 0.111593127 -0.058207564 -0.072830364 -0.030286957 0.995183527
1305031122.851418 -0.051152963 0.048065588 0.111432686 -0.059285175 -0.071173750 -0.031615164 0.995198548
1305031122.883754 -0.053219847 0.056423865 0.107429303 -0.062085811 -0.063840359 -0.031178877 0.995538890
1305031122.914571 -0.057432860 0.061420526 0.105406277 -0.065876991 -0.059563246 -0.030719427 0.995574594
1305031122.951341 -0.057155870 0.068383217 0.103416078 -0.066436127 -0.059112735 -0.029623281 0.995597541
1305031122.982815 -0.059394855 0.077655874 0.100146294 -0.067002013 -0.058174994 -0.026266668 0.995709062
1305031123.015450 -0.058902357 0.081654549 0.097987533 -0.070283309 -0.059434481 -0.023138408 0.995486021
1305031123.051827 -0.057172500 0.086639099 0.096589230 -0.070062593 -0.059794709 -0.021588160 0.995514810
1305031123.082975 -0.057814896 0.097881578 0.093262710 -0.067675069 -0.058543466 -0.019109638 0.995805025
1305031123.113873 -0.058057681 0.107169881 0.091131657 -0.069862366 -0.057226803 -0.016592465 0.995775640
1305031123.150822 -0.059612617 0.113947988 0.089689821 -0.072548732 -0.055787794 -0.016914610 0.995659709
1305031123.182155 -0.056897655 0.124743305 0.088906467 -0.073268220 -0.055250369 -0.016376132 0.995646060
1305031123.214704 -0.057409462 0.134427756 0.086614996 -0.076474093 -0.050024271 -0.016804580 0.995674074
1305031123.250618 -0.058377810 0.146140650 0.084579423 -0.080232590 -0.045670055 -0.017879430 0.995568871
1305031123.282347 -0.056848083 0.159476504 0.085496604 -0.085426666 -0.043546472 -0.014485340 0.995287001
1305031123.311327 -0.055832781 0.166320607 0.085908644 -0.090805359 -0.039977085 -0.013861282 0.994969368
1305031123.350481 -0.055945762 0.175424531 0.085375890 -0.094184570 -0.035608105 -0.013546759 0.994825542
1305031123.382255 -0.054199401 0.184387133 0.086565837 -0.097597905 -0.031984732 -0.009080890 0.994670391
1305031123.411363 -0.055176660 0.190094218 0.085669115 -0.100725882 -0.026512347 -0.007273707 0.994534314
1305031123.451255 -0.053977322 0.200366750 0.083713964 -0.101257458 -0.024589270 -0.005635581 0.994540334
1305031123.483594 -0.052577540 0.207092553 0.082782760 -0.105293192 -0.023303548 -0.000969615 0.994167626
1305031123.511360 -0.054181475 0.208906010 0.082266077 -0.109977573 -0.020484649 0.001898083 0.993721128
1305031123.551513 -0.054021709 0.215088338 0.080872774 -0.111294605 -0.020416515 0.004098322 0.993569255
1305031123.579583 -0.051475227 0.223382205 0.079576299 -0.112082571 -0.021101383 0.007325542 0.993447840
1305031123.611335 -0.049974963 0.231550083 0.078117110 -0.111773498 -0.020171730 0.008721709 0.993490696
1305031123.652411 -0.048257075 0.239882052 0.078114897 -0.113958873 -0.018765165 0.008703785 0.993270099
1305031123.683753 -0.047742106 0.245147586 0.077621505 -0.117729329 -0.015153125 0.009986594 0.992879868
1305031123.711323 -0.047212288 0.250559300 0.076799870 -0.121735044 -0.011550897 0.011239829 0.992431760
1305031123.751723 -0.048786905 0.249227285 0.075289488 -0.127802506 -0.008242842 0.013109906 0.991678715
1305031123.783858 -0.048572879 0.251336604 0.074703038 -0.129461944 -0.008822981 0.014823999 0.991434276
1305031123.811608 -0.047568180 0.252287865 0.073854789 -0.130741954 -0.009524760 0.016149906 0.991239130
1305031123.851444 -0.048335053 0.251392186 0.072986290 -0.132647827 -0.008953873 0.018223945 0.990955234
1305031123.883786 -0.047537267 0.245496929 0.072640941 -0.135689259 -0.010726584 0.019163854 0.990508020
1305031123.911243 -0.047156371 0.245036975 0.072641797 -0.131736845 -0.012450132 0.018283825 0.991037905
1305031123.951442 -0.048375148 0.247869283 0.072268121 -0.129115477 -0.012154440 0.019588221 0.991361558
1305031123.983415 -0.045736209 0.237098485 0.075257935 -0.136096969 -0.016320001 0.022079360 0.990315020
1305031124.011302 -0.044301048 0.231419742 0.077811517 -0.131665587 -0.021340434 0.022034904 0.990819514
1305031124.051505 -0.045756646 0.230241895 0.078167528 -0.125519753 -0.023427293 0.021938743 0.991571784
1305031124.083837 -0.044621568 0.221940383 0.081695341 -0.126629055 -0.027082650 0.022639405 0.991321862
1305031124.111331 -0.041042939 0.213592708 0.086851649 -0.121640533 -0.032514974 0.021876276 0.991800249
1305031124.147446 -0.044208288 0.214611664 0.085889563 -0.112327337 -0.031510796 0.019523239 0.992979586
1305031124.182694 -0.042757846 0.201463878 0.090777069 -0.115250655 -0.033835359 0.017624009 0.992603540
1305031124.211396 -0.041653644 0.192997366 0.093603626 -0.109713003 -0.035550252 0.016317064 0.993193328
1305031124.249327 -0.045873091 0.190800071 0.092438787 -0.101897866 -0.034181707 0.015582691 0.994085312
1305031124.282545 -0.045425426 0.182111308 0.095048279 -0.102650538 -0.038932644 0.015118205 0.993840277
1305031124.311361 -0.043313995 0.171058446 0.097285435 -0.100446731 -0.043887436 0.016100718 0.993843615
1305031124.350354 -0.044363845 0.165032893 0.098053902 -0.094668597 -0.046380524 0.014545714 0.994321465
1305031124.382420 -0.039861463 0.152471587 0.102395579 -0.094092697 -0.051347703 0.013547798 0.994146049
1305031124.411439 -0.041564427 0.143768758 0.102818623 -0.088952824 -0.051384222 0.013155222 0.994622529
1305031124.450245 -0.040618315 0.132609963 0.104334846 -0.083405375 -0.053001162 0.010666991 0.995048046
1305031124.480099 -0.041586429 0.121455759 0.105629012 -0.078422457 -0.053533304 0.008426675 0.995446205
1305031124.511324 -0.041272223 0.113530785 0.107934535 -0.071703672 -0.055793222 0.005986934 0.995846272
1305031124.550437 -0.043741889 0.106541991 0.107709140 -0.065664865 -0.055948555 0.003373624 0.996266305
1305031124.579404 -0.044176780 0.095256135 0.110300317 -0.062948771 -0.058356997 0.001274950 0.996308327
1305031124.611358 -0.043835666 0.084141597 0.112733163 -0.058821958 -0.060853302 -0.000652133 0.996411741
1305031124.651271 -0.044009991 0.074419878 0.115335792 -0.055395089 -0.063084908 -0.002749737 0.996465802
1305031124.679362 -0.041622072 0.063233055 0.120427795 -0.052242868 -0.066313483 -0.004102867 0.996421754
1305031124.711251 -0.040445998 0.054418948 0.122891009 -0.047941685 -0.066854581 -0.006024900 0.996592104
1305031124.749890 -0.042016000 0.042701893 0.126527488 -0.046633519 -0.066365100 -0.008073749 0.996672332
1305031124.779365 -0.042332590 0.032403320 0.130350262 -0.043541051 -0.067686692 -0.009051954 0.996714950
1305031124.811360 -0.042133331 0.023123585 0.133431241 -0.041615993 -0.068639144 -0.009491825 0.996727943
1305031124.850535 -0.042247251 0.011403738 0.139608249 -0.042369012 -0.070359819 -0.009636486 0.996574879
1305031124.879355 -0.038108386 -0.000160357 0.145294279 -0.041035075 -0.072120085 -0.010045760 0.996500850
1305031124.911448 -0.038239501 -0.005578518 0.149137273 -0.038388096 -0.069622062 -0.010197178 0.996782422
1305031124.950730 -0.039493844 -0.016388571 0.155419290 -0.041907471 -0.067927584 -0.010638412 0.996752918
1305031124.979438 -0.041723214 -0.032249417 0.160747841 -0.042746756 -0.066284537 -0.009432327 0.996840060
1305031125.011454 -0.044438191 -0.039871074 0.162608936 -0.037731834 -0.067564093 -0.008327770 0.996966422
1305031125.050763 -0.040625568 -0.043647595 0.168073043 -0.034536440 -0.071532488 -0.007195162 0.996814191
1305031125.079364 -0.040781118 -0.053254504 0.173015669 -0.035952728 -0.070520133 -0.004116349 0.996853709
1305031125.111364 -0.042984039 -0.064430654 0.176613227 -0.036005091 -0.070859239 -0.003541375 0.996829987
1305031125.151013 -0.041449293 -0.070054144 0.179112673 -0.031283047 -0.071743906 -0.005790310 0.996915579
1305031125.179353 -0.043003235 -0.072342448 0.180383205 -0.030416407 -0.068525605 -0.005139463 0.997172356
1305031125.211320 -0.045081045 -0.083798327 0.185256213 -0.034981593 -0.066791892 -0.004958178 0.997141182
1305031125.250632 -0.047137555 -0.095345013 0.187047124 -0.034057047 -0.065995313 -0.007888249 0.997207344
1305031125.279467 -0.047222994 -0.097317100 0.189677492 -0.029912392 -0.066182956 -0.008561926 0.997322321
1305031125.311493 -0.046972737 -0.106950618 0.194044784 -0.030762874 -0.064846046 -0.008159278 0.997387588
1305031125.348880 -0.048113652 -0.114141658 0.194664314 -0.027608512 -0.063402548 -0.010697216 0.997548699
1305031125.379401 -0.043454796 -0.116150998 0.200755283 -0.026784709 -0.063703403 -0.014179224 0.997508585
1305031125.411335 -0.042862773 -0.121241465 0.203089461 -0.027211381 -0.057651751 -0.014905472 0.997854471
1305031125.451195 -0.045298591 -0.126233071 0.205174774 -0.030264271 -0.051633913 -0.016928941 0.998063803
1305031125.479424 -0.044827655 -0.135312602 0.207903147 -0.031211408 -0.048094232 -0.018656673 0.998180687
1305031125.511316 -0.046125956 -0.133655921 0.207617596 -0.029296407 -0.043709412 -0.019079817 0.998432338
1305031125.551020 -0.045366690 -0.136342168 0.209024623 -0.030395012 -0.041088320 -0.020932874 0.998473704
1305031125.579308 -0.044627309 -0.138149261 0.209938139 -0.031944610 -0.037846170 -0.023219055 0.998502910
1305031125.611533 -0.046060011 -0.143440709 0.209746778 -0.032326438 -0.034002125 -0.023544516 0.998621285
1305031125.650575 -0.051499277 -0.146775052 0.205102384 -0.028747795 -0.031635813 -0.021095136 0.998863220
1305031125.679328 -0.054913685 -0.139717117 0.199093908 -0.023256291 -0.034515321 -0.020012600 0.998933077
1305031125.711443 -0.051690362 -0.141249880 0.199525833 -0.022842573 -0.041327786 -0.018321922 0.998716414
1305031125.751260 -0.049729083 -0.131055206 0.194491759 -0.016503707 -0.044097509 -0.016441459 0.998755574
1305031125.779348 -0.047702920 -0.123605832 0.193228811 -0.015974514 -0.045860231 -0.018913481 0.998641074
1305031125.811573 -0.046062686 -0.114781350 0.190249905 -0.014786742 -0.045632526 -0.019782109 0.998652935
1305031125.847412 -0.047398493 -0.109173171 0.187168598 -0.017020594 -0.043542854 -0.022149095 0.998660982
1305031125.879318 -0.050106354 -0.102401316 0.181444526 -0.016935542 -0.043001935 -0.022952139 0.998667717
1305031125.911305 -0.054170191 -0.089784361 0.176757827 -0.018721053 -0.044640582 -0.021766238 0.998590469
1305031125.947343 -0.056473553 -0.086569190 0.173812583 -0.023082711 -0.050588347 -0.019593691 0.998260498
1305031125.979324 -0.054472361 -0.075761013 0.169972256 -0.022636157 -0.058619522 -0.016126636 0.997893393
1305031126.011333 -0.050450616 -0.064117469 0.169379488 -0.023878276 -0.065626152 -0.015784325 0.997433662
1305031126.047324 -0.044776067 -0.052733783 0.169077203 -0.026142634 -0.069109976 -0.014998034 0.997153640
1305031126.079356 -0.045564689 -0.039861154 0.167087018 -0.029022325 -0.067008018 -0.014402516 0.997226238
1305031126.111370 -0.044126183 -0.032687038 0.165601596 -0.033424377 -0.066652276 -0.014931763 0.997104466
1305031126.147432 -0.044686262 -0.018290080 0.162502676 -0.034311064 -0.064920820 -0.013179960 0.997213304
1305031126.179384 -0.045127183 -0.005734746 0.159677252 -0.039767645 -0.064755529 -0.012372182 0.997031689
1305031126.211319 -0.042535312 0.000590604 0.160483181 -0.045375891 -0.066463001 -0.012041235 0.996683836
1305031126.247298 -0.041025616 0.014974971 0.158985823 -0.046397522 -0.065806031 -0.011518102 0.996686578
1305031126.279363 -0.040060669 0.025266662 0.157188416 -0.050298713 -0.064304657 -0.012251568 0.996586621
1305031126.311332 -0.038225092 0.037756547 0.154891074 -0.053745400 -0.061862629 -0.014118625 0.996536553
1305031126.347363 -0.038254544 0.044711262 0.152544320 -0.059019491 -0.057902884 -0.015752988 0.996451616
1305031126.379423 -0.040975306 0.054518566 0.150342867 -0.061730929 -0.053823888 -0.016831290 0.996498346
1305031126.411465 -0.041309439 0.065450132 0.148377359 -0.065165237 -0.052196719 -0.018298658 0.996340394
1305031126.447361 -0.042044114 0.070980839 0.146394432 -0.070450306 -0.050362907 -0.017817995 0.996083736
1305031126.479533 -0.043576371 0.079250112 0.142017588 -0.072781108 -0.049639050 -0.015594296 0.995989799
1305031126.511410 -0.044152271 0.091425046 0.137587562 -0.074113250 -0.050769251 -0.014328822 0.995853603
1305031126.547374 -0.040324677 0.100375995 0.138143241 -0.079458706 -0.053015433 -0.013178120 0.995340109
1305031126.579454 -0.038050756 0.107851483 0.136874765 -0.083564945 -0.051842127 -0.011091779 0.995091081
1305031126.611528 -0.038687725 0.114766426 0.134369433 -0.088576429 -0.049368128 -0.009901207 0.994795918
1305031126.647376 -0.036725573 0.117887706 0.134657174 -0.093515538 -0.048407827 -0.007968316 0.994408369
1305031126.679479 -0.036151480 0.123522654 0.132196143 -0.094955847 -0.046171173 -0.003495236 0.994404078
1305031126.711583 -0.036590137 0.131375223 0.128509909 -0.096339762 -0.043931812 -0.000320435 0.994378448
1305031126.747316 -0.034978397 0.132804796 0.127663270 -0.098299868 -0.042813338 0.002732701 0.994231701
1305031126.779379 -0.034497932 0.137934268 0.124760285 -0.097531058 -0.041690342 0.006181162 0.994339705
1305031126.811602 -0.031758070 0.142449200 0.123271860 -0.097125545 -0.040560212 0.006519328 0.994423926
1305031126.847343 -0.031171873 0.145560324 0.120656058 -0.097199440 -0.036715548 0.006827266 0.994563997
1305031126.879357 -0.031672966 0.147905141 0.118581668 -0.097663134 -0.034211110 0.007475006 0.994603217
1305031126.911364 -0.029682428 0.148310766 0.118253283 -0.098365583 -0.032995693 0.006669079 0.994580805
1305031126.947437 -0.030972321 0.149186000 0.115858465 -0.099159621 -0.031025553 0.008333393 0.994552851
1305031126.979337 -0.030414352 0.147996455 0.115831137 -0.100369997 -0.032173026 0.009766757 0.994381905
1305031127.011371 -0.030068167 0.148148268 0.115521014 -0.098735653 -0.033210307 0.010122154 0.994507849
1305031127.047297 -0.030065104 0.149190798 0.114596635 -0.097324997 -0.033339411 0.011015401 0.994633079
1305031127.079299 -0.030518375 0.147954658 0.114813149 -0.098233260 -0.033574134 0.011367938 0.994531929
1305031127.111435 -0.032139517 0.145191416 0.114676863 -0.098865524 -0.035025883 0.012251928 0.994408727
1305031127.147307 -0.032333810 0.142374218 0.115192905 -0.098373055 -0.038402356 0.013286418 0.994319618
1305031127.179349 -0.031977981 0.142501295 0.115478225 -0.095529042 -0.041480213 0.012357522 0.994485259
1305031127.211700 -0.030408926 0.140677243 0.117351249 -0.095217280 -0.043784123 0.012292225 0.994417191
1305031127.247374 -0.029806186 0.136167496 0.119056456 -0.094623283 -0.044372778 0.011563176 0.994456530
1305031127.279465 -0.030880168 0.136591017 0.118690282 -0.091180056 -0.043989833 0.010194643 0.994810104
1305031127.311362 -0.031772692 0.133356571 0.120166942 -0.092242375 -0.044615693 0.009625945 0.994689941
1305031127.347356 -0.031758025 0.127733633 0.122821137 -0.091865897 -0.046451788 0.009118766 0.994645536
1305031127.379262 -0.032169223 0.128600821 0.122832373 -0.088060036 -0.047316540 0.008741345 0.994952321
1305031127.411371 -0.033494823 0.127111480 0.124042168 -0.087772019 -0.047910068 0.007918302 0.994956255
1305031127.447333 -0.032806467 0.121889099 0.126452252 -0.088496462 -0.049705606 0.007840469 0.994804621
1305031127.479362 -0.034370027 0.123881176 0.126798913 -0.085018799 -0.050039522 0.006846737 0.995098472
1305031127.511356 -0.034377858 0.122349970 0.128245056 -0.086455949 -0.051438522 0.005851512 0.994909644
1305031127.547348 -0.033953764 0.117560208 0.130596966 -0.087696560 -0.052701540 0.005682657 0.994735956
1305031127.579345 -0.034939371 0.118742436 0.130892888 -0.084946051 -0.052716319 0.005409285 0.994975328
1305031127.611271 -0.034706339 0.119184457 0.131561428 -0.084989093 -0.053515788 0.005150173 0.994930327
1305031127.647358 -0.033897832 0.115858719 0.133482844 -0.086988866 -0.054325636 0.006519048 0.994705558
1305031127.679298 -0.034456585 0.114091143 0.133506015 -0.085927434 -0.054475158 0.007269465 0.994784474
1305031127.711375 -0.035469018 0.116402403 0.133008644 -0.084118135 -0.054720294 0.006705144 0.994929552
1305031127.747304 -0.034840703 0.114178672 0.134368971 -0.086000405 -0.055576220 0.006896887 0.994719923
1305031127.779346 -0.035218097 0.111857682 0.134835973 -0.085585758 -0.055615067 0.007105039 0.994751990
1305031127.811829 -0.035615325 0.113309085 0.133963808 -0.083284102 -0.055844266 0.006038806 0.994941533
1305031127.847366 -0.035984110 0.112568967 0.134256676 -0.083717205 -0.055808354 0.005100178 0.994912505
1305031127.879380 -0.036778480 0.111174241 0.134344056 -0.084124371 -0.055818167 0.004524387 0.994880378
1305031127.911476 -0.037803769 0.111729696 0.134291992 -0.083307080 -0.056298602 0.004065534 0.994924009
1305031127.947366 -0.038467124 0.112712428 0.134584412 -0.083457589 -0.056815870 0.003980989 0.994882345
1305031127.979371 -0.038185973 0.111565933 0.136429325 -0.085463785 -0.057934470 0.004140035 0.994646847
1305031128.011427 -0.036877885 0.111762598 0.137916028 -0.086369410 -0.058685109 0.003809138 0.994525969
1305031128.047369 -0.035616159 0.109606162 0.140681818 -0.089553453 -0.058456667 0.005154549 0.994251668
1305031128.079334 -0.036596943 0.106950261 0.141773343 -0.090176836 -0.057560842 0.005823005 0.994243920
1305031128.111391 -0.035516225 0.106553048 0.143009380 -0.089600213 -0.058426559 0.006874226 0.994238853
1305031128.147418 -0.035262834 0.105821788 0.144110709 -0.090464659 -0.058593381 0.008304085 0.994139850
1305031128.179350 -0.034113050 0.102090709 0.146296814 -0.091121569 -0.059179377 0.009652500 0.994032919
1305031128.211447 -0.034951854 0.103562146 0.145397186 -0.088299952 -0.058629882 0.009904278 0.994317651
1305031128.247480 -0.035701379 0.103998318 0.145100683 -0.088338584 -0.058641717 0.009933848 0.994313180
1305031128.279336 -0.035027310 0.100774772 0.146064252 -0.089754187 -0.059343126 0.009878054 0.994145334
1305031128.311483 -0.035371073 0.102367237 0.146087572 -0.087628990 -0.059256002 0.009456300 0.994344234
1305031128.347423 -0.036228091 0.102339841 0.145489708 -0.087602809 -0.058949862 0.008583646 0.994372666
1305031128.379404 -0.036270741 0.101067327 0.145953506 -0.088271007 -0.059474841 0.007049012 0.994294345
1305031128.411337 -0.036721546 0.100242004 0.145779312 -0.087783843 -0.059323370 0.005813435 0.994354546
1305031128.447296 -0.037085459 0.100022912 0.145271361 -0.087401181 -0.059231579 0.004597757 0.994400024
1305031128.479296 -0.037692573 0.099470094 0.145301923 -0.087606311 -0.059230570 0.003302086 0.994387209
1305031128.511433 -0.037164427 0.098555073 0.145518497 -0.087485030 -0.059451543 0.002688986 0.994386554
1305031128.547399 -0.036612406 0.098504089 0.146016479 -0.087462515 -0.059233777 0.002475461 0.994402111
1305031128.579455 -0.037168823 0.095779881 0.145799696 -0.087957166 -0.058276821 0.002099520 0.994415879
1305031128.611395 -0.038455136 0.095915087 0.145182475 -0.086339973 -0.057810605 0.002061304 0.994584858
1305031128.647352 -0.039487850 0.096019328 0.144090235 -0.085733101 -0.058493018 0.002363530 0.994596779
1305031128.679282 -0.038982123 0.094834827 0.144248962 -0.085696578 -0.060147449 0.001738318 0.994502544
1305031128.711457 -0.037362248 0.094491810 0.144680232 -0.084687509 -0.060989913 0.001200300 0.994538486
1305031128.747363 -0.037414156 0.095309660 0.144134700 -0.083523706 -0.059994485 0.000131683 0.994698167
