1341840840.133310 0.060051315 0.030567870 0.007842880 -0.013501978 -0.010923715 -0.006214413 0.999829888
1341840840.169494 0.065326139 0.017502984 0.003757883 -0.018149307 -0.010829892 -0.004872637 0.999764740
1341840840.201335 0.056606624 0.033405557 0.003498982 -0.010752585 -0.007920874 -0.006295202 0.999890983
1341840840.233363 0.071852177 0.038988072 0.001394134 -0.013009241 -0.012413424 -0.002521501 0.999835134
1341840840.269407 0.069534570 0.031054197 0.007749025 -0.018021069 -0.009677952 -0.002485269 0.999787688
1341840840.294570 0.072230443 0.029696420 0.008313080 -0.017063282 -0.009126140 -0.002347232 0.999809980
1341840840.330394 0.084283940 0.020519154 0.003615979 -0.019455899 -0.012067636 0.001198056 0.999737144
1341840840.362487 0.081444025 0.029743971 -0.001191334 -0.014903327 -0.010980946 0.002999998 0.999824166
1341840840.394382 0.090614475 0.034869827 0.001264132 -0.016164646 -0.015498711 0.006069243 0.999730766
1341840840.430325 0.099879138 0.026243662 0.006476989 -0.019512028 -0.017858732 0.007639751 0.999620914
1341840840.462407 0.095372781 0.032980263 0.002927172 -0.014186680 -0.014219346 0.006513344 0.999777019
1341840840.494502 0.094035693 0.035519093 0.001288217 -0.016361043 -0.012434837 0.007479087 0.999760866
1341840840.530297 0.099778458 0.030150823 0.005683102 -0.020270523 -0.014484238 0.009477023 0.999644697
1341840840.562361 0.103728741 0.028658126 0.005377875 -0.019689752 -0.015246377 0.010364010 0.999636173
1341840840.598321 0.103041098 0.029992407 0.002884230 -0.019415857 -0.014642225 0.010911319 0.999644697
1341840840.630280 0.105604477 0.018278975 0.003267676 -0.023044867 -0.017270062 0.013516550 0.999493837
1341840840.662439 0.112246044 0.033283602 0.002778947 -0.014425945 -0.020999052 0.012314649 0.999599516
1341840840.698371 0.125599757 0.039906293 0.005553020 -0.013305215 -0.023032429 0.012085261 0.999573112
1341840840.730361 0.132103965 0.026877962 0.008262003 -0.018711682 -0.020631045 0.013398130 0.999522209
1341840840.762407 0.121697515 0.023762994 0.003250949 -0.015706796 -0.013850092 0.011387818 0.999715865
1341840840.798303 0.123906992 0.035927720 -0.001110259 -0.010278659 -0.014636284 0.010848275 0.999781191
1341840840.830375 0.136238784 0.033594064 0.004157165 -0.013172550 -0.017366504 0.011585495 0.999695241
1341840840.866393 0.141593009 0.021620359 0.005462131 -0.015833801 -0.015346738 0.011461829 0.999691129
1341840840.898320 0.134352773 0.031053584 0.000430495 -0.007978396 -0.010015463 0.009083598 0.999876738
1341840840.930454 0.138012454 0.043233532 -0.002832239 -0.005033470 -0.010251717 0.008741862 0.999896586
1341840840.966498 0.147108495 0.034680244 0.002204904 -0.012208590 -0.011236530 0.008519160 0.999826014
1341840840.998398 0.152888507 0.034265831 0.002992351 -0.011661807 -0.010169573 0.008320156 0.999845624
1341840841.034538 0.174225107 0.046567731 0.004055800 -0.007784094 -0.012822141 0.006156252 0.999868512
1341840841.066345 0.176518723 0.054354984 0.001447517 -0.008724163 -0.007706396 0.004946620 0.999920011
1341840841.098335 0.173321679 0.036858294 0.003010347 -0.021617088 -0.002974109 0.006021625 0.999743760
1341840841.134331 0.183344126 0.024206525 0.005950373 -0.024203187 -0.006390101 0.007421150 0.999659121
1341840841.166392 0.191558331 0.044345211 0.004043968 -0.014058446 -0.005835576 0.006499592 0.999863029
1341840841.198348 0.191326618 0.041781794 0.002500804 -0.018484896 0.000709275 0.007781622 0.999798596
1341840841.234400 0.196392447 0.022138812 0.002976444 -0.026592553 0.001165749 0.012090509 0.999572575
1341840841.266296 0.196455568 0.023802560 -0.001004686 -0.019550756 0.001194628 0.011413760 0.999742985
1341840841.302430 0.201645240 0.036809567 -0.003505324 -0.012557703 0.000433842 0.012356929 0.999844670
1341840841.334542 0.203972608 0.035406236 -0.005370708 -0.014119663 0.002118941 0.013655611 0.999804795
1341840841.366311 0.206469923 0.034290690 -0.006260112 -0.014413174 0.002032349 0.013704755 0.999800146
1341840841.402475 0.207964242 0.034113389 -0.008543977 -0.014207258 0.001893031 0.012188655 0.999822974
1341840841.434345 0.212831646 0.037803538 -0.007563501 -0.013250452 0.000464496 0.012123567 0.999838591
1341840841.466383 0.213220969 0.039127488 -0.008136068 -0.013768552 0.001822916 0.011145355 0.999841452
1341840841.502454 0.217262089 0.033568278 -0.008871903 -0.016676988 0.000492139 0.011557311 0.999794006
1341840841.534696 0.221245199 0.030742779 -0.009104078 -0.016750004 -0.000842442 0.012033300 0.999786913
1341840841.570470 0.222133696 0.045008209 -0.013308005 -0.011795804 0.000031579 0.012698575 0.999849796
1341840841.602476 0.228947982 0.043017615 -0.009673617 -0.017186407 -0.001182872 0.013128073 0.999765396
1341840841.634468 0.246740907 0.035037719 -0.003510833 -0.020588716 -0.005527256 0.012514337 0.999694407
1341840841.671032 0.236861750 0.035061371 -0.010672192 -0.018850008 0.000699278 0.011453678 0.999756455
1341840841.702284 0.237673372 0.042138264 -0.011717756 -0.016838197 -0.000991676 0.013523871 0.999766290
1341840841.734304 0.241825938 0.042765245 -0.008604908 -0.018704349 -0.003825845 0.015058367 0.999704361
1341840841.770351 0.246319339 0.033473667 -0.006447481 -0.023039438 -0.005245392 0.016732516 0.999580741
1341840841.802313 0.241150171 0.032480601 -0.012817671 -0.022588376 -0.003879552 0.018845411 0.999559700
1341840841.838370 0.239420325 0.024005007 -0.015174665 -0.025814194 -0.009016959 0.022133587 0.999381006
1341840841.870881 0.249681920 0.033097394 -0.011611952 -0.019256379 -0.019991901 0.017991029 0.999452770
1341840841.902346 0.264826030 0.057948492 -0.004704665 -0.009743948 -0.025483787 0.014298476 0.999525487
1341840841.938375 0.259274781 0.043707777 -0.006750229 -0.019660275 -0.017503176 0.014121984 0.999553740
1341840841.970352 0.247831941 0.035836823 -0.011794430 -0.023622438 -0.013520923 0.012810753 0.999547422
1341840842.006342 0.254485875 0.045692634 -0.011347609 -0.020464506 -0.019107237 0.010306532 0.999554873
1341840842.038475 0.270326763 0.048112225 -0.001889866 -0.021091864 -0.024368607 0.008510314 0.999444306
1341840842.070419 0.265954375 0.044550389 -0.007112524 -0.021651758 -0.017470922 0.006279017 0.999593198
1341840842.106404 0.260395110 0.042894695 -0.012378986 -0.023054017 -0.014335655 0.005413797 0.999616802
1341840842.138367 0.262014925 0.025707444 -0.013039374 -0.028903088 -0.017389148 0.004058133 0.999422729
1341840842.170410 0.269848496 0.037909940 -0.012912354 -0.019002907 -0.023676552 0.001820250 0.999537408
1341840842.206430 0.276186734 0.042211115 -0.015944060 -0.015199425 -0.024325883 -0.000957917 0.999588072
1341840842.238319 0.277328879 0.044315215 -0.016982701 -0.012604035 -0.023005944 -0.006095193 0.999637306
1341840842.274385 0.286421001 0.041508302 -0.016863868 -0.011756288 -0.023850096 -0.010749533 0.999588668
1341840842.306571 0.281220764 0.041853625 -0.020916307 -0.008200413 -0.018705310 -0.014918726 0.999680102
1341840842.338413 0.275877535 0.047540702 -0.029826730 -0.005147704 -0.016132200 -0.016811531 0.999715269
1341840842.374365 0.283476979 0.032323826 -0.029263467 -0.011791702 -0.021244599 -0.017992629 0.999542832
1341840842.406739 0.282773972 0.035468072 -0.028886314 -0.004140788 -0.023785334 -0.021013776 0.999487638
1341840842.438410 0.299348861 0.072109163 -0.026805224 0.010669262 -0.028508279 -0.025025105 0.999223292
1341840842.474299 0.359787017 0.122885607 -0.000628795 0.025614215 -0.046872463 -0.023857517 0.998287380
1341840842.542388 0.317547888 0.030385908 -0.022981336 -0.000149789 -0.000239300 -0.035140652 0.999382317
1341840842.574346 0.308080703 0.063510105 -0.033735611 0.014560322 0.007869806 -0.038092401 0.999137163
1341840842.606530 0.325428218 0.071960561 -0.027001975 0.011098611 0.007123997 -0.035170816 0.999294341
1341840842.642329 0.311586678 0.032662872 -0.029087434 -0.008274823 0.021011325 -0.033235524 0.999192417
1341840842.674386 0.306034446 0.037644338 -0.039631143 -0.001861086 0.023281446 -0.032405570 0.999201894
1341840842.706548 0.324106544 0.063957617 -0.036241177 0.008955814 0.013102514 -0.034663703 0.999273002
1341840842.810490 0.330826521 0.051854953 -0.039285481 0.012810614 0.041555203 -0.037413664 0.998353302
1341840842.842296 0.324212790 0.064207114 -0.045724496 0.013092902 0.041736457 -0.037680522 0.998332024
1341840842.874411 0.349838823 0.056203011 -0.033156183 0.005042688 0.029481359 -0.034028303 0.998973191
1341840842.910377 0.353717148 0.039947946 -0.031259753 0.001538616 0.031235339 -0.033818845 0.998938560
1341840842.942647 0.339859843 0.053716637 -0.043206640 0.010402340 0.039329134 -0.035938468 0.998525620
1341840842.974535 0.354537457 0.062455375 -0.038196780 0.011898178 0.033251230 -0.037839357 0.998659551
1341840843.010449 0.378967077 0.048897360 -0.029868677 0.006110480 0.027942296 -0.035098635 0.998974442
1341840843.042429 0.358299434 0.042588368 -0.039945174 0.005855635 0.043670457 -0.030957425 0.998549044
1341840843.078385 0.336564869 0.056687288 -0.052634977 0.010752348 0.050988775 -0.029362183 0.998209596
1341840843.110373 0.364331245 0.057603676 -0.044671081 0.007174077 0.033483412 -0.029095942 0.998989880
1341840843.142285 0.392311037 0.053821709 -0.031480771 0.007051495 0.025670931 -0.031560414 0.999147236
1341840843.178476 0.399693251 0.053781178 -0.026574906 0.012293200 0.035255585 -0.028184297 0.998905182
1341840843.210589 0.362185508 0.054468170 -0.048702452 0.011960371 0.055429276 -0.030248327 0.997932673
1341840843.246317 0.367863894 0.058859121 -0.046529081 0.010568243 0.047641199 -0.033032265 0.998262286
1341840843.278543 0.399213761 0.057854403 -0.028075010 0.010698962 0.036048327 -0.033147592 0.998742819
1341840843.310587 0.393404424 0.052353185 -0.029550288 0.013099524 0.047420248 -0.031249518 0.998300135
1341840843.346529 0.378558844 0.050013974 -0.047907721 0.013307710 0.056328952 -0.032627776 0.997790277
1341840843.385053 0.371612847 0.066790007 -0.048164234 0.015054410 0.057585299 -0.034513485 0.997630298
1341840843.411509 0.401818991 0.055357125 -0.036501039 0.005410381 0.046687264 -0.028318347 0.998493433
1341840843.447220 0.395152599 0.049996987 -0.038125966 0.004385185 0.052765451 -0.026420031 0.998247743
1341840843.478671 0.383571059 0.066097878 -0.045974825 0.009613455 0.057881888 -0.029259022 0.997848272
1341840843.515039 0.402239233 0.063347340 -0.036005475 0.003872152 0.048972625 -0.031124264 0.998307586
1341840843.548527 0.418970466 0.046526659 -0.024680413 -0.002497454 0.045178451 -0.030181238 0.998519778
1341840843.582569 0.409188658 0.049763825 -0.033592518 0.003448699 0.052646924 -0.031359714 0.998114705
1341840843.614798 0.405436665 0.071104147 -0.037006401 0.009858765 0.053749859 -0.031595904 0.998005748
1341840843.653429 0.415455431 0.055948436 -0.031470243 -0.001106442 0.048206016 -0.030461319 0.998372197
1341840843.687928 0.423343927 0.044601236 -0.025857523 -0.003511808 0.045897707 -0.031185193 0.998453081
1341840843.720258 0.420540929 0.052460276 -0.031601541 0.001757007 0.049411196 -0.032605596 0.998244643
1341840843.785505 0.422392279 0.046900645 -0.028465118 -0.002248731 0.049440622 -0.033858016 0.998200476
1341840843.814703 0.424813092 0.047331192 -0.027430648 -0.000130625 0.049957652 -0.033669382 0.998183668
1341840843.846439 0.423311353 0.046926759 -0.030660622 -0.000282218 0.052033182 -0.032538645 0.998115063
1341840843.882429 0.427544713 0.050964341 -0.028672846 0.001157665 0.050859101 -0.032762602 0.998167634
1341840843.914321 0.436834335 0.049935848 -0.023710979 0.000827153 0.048967745 -0.034908775 0.998189807
1341840843.946316 0.434406400 0.040566966 -0.025301753 -0.001596321 0.054699417 -0.037074458 0.997813046
1341840843.982401 0.430617362 0.047577359 -0.029431740 0.000918038 0.059016030 -0.036162227 0.997601390
1341840844.014387 0.431828380 0.047555290 -0.026783383 -0.001158029 0.058608238 -0.036490887 0.997613251
1341840844.050399 0.457236350 0.026975038 -0.017981304 -0.006730526 0.048536401 -0.036803313 0.998120427
1341840844.082349 0.456424147 0.036297753 -0.025210720 0.002626536 0.053092323 -0.038844559 0.997830391
1341840844.114393 0.431282073 0.046960123 -0.030789752 0.005714991 0.066287160 -0.040720973 0.996952891
1341840844.150523 0.446787030 0.040411413 -0.025742160 0.001385930 0.059084825 -0.040574279 0.997427106
1341840844.182299 0.460452765 0.029238503 -0.020095127 -0.001561242 0.055455700 -0.041636102 0.997591436
1341840844.218448 0.462502182 0.018560480 -0.021437272 -0.001879581 0.058032956 -0.044075701 0.997339427
1341840844.250566 0.452044874 0.024952052 -0.033120170 0.003885305 0.065563709 -0.045950465 0.996782243
1341840844.282274 0.459333271 0.033879325 -0.031024879 0.005014543 0.062057547 -0.043316267 0.997119546
1341840844.318322 0.468065470 0.020160599 -0.023387363 -0.001990180 0.056013096 -0.041727290 0.997555733
1341840844.350432 0.476784825 0.017155601 -0.021950940 0.001855610 0.050980732 -0.045229785 0.997673213
1341840844.382375 0.488310277 0.029467536 -0.026648724 0.007997771 0.049221337 -0.046808038 0.997658432
1341840844.418837 0.480751365 0.022900149 -0.026818022 0.002993291 0.054918017 -0.046457969 0.997404993
1341840844.450418 0.471863300 0.001698951 -0.029920105 -0.003565063 0.056485854 -0.049527582 0.997167826
1341840844.486330 0.479550540 0.010947558 -0.027962003 0.003415280 0.051344991 -0.052254029 0.997307122
1341840844.518335 0.509429753 0.010479172 -0.023240346 0.004962587 0.041895058 -0.051369946 0.997788191
1341840844.550458 0.495993525 0.016064018 -0.026234832 0.006698288 0.051977478 -0.051956397 0.997273266
1341840844.586351 0.494760543 0.012800541 -0.022994962 0.004608718 0.050104782 -0.049426138 0.997509539
1341840844.618382 0.502175391 0.016872728 -0.023020748 0.006877036 0.045128051 -0.049368337 0.997736871
1341840844.650334 0.512420475 0.016939331 -0.020111544 0.005409300 0.041288439 -0.049643509 0.997898519
1341840844.686320 0.516672373 0.011636532 -0.014423845 0.003833848 0.040692769 -0.050700191 0.997877181
1341840844.718495 0.507586420 0.007448376 -0.020820038 0.005625901 0.047357149 -0.056084223 0.997286439
1341840844.757582 0.511346281 0.015723437 -0.024142347 0.006722185 0.047847781 -0.053545848 0.997395694
1341840844.791011 0.513221562 0.003588231 -0.021418286 0.001075182 0.046429299 -0.053743042 0.997474194
1341840844.818394 0.513400316 -0.006319421 -0.027029114 -0.000083444 0.048140287 -0.058473002 0.997127593
1341840844.854307 0.532073975 -0.006704297 -0.023080312 -0.001151014 0.043097436 -0.054024935 0.997608483
1341840844.888045 0.528952241 -0.009790531 -0.027719757 -0.002334730 0.046418026 -0.053261917 0.997498393
1341840844.918612 0.524591804 -0.010282939 -0.032974124 -0.004261554 0.049524184 -0.053884707 0.997309208
1341840844.954718 0.540848613 -0.005778290 -0.021418864 -0.003520681 0.042784676 -0.051127527 0.997768998
1341840844.986719 0.547327161 -0.008755262 -0.020872572 -0.004288965 0.042603884 -0.051847003 0.997736633
1341840845.022279 0.550488174 -0.006298005 -0.017836735 -0.002967490 0.044290591 -0.051024690 0.997710407
1341840845.054280 0.558441937 -0.011888205 -0.018989457 -0.004542221 0.044504955 -0.049104951 0.997791231
1341840845.086344 0.557968080 -0.005029924 -0.022993982 -0.002905066 0.047430679 -0.046841383 0.997771323
1341840845.123640 0.556954324 -0.015351140 -0.020148430 -0.008369252 0.047094423 -0.049072567 0.997649193
1341840845.154408 0.562944353 -0.030338192 -0.022713151 -0.010632171 0.044555038 -0.053161927 0.997534752
1341840845.186393 0.564889550 -0.028182302 -0.036949825 -0.010227354 0.046195470 -0.051462844 0.997553468
1341840845.222296 0.564446568 -0.024896095 -0.028036047 -0.013356488 0.043887660 -0.046467714 0.997865796
1341840845.254440 0.572524250 -0.020325124 -0.016897663 -0.009273944 0.036997531 -0.048455168 0.998096824
1341840845.290376 0.583989382 -0.014692725 -0.017631788 -0.005723405 0.035244327 -0.051431119 0.998037994
1341840845.322289 0.579319954 -0.021945395 -0.021291986 -0.010380023 0.041592568 -0.051114600 0.997772336
1341840845.354494 0.565240920 -0.031138893 -0.022345955 -0.013478008 0.045361653 -0.051950380 0.997527897
1341840845.390309 0.572376907 -0.036904328 -0.021808870 -0.011620805 0.037164085 -0.054960422 0.997729003
1341840845.422339 0.586882353 -0.019973354 -0.018802330 -0.001634689 0.030280327 -0.055157524 0.998017073
1341840845.458335 0.595306218 -0.010944733 -0.020638376 0.000371163 0.029912487 -0.057154104 0.997917116
1341840845.490264 0.596692443 -0.016249206 -0.018071059 -0.005070200 0.033483125 -0.056918722 0.997804284
1341840845.522343 0.583361804 -0.020769855 -0.015420388 -0.007249102 0.040492889 -0.056592841 0.997549474
1341840845.558310 0.579277694 -0.026680432 -0.021315051 -0.009683180 0.040073991 -0.054659754 0.997653544
1341840845.597232 0.584635794 -0.026831545 -0.020252829 -0.009297684 0.033027787 -0.053671133 0.997968972
1341840845.622577 0.596127570 -0.014035667 -0.015430978 -0.002554116 0.026456783 -0.053177927 0.998231232
1341840845.658634 0.613468528 -0.013805015 -0.017422928 -0.003357804 0.023131005 -0.053851537 0.998275340
1341840845.690353 0.616680741 -0.017092524 -0.017152343 -0.007044356 0.025027316 -0.055908531 0.998097301
1341840845.729069 0.612373173 -0.021942046 -0.015370600 -0.008922452 0.028856978 -0.057425816 0.997892737
1341840845.758375 0.613793731 -0.023273202 -0.018546388 -0.008552730 0.029157635 -0.056347266 0.997948706
1341840845.790466 0.604164004 -0.024070928 -0.022116326 -0.008895521 0.030089498 -0.057530295 0.997850597
1341840845.826375 0.619905710 -0.015536929 -0.022679072 -0.005912771 0.019676914 -0.059526991 0.998015225
1341840845.858782 0.642270863 -0.012990331 -0.014967126 -0.006393415 0.013920325 -0.061846051 0.997968137
1341840845.890417 0.638659239 -0.029724343 -0.017811593 -0.012910582 0.023363655 -0.062896952 0.997663021
1341840845.926383 0.628843963 -0.016184868 -0.020866875 -0.004828657 0.027737718 -0.063027710 0.997614563
1341840845.958390 0.639346659 -0.007881488 -0.020768035 -0.004077316 0.023276657 -0.063188970 0.997721732
1341840845.994269 0.642250776 -0.020990433 -0.018154372 -0.009871261 0.023989139 -0.062571280 0.997703314
1341840846.026558 0.643286705 -0.014966508 -0.019682711 -0.005246343 0.025105061 -0.061206453 0.997795522
1341840846.058807 0.646681428 -0.021555925 -0.027316479 -0.008953813 0.023978967 -0.061942771 0.997751415
1341840846.094265 0.657993197 -0.022323254 -0.024010001 -0.009018334 0.019502275 -0.063184410 0.997770548
1341840846.126378 0.673440993 -0.012713235 -0.019883446 -0.003136186 0.018628469 -0.063653417 0.997793257
1341840846.158446 0.664047778 -0.013390531 -0.022827860 -0.003985616 0.028397756 -0.062444609 0.997636437
1341840846.194427 0.670479417 -0.020733602 -0.030544255 -0.009272003 0.027070155 -0.061812293 0.997677505
1341840846.226385 0.678604305 -0.024169873 -0.027722862 -0.012690401 0.023725217 -0.060558699 0.997801960
1341840846.262497 0.693221331 -0.034775153 -0.028090985 -0.014576429 0.022531275 -0.058245029 0.997941554
1341840846.294419 0.694318712 -0.026098384 -0.029649833 -0.010036720 0.027439276 -0.056896508 0.997952461
1341840846.326478 0.680853426 -0.027027549 -0.031209935 -0.012025593 0.032193631 -0.057005860 0.997782171
1341840846.362426 0.698760808 -0.026275443 -0.031300776 -0.011219738 0.024870684 -0.057634290 0.997964859
1341840846.394323 0.709864557 -0.029669892 -0.031447064 -0.011417874 0.025389127 -0.057057004 0.997982681
1341840846.430454 0.703507125 -0.020917837 -0.032439373 -0.007749202 0.032653652 -0.056445125 0.997841477
1341840846.465291 0.708038926 -0.019678984 -0.034556318 -0.010514524 0.031574141 -0.056703199 0.997836292
1341840846.494473 0.716201544 -0.028215449 -0.033005629 -0.014712675 0.029156057 -0.057047464 0.997837186
1341840846.530439 0.727807999 -0.030633051 -0.035008565 -0.012277952 0.029364485 -0.055143926 0.997970998
1341840846.562569 0.718220055 -0.021701405 -0.036447205 -0.007851684 0.036153406 -0.053209003 0.997897804
1341840846.594486 0.716219425 -0.010739801 -0.037426811 -0.007394757 0.035714842 -0.053469647 0.997903168
1341840846.630509 0.732924759 -0.015844541 -0.036587402 -0.012667113 0.030629214 -0.054607529 0.997957647
1341840846.662363 0.769078732 -0.034398310 -0.036884852 -0.016883930 0.022995742 -0.054854892 0.998086691
1341840846.698323 0.744031250 -0.009179729 -0.037287060 -0.003714231 0.040727876 -0.057094872 0.997530758
1341840846.730390 0.727033854 -0.002424533 -0.038335308 -0.006524269 0.046589822 -0.058909938 0.997154176
1341840846.762470 0.737177432 -0.018441442 -0.038325921 -0.015327727 0.041025031 -0.058614362 0.997319579
1341840846.798363 0.755890965 -0.006516067 -0.040320389 -0.009730124 0.037111297 -0.058717389 0.997537136
1341840846.830356 0.748505354 -0.001374216 -0.036850855 -0.011622980 0.043133907 -0.059829518 0.997208536
1341840846.862350 0.745347261 -0.012743107 -0.037588753 -0.017019669 0.043233085 -0.059910830 0.997121811
1341840846.898489 0.765166700 0.004684326 -0.038013011 -0.009869815 0.037593879 -0.061303016 0.997362137
1341840846.930380 0.769993305 0.017467245 -0.037310764 -0.010096103 0.039735641 -0.061951771 0.997236729
1341840846.966358 0.752736509 -0.006762838 -0.035932843 -0.023409244 0.046892699 -0.061240125 0.996746063
1341840846.998844 0.756305337 -0.005781562 -0.037190706 -0.020543592 0.042945832 -0.062162761 0.996930003
1341840847.030411 0.774501979 0.011561706 -0.038584989 -0.014983709 0.035747878 -0.062865935 0.997268975
1341840847.066359 0.777370512 0.006051696 -0.037105680 -0.020978978 0.037928566 -0.062517270 0.997102261
1341840847.098410 0.763807178 -0.005596052 -0.036281697 -0.026441319 0.043345008 -0.062869594 0.996729434
1341840847.130366 0.767755687 -0.000150621 -0.038164660 -0.024022613 0.040364556 -0.063836448 0.996854305
1341840847.166401 0.780565143 0.008291663 -0.037654974 -0.022243375 0.036899887 -0.062794216 0.997096062
1341840847.198307 0.776676953 -0.005710854 -0.038163573 -0.028431278 0.040092099 -0.061769936 0.996879518
1341840847.234496 0.768459260 -0.010256962 -0.036949940 -0.026076995 0.041844860 -0.062253710 0.996841729
1341840847.266747 0.778221309 0.004402395 -0.039374419 -0.018832626 0.035997007 -0.061936051 0.997252941
1341840847.298356 0.794244945 0.004818397 -0.039270137 -0.020550229 0.031136785 -0.061383735 0.997416794
1341840847.334573 0.782304287 -0.006751127 -0.040034052 -0.025042992 0.037915312 -0.061895978 0.997047722
1341840847.366405 0.779867828 -0.009156629 -0.039590597 -0.023584120 0.038080767 -0.062558286 0.997035682
1341840847.398361 0.792370617 0.000936961 -0.040374696 -0.017987920 0.033025116 -0.064074241 0.997236311
1341840847.434625 0.807188034 0.002873446 -0.042686928 -0.019048641 0.031803783 -0.065720893 0.997149110
1341840847.466370 0.794862986 -0.008666854 -0.040363923 -0.025055511 0.041187942 -0.064867698 0.996728599
1341840847.502590 0.785725594 -0.006853917 -0.036411498 -0.022661185 0.044191796 -0.063947663 0.996716738
1341840847.534309 0.800693452 0.005503607 -0.035857622 -0.018482478 0.037148248 -0.064284451 0.997068703
1341840847.566354 0.806767166 -0.002369714 -0.034915790 -0.023732018 0.036662683 -0.063937761 0.996997833
1341840847.603337 0.807613254 -0.010296106 -0.033999294 -0.025191214 0.039319970 -0.063324071 0.996899903
1341840847.634465 0.804284215 -0.004264359 -0.033176873 -0.020878268 0.040874489 -0.064007014 0.996893406
1341840847.670420 0.809228122 -0.002043446 -0.035413355 -0.020050392 0.038763225 -0.064189039 0.996983051
1341840847.702420 0.818335712 -0.002708549 -0.038120829 -0.022264143 0.038619548 -0.062859587 0.997026324
1341840847.734342 0.817976117 -0.004618291 -0.032340255 -0.024708200 0.042183477 -0.062428284 0.996851444
1341840847.770464 0.822481036 -0.020728007 -0.031147636 -0.028718999 0.040712323 -0.063315958 0.996749163
1341840847.802407 0.827541530 -0.012459726 -0.034172975 -0.021462621 0.038404439 -0.064114794 0.996972322
1341840847.834306 0.832204103 -0.002271954 -0.031635553 -0.018320695 0.038872711 -0.064557083 0.996988297
1341840847.870532 0.828701615 -0.011081753 -0.030285411 -0.021647515 0.042224325 -0.063484527 0.996854186
1341840847.902485 0.836210728 -0.003307487 -0.032804754 -0.017677067 0.039851952 -0.061602648 0.997148156
1341840847.938405 0.840480447 -0.010022788 -0.033372983 -0.022754043 0.037423555 -0.062396411 0.997089982
1341840847.970339 0.846166134 -0.017675756 -0.032148995 -0.023634974 0.035417814 -0.063245118 0.997089267
1341840848.002312 0.848336697 -0.014285595 -0.033353314 -0.019483836 0.034815796 -0.063532278 0.997182012
1341840848.038354 0.851835370 -0.016288575 -0.034635454 -0.019107258 0.032448731 -0.064095162 0.997233093
1341840848.070743 0.865034103 -0.010542247 -0.034015410 -0.015611039 0.028147269 -0.064587854 0.997392833
1341840848.102909 0.869135618 -0.008879611 -0.034763768 -0.015350759 0.029784149 -0.064643882 0.997345686
1341840848.138432 0.868129909 -0.008769039 -0.034199648 -0.016528724 0.032648135 -0.064313330 0.997258604
1341840848.170385 0.872740090 -0.014837141 -0.033371136 -0.019498046 0.031660497 -0.063884027 0.997264385
1341840848.206548 0.877041221 -0.020008655 -0.034370080 -0.019910119 0.031227145 -0.063240901 0.997310936
1341840848.238651 0.879848123 -0.014495233 -0.034711912 -0.016100874 0.031404026 -0.062173348 0.997441232
1341840848.277372 0.884579301 -0.014574597 -0.033642024 -0.017141310 0.030376382 -0.061901998 0.997472584
1341840848.313384 0.888396919 -0.022057727 -0.034045674 -0.019782458 0.029680211 -0.062583111 0.997402191
1341840848.345285 0.891969025 -0.022780770 -0.035391323 -0.018170804 0.029622054 -0.062627204 0.997431815
1341840848.377729 0.894424677 -0.015214014 -0.034619603 -0.014781326 0.031045262 -0.062748566 0.997436881
1341840848.413434 0.904038250 -0.023117132 -0.036489151 -0.018966876 0.029038269 -0.063150845 0.997401118
1341840848.446614 0.910331309 -0.025073184 -0.034570105 -0.019107562 0.029020688 -0.061801821 0.997483432
1341840848.477376 0.907311082 -0.028363863 -0.036718830 -0.019493127 0.032373812 -0.059958577 0.997485280
1341840848.514358 0.914175153 -0.020340981 -0.037346989 -0.017646473 0.030453017 -0.059032649 0.997635365
1341840848.545352 0.923323929 -0.038820401 -0.036397867 -0.025813745 0.028014166 -0.059611268 0.997494519
1341840848.581630 0.915550292 -0.051138297 -0.029126372 -0.025891123 0.037467595 -0.061815541 0.997047961
1341840848.613497 0.921400368 -0.023282284 -0.038099147 -0.009948120 0.037086233 -0.058510114 0.997548103
1341840848.645345 0.928121328 -0.025940891 -0.034953818 -0.012581892 0.033011656 -0.053941354 0.997918963
1341840848.681427 0.943733037 -0.040505867 -0.034540631 -0.016019171 0.025951650 -0.054269176 0.998060465
1341840848.713310 0.950501859 -0.041380424 -0.039735336 -0.011610131 0.027697489 -0.054942332 0.998037755
1341840848.745404 0.949807465 -0.034579948 -0.038865231 -0.006309041 0.033625066 -0.053691518 0.997971296
1341840848.774529 0.946168363 -0.023566658 -0.039247010 -0.001746326 0.037814409 -0.052516662 0.997902274
1341840848.806548 0.949377656 -0.015528573 -0.036002059 -0.001658929 0.037775014 -0.050314613 0.998017371
1341840848.842443 0.957801700 -0.041844681 -0.031479832 -0.011215111 0.034185391 -0.045929253 0.998296559
1341840848.874427 0.958627522 -0.040878009 -0.037718140 -0.005480319 0.034228459 -0.047899339 0.998250484
1341840848.910589 0.960286796 -0.032932788 -0.042006128 -0.002563608 0.034987941 -0.049578875 0.998153865
1341840848.942390 0.967243910 -0.042251900 -0.034926526 -0.005934692 0.034427281 -0.049646035 0.998155713
1341840848.974342 0.940628290 -0.061469562 -0.028932299 -0.006542018 0.046754930 -0.050313886 0.997617006
1341840849.010480 0.942085862 -0.037990302 -0.043890834 0.005543862 0.042408321 -0.050992209 0.997782826
1341840849.042373 0.970495403 -0.032450177 -0.041589782 0.003589618 0.029892368 -0.050054453 0.998292565
1341840849.074269 0.977117598 -0.047050361 -0.039330039 -0.000850446 0.029938078 -0.050237712 0.998288095
1341840849.110433 0.972584128 -0.039201260 -0.038222238 0.005112112 0.034032136 -0.050303638 0.998140872
1341840849.142356 0.973574102 -0.040356938 -0.038394727 0.006944396 0.032532100 -0.050079916 0.998191059
1341840849.178427 0.978313386 -0.033819612 -0.040679704 0.010466364 0.029555481 -0.050920520 0.998210430
1341840849.210439 0.987026989 -0.038054813 -0.037597694 0.010333675 0.026349453 -0.047413662 0.998474240
1341840849.242309 0.982724845 -0.040116388 -0.040943187 0.012495607 0.027724341 -0.047645926 0.998401225
1341840849.278391 0.997160792 -0.022567179 -0.044483416 0.018134780 0.022697760 -0.051085923 0.998271585
1341840849.310332 1.012170672 -0.038608361 -0.048967138 0.009131039 0.022258839 -0.049440462 0.998487294
1341840849.342402 1.016707540 -0.057955440 -0.041838821 0.005164259 0.031233812 -0.047767717 0.998356640
1341840849.378339 0.998381078 -0.044684026 -0.044094432 0.015606529 0.043408234 -0.045947030 0.997878253
1341840849.410390 1.000203133 -0.021274781 -0.046647936 0.022428736 0.041394576 -0.044488229 0.997899890
1341840849.446437 1.019418478 -0.040212773 -0.041887723 0.013023325 0.035106815 -0.041535608 0.998435140
1341840849.478425 1.030626416 -0.050486524 -0.047875319 0.013316609 0.037302416 -0.041362315 0.998358846
1341840849.512199 1.030536652 -0.036242940 -0.052331354 0.019635512 0.044196438 -0.043413777 0.997885942
1341840849.546449 1.042340636 -0.021769091 -0.052892469 0.021531316 0.044093233 -0.044232637 0.997815430
1341840849.578498 1.040796041 -0.033467278 -0.047405787 0.012115107 0.050045401 -0.045176059 0.997651100
1341840849.610692 1.038919568 -0.044659860 -0.042499639 0.008700944 0.055881694 -0.042756863 0.997483552
1341840849.646317 1.042953610 -0.022648413 -0.045159265 0.018160712 0.056068894 -0.040970437 0.997420609
1341840849.685647 1.061528563 -0.012472714 -0.050618187 0.016313750 0.050015997 -0.039146669 0.997847557
1341840849.714708 1.053333282 -0.039753240 -0.043421090 0.000774758 0.059250019 -0.040015861 0.997440517
1341840849.746347 1.046639681 -0.038520478 -0.038750753 0.002600624 0.066634774 -0.040313870 0.996959329
1341840849.778359 1.058157682 -0.015135618 -0.038031787 0.010851304 0.062620372 -0.039954059 0.997178316
1341840849.814323 1.062477946 -0.025191797 -0.035382681 0.003200168 0.062169347 -0.039318889 0.997285724
1341840849.846557 1.056422353 -0.036893863 -0.030317985 -0.000966245 0.065807037 -0.039543096 0.997048080
1341840849.882256 1.064651132 -0.027995830 -0.034650281 0.005421122 0.061741706 -0.040430520 0.997258246
1341840849.921575 1.076170921 -0.014605714 -0.041283175 0.007390020 0.057948921 -0.040279500 0.997479260
1341840849.946362 1.081366777 -0.037330467 -0.033304714 -0.004658109 0.057783011 -0.039353438 0.997542322
1341840849.982476 1.080496311 -0.039478775 -0.033758745 -0.000649806 0.061416775 -0.040995933 0.997269690
1341840850.014371 1.071878433 -0.024492672 -0.044167809 0.005804002 0.067244209 -0.040126495 0.996912420
1341840850.046326 1.072564960 -0.009248077 -0.036576830 0.006875767 0.065425694 -0.039922517 0.997034788
1341840850.082415 1.091254711 -0.033628520 -0.033362478 -0.004304857 0.055818617 -0.039960925 0.997631609
1341840850.121449 1.094677210 -0.036999632 -0.039455555 -0.001641241 0.057445236 -0.040786549 0.997513771
1341840850.157539 1.092099547 -0.017510593 -0.042005539 0.006286941 0.061025061 -0.041073013 0.997271001
1341840850.189410 1.091040611 -0.015598315 -0.037185974 0.003917488 0.059407588 -0.040876344 0.997388840
1341840850.221491 1.107151031 -0.036668926 -0.040278941 -0.003804191 0.051716361 -0.041099042 0.997808516
1341840850.257570 1.119565248 -0.030834015 -0.043980628 0.002235551 0.049670372 -0.041607313 0.997896135
1341840850.289374 1.102128744 -0.020314420 -0.046792336 0.005381257 0.060825475 -0.044145230 0.997157216
1341840850.314521 1.121748805 -0.015204791 -0.045615055 0.005620028 0.051426720 -0.042420715 0.997759581
1341840850.350348 1.130974054 -0.021716617 -0.047243938 0.001371637 0.048364535 -0.045089345 0.997810602
1341840850.382480 1.134152412 -0.023440575 -0.049447455 0.000397793 0.051142249 -0.046205711 0.997621834
1341840850.418448 1.117439866 -0.013571098 -0.044539943 0.004151076 0.059327208 -0.047194667 0.997113705
1341840850.450229 1.134962559 -0.022389125 -0.050180152 0.000671444 0.049777646 -0.046787750 0.997663558
1341840850.482352 1.173844695 -0.029784568 -0.059321154 0.000028922 0.037728768 -0.045235712 0.998263597
1341840850.518351 1.139198661 -0.026025342 -0.059914559 0.000510401 0.063616224 -0.052693099 0.996582270
1341840850.550287 1.124950528 -0.005043506 -0.047751844 0.008310478 0.069767110 -0.050215617 0.996263981
1341840850.582563 1.124372959 -0.013958531 -0.041478857 0.006312273 0.063489281 -0.048300844 0.996792972
1341840850.618439 1.139530301 -0.023509881 -0.050387017 0.008160973 0.053458553 -0.048801094 0.997343481
1341840850.650443 1.154668093 0.002855915 -0.059913572 0.019180777 0.048073493 -0.049960915 0.997409105
1341840850.686406 1.151326895 0.002549642 -0.053318031 0.013749694 0.051530544 -0.048445996 0.997400880
1341840850.718516 1.148640394 -0.014383699 -0.049112648 0.007803057 0.052752461 -0.046724834 0.997483373
1341840850.750308 1.152756453 -0.010390490 -0.057660241 0.011845708 0.050167225 -0.046001192 0.997610569
1341840850.786319 1.167266130 0.003805635 -0.058564667 0.015658554 0.045118693 -0.045066793 0.997841716
1341840850.818316 1.171565771 -0.006969649 -0.055306558 0.008834823 0.045860041 -0.044844106 0.997901678
1341840850.854290 1.177122355 -0.010533508 -0.057145573 0.008445484 0.046926502 -0.045631152 0.997819781
1341840850.886322 1.188391089 0.002888262 -0.057494637 0.013305539 0.046667829 -0.043561585 0.997871518
1341840850.918358 1.168058515 -0.001223437 -0.051354460 0.008585703 0.058373507 -0.042799123 0.997339964
1341840850.954395 1.167142153 -0.012475287 -0.049725413 0.005365422 0.058192205 -0.042058770 0.997404575
1341840850.986448 1.183567524 -0.008121107 -0.057656214 0.009225738 0.051518731 -0.040761817 0.997797191
1341840851.018447 1.184865832 -0.000513769 -0.055694632 0.010739830 0.053237032 -0.038230695 0.997792006
1341840851.054395 1.180987716 -0.015554534 -0.052312382 0.005060618 0.055254247 -0.037748653 0.997745633
1341840851.086362 1.191587210 -0.011118740 -0.057230651 0.008845145 0.051360298 -0.038796414 0.997887135
1341840851.122353 1.200738668 -0.012679962 -0.055786990 0.008806247 0.050363466 -0.037089478 0.998003185
1341840851.154293 1.194866896 -0.011584315 -0.052817754 0.010738552 0.054717574 -0.035922494 0.997797668
1341840851.186482 1.204110622 -0.006737424 -0.055383831 0.013121072 0.051250432 -0.035454210 0.997970045
1341840851.222499 1.209447026 -0.016405653 -0.053847671 0.009220880 0.050359447 -0.035991173 0.998039842
1341840851.254587 1.209307790 -0.016519178 -0.052315988 0.011524359 0.052826297 -0.037126265 0.997846782
1341840851.286786 1.207877755 -0.008892902 -0.052811429 0.015878245 0.055130035 -0.038177375 0.997622669
1341840851.322525 1.216452837 -0.008057700 -0.054188661 0.015425660 0.051533002 -0.037935138 0.997831285
1341840851.354461 1.224856973 -0.023570713 -0.053229563 0.008834518 0.049791131 -0.039554175 0.997937024
1341840851.390383 1.233392715 -0.018059025 -0.053940892 0.013357714 0.049966294 -0.041153796 0.997813284
1341840851.422373 1.220430613 -0.022375440 -0.049887300 0.012296494 0.057875831 -0.040851556 0.997411788
1341840851.454333 1.206773877 -0.022114361 -0.047952533 0.015506388 0.060159475 -0.040474169 0.997247279
1341840851.490328 1.232293606 -0.022057675 -0.056891289 0.016960334 0.045960750 -0.039817072 0.998005271
1341840851.522431 1.253132224 -0.028160226 -0.055203602 0.015328328 0.040381406 -0.039129194 0.998300195
1341840851.555777 1.242829919 -0.031459555 -0.052959412 0.018066144 0.048794337 -0.040499557 0.997823894
1341840851.590800 1.242111206 -0.010824411 -0.054421075 0.027958902 0.048984312 -0.041339621 0.997551918
1341840851.622401 1.253981352 -0.020289157 -0.055542354 0.020958070 0.043486942 -0.040196631 0.998025000
1341840851.658371 1.264654756 -0.031603027 -0.054091055 0.017547816 0.042113248 -0.038893588 0.998201311
1341840851.690446 1.265118837 -0.031434190 -0.056879226 0.018945754 0.045685694 -0.038601518 0.998029947
1341840851.722387 1.256348372 -0.031164965 -0.053222969 0.019756677 0.050665651 -0.039328698 0.997745395
1341840851.758379 1.266855478 -0.039459571 -0.055505347 0.018222852 0.046196427 -0.038543846 0.998022139
1341840851.790498 1.268859625 -0.041878268 -0.052552551 0.020352280 0.047377855 -0.037657194 0.997959435
1341840851.822502 1.270729065 -0.031912837 -0.054453783 0.026988769 0.047009453 -0.035458252 0.997900009
1341840851.858469 1.279626489 -0.022529973 -0.055582937 0.028363738 0.044318795 -0.035421230 0.997986317
1341840851.890382 1.292432070 -0.048532043 -0.053758562 0.016718810 0.042178232 -0.034067374 0.998389125
1341840851.926297 1.285305977 -0.050622482 -0.054192528 0.021327004 0.048894435 -0.033067726 0.998028517
1341840851.958364 1.280226827 -0.024823599 -0.051008984 0.032048393 0.051346064 -0.030608736 0.997697175
1341840851.990589 1.294006586 -0.036499381 -0.050909229 0.023933781 0.044370126 -0.029569378 0.998290598
1341840852.026374 1.309173226 -0.048017491 -0.049139362 0.021053186 0.041227296 -0.027127346 0.998559535
1341840852.058336 1.301806450 -0.043892253 -0.048982635 0.025804181 0.048089713 -0.024920544 0.998198628
1341840852.094404 1.297361612 -0.035111424 -0.050146244 0.028984640 0.049516052 -0.024832569 0.998043776
1341840852.126392 1.313087106 -0.037210379 -0.051564004 0.025087565 0.042280223 -0.026244367 0.998445928
1341840852.158516 1.330804944 -0.065583631 -0.055702407 0.013769313 0.039961878 -0.025063215 0.998791933
1341840852.194279 1.325025678 -0.052355800 -0.052355044 0.024096042 0.051155686 -0.024234556 0.998105764
1341840852.226380 1.303189516 -0.031812295 -0.048169248 0.030625660 0.061132222 -0.023279222 0.997388065
1341840852.258313 1.311304808 -0.048582818 -0.048037164 0.020699520 0.052898880 -0.022790734 0.998125136
1341840852.294500 1.331771731 -0.065606751 -0.049853273 0.017291484 0.046170820 -0.022529209 0.998529792
1341840852.326311 1.338839650 -0.055174086 -0.055395499 0.025381619 0.049349852 -0.025084222 0.998143852
1341840852.362368 1.328884959 -0.038895335 -0.052403271 0.028908484 0.057796143 -0.025714960 0.997578382
1341840852.394489 1.337824583 -0.059903733 -0.049286835 0.018770551 0.055863440 -0.022629820 0.998005450
1341840852.426307 1.340812922 -0.064436994 -0.049966581 0.020334003 0.057702854 -0.021786049 0.997888923
1341840852.462394 1.338635921 -0.053514745 -0.050415881 0.026702067 0.061117921 -0.020521831 0.997562230
1341840852.494557 1.347439051 -0.052573457 -0.053942293 0.026212895 0.058904324 -0.017349154 0.997768581
1341840852.526348 1.352757931 -0.055549260 -0.051994368 0.023556769 0.060105432 -0.016198052 0.997782528
1341840852.562305 1.352908731 -0.054215666 -0.051483408 0.023615586 0.063519344 -0.015488650 0.997580945
1341840852.594400 1.350896835 -0.051952746 -0.050388694 0.022292832 0.067056566 -0.013957659 0.997402430
1341840852.630345 1.342166066 -0.068701282 -0.045580775 0.015649000 0.071399264 -0.014802431 0.997215152
1341840852.663508 1.354310751 -0.067844220 -0.048096478 0.020931080 0.065404475 -0.014035043 0.997540534
1341840852.694654 1.344489813 -0.050014857 -0.050317720 0.028953059 0.068765461 -0.014156974 0.997112155
1341840852.732477 1.356111407 -0.052222043 -0.047226667 0.025505204 0.062082741 -0.011576514 0.997677922
1341840852.762455 1.361145377 -0.048283655 -0.047943398 0.025230607 0.060505163 -0.011725603 0.997780085
1341840852.794631 1.370722890 -0.054648291 -0.046728425 0.019668687 0.058152180 -0.013310211 0.998025179
1341840852.830583 1.375306964 -0.076805040 -0.044850267 0.012468131 0.059320591 -0.016100796 0.998031259
1341840852.862990 1.369668126 -0.066261493 -0.047032759 0.021698385 0.063954875 -0.018645862 0.997542620
1341840852.898597 1.371127844 -0.037103079 -0.048603907 0.031323206 0.064388879 -0.018268498 0.997265816
1341840852.930367 1.370844722 -0.051956169 -0.046126485 0.018820768 0.064354181 -0.017388003 0.997598112
1341840852.962482 1.374300361 -0.072564483 -0.043464094 0.012426437 0.062657811 -0.018105486 0.997793436
1341840852.998535 1.378905892 -0.059454393 -0.048871845 0.020722026 0.061868347 -0.019847376 0.997671783
1341840853.037588 1.381082058 -0.056155145 -0.048139684 0.020436693 0.062478721 -0.020258611 0.997631371
1341840853.066770 1.380594969 -0.064330682 -0.047304600 0.017652808 0.063031912 -0.020121701 0.997652471
1341840853.098354 1.391069531 -0.059909672 -0.051324882 0.020982184 0.058616713 -0.020533482 0.997848809
1341840853.131999 1.394436955 -0.055946004 -0.052235082 0.021805404 0.059427604 -0.022177184 0.997748017
1341840853.166530 1.396160245 -0.067371979 -0.051418163 0.018235661 0.060388364 -0.023725644 0.997726321
1341840853.198406 1.397470593 -0.055245150 -0.053611830 0.026082110 0.059711602 -0.025159260 0.997557580
1341840853.231726 1.406315565 -0.035328530 -0.056955017 0.030705005 0.056884270 -0.027037602 0.997542143
1341840853.266442 1.414968610 -0.054913018 -0.053967081 0.018386271 0.057100318 -0.029204631 0.997771800
1341840853.298516 1.407223463 -0.073107399 -0.053206332 0.015200614 0.062937409 -0.030309834 0.997441292
1341840853.334385 1.407159090 -0.055265665 -0.059739344 0.027250819 0.061624527 -0.032170407 0.997208536
1341840853.366351 1.418877721 -0.044829950 -0.061340198 0.028559644 0.056475583 -0.033015303 0.997449160
1341840853.398402 1.423805952 -0.057965085 -0.059669666 0.021668997 0.057148080 -0.033050317 0.997583151
1341840853.434335 1.427190542 -0.055572737 -0.062368073 0.023534231 0.057621732 -0.034154087 0.997476459
1341840853.466387 1.427377939 -0.047493596 -0.063027985 0.025834080 0.057950340 -0.035414591 0.997356594
1341840853.498430 1.432869077 -0.055383932 -0.062070683 0.022804871 0.056534756 -0.037576161 0.997432590
1341840853.534407 1.439518332 -0.056629382 -0.064032264 0.023304271 0.057137061 -0.038652539 0.997345567
1341840853.566451 1.435410023 -0.039230809 -0.063672803 0.028747268 0.060645897 -0.038147833 0.997015715
1341840853.602691 1.445568800 -0.033826973 -0.064760610 0.025946395 0.056832150 -0.037997924 0.997322977
1341840853.634832 1.447807550 -0.052991256 -0.061961733 0.015902890 0.057824243 -0.039242014 0.997428417
1341840853.666488 1.441583037 -0.063377142 -0.062858224 0.015253891 0.060975544 -0.041805901 0.997146726
1341840853.702424 1.446303606 -0.040954918 -0.065312393 0.025570823 0.058599252 -0.042333093 0.997055769
1341840853.734353 1.449681401 -0.039511330 -0.066650636 0.021437014 0.056932274 -0.044487897 0.997155964
1341840853.766467 1.454946280 -0.058545273 -0.062377445 0.013616512 0.055471525 -0.045025982 0.997351587
1341840853.802607 1.462194562 -0.049336143 -0.065105751 0.021197651 0.054091562 -0.045855567 0.997257233
1341840853.834576 1.459229589 -0.032285351 -0.066727437 0.025782138 0.056760557 -0.048309285 0.996885002
1341840853.870615 1.466068029 -0.037132602 -0.064006135 0.020761976 0.054996591 -0.049441744 0.997045517
1341840853.902573 1.475812197 -0.043417048 -0.064940579 0.016780226 0.053232279 -0.050020780 0.997187376
1341840853.940152 1.476063967 -0.042503234 -0.065584198 0.016944891 0.053962898 -0.050632119 0.997114480
1341840853.970342 1.481429219 -0.034413967 -0.067302167 0.018505288 0.052311175 -0.051657330 0.997122169
1341840854.002413 1.492966652 -0.041947190 -0.066717483 0.013695696 0.050552793 -0.053298142 0.997204185
1341840854.034566 1.491355181 -0.047352072 -0.066124536 0.013171162 0.055269293 -0.055155143 0.996859908
1341840854.070475 1.488252759 -0.033407770 -0.068984456 0.019463878 0.058591511 -0.055080194 0.996571302
1341840854.102373 1.486902237 -0.033103973 -0.069701560 0.017391413 0.058583137 -0.054640595 0.996634305
1341840854.138343 1.498434782 -0.037714880 -0.070000395 0.015013844 0.053777028 -0.055344973 0.996904969
1341840854.170475 1.505553842 -0.045181073 -0.069599420 0.014507066 0.054015037 -0.055630345 0.996883750
1341840854.202459 1.499365926 -0.035724994 -0.073407441 0.020532642 0.058935158 -0.054601837 0.996555924
1341840854.238384 1.496520162 -0.031481501 -0.075874478 0.020775029 0.058046412 -0.054725707 0.996596277
1341840854.270355 1.506091237 -0.043848947 -0.075972594 0.016792564 0.051860515 -0.054909050 0.997002244
1341840854.306367 1.520337462 -0.039387282 -0.077559777 0.022391567 0.048610307 -0.054878153 0.997057676
1341840854.338540 1.515929103 -0.029105999 -0.078483030 0.026647707 0.054229621 -0.054367524 0.996691108
1341840854.370427 1.506379366 -0.025939878 -0.079110429 0.025509758 0.057085596 -0.052797981 0.996645808
1341840854.406491 1.521542788 -0.031931166 -0.077691279 0.021953750 0.049272697 -0.052216213 0.997177839
1341840854.438402 1.523385882 -0.031120960 -0.079692490 0.022670325 0.050484337 -0.051494628 0.997138739
1341840854.470341 1.517661214 -0.024113996 -0.080149919 0.023813358 0.052322403 -0.050894476 0.997048140
1341840854.506442 1.529555321 -0.028443687 -0.079618886 0.020090815 0.046058621 -0.052443881 0.997358799
1341840854.538722 1.543269157 -0.030541683 -0.078145504 0.019359857 0.044043895 -0.052213598 0.997476399
1341840854.574331 1.537270904 -0.023351232 -0.076766625 0.020418832 0.051321022 -0.053518474 0.997038126
1341840854.606460 1.530098796 -0.030216409 -0.075821042 0.016492991 0.054810077 -0.054235026 0.996886373
1341840854.638476 1.535856843 -0.025189810 -0.076227002 0.018496426 0.051883675 -0.052094340 0.997121930
1341840854.674312 1.541967034 -0.024352154 -0.075562470 0.016643304 0.050017491 -0.051390983 0.997286439
1341840854.706362 1.540331244 -0.031802706 -0.074672252 0.013395713 0.050883986 -0.053263992 0.997193217
1341840854.738328 1.549976468 -0.026577462 -0.074341059 0.016533323 0.047961961 -0.054228347 0.997238994
1341840854.774384 1.548135877 -0.028974423 -0.074845232 0.014533689 0.050695773 -0.054299157 0.997131050
1341840854.806396 1.549001932 -0.027602548 -0.074229129 0.014802696 0.050614685 -0.055565167 0.997061431
1341840854.842383 1.552539945 -0.034289461 -0.073108651 0.011938962 0.049862508 -0.057144426 0.997048497
1341840854.874351 1.549252987 -0.054978617 -0.073931336 0.007516230 0.051165417 -0.057507996 0.997004747
1341840854.906375 1.549354792 -0.035370909 -0.075493969 0.020624164 0.049349323 -0.056904510 0.996945918
1341840854.942414 1.555334926 -0.020637585 -0.076142147 0.024822323 0.043898776 -0.058932398 0.996987343
1341840854.974632 1.570682168 -0.040518336 -0.074465439 0.015425514 0.037930056 -0.061264757 0.997281313
1341840855.006485 1.568021894 -0.049097635 -0.075608477 0.017039917 0.042604052 -0.062672690 0.996978760
1341840855.042409 1.569457889 -0.019520791 -0.076319210 0.030141821 0.042634558 -0.063861750 0.996591926
1341840855.074380 1.586870790 -0.014305073 -0.075787440 0.024462305 0.037791423 -0.066986121 0.996737778
