1305031103.011215 -0.017372157 0.042815529 0.256299496 -0.047920927 -0.015816811 -0.002677912 0.998722315
1305031103.043227 -0.018943375 0.050238904 0.270120293 -0.046381444 -0.021633133 -0.001098987 0.998688936
1305031103.075319 -0.014053276 0.045250177 0.275434673 -0.050031014 -0.026136752 0.002351851 0.998402834
1305031103.111240 -0.017360028 0.054149702 0.284028947 -0.045462143 -0.024306867 0.002214400 0.998667836
1305031103.143318 -0.013495808 0.053126764 0.290988714 -0.049371779 -0.026487436 0.005299720 0.998415112
1305031103.175452 -0.014934959 0.058758698 0.296962142 -0.048539467 -0.024333376 0.005346455 0.998510480
1305031103.211220 -0.013900262 0.063756697 0.304821163 -0.052862458 -0.025467407 0.007385732 0.998249710
1305031103.243216 -0.013533567 0.067052990 0.311127007 -0.059219223 -0.025648747 0.011073842 0.997853994
1305031103.275370 -0.021909656 0.067216501 0.315351039 -0.068530664 -0.024341546 0.012731713 0.997270763
1305031103.311210 -0.020980462 0.061910737 0.319788575 -0.077302292 -0.034239527 0.013031007 0.996334374
1305031103.343223 -0.014313253 0.067705855 0.326030880 -0.074952185 -0.041685998 0.013607551 0.996222496
1305031103.375327 -0.012568620 0.066845313 0.326592922 -0.078659028 -0.040955454 0.015365585 0.995941401
1305031103.411260 -0.014904803 0.062516622 0.325831622 -0.081473932 -0.039256159 0.015945144 0.995774448
1305031103.443280 -0.016859364 0.061095007 0.321908176 -0.081106506 -0.040640291 0.014976750 0.995763958
1305031103.475274 -0.016258804 0.057465352 0.318336606 -0.081477664 -0.043527476 0.013338474 0.995634913
1305031103.511333 -0.015685296 0.052962150 0.313452333 -0.079776682 -0.045225799 0.010765871 0.995728076
1305031103.543444 -0.015690343 0.048403643 0.306604773 -0.076221049 -0.046300076 0.008754938 0.995976925
1305031103.575474 -0.017898940 0.047189198 0.297430575 -0.070933476 -0.046574991 0.008435746 0.996357381
1305031103.611223 -0.019700607 0.043269046 0.288615078 -0.068723343 -0.048791692 0.009404652 0.996397495
1305031103.643445 -0.018143419 0.038887162 0.279537529 -0.066741548 -0.053393591 0.010260967 0.996287823
1305031103.675523 -0.016078578 0.035615545 0.269622415 -0.064057507 -0.056337938 0.010503785 0.996299386
1305031103.711610 -0.014037702 0.032290909 0.259117514 -0.061819497 -0.057710279 0.010358605 0.996363640
1305031103.743326 -0.013131749 0.026573775 0.248706251 -0.060075946 -0.057360344 0.009066365 0.996503115
1305031103.775342 -0.011957653 0.024646502 0.235682935 -0.056783956 -0.056984890 0.006194646 0.996739626
1305031103.811242 -0.011344873 0.023429554 0.223060817 -0.056655992 -0.055865578 0.003250437 0.996824205
1305031103.843251 -0.015600113 0.024461480 0.210109681 -0.058258157 -0.053724017 0.000176640 0.996854901
1305031103.875361 -0.016875908 0.016350344 0.201095998 -0.065495558 -0.056279317 -0.003543061 0.996258199
1305031103.911221 -0.015891731 0.010281736 0.189253137 -0.065086290 -0.060214151 -0.005173712 0.996047795
1305031103.943211 -0.013200976 0.007996258 0.176440865 -0.062952355 -0.063799940 -0.005419080 0.995960414
1305031103.975373 -0.009621361 0.002616722 0.165201947 -0.061850738 -0.066745073 -0.006267201 0.995831430
1305031104.011232 -0.003827836 -0.005379474 0.154265940 -0.059831265 -0.068691418 -0.006646284 0.995820045
1305031104.043249 -0.001549436 -0.007220664 0.140812814 -0.052256126 -0.065743417 -0.008777477 0.996428668
1305031104.075425 0.000795987 -0.006417592 0.128209621 -0.047349080 -0.061490439 -0.011499864 0.996917605
1305031104.111235 0.004862513 -0.014094303 0.117026135 -0.046278395 -0.056606822 -0.012630103 0.997243404
1305031104.143230 0.003325692 -0.017357521 0.104278326 -0.041536223 -0.050157886 -0.013621041 0.997784257
1305031104.175424 0.002131888 -0.017492756 0.093252636 -0.036316399 -0.046553373 -0.014828133 0.998145282
1305031104.211283 0.004191137 -0.022234267 0.082400732 -0.033164330 -0.044646159 -0.014163895 0.998351693
1305031104.243196 0.004489218 -0.024068262 0.070788927 -0.028377851 -0.042213187 -0.014463946 0.998600781
1305031104.275546 0.005911033 -0.026559774 0.059941459 -0.024442721 -0.039879266 -0.015067795 0.998791814
1305031104.311219 0.007074025 -0.028246846 0.049820211 -0.020895611 -0.036890250 -0.015064229 0.998987198
1305031104.343342 0.007741518 -0.026869483 0.039636467 -0.016803687 -0.032566555 -0.015545716 0.999207377
1305031104.375837 0.006844468 -0.027386859 0.030206503 -0.014807256 -0.027281754 -0.015243052 0.999401867
1305031104.411509 0.004717030 -0.030278228 0.020218924 -0.014385182 -0.022700947 -0.014982200 0.999526501
1305031104.443288 0.000867723 -0.029990464 0.010802266 -0.013619504 -0.020198375 -0.014508934 0.999597907
1305031104.475456 -0.002400564 -0.030557640 0.001431933 -0.013932785 -0.020536473 -0.013826418 0.999596417
1305031104.511329 -0.003368211 -0.035059266 -0.006168947 -0.014175171 -0.022945814 -0.012584252 0.999557018
1305031104.543368 -0.000594635 -0.038446344 -0.013455942 -0.011584804 -0.025841054 -0.011595599 0.999531686
1305031104.575343 0.004351884 -0.043849524 -0.020874299 -0.008406642 -0.026823519 -0.011180174 0.999542296
1305031104.611336 0.013625589 -0.052699860 -0.027273681 -0.000917143 -0.025297536 -0.009996164 0.999629557
1305031104.643243 0.017612377 -0.048394859 -0.035267178 0.012658110 -0.018632097 -0.008524767 0.999709904
1305031104.675525 0.018871441 -0.049238622 -0.039610732 0.024345422 -0.010974277 -0.006284351 0.999623597
1305031104.711277 0.018159758 -0.051951695 -0.051718112 0.037548650 -0.002756118 -0.004220936 0.999282062
1305031104.743280 0.020141151 -0.052158464 -0.058553871 0.050361700 0.003933501 -0.002441031 0.998720288
1305031104.775327 0.020260433 -0.051285513 -0.065895870 0.062663443 0.010826967 -0.002035416 0.997973919
1305031104.811465 0.020266749 -0.047761433 -0.079035953 0.073775277 0.018044075 0.000766350 0.997111380
1305031104.843258 0.020118237 -0.042821057 -0.081823349 0.082784764 0.024590569 0.003637191 0.996257365
1305031104.875350 0.015687555 -0.037554644 -0.086331196 0.089071691 0.028848890 0.005752838 0.995590687
1305031104.911534 0.017509688 -0.034457646 -0.086901635 0.091540754 0.029254694 0.008112093 0.995338440
1305031104.943262 0.014715580 -0.033727571 -0.088315278 0.092225842 0.031280946 0.008014786 0.995214403
1305031104.975202 0.013210135 -0.027407993 -0.084430926 0.092346951 0.030813236 0.008813011 0.995211005
1305031105.011290 0.017652623 -0.022719722 -0.077458791 0.088508174 0.028618550 0.010358462 0.995610356
1305031105.043373 0.016520491 -0.020074159 -0.070552900 0.083132200 0.028254556 0.008830754 0.996098757
1305031105.075320 0.017567694 -0.020497786 -0.062748432 0.075638011 0.027035305 0.007251862 0.996742368
1305031105.111299 0.013918475 -0.022875657 -0.053334393 0.069165953 0.026954256 0.005409603 0.997226298
1305031105.143106 0.011276138 -0.012040879 -0.043658655 0.065575965 0.024562463 0.003702864 0.997538328
1305031105.175159 0.007812791 -0.004934569 -0.032937840 0.054287191 0.022024062 -0.000110705 0.998282433
1305031105.211268 0.002514794 -0.014522876 -0.020310469 0.039043449 0.019103445 -0.002597174 0.999051511
1305031105.243270 -0.002095087 -0.009447677 -0.008626784 0.032370754 0.014547959 -0.004620411 0.999359369
1305031105.275288 -0.006377698 -0.004536484 0.003820514 0.023342580 0.008935773 -0.005932969 0.999669969
1305031105.311290 -0.008432103 -0.008958526 0.015724622 0.011505447 0.001536458 -0.006680573 0.999910295
1305031105.343302 -0.008897390 -0.013264655 0.028511290 0.001875598 -0.005297749 -0.007044945 0.999959409
1305031105.375338 -0.010400220 -0.014059476 0.040405784 -0.002055655 -0.010186834 -0.006821012 0.999922693
1305031105.411286 -0.012153444 -0.007876825 0.050454792 -0.006032235 -0.014487191 -0.007708934 0.999847114
1305031105.443316 -0.011970006 -0.011088029 0.064437792 -0.013862157 -0.019121826 -0.008070461 0.999688506
1305031105.475280 -0.012574292 -0.009763467 0.075741500 -0.017135946 -0.022535589 -0.007918084 0.999567807
1305031105.511332 -0.011448486 -0.007492114 0.087066039 -0.021359572 -0.025682056 -0.007663012 0.999412596
1305031105.543282 -0.010660658 -0.009580784 0.100905791 -0.026574956 -0.027211072 -0.006528667 0.999255061
1305031105.575449 -0.012894563 -0.007133929 0.111892581 -0.028684713 -0.027747966 -0.006716398 0.999180734
1305031105.611378 -0.011213853 -0.009410130 0.125150353 -0.032541100 -0.029476991 -0.005736534 0.999019146
1305031105.643273 -0.013152008 -0.007567909 0.137625560 -0.032892786 -0.029445508 -0.002887241 0.999020875
1305031105.675166 -0.010096780 -0.004920804 0.149713367 -0.034210786 -0.031584322 -0.001784595 0.998913825
1305031105.711309 -0.007208744 -0.008641579 0.162095651 -0.035368029 -0.030233560 -0.001950054 0.998915017
1305031105.743312 -0.006726096 -0.002600044 0.173030436 -0.032221917 -0.026459033 -0.001292450 0.999129593
1305031105.775339 -0.004257279 -0.004921933 0.184748739 -0.034401644 -0.022612507 -0.001251365 0.999151468
1305031105.811283 -0.004087763 -0.000834299 0.198321700 -0.031703174 -0.017802065 -0.000332515 0.999338746
1305031105.843271 -0.002281633 -0.000207417 0.209620908 -0.030913578 -0.014729938 0.000762696 0.999413192
1305031105.875337 -0.001035508 0.006837717 0.221108779 -0.028772555 -0.009775175 0.003753139 0.999531150
1305031105.911262 0.000077289 0.010224760 0.233159274 -0.031225799 -0.006416499 0.008245861 0.999457717
1305031105.943272 -0.000422224 0.015825273 0.243674845 -0.032549940 -0.002813463 0.010435910 0.999411643
1305031105.975329 -0.001521263 0.021503465 0.256443948 -0.035535157 0.000168164 0.011578488 0.999301314
1305031106.011285 -0.000286910 0.024962083 0.267213017 -0.039608367 0.001820053 0.013208093 0.999126315
1305031106.043355 -0.002302096 0.028429864 0.277529180 -0.043698151 0.004736561 0.013880600 0.998937130
1305031106.075330 -0.003998466 0.032505922 0.287380338 -0.047069952 0.006088152 0.015619776 0.998750925
1305031106.111327 -0.005102425 0.037804704 0.296565294 -0.051424604 0.006056923 0.016321829 0.998525143
1305031106.143355 -0.007896475 0.039656360 0.306441486 -0.058302913 0.005550266 0.017900432 0.998123050
1305031106.175534 -0.007843176 0.041270718 0.315171123 -0.062405054 0.003391332 0.019265033 0.997859180
1305031106.211275 -0.008515169 0.041295782 0.323738217 -0.066218376 0.001774820 0.019727401 0.997608542
1305031106.243267 -0.009081125 0.044776466 0.330176860 -0.065453410 0.000061615 0.023550328 0.997577727
1305031106.276385 -0.010606284 0.048797771 0.335097253 -0.066244416 -0.001113036 0.024448644 0.997503221
1305031106.311238 -0.009860381 0.052563522 0.339837819 -0.069230020 -0.003018322 0.028264603 0.997195661
1305031106.343258 -0.010934957 0.056904718 0.342582494 -0.073946014 -0.004064878 0.028500536 0.996846616
1305031106.375388 -0.008251784 0.059156004 0.343677908 -0.081944920 -0.004824892 0.021119025 0.996401370
1305031106.411320 -0.007146597 0.051755458 0.346050292 -0.091467850 -0.000147771 0.015268731 0.995690942
1305031106.443278 -0.011531305 0.051254153 0.348777950 -0.091414779 0.005110531 0.010300090 0.995746493
1305031106.475345 -0.015006909 0.049872868 0.345391661 -0.090774275 0.005904041 0.008346593 0.995818973
1305031106.511129 -0.015631123 0.044337351 0.338804007 -0.090913624 0.002256597 0.008560031 0.995819449
1305031106.543302 -0.014252218 0.041662816 0.330224812 -0.087828785 -0.002425503 0.007605227 0.996103585
1305031106.575282 -0.014403455 0.040142659 0.321763903 -0.084419496 -0.004189337 0.006393400 0.996401012
1305031106.611151 -0.016829517 0.039218549 0.311736733 -0.083683662 -0.006103509 0.003216175 0.996468484
1305031106.643207 -0.015177434 0.033299349 0.302263230 -0.084755622 -0.009835283 0.001195722 0.996352494
1305031106.675279 -0.018530063 0.033608239 0.290762782 -0.081120953 -0.011431671 0.000881615 0.996638298
1305031106.711508 -0.020257171 0.028045990 0.279171556 -0.084355228 -0.016484329 0.000218382 0.996299326
1305031106.743341 -0.020334255 0.025424408 0.266864777 -0.082669050 -0.022973968 0.000701971 0.996311963
1305031106.775390 -0.017771952 0.020959871 0.253208309 -0.082708180 -0.030101599 0.000981063 0.996118605
1305031106.811289 -0.017885424 0.022990614 0.239289254 -0.080585212 -0.033819616 -0.000072131 0.996173799
1305031106.843416 -0.018556288 0.013643658 0.227211416 -0.083604917 -0.037363324 -0.001753146 0.995796740
1305031106.875905 -0.013091303 0.007393323 0.212109387 -0.079194546 -0.042107623 -0.004425183 0.995959580
1305031106.911243 -0.013109874 0.008933170 0.195499018 -0.073955461 -0.041147117 -0.008494160 0.996376097
1305031106.943439 -0.014515467 0.002254553 0.182100698 -0.073555030 -0.039143864 -0.013943315 0.996425092
1305031106.975547 -0.010300141 -0.007361021 0.165865719 -0.070154466 -0.038752731 -0.016395822 0.996648252
1305031107.011576 -0.010799720 -0.002247429 0.148138091 -0.060972527 -0.035715137 -0.019225407 0.997314990
1305031107.043281 -0.014049225 -0.005210273 0.137532011 -0.060596019 -0.031716876 -0.022662230 0.997400939
1305031107.075432 -0.014725928 -0.013535292 0.122102663 -0.058022503 -0.030812521 -0.023054462 0.997573316
1305031107.111229 -0.012548118 -0.013593105 0.107472859 -0.052725997 -0.032291494 -0.023126710 0.997818828
1305031107.143260 -0.011068184 -0.013363789 0.092998050 -0.050327346 -0.031343900 -0.023506392 0.997963965
1305031107.175399 -0.009517973 -0.021245055 0.082885280 -0.050014783 -0.030167248 -0.024552062 0.997990787
1305031107.211358 -0.007219443 -0.026259426 0.071237423 -0.044527613 -0.028472682 -0.025771445 0.998269737
1305031107.243378 -0.006066633 -0.025791934 0.058818337 -0.037594393 -0.025319381 -0.026021663 0.998633325
1305031107.275398 -0.003453876 -0.030232232 0.047868520 -0.032874621 -0.022466553 -0.025993571 0.998868763
1305031107.311226 -0.003422836 -0.035166178 0.038247902 -0.026318906 -0.018636517 -0.027746005 0.999094665
1305031107.343509 0.000936302 -0.036448438 0.026314668 -0.014799544 -0.016034095 -0.027381163 0.999386907
1305031107.375413 0.004642710 -0.033258118 0.017487317 -0.005103979 -0.012027145 -0.026166527 0.999572217
1305031107.411271 0.005966997 -0.034219243 0.011761101 0.001467277 -0.007259303 -0.027164565 0.999603510
1305031107.443419 0.008779845 -0.032236297 0.006681545 0.007201030 -0.003142309 -0.026391203 0.999620795
1305031107.475377 0.010661050 -0.033475518 0.004626204 0.009898338 0.001333102 -0.025550781 0.999623656
1305031107.511352 0.011582096 -0.027613644 0.001114406 0.013072263 0.005194816 -0.024845826 0.999592364
1305031107.543605 0.015041515 -0.028787810 0.002283485 0.009959706 0.007081699 -0.022442827 0.999673426
1305031107.575454 0.016218225 -0.033126585 0.004013716 0.008713991 0.009270515 -0.020129502 0.999716401
1305031107.611271 0.018452208 -0.026195385 0.002893196 0.010925433 0.010363890 -0.018186223 0.999721229
1305031107.643323 0.019293224 -0.025971269 0.005365342 0.007472367 0.011657030 -0.017208276 0.999756038
1305031107.675568 0.017894065 -0.026051881 0.006697033 0.006057164 0.012760112 -0.016822841 0.999758720
1305031107.711307 0.017876599 -0.022872711 0.008072606 0.005254319 0.012466662 -0.015561753 0.999787390
1305031107.743538 0.015299366 -0.017981349 0.009849362 0.003267676 0.011766301 -0.015262332 0.999808967
1305031107.775802 0.014767451 -0.018496990 0.012030256 0.000272600 0.009243039 -0.016813308 0.999815881
1305031107.811596 0.016756536 -0.016938429 0.013993789 -0.001894038 0.006800650 -0.016371552 0.999841094
1305031107.843332 0.018326454 -0.016784187 0.016040646 -0.004576508 0.006072274 -0.017286226 0.999821663
1305031107.875358 0.022603199 -0.019734157 0.018346181 -0.006123190 0.006226125 -0.020746555 0.999746621
1305031107.911541 0.025430717 -0.019352039 0.020524645 -0.005036152 0.009069559 -0.023073450 0.999679923
1305031107.943122 0.031363472 -0.020437568 0.021996707 -0.003475350 0.011553921 -0.022932906 0.999664187
1305031107.975807 0.038439177 -0.021687377 0.024761006 -0.001270512 0.015094119 -0.022642326 0.999628901
1305031108.011320 0.047145762 -0.022816308 0.025244571 0.002319455 0.019292619 -0.024910815 0.999500811
1305031108.043418 0.060436808 -0.017592020 0.027141118 0.006439627 0.024205962 -0.021668276 0.999451399
1305031108.075352 0.068839885 -0.021171808 0.030322963 0.006475093 0.033303585 -0.017040273 0.999279022
1305031108.111378 0.072774857 -0.022582155 0.033152159 0.008848021 0.040430959 -0.017685419 0.998986602
1305031108.143334 0.079402976 -0.016691949 0.035397522 0.012323299 0.044136263 -0.015121522 0.998835027
1305031108.176058 0.086785190 -0.011490025 0.036583863 0.011810010 0.048106320 -0.012059325 0.998699605
1305031108.211475 0.098133817 -0.014908270 0.041461524 0.005911428 0.049084622 -0.013276808 0.998688877
1305031108.243347 0.112533085 -0.020392593 0.045938011 0.003558788 0.050738253 -0.015012700 0.998592794
1305031108.275358 0.115463734 -0.013594547 0.046361715 0.005603211 0.056810271 -0.014028590 0.998270690
1305031108.311332 0.120802931 -0.010046836 0.049608912 0.002526689 0.059111010 -0.012794099 0.998166203
1305031108.343278 0.131565303 -0.007204202 0.053912904 -0.002182531 0.057366297 -0.010917100 0.998291135
1305031108.375410 0.138390899 -0.004808708 0.058076035 -0.006734521 0.055154759 -0.005804380 0.998438239
1305031108.411361 0.155260667 -0.007116861 0.058804523 -0.012404960 0.049201220 -0.000402959 0.998711765
1305031108.443610 0.165607542 -0.006098839 0.061018951 -0.016634587 0.047871493 0.006410332 0.998694420
1305031108.475471 0.175369337 -0.010064289 0.062656380 -0.020876156 0.047458768 0.013234392 0.998567343
1305031108.511378 0.190167680 -0.016337503 0.064274207 -0.022590203 0.049552057 0.017478278 0.998363078
1305031108.543737 0.210887790 -0.019257784 0.068077669 -0.018976089 0.054484531 0.016506499 0.998197794
1305031108.575414 0.218348876 -0.010818383 0.067757070 -0.013198132 0.059802052 0.016147772 0.997992396
1305031108.611407 0.237118438 -0.009038181 0.068008721 -0.012557774 0.062118698 0.016420210 0.997854710
1305031108.643303 0.242346108 -0.006025711 0.068684034 -0.011943163 0.069248803 0.017491387 0.997374535
1305031108.675375 0.257629186 -0.001511450 0.068405673 -0.013299882 0.072350748 0.022398075 0.997039020
1305031108.711411 0.261274666 -0.005165314 0.071435459 -0.018952582 0.081952937 0.025382061 0.996132672
1305031108.743502 0.255447328 -0.006800474 0.072300881 -0.021309363 0.090648800 0.026597001 0.995299578
1305031108.775493 0.263616949 -0.004599898 0.070774242 -0.021484431 0.093693428 0.029917985 0.994919538
1305031108.811244 0.263146430 -0.008676451 0.071752049 -0.024759501 0.098902963 0.033278383 0.994232178
1305031108.843264 0.264360428 -0.014159011 0.067857742 -0.025646742 0.099444881 0.038925402 0.993950605
1305031108.876515 0.264063567 -0.012751020 0.068827108 -0.023159120 0.097292073 0.044359483 0.993997037
1305031108.911364 0.264433384 -0.017528104 0.067604959 -0.021601150 0.094099991 0.049403664 0.994101524
1305031108.943243 0.274865210 -0.016818298 0.066952735 -0.015984260 0.087031268 0.050940577 0.994773924
1305031108.975268 0.268931508 -0.011807634 0.064204007 -0.011115627 0.082476288 0.047975678 0.995375514
1305031109.011269 0.283646643 -0.010052003 0.057697371 -0.010242741 0.071770631 0.047372397 0.996242881
1305031109.043277 0.275764912 -0.011593085 0.055822499 -0.010042891 0.071947142 0.044193313 0.996378303
1305031109.075410 0.270302057 -0.003948888 0.053707991 -0.008883080 0.068737350 0.039800148 0.996801019
1305031109.111282 0.263654619 -0.005987463 0.053680766 -0.013282184 0.067114539 0.036677487 0.996982455
1305031109.143334 0.228794649 -0.013398036 0.052935783 -0.016999390 0.073591366 0.033176497 0.996591508
1305031109.175464 0.222871035 -0.006011030 0.052365124 -0.014616337 0.065659061 0.030689072 0.997262955
1305031109.211379 0.217347935 0.006368466 0.052275591 -0.015562664 0.059339661 0.034614999 0.997516096
1305031109.243290 0.205588251 0.003518858 0.053333044 -0.025055898 0.057363715 0.039315328 0.997264206
1305031109.275308 0.191131666 -0.008576172 0.057138402 -0.031124741 0.055102691 0.041202851 0.997144580
1305031109.311329 0.175996050 -0.002703916 0.057720773 -0.026822792 0.047441054 0.041763958 0.997640073
1305031109.343248 0.164240748 0.002714273 0.054432448 -0.027713204 0.037386507 0.042136032 0.998027444
1305031109.375397 0.152883694 -0.003019909 0.053564031 -0.032329716 0.029784618 0.041120246 0.998186767
1305031109.411329 0.145463958 0.000069009 0.051564977 -0.031664439 0.021426382 0.037234470 0.998574913
1305031109.443302 0.134851113 0.003185625 0.050532114 -0.034350853 0.016239433 0.031559039 0.998779416
1305031109.475363 0.125443846 0.001019408 0.050686598 -0.037637305 0.013255872 0.028678404 0.998791873
1305031109.511273 0.113583498 -0.001355585 0.049587075 -0.037862517 0.011246825 0.024008797 0.998931170
1305031109.543294 0.103811458 0.000456911 0.047726773 -0.034608133 0.009049779 0.022261418 0.999112010
1305031109.575362 0.091930754 0.002156125 0.045816448 -0.033893131 0.009057146 0.022068078 0.999140739
1305031109.611310 0.080464877 0.003243773 0.044198129 -0.033750888 0.007353155 0.019773642 0.999207556
1305031109.643229 0.071337104 0.005953857 0.043166012 -0.033674877 0.005673321 0.019590352 0.999224722
1305031109.675263 0.056431230 0.008898786 0.042118616 -0.034963418 0.006462800 0.021246001 0.999141812
1305031109.711312 0.044565901 0.011406071 0.041259050 -0.037137624 0.003464328 0.020541346 0.999092996
1305031109.743274 0.034125324 0.011796767 0.041962650 -0.041730717 0.000272342 0.019864045 0.998931348
1305031109.775277 0.024230313 0.011043047 0.043722901 -0.045014307 -0.001573562 0.020118278 0.998782516
1305031109.811371 0.010714984 0.014322158 0.044349711 -0.045987327 -0.001819130 0.018834015 0.998762786
1305031109.843296 0.000340263 0.015397392 0.046513595 -0.049267143 -0.004827649 0.018520258 0.998602271
1305031109.875306 -0.017723810 0.018065281 0.049093861 -0.051700309 -0.005790371 0.015796557 0.998520911
1305031109.911265 -0.028639220 0.013880644 0.051477812 -0.054556556 -0.011704984 0.010704919 0.998384655
1305031109.943299 -0.037616037 0.022520794 0.052184425 -0.053520955 -0.015569853 0.007086768 0.998420179
1305031109.975258 -0.050622471 0.019686172 0.055661805 -0.059050016 -0.017015222 0.001752848 0.998108447
1305031110.011256 -0.060710177 0.020066772 0.057867128 -0.061444569 -0.019768352 -0.004971307 0.997902334
1305031110.043299 -0.071721107 0.021223349 0.060347475 -0.063552126 -0.020673316 -0.012061466 0.997691453
1305031110.075319 -0.082957618 0.024268819 0.062756434 -0.064858757 -0.021073278 -0.016966451 0.997527599
1305031110.111325 -0.096189253 0.024074882 0.064930052 -0.069663472 -0.021780623 -0.022232367 0.997084916
1305031110.143432 -0.107311137 0.020066291 0.067935735 -0.072264560 -0.025212441 -0.025720643 0.996734977
1305031110.175641 -0.116117731 0.028078478 0.069297865 -0.071136773 -0.028898695 -0.026662396 0.996691287
1305031110.211637 -0.126124576 0.023977134 0.070459716 -0.076496989 -0.031881392 -0.028745223 0.996145308
1305031110.243323 -0.135001525 0.021601051 0.071391091 -0.077619523 -0.036275420 -0.027952868 0.995930672
1305031110.279321 -0.142124608 0.020497276 0.072568536 -0.076444291 -0.040641125 -0.029100912 0.995820105
1305031110.311404 -0.151808515 0.021492619 0.072162226 -0.073590435 -0.043864183 -0.030696489 0.995850444
1305031110.343355 -0.164298162 0.024820216 0.071719281 -0.071544357 -0.047134496 -0.032380898 0.995796800
1305031110.379281 -0.174810529 0.025436867 0.071920991 -0.070461765 -0.052390743 -0.036034934 0.995485723
1305031110.411469 -0.194825366 0.028718647 0.064433984 -0.070053421 -0.053141821 -0.036152605 0.995470524
1305031110.443260 -0.204550326 0.030207526 0.064573169 -0.074216306 -0.058776665 -0.040363990 0.994689941
1305031110.479331 -0.218549684 0.026273321 0.062593840 -0.078537978 -0.063902445 -0.046063203 0.993793964
1305031110.511429 -0.229965791 0.027190397 0.062396474 -0.078873649 -0.070315301 -0.050118148 0.993137896
1305031110.543408 -0.233646929 0.033426702 0.065035954 -0.078407317 -0.079825334 -0.053641319 0.992271543
1305031110.579426 -0.242532417 0.037765335 0.065679073 -0.081766494 -0.085256837 -0.058996849 0.991244137
1305031110.611307 -0.241024107 0.034371063 0.071521044 -0.086801104 -0.093444780 -0.063867897 0.989775002
1305031110.643418 -0.248204216 0.032426961 0.071565740 -0.085895695 -0.095950864 -0.066805117 0.989420235
1305031110.679606 -0.254881293 0.039972417 0.068981573 -0.083590686 -0.097893581 -0.068896316 0.989283979
1305031110.711412 -0.261311680 0.037750963 0.070661783 -0.087878160 -0.099136472 -0.070474714 0.988677263
1305031110.743249 -0.265023500 0.036845833 0.071029097 -0.088574201 -0.101417795 -0.071470521 0.988312185
1305031110.779193 -0.266377747 0.037955537 0.070763789 -0.088298477 -0.103936702 -0.071818128 0.988049924
1305031110.811386 -0.269236684 0.039097540 0.069877818 -0.088543884 -0.104009755 -0.074034601 0.987856686
1305031110.843218 -0.272771358 0.039562136 0.070898384 -0.089933857 -0.105330944 -0.076116942 0.987432778
1305031110.879313 -0.277796507 0.034630403 0.065405950 -0.092227057 -0.104589894 -0.073113404 0.987527013
1305031110.911333 -0.277739078 0.035808466 0.065108910 -0.092577770 -0.105456553 -0.073991373 0.987336636
1305031110.943862 -0.273676306 0.035187457 0.066152602 -0.092828147 -0.108394936 -0.074469946 0.986958802
1305031110.979345 -0.262854218 0.038235676 0.066540658 -0.091741376 -0.110303879 -0.074585542 0.986840189
1305031111.011431 -0.254782021 0.035386607 0.068798624 -0.094469778 -0.106917210 -0.073543496 0.987033725
1305031111.043327 -0.249985337 0.035933685 0.069276959 -0.093273364 -0.101038188 -0.071472839 0.987918496
1305031111.079283 -0.247240558 0.040954873 0.068622053 -0.093216717 -0.096532054 -0.069537915 0.988512397
1305031111.111508 -0.238793969 0.036473341 0.071690679 -0.096275032 -0.095122226 -0.066324368 0.988576710
1305031111.143257 -0.229900613 0.034411550 0.072474763 -0.095064901 -0.093469135 -0.065187454 0.988927126
1305031111.179326 -0.212667227 0.036019012 0.076595739 -0.091433145 -0.093880422 -0.065081522 0.989237487
1305031111.211433 -0.203115284 0.036748298 0.076271787 -0.089458860 -0.085849561 -0.061438590 0.990379870
1305031111.243236 -0.204227895 0.031248923 0.072938107 -0.090933233 -0.078197196 -0.061204489 0.990893722
1305031111.279308 -0.188277662 0.031113490 0.077968851 -0.086145520 -0.079539120 -0.058653638 0.991368830
1305031111.311547 -0.182234049 0.033793077 0.071083888 -0.082090214 -0.072803035 -0.054952286 0.992442012
1305031111.343397 -0.177343234 0.033711996 0.068579935 -0.085869707 -0.074064508 -0.054616414 0.992047310
1305031111.379134 -0.162377506 0.026584055 0.076345392 -0.087302357 -0.079278380 -0.051296454 0.991696477
1305031111.411296 -0.159525454 0.031998307 0.074440509 -0.080371574 -0.077272788 -0.051649459 0.992422104
1305031111.443386 -0.138858110 0.030787900 0.076827727 -0.081031397 -0.086551428 -0.055512346 0.991393566
1305031111.479259 -0.113076597 0.031034950 0.089002356 -0.076982081 -0.087451838 -0.054373313 0.991700351
1305031111.511264 -0.104032584 0.025622502 0.080450907 -0.074955061 -0.074300386 -0.053143468 0.992993951
1305031111.543250 -0.092762455 0.024291325 0.084173135 -0.071231209 -0.068245150 -0.051832397 0.993771672
1305031111.579237 -0.073177710 0.025510788 0.079513982 -0.067202762 -0.061678190 -0.044000793 0.994858563
1305031111.611271 -0.076845929 0.024278603 0.076864190 -0.068358451 -0.051389948 -0.039446600 0.995555222
1305031111.643395 -0.052118726 0.014774211 0.081872299 -0.068316892 -0.057663348 -0.030702317 0.995522559
1305031111.679320 -0.031643078 0.023422014 0.081756286 -0.060311053 -0.053546596 -0.021880157 0.996502161
1305031111.711760 -0.028254256 0.020934144 0.080601610 -0.060755949 -0.041469015 -0.021076275 0.997068107
1305031111.743386 -0.009176869 0.023123458 0.084365360 -0.055402901 -0.032148182 -0.014396017 0.997842550
1305031111.779423 0.005043821 0.022435294 0.082415625 -0.052601594 -0.016318046 -0.011942629 0.998410821
1305031111.811406 0.013210829 0.011820756 0.081098929 -0.054248251 -0.001878046 -0.013025951 0.998440742
1305031111.843299 0.022586992 0.018673174 0.079808429 -0.047417566 0.009781012 -0.010853769 0.998768330
1305031111.879442 0.034450471 0.019016787 0.080996364 -0.047688607 0.014147355 -0.008305850 0.998727500
1305031111.911354 0.037850071 0.014326059 0.082251146 -0.048064899 0.016079294 -0.003883020 0.998707235
1305031111.943300 0.055466615 0.013924180 0.083356112 -0.046917714 0.009588364 0.006524179 0.998831451
1305031111.979449 0.072998531 0.015241576 0.083247580 -0.045554344 0.009420719 0.014110104 0.998817801
1305031112.011433 0.087600447 0.012268809 0.084675044 -0.044418402 0.015583824 0.013593806 0.998798966
1305031112.043270 0.100442626 0.013980296 0.083982021 -0.039987415 0.022877133 0.012188443 0.998863876
1305031112.079339 0.118039958 0.011199531 0.083284728 -0.039133083 0.031191899 0.012051620 0.998674333
1305031112.111423 0.117237218 0.010057749 0.081715249 -0.036688220 0.044200718 0.005226274 0.998335063
1305031112.144342 0.136712730 0.018433848 0.084055096 -0.033199858 0.045133814 0.000921776 0.998428702
1305031112.179390 0.154598087 0.015400577 0.080531418 -0.036324997 0.055888623 -0.002121658 0.997773767
1305031112.211254 0.164242074 0.000286239 0.080203287 -0.041424818 0.066286698 -0.009431800 0.996895730
1305031112.243369 0.172673479 -0.003550660 0.081709906 -0.036508635 0.076367483 -0.013314999 0.996322155
1305031112.279353 0.176150456 -0.005777177 0.081094183 -0.032413114 0.084230088 -0.017426509 0.995766521
1305031112.311312 0.185239077 -0.006435326 0.085646398 -0.025967473 0.085991487 -0.019045334 0.995775282
1305031112.343323 0.195990369 -0.004105950 0.083759047 -0.018316416 0.085840560 -0.016015058 0.996011794
1305031112.379360 0.203062505 -0.003760715 0.082831308 -0.014158537 0.085231178 -0.012496737 0.996182203
1305031112.411442 0.223275229 -0.006266953 0.075674117 -0.012142224 0.078546792 -0.009084082 0.996795058
1305031112.443391 0.235248983 -0.008523876 0.075449944 -0.010276563 0.076654278 -0.002172757 0.997002423
1305031112.479418 0.240265965 -0.008962059 0.074611925 -0.007415283 0.076631986 0.006391852 0.997011364
1305031112.511504 0.247565418 -0.010274204 0.073810160 -0.005676443 0.073430143 0.014155434 0.997183740
1305031112.543212 0.256088346 -0.012302178 0.073252633 -0.004085677 0.070193827 0.017685732 0.997368217
1305031112.579252 0.263339758 -0.011080864 0.072678179 -0.001647965 0.067250974 0.023189981 0.997465193
1305031112.611261 0.276191831 0.001400330 0.077178963 0.002981432 0.065819010 0.033096422 0.997278094
1305031112.643246 0.282679856 0.000756844 0.078871042 -0.000323273 0.072331175 0.040188842 0.996570587
1305031112.679952 0.285953075 -0.001524848 0.077778250 -0.003251853 0.078510359 0.043161135 0.995973229
1305031112.711251 0.288585603 0.001665632 0.077941746 -0.004189878 0.082651339 0.044922929 0.995556712
1305031112.743245 0.302543014 0.010085504 0.072430953 -0.005957273 0.080510490 0.048023589 0.995578349
1305031112.779310 0.299047500 0.003503577 0.075814292 -0.015840748 0.086042732 0.049610395 0.994929433
1305031112.811310 0.286346465 -0.001074320 0.078320786 -0.019360647 0.089780614 0.046919897 0.994667351
1305031112.843286 0.286358237 0.007539923 0.078090712 -0.018499196 0.083221786 0.046176974 0.995288670
1305031112.879421 0.285708755 0.009161519 0.080830485 -0.021518195 0.079477318 0.048364792 0.995430171
1305031112.911411 0.277015448 0.005667671 0.079080105 -0.025573142 0.077905156 0.050101340 0.995372593
1305031112.943321 0.270827770 0.005191246 0.080056459 -0.027365306 0.072959863 0.049395867 0.995734930
1305031112.979278 0.266765237 0.005766089 0.080192596 -0.027701531 0.066749431 0.046832293 0.996285021
1305031113.011353 0.259881616 0.007197232 0.076999769 -0.029230991 0.064282089 0.046089701 0.996438205
1305031113.043231 0.250103772 0.004620551 0.077571787 -0.034568440 0.064041413 0.043086745 0.996417224
1305031113.079251 0.234197363 -0.006705894 0.078664996 -0.039108884 0.064619079 0.036731012 0.996466637
1305031113.111316 0.227568820 0.001166068 0.074308738 -0.033241987 0.057883509 0.032919955 0.997226536
1305031113.143306 0.222308755 0.008022429 0.072639748 -0.033223011 0.053510133 0.032318678 0.997491062
1305031113.179343 0.206775114 -0.001804777 0.073011011 -0.039378691 0.054233894 0.032757401 0.997213602
1305031113.211259 0.191057548 -0.000128780 0.072816409 -0.036560263 0.050671734 0.034533549 0.997448325
1305031113.243227 0.180513740 0.005006399 0.069149487 -0.036762845 0.043566726 0.035016321 0.997759640
1305031113.279312 0.172112912 -0.001079231 0.071115233 -0.040536754 0.037222762 0.037194736 0.997791409
1305031113.311452 0.148340642 -0.013600383 0.070698842 -0.039939914 0.034841761 0.039645091 0.997807145
1305031113.343252 0.134459078 -0.001930354 0.068188928 -0.030941945 0.024647592 0.038347129 0.998481154
1305031113.379312 0.118134946 0.000693052 0.072363853 -0.033114620 0.017525794 0.036720790 0.998623013
1305031113.411625 0.108742528 -0.007071276 0.072637022 -0.034747031 0.008776640 0.037485473 0.998654366
1305031113.443266 0.090041168 -0.000822006 0.073106989 -0.030868150 0.003891112 0.030937567 0.999037027
1305031113.479311 0.075573653 0.001836940 0.072910562 -0.033331677 -0.002922733 0.025362639 0.999118209
1305031113.511523 0.061024979 -0.000298072 0.075063981 -0.037648059 -0.008071322 0.024207540 0.998965204
1305031113.543242 0.044798277 -0.002549815 0.075709917 -0.039666019 -0.013040369 0.020025583 0.998927176
1305031113.579301 0.031815663 0.000441433 0.074606411 -0.038699020 -0.017736239 0.015842339 0.998967886
1305031113.611268 0.019379219 -0.000149321 0.074546866 -0.041662730 -0.020397702 0.011171029 0.998861015
1305031113.643222 0.008244084 -0.001292942 0.074642390 -0.044800803 -0.020934535 0.007727557 0.998746693
1305031113.679288 -0.005946269 -0.001543677 0.074273176 -0.045642916 -0.019465229 0.003828990 0.998760819
1305031113.711931 -0.015628658 -0.003045745 0.074999280 -0.046375357 -0.019799992 -0.000690155 0.998727620
1305031113.743590 -0.026227433 -0.001209956 0.074851468 -0.044942386 -0.017613927 -0.006046806 0.998815954
1305031113.779320 -0.040382829 -0.001786054 0.075782031 -0.043891896 -0.014280861 -0.010747642 0.998876393
1305031113.811237 -0.052115776 0.000569907 0.076110959 -0.042065371 -0.013192065 -0.012435228 0.998950362
1305031113.843295 -0.063563928 0.001924246 0.076923572 -0.042601250 -0.011059927 -0.015882444 0.998904705
1305031113.879281 -0.077374630 -0.003200891 0.079350688 -0.042683188 -0.010023876 -0.020604733 0.998825848
1305031113.911290 -0.086768426 0.001199882 0.078436829 -0.038303155 -0.011876722 -0.020714708 0.998980820
1305031113.943291 -0.098990038 -0.000823773 0.079682611 -0.036679994 -0.009501910 -0.023181872 0.999012947
1305031113.979293 -0.109048277 -0.000198915 0.079065874 -0.033112984 -0.008152818 -0.028963078 0.998998582
1305031114.011257 -0.125099987 0.003705011 0.080018803 -0.028462760 -0.005913743 -0.034316540 0.998988092
1305031114.043301 -0.142587334 0.004341569 0.081194296 -0.027116315 -0.006984306 -0.035768613 0.998967707
1305031114.079285 -0.154719755 0.004544172 0.082476772 -0.024483858 -0.012459355 -0.037266713 0.998927653
1305031114.111263 -0.164474025 0.006792119 0.081192985 -0.021935413 -0.018630374 -0.040294576 0.998773336
1305031114.143284 -0.174573630 0.006707790 0.083221011 -0.022140114 -0.024075491 -0.043619450 0.998512626
1305031114.179337 -0.183711782 0.003404637 0.083680950 -0.020559710 -0.026706284 -0.045778222 0.998382926
1305031114.211303 -0.195627511 0.012073164 0.083319567 -0.016320253 -0.026543453 -0.047988832 0.998361766
1305031114.243337 -0.210476607 0.011035025 0.085313641 -0.019049479 -0.028272210 -0.052651703 0.998030841
1305031114.279390 -0.225178704 0.009036183 0.081907094 -0.019796671 -0.032963969 -0.054246724 0.997786939
1305031114.311429 -0.232922837 0.012732763 0.086054221 -0.019941883 -0.042238139 -0.053964928 0.997449756
1305031114.343331 -0.238627821 0.011879731 0.087799668 -0.021305105 -0.049130321 -0.057011172 0.996936321
1305031114.379320 -0.246845901 0.010303853 0.088417143 -0.021726567 -0.051416200 -0.061405569 0.996550918
1305031114.411397 -0.259223908 0.012583714 0.089931719 -0.019830642 -0.051927511 -0.066106953 0.996263087
1305031114.443345 -0.271239251 0.014439599 0.090055615 -0.019541707 -0.055158447 -0.068011478 0.995966911
1305031114.479332 -0.293237925 0.010340802 0.088183008 -0.021783175 -0.056773908 -0.067583032 0.995858788
1305031114.511266 -0.298374772 0.012476861 0.087719783 -0.021866694 -0.065349348 -0.069913127 0.995170057
1305031114.543236 -0.289538234 0.009844782 0.089918204 -0.025545580 -0.074883983 -0.069085218 0.994468212
1305031114.579237 -0.294070631 0.007677759 0.090238988 -0.027561711 -0.075699270 -0.065820903 0.994574070
1305031114.611391 -0.308922082 0.010048839 0.090013772 -0.029359633 -0.072502904 -0.062197570 0.994993865
1305031114.644136 -0.316411376 0.008811771 0.091548681 -0.034538098 -0.073883086 -0.061486501 0.994770229
1305031114.679251 -0.308853060 0.008570169 0.094351500 -0.036832243 -0.085472733 -0.064187095 0.993588328
1305031114.711306 -0.311099023 0.004311378 0.093407094 -0.038874913 -0.088998221 -0.062363282 0.993317127
1305031114.743200 -0.310876280 0.002668536 0.093651503 -0.038417917 -0.092878573 -0.065763138 0.992760241
1305031114.779289 -0.318761289 0.003381728 0.092311531 -0.036118150 -0.091546096 -0.067921512 0.992825031
1305031114.811303 -0.318635851 0.003549281 0.090021506 -0.036544815 -0.091124862 -0.068876535 0.992782354
1305031114.843208 -0.315674990 0.005437335 0.090867020 -0.035610206 -0.092686273 -0.071248107 0.992504358
1305031114.879281 -0.311615199 0.009289240 0.090876095 -0.034790572 -0.093466848 -0.070806585 0.992491782
1305031114.912879 -0.308728725 0.011399567 0.090548627 -0.035370834 -0.093728058 -0.071259536 0.992414236
1305031114.943234 -0.299968421 0.014136480 0.091524914 -0.037076063 -0.095210955 -0.072771177 0.992101133
1305031114.979280 -0.291414440 0.018728476 0.095193051 -0.037582371 -0.093407936 -0.072758742 0.992254376
1305031115.011300 -0.283406287 0.023694500 0.096137434 -0.040275000 -0.093171902 -0.073702544 0.992101252
1305031115.043508 -0.272031248 0.020145504 0.100978248 -0.045191843 -0.092679054 -0.073662996 0.991938531
1305031115.079238 -0.264111012 0.024258412 0.101206899 -0.045239951 -0.089369193 -0.074372210 0.992187083
1305031115.111230 -0.246983930 0.023946295 0.106446639 -0.048639551 -0.088340707 -0.072173588 0.992280781
1305031115.143275 -0.235946506 0.019011650 0.105305940 -0.051918115 -0.080063954 -0.068649560 0.993066728
1305031115.179440 -0.232648298 0.023331067 0.108794928 -0.051741570 -0.074273266 -0.069185816 0.993488610
1305031115.211374 -0.211860746 0.016890133 0.116027579 -0.054172445 -0.076537237 -0.064865977 0.993478596
1305031115.243297 -0.198918879 0.013747441 0.119080782 -0.050607450 -0.072099350 -0.061278477 0.994226098
1305031115.279966 -0.187250480 0.021450711 0.120347984 -0.046740383 -0.069527768 -0.057295680 0.994835854
1305031115.311704 -0.166723549 0.014710434 0.130387962 -0.049212337 -0.068114765 -0.050235268 0.995195925
1305031115.343235 -0.151816636 0.017134007 0.126329511 -0.044540673 -0.059143372 -0.045765791 0.996204615
1305031115.379166 -0.156242982 0.026447281 0.125089407 -0.045355272 -0.050771143 -0.044100873 0.996704698
1305031115.411237 -0.140536323 0.020698778 0.129282072 -0.053922728 -0.058819547 -0.040616825 0.995983362
1305031115.443159 -0.116714276 0.020433757 0.132214263 -0.057343863 -0.064558014 -0.033791412 0.995691776
1305031115.479241 -0.104026020 0.022304434 0.134732544 -0.060714137 -0.063870490 -0.028480209 0.995702386
1305031115.511253 -0.075831942 0.016314140 0.137830719 -0.066155635 -0.067689128 -0.021645976 0.995275378
1305031115.543604 -0.058165118 0.018399503 0.142064929 -0.064627886 -0.055191088 -0.014209560 0.996280730
1305031115.579315 -0.048012320 0.018030705 0.142800242 -0.063531317 -0.042037476 -0.010727749 0.997036338
1305031115.611424 -0.031220146 0.012368546 0.138324246 -0.065120637 -0.036811993 -0.005725710 0.997181714
1305031115.643254 -0.012767285 0.010336421 0.137569398 -0.064269774 -0.031860895 0.002403272 0.997420907
1305031115.679241 -0.004246697 0.012125121 0.140200198 -0.061579555 -0.027218418 0.012008758 0.997658730
1305031115.711320 0.015628871 0.013938626 0.138109148 -0.060854506 -0.029612396 0.021717709 0.997470915
1305031115.743250 0.031077873 0.015419780 0.138508961 -0.059410520 -0.022456683 0.028465945 0.997574925
1305031115.779425 0.048943520 0.012342723 0.137498483 -0.059218775 -0.014915342 0.036614552 0.997461796
1305031115.811277 0.067331888 0.013890699 0.136533037 -0.059106030 -0.008083695 0.045295808 0.997190773
1305031115.843224 0.075822674 0.013326844 0.137245789 -0.061043341 0.003917716 0.051037639 0.996821702
1305031115.879198 0.083773382 0.010841036 0.138363838 -0.060226776 0.011205040 0.057263255 0.996477842
1305031115.911118 0.099506244 0.016121404 0.140107378 -0.056527585 0.013213567 0.063406982 0.996297956
1305031115.943311 0.113218322 0.015722947 0.138600439 -0.057998035 0.019008143 0.070287876 0.995657861
1305031115.980740 0.124396607 0.017292414 0.138919711 -0.059229322 0.024547622 0.075849399 0.995055854
1305031116.011379 0.140486911 0.020309396 0.142495319 -0.061145920 0.031771254 0.078869894 0.994500518
1305031116.043164 0.150601193 0.028869785 0.144655019 -0.059716336 0.044508159 0.079651147 0.994036555
1305031116.080030 0.158146769 0.033460107 0.144239634 -0.062785476 0.055652048 0.083685003 0.992954016
1305031116.111300 0.169373006 0.030374773 0.147183985 -0.071359999 0.064809769 0.087187760 0.991516888
1305031116.143441 0.178031430 0.029288916 0.150285438 -0.075764693 0.073140897 0.089922726 0.990365565
1305031116.179572 0.188448697 0.028581988 0.150928497 -0.079049125 0.077283569 0.092725269 0.989535511
1305031116.211299 0.196342573 0.028089637 0.154848278 -0.084244929 0.083617583 0.095275238 0.988348842
1305031116.243320 0.200653434 0.023308510 0.157360390 -0.088446863 0.093158558 0.097618125 0.986898839
1305031116.279385 0.218881488 0.028269075 0.154767543 -0.086200058 0.097404175 0.101944424 0.986250162
1305031116.311336 0.224310949 0.030700881 0.155496076 -0.088020884 0.106675602 0.105171986 0.984790087
1305031116.343292 0.230339542 0.017022312 0.156305507 -0.095870070 0.112094119 0.108181916 0.983127892
1305031116.379384 0.234264508 0.017483588 0.153538793 -0.089559145 0.115245618 0.108858176 0.983284056
1305031116.411333 0.244059876 0.020639129 0.146586299 -0.084688134 0.114256628 0.111574613 0.983526528
1305031116.443369 0.247382671 0.021203842 0.144638658 -0.087383896 0.115195587 0.121333390 0.982024550
1305031116.479850 0.244820759 0.016744331 0.143922716 -0.088909999 0.117820136 0.124414980 0.981190264
1305031116.511205 0.239171416 0.016606621 0.140626982 -0.086444505 0.118612498 0.119996548 0.981865168
1305031116.543262 0.232372791 0.017742544 0.139837086 -0.083494619 0.119818576 0.115870602 0.982469380
1305031116.579313 0.217385978 0.021588888 0.138981521 -0.081652552 0.120585643 0.113707408 0.982783079
1305031116.611261 0.215189353 0.021286614 0.132627383 -0.080207974 0.110387377 0.108820222 0.984651983
1305031116.643355 0.195289254 0.020537198 0.136807412 -0.079017483 0.108257405 0.096236549 0.986293614
1305031116.679281 0.173092782 0.017346144 0.139010027 -0.080402628 0.108266458 0.084915839 0.987219870
1305031116.711634 0.172443211 0.023068907 0.133908316 -0.076838709 0.096768335 0.078103669 0.989258051
1305031116.743291 0.168286964 0.023218364 0.131239668 -0.078729048 0.086778589 0.068130158 0.990772188
1305031116.779298 0.145035625 0.025261777 0.131886274 -0.079528950 0.088220179 0.056886829 0.991290212
1305031116.811318 0.127753198 0.022828683 0.132919818 -0.080202423 0.086342596 0.048965398 0.991824031
1305031116.846089 0.108091041 0.026572291 0.132473975 -0.076476470 0.079333641 0.040232986 0.993095577
1305031116.880165 0.103746898 0.026143758 0.127603114 -0.078082740 0.062816605 0.035797834 0.994321704
1305031116.912044 0.096180305 0.025436960 0.126322404 -0.077907100 0.048370313 0.030525504 0.995318532
1305031116.943296 0.075955540 0.023630477 0.125504076 -0.080560781 0.036501739 0.023384331 0.995806575
1305031116.979351 0.046211731 0.030974152 0.129092276 -0.075870804 0.032522298 0.012120163 0.996513426
1305031117.011382 0.029694878 0.037478857 0.129027739 -0.071705744 0.022103271 0.003988727 0.997172892
1305031117.043261 0.014873357 0.039915450 0.127716035 -0.071943201 0.012657602 -0.000806091 0.997328043
1305031117.079520 0.003562160 0.042900983 0.127611771 -0.072970554 0.002650519 -0.006445349 0.997309744
1305031117.111238 -0.011178511 0.046856206 0.126568481 -0.073503293 -0.006874527 -0.007287189 0.997244656
1305031117.143218 -0.020707957 0.050877273 0.126822487 -0.074853890 -0.017043389 -0.007652124 0.997019470
1305031117.179264 -0.025078192 0.050346494 0.126731247 -0.078712419 -0.027538834 -0.012966687 0.996432543
1305031117.211361 -0.030604726 0.050837226 0.125553340 -0.080765776 -0.033894759 -0.015742105 0.996032238
1305031117.243277 -0.030862164 0.054111097 0.125008464 -0.083398975 -0.037572961 -0.017025828 0.995662093
1305031117.279299 -0.032003500 0.052993119 0.126155779 -0.088258244 -0.037355512 -0.022219783 0.995148897
1305031117.311200 -0.036020275 0.051125016 0.127341941 -0.092029646 -0.034908846 -0.024030315 0.994853973
1305031117.343243 -0.038206208 0.046300232 0.128136009 -0.095035844 -0.035042122 -0.024748577 0.994549036
1305031117.379454 -0.039251938 0.042566802 0.128070265 -0.094983168 -0.035116091 -0.025040805 0.994544148
1305031117.411221 -0.041871503 0.037177246 0.128395185 -0.094604887 -0.035915289 -0.024235569 0.994571567
1305031117.443274 -0.041113317 0.035011154 0.127100334 -0.091347128 -0.037890855 -0.023251712 0.994826257
1305031117.479403 -0.041401379 0.027977645 0.127148196 -0.091045901 -0.038916241 -0.021505462 0.994853616
1305031117.511325 -0.040923730 0.020959049 0.128385991 -0.088646829 -0.041008275 -0.019852096 0.995020568
1305031117.544285 -0.043218303 0.018051442 0.127788290 -0.082943209 -0.040958144 -0.019903030 0.995513320
1305031117.579155 -0.043451600 0.011539058 0.128015280 -0.081003591 -0.042754825 -0.020884635 0.995577335
1305031117.611159 -0.044232160 0.006656655 0.130178079 -0.079642937 -0.044446383 -0.020112664 0.995628953
1305031117.643252 -0.045168672 -0.001274381 0.132455170 -0.078745164 -0.046382204 -0.018990837 0.995634079
1305031117.679262 -0.045644417 -0.006700497 0.134459496 -0.078539938 -0.049136031 -0.018143928 0.995534003
1305031117.711184 -0.044886462 -0.015768748 0.138484791 -0.080052622 -0.052167770 -0.015848072 0.995298386
1305031117.743184 -0.044249296 -0.025094846 0.142322779 -0.080793679 -0.054783925 -0.012388601 0.995146990
1305031117.779467 -0.044920124 -0.030593155 0.144360185 -0.080024526 -0.056965496 -0.010466315 0.995108724
1305031117.811320 -0.043683670 -0.042902462 0.149696603 -0.082855791 -0.059573900 -0.008654807 0.994741678
1305031117.843291 -0.038650606 -0.052455567 0.153458223 -0.081414446 -0.061276637 -0.007051229 0.994769871
1305031117.879451 -0.039881729 -0.059109919 0.156127229 -0.079837263 -0.057739325 -0.007482179 0.995106161
1305031117.911407 -0.042096198 -0.069479883 0.160545275 -0.080234587 -0.055388298 -0.008082964 0.995203078
1305031117.943253 -0.041794457 -0.075530961 0.163642481 -0.078573912 -0.053626467 -0.008117981 0.995431781
1305031117.979228 -0.045262203 -0.082315452 0.167545080 -0.080053970 -0.050862189 -0.008745571 0.995453596
1305031118.011228 -0.045094751 -0.095148355 0.173777804 -0.083465703 -0.051008422 -0.009405380 0.995159864
1305031118.043521 -0.045837700 -0.103163972 0.177942961 -0.082449123 -0.049506065 -0.009306064 0.995321393
1305031118.079334 -0.044146471 -0.112222724 0.181742564 -0.083032928 -0.048968889 -0.010832284 0.995284021
1305031118.111217 -0.041568547 -0.121968225 0.186770111 -0.083082236 -0.045862019 -0.011880580 0.995415926
1305031118.143256 -0.044722006 -0.127217218 0.190681294 -0.080489621 -0.040452417 -0.013736070 0.995839536
1305031118.179323 -0.045395363 -0.139997497 0.195555091 -0.081828721 -0.037576649 -0.015977276 0.995809615
1305031118.211202 -0.049107328 -0.149544716 0.199185848 -0.079361998 -0.034093041 -0.014615262 0.996155500
1305031118.243173 -0.049643327 -0.158100292 0.202435017 -0.076643527 -0.035247039 -0.014724906 0.996326566
1305031118.279194 -0.049380526 -0.166286096 0.207925335 -0.072631389 -0.035770614 -0.015634481 0.996594548
1305031118.311299 -0.050048117 -0.174145877 0.209103495 -0.066738032 -0.035776522 -0.015436790 0.997009397
1305031118.343324 -0.046769232 -0.180064008 0.210639030 -0.062554486 -0.035853375 -0.016414858 0.997262239
1305031118.379208 -0.050407697 -0.183412880 0.214959636 -0.057416692 -0.033419348 -0.017404769 0.997638941
1305031118.411296 -0.051039260 -0.183677062 0.216590330 -0.053489737 -0.035182200 -0.016547430 0.997811258
1305031118.445692 -0.048524644 -0.186730385 0.218904823 -0.053384550 -0.036159549 -0.013671828 0.997825444
1305031118.479285 -0.048928425 -0.189751476 0.220945776 -0.053248353 -0.036421120 -0.011344993 0.997852385
1305031118.511255 -0.046900459 -0.185306311 0.221409306 -0.049535982 -0.037168078 -0.010110427 0.998029292
1305031118.544414 -0.047107425 -0.180200800 0.220584840 -0.049520817 -0.036093540 -0.011071804 0.998059273
1305031118.579285 -0.043649253 -0.178167701 0.223217726 -0.051625419 -0.036620267 -0.010780180 0.997936666
1305031118.616142 -0.042342283 -0.173741728 0.222231254 -0.051697068 -0.034767449 -0.012859687 0.997974575
1305031118.645325 -0.044368044 -0.166805729 0.217860118 -0.051851846 -0.031511851 -0.015950082 0.998030066
1305031118.679295 -0.045180552 -0.161959261 0.215986073 -0.055264790 -0.029997131 -0.017704757 0.997863948
1305031118.711421 -0.046388730 -0.159159228 0.215017468 -0.056848735 -0.030147139 -0.020733604 0.997712135
1305031118.746770 -0.048835851 -0.147628963 0.211357117 -0.053137172 -0.031861644 -0.019474298 0.997888803
1305031118.779277 -0.048067339 -0.129782602 0.203550711 -0.052034192 -0.035387177 -0.020017559 0.997817338
1305031118.811221 -0.045049921 -0.132857218 0.204635769 -0.060117394 -0.038825784 -0.021789093 0.997197926
1305031118.846753 -0.039925177 -0.123923309 0.200273797 -0.056072190 -0.040311802 -0.019143166 0.997428894
1305031118.879208 -0.040181801 -0.103635177 0.190749839 -0.051157527 -0.037507705 -0.021883627 0.997746050
1305031118.911177 -0.040964562 -0.099574372 0.188480929 -0.055232637 -0.036254447 -0.024328023 0.997518480
1305031118.946974 -0.039518055 -0.089113489 0.182049036 -0.054065835 -0.035466164 -0.025503827 0.997581363
1305031118.979374 -0.042984735 -0.072805040 0.174630389 -0.052404858 -0.033065200 -0.030012680 0.997627020
1305031119.011363 -0.043373153 -0.066887975 0.169628933 -0.057412792 -0.033483621 -0.031632967 0.997287333
1305031119.047172 -0.044651046 -0.058659665 0.165230438 -0.059395939 -0.033859730 -0.032263622 0.997138262
1305031119.079223 -0.048970725 -0.048712030 0.158734992 -0.059155598 -0.034537911 -0.032779932 0.997112453
1305031119.111328 -0.048302986 -0.040252630 0.153693765 -0.059596159 -0.038587861 -0.031518195 0.996978402
1305031119.147616 -0.051263556 -0.028192252 0.147268042 -0.058448199 -0.040792000 -0.030683625 0.996984661
1305031119.179226 -0.049849801 -0.024423180 0.143128470 -0.060209248 -0.045668215 -0.030643346 0.996669590
1305031119.211364 -0.047407113 -0.013363777 0.136535019 -0.056809094 -0.048223540 -0.028322835 0.996817470
1305031119.247399 -0.048395813 -0.003362869 0.131831422 -0.055455267 -0.049023315 -0.027728427 0.996871352
1305031119.279212 -0.047115874 0.005760092 0.126943648 -0.055081058 -0.050425313 -0.027530901 0.996827662
1305031119.311212 -0.047809593 0.013806820 0.123315856 -0.055126458 -0.050649133 -0.024894388 0.996883154
1305031119.347741 -0.050108638 0.020434557 0.119751662 -0.054449730 -0.051531460 -0.023187172 0.996916294
1305031119.379239 -0.049138732 0.033610929 0.114981644 -0.052001696 -0.053911414 -0.022491690 0.996937037
1305031119.411484 -0.043936420 0.041187193 0.111859135 -0.053261232 -0.055733830 -0.021391088 0.996794581
1305031119.447706 -0.045077771 0.048750818 0.109379217 -0.053870581 -0.052700635 -0.021604937 0.996922195
1305031119.479267 -0.046169505 0.059038207 0.104933709 -0.051781595 -0.050270326 -0.022078451 0.997147977
1305031119.511240 -0.048760638 0.070628107 0.101818204 -0.051845152 -0.048145425 -0.021647302 0.997259021
1305031119.547382 -0.047946796 0.080367073 0.099284418 -0.052849919 -0.048623569 -0.019617010 0.997225046
1305031119.579559 -0.046017338 0.093401201 0.096144900 -0.053477965 -0.048097838 -0.019490590 0.997219563
1305031119.615017 -0.048805967 0.100440994 0.094301820 -0.057534736 -0.045157000 -0.019245679 0.997135997
1305031119.647903 -0.050818443 0.116509475 0.092135161 -0.057241656 -0.043954298 -0.017947800 0.997230768
1305031119.679208 -0.044993747 0.128185421 0.091514535 -0.060292762 -0.044476178 -0.019587664 0.996996939
1305031119.715232 -0.048727036 0.132129520 0.089459956 -0.068045795 -0.038068581 -0.017428445 0.996803284
1305031119.747193 -0.054296948 0.142265782 0.088852793 -0.070293404 -0.034601375 -0.012922982 0.996842265
1305031119.779169 -0.055232581 0.150758401 0.087991640 -0.072777778 -0.035973702 -0.010923573 0.996639311
1305031119.814537 -0.052937951 0.159157187 0.086537890 -0.074672617 -0.037912395 -0.006530790 0.996465743
1305031119.847429 -0.052808389 0.169181451 0.085207939 -0.076068692 -0.036867052 -0.002529826 0.996417582
1305031119.879214 -0.052185848 0.172317386 0.084171310 -0.077960603 -0.035374776 -0.002445995 0.996325672
1305031119.911401 -0.053881377 0.186549976 0.081040144 -0.074684843 -0.032905895 -0.001367466 0.996663153
1305031119.947392 -0.054448459 0.193358704 0.080090322 -0.078671381 -0.031043705 -0.001529934 0.996415913
1305031119.979537 -0.052652679 0.197462261 0.079007186 -0.081370980 -0.028720388 -0.002552948 0.996266723
1305031120.015264 -0.054729484 0.209962159 0.075929441 -0.082260489 -0.024783509 -0.000692767 0.996302426
1305031120.047290 -0.059266385 0.206661224 0.076530606 -0.092300519 -0.022028618 -0.000087408 0.995487452
1305031120.079418 -0.061020784 0.207041740 0.075850017 -0.094061300 -0.023500904 0.001905001 0.995287180
1305031120.115232 -0.060785651 0.210694611 0.074390925 -0.093872897 -0.025853772 0.003781182 0.995241225
1305031120.148157 -0.058275342 0.206015512 0.074730903 -0.097828038 -0.027601093 0.004582963 0.994809926
1305031120.179246 -0.058060203 0.201048031 0.075340614 -0.098510437 -0.027160373 0.007623613 0.994736075
1305031120.215249 -0.056841992 0.192552090 0.074936032 -0.096382000 -0.027603542 0.007518314 0.994933188
1305031120.248003 -0.057002325 0.191295952 0.075582936 -0.091177069 -0.027467947 0.005122690 0.995442629
1305031120.279430 -0.056399774 0.186479926 0.077413879 -0.088310473 -0.027004650 0.003369328 0.995721161
1305031120.315196 -0.055942789 0.178899288 0.079416782 -0.086576588 -0.026887003 0.001428236 0.995881259
1305031120.347787 -0.055218145 0.171376467 0.082297474 -0.083320737 -0.026787333 -0.000437764 0.996162593
1305031120.379437 -0.054978132 0.161997825 0.085442185 -0.082582280 -0.027067658 -0.001281278 0.996215820
1305031120.415445 -0.050813932 0.143362731 0.088754050 -0.080753565 -0.029529138 -0.001452231 0.996295512
1305031120.447417 -0.053517461 0.141149953 0.092287213 -0.071250126 -0.028874010 -0.001880984 0.997038722
1305031120.479432 -0.052089620 0.129168704 0.097247124 -0.070314147 -0.030296201 -0.000994786 0.997064233
1305031120.514819 -0.053016838 0.119597442 0.101350762 -0.063832872 -0.031807330 0.000783011 0.997453272
1305031120.547736 -0.052899733 0.111041948 0.106207475 -0.057721060 -0.035150722 0.002851546 0.997709632
1305031120.579551 -0.053771287 0.104518935 0.109924518 -0.054175436 -0.038649641 0.006057947 0.997764766
1305031120.615236 -0.050724391 0.092633583 0.114600912 -0.052695598 -0.044239141 0.008431704 0.997594595
1305031120.647354 -0.049596298 0.084292814 0.118753441 -0.048201244 -0.047290757 0.009024483 0.997676671
1305031120.679318 -0.047500744 0.077484213 0.123165168 -0.045828834 -0.049584679 0.010211057 0.997665703
1305031120.714522 -0.048366513 0.069654584 0.126197457 -0.043702535 -0.049479660 0.010196059 0.997766435
1305031120.747369 -0.048885956 0.059456840 0.130032301 -0.043693528 -0.051552501 0.010471780 0.997659087
1305031120.779894 -0.045651019 0.048916146 0.134258881 -0.042527027 -0.054834664 0.010532024 0.997533798
1305031120.814944 -0.046826839 0.044248044 0.136293784 -0.038799901 -0.054467063 0.009699385 0.997714281
1305031120.847921 -0.045763351 0.034229476 0.140120491 -0.040563490 -0.055897649 0.007884482 0.997581065
1305031120.883435 -0.042714246 0.023379983 0.143610999 -0.039439626 -0.056639224 0.006421077 0.997594774
1305031120.915444 -0.044933245 0.019531060 0.145305261 -0.036729202 -0.054399740 0.004506990 0.997833312
1305031120.947488 -0.044785671 0.009372156 0.148452491 -0.037826702 -0.054325853 0.002384369 0.997803688
1305031120.983366 -0.046921425 0.001000212 0.151205406 -0.037380371 -0.053568803 -0.000270230 0.997864246
1305031121.015019 -0.046340931 -0.008832742 0.153588176 -0.036744285 -0.054434188 -0.001065908 0.997840524
1305031121.047498 -0.047676146 -0.014159472 0.155446917 -0.035395224 -0.053767368 -0.002098801 0.997923791
1305031121.083099 -0.048293542 -0.026220312 0.158016533 -0.035789520 -0.055066481 -0.003721956 0.997834146
1305031121.114696 -0.047572896 -0.034006204 0.158986583 -0.033683788 -0.056588810 -0.002831819 0.997825205
1305031121.147331 -0.048729103 -0.041922007 0.161032528 -0.031974006 -0.056906264 -0.003868052 0.997859895
1305031121.183271 -0.048591144 -0.050428402 0.162454844 -0.030528288 -0.058421966 -0.004327263 0.997815728
1305031121.211420 -0.044510126 -0.061232336 0.165297896 -0.029466061 -0.059639428 -0.003811079 0.997777700
1305031121.247194 -0.049143098 -0.065370455 0.167113245 -0.026251847 -0.056725763 -0.004906391 0.998032570
1305031121.282876 -0.049629599 -0.075829275 0.169770360 -0.027310394 -0.058113560 -0.004136634 0.997927725
1305031121.313568 -0.048274729 -0.086106703 0.172969058 -0.025393475 -0.058734898 -0.003235880 0.997945368
1305031121.347517 -0.050892487 -0.093485549 0.174732402 -0.023835899 -0.059044704 -0.001758962 0.997969151
1305031121.383226 -0.048166089 -0.104948469 0.178579807 -0.023336546 -0.061363332 -0.001540343 0.997841477
1305031121.414318 -0.048705682 -0.111492507 0.180822536 -0.018556930 -0.060346615 -0.002850201 0.998000920
1305031121.447319 -0.049193032 -0.115821615 0.183353171 -0.016275965 -0.059950493 -0.002101124 0.998066425
1305031121.482964 -0.046964008 -0.128151342 0.189959750 -0.016172327 -0.058948532 -0.000415394 0.998129904
1305031121.514107 -0.052105915 -0.133452088 0.186723277 -0.012676050 -0.055142164 -0.000785279 0.998397708
1305031121.547270 -0.051227450 -0.137872264 0.188874647 -0.013390203 -0.055448808 -0.000020003 0.998371780
1305031121.583204 -0.051595822 -0.149451807 0.193579093 -0.016167382 -0.054099042 -0.001247230 0.998403907
1305031121.614700 -0.051534310 -0.156693503 0.195102349 -0.015184482 -0.052283023 -0.002575299 0.998513520
1305031121.647183 -0.046333894 -0.159175575 0.198632374 -0.014260346 -0.050219052 -0.002867365 0.998632312
1305031121.683200 -0.050440609 -0.167766094 0.199940220 -0.017486524 -0.045168020 -0.004411913 0.998816609
1305031121.714520 -0.055599384 -0.176282987 0.200150102 -0.018124389 -0.042653013 -0.005492113 0.998910427
1305031121.747145 -0.054989200 -0.179462239 0.202904582 -0.019399976 -0.042789910 -0.004889832 0.998883784
1305031121.782835 -0.054583166 -0.186971605 0.205903217 -0.021947313 -0.042493280 -0.002843339 0.998851597
1305031121.811540 -0.052067250 -0.189932019 0.209063649 -0.023021044 -0.042270392 -0.000477509 0.998840868
1305031121.847335 -0.050528057 -0.191599444 0.211100981 -0.025429238 -0.041241571 0.004105740 0.998817086
1305031121.882060 -0.051897008 -0.194645613 0.211020768 -0.028130002 -0.040419780 0.009986331 0.998736799
1305031121.914931 -0.055955298 -0.195163801 0.210348040 -0.028793365 -0.040630683 0.010187726 0.998707294
1305031121.947288 -0.051692672 -0.196069270 0.212341800 -0.029222902 -0.044347867 0.010222340 0.998536348
1305031121.982926 -0.051412813 -0.190379828 0.211162761 -0.027971331 -0.043807626 0.010015066 0.998598158
1305031122.014256 -0.050633125 -0.188176349 0.211188272 -0.029624382 -0.044335742 0.009231699 0.998534679
1305031122.047306 -0.050618667 -0.182589069 0.208341822 -0.027828073 -0.045632798 0.005479316 0.998555541
1305031122.082959 -0.050421685 -0.176635519 0.206936836 -0.026915690 -0.046143994 0.001776700 0.998570561
1305031122.114672 -0.050929829 -0.166526452 0.203247815 -0.024462011 -0.046093341 -0.001613386 0.998636246
1305031122.150725 -0.049200855 -0.158512741 0.201167509 -0.024685957 -0.047075436 -0.006872991 0.998562634
1305031122.183042 -0.048107956 -0.148604944 0.197446346 -0.022158952 -0.046326663 -0.011822480 0.998610556
1305031122.214959 -0.050905619 -0.128729761 0.190851644 -0.020987952 -0.043658506 -0.017605737 0.998670876
1305031122.251319 -0.051444031 -0.124974966 0.190293148 -0.028257694 -0.043030277 -0.020554520 0.998462498
1305031122.283560 -0.054335080 -0.113870107 0.183798194 -0.028171584 -0.042625483 -0.023048129 0.998427868
1305031122.314289 -0.059290074 -0.093745634 0.175631300 -0.030203557 -0.042729203 -0.028706430 0.998217344
1305031122.351327 -0.056436613 -0.087636337 0.176679760 -0.038048327 -0.046763994 -0.028467080 0.997775078
1305031122.382630 -0.059622496 -0.076130167 0.171559855 -0.041870549 -0.047770176 -0.029493095 0.997544527
1305031122.414997 -0.061336763 -0.069083348 0.168430403 -0.045808811 -0.051616322 -0.030054023 0.997163057
1305031122.451257 -0.061355826 -0.057356965 0.163054347 -0.046856727 -0.056262292 -0.028004887 0.996922672
1305031122.483360 -0.061852146 -0.050027177 0.158477500 -0.050170846 -0.060981691 -0.028542880 0.996468544
1305031122.515097 -0.060141139 -0.044923902 0.152162582 -0.052413329 -0.065153785 -0.030424666 0.996033251
1305031122.551490 -0.057211850 -0.035204463 0.146738768 -0.053594999 -0.066886991 -0.031565346 0.995819926
1305031122.583208 -0.057466932 -0.026665464 0.142523766 -0.054898847 -0.065457225 -0.032982413 0.995797992
1305031122.614980 -0.061317220 -0.019254057 0.139458328 -0.055663116 -0.064450130 -0.032639671 0.995832562
1305031122.648788 -0.060720865 -0.008182351 0.134616330 -0.053372011 -0.066568442 -0.031366084 0.995859563
1305031122.683402 -0.061412092 0.002804596 0.130526930 -0.051993918 -0.067490116 -0.029828869 0.995917678
1305031122.715208 -0.062946402 0.011690490 0.127111837 -0.051795814 -0.069787554 -0.027217582 0.995844424
1305031122.751298 -0.061416514 0.025240850 0.121406212 -0.049908157 -0.072581932 -0.026925882 0.995748997
1305031122.783423 -0.061027594 0.039037779 0.117252961 -0.051455680 -0.072672859 -0.027047055 0.995660305
1305031122.812555 -0.058648683 0.045315150 0.116376810 -0.056907967 -0.072949171 -0.027885623 0.995320201
1305031122.851418 -0.054203007 0.054125246 0.114251405 -0.058291215 -0.070701167 -0.029682780 0.995350420
1305031122.883754 -0.057290308 0.064309984 0.111613497 -0.060553927 -0.063130140 -0.029014647 0.995743930
1305031122.914571 -0.060969945 0.069215611 0.110536963 -0.064495511 -0.059452530 -0.028537624 0.995736599
1305031122.951341 -0.061732210 0.076065138 0.108196154 -0.065274090 -0.058466125 -0.027607216 0.995770454
1305031122.982815 -0.064439334 0.086330362 0.105035171 -0.065686435 -0.057451073 -0.023781305 0.995901108
1305031123.015450 -0.063337065 0.090761408 0.103085116 -0.068742834 -0.059006695 -0.021027656 0.995665848
1305031123.051827 -0.061168008 0.095764019 0.101517513 -0.068702087 -0.059518140 -0.019359386 0.995672047
1305031123.082975 -0.062238693 0.108045273 0.097763419 -0.066249274 -0.058097981 -0.016561341 0.995972574
1305031123.113873 -0.062338416 0.118497521 0.096103854 -0.068025753 -0.056902170 -0.014336345 0.995956361
1305031123.150822 -0.063486390 0.124939092 0.094477206 -0.070989512 -0.055742849 -0.014201686 0.995817006
1305031123.182155 -0.060091730 0.136052206 0.092970394 -0.071980260 -0.055415198 -0.013202900 0.995777905
1305031123.214704 -0.059091885 0.146023765 0.092080995 -0.075213194 -0.051175602 -0.013766428 0.995758295
1305031123.250618 -0.059328936 0.161286056 0.090682641 -0.077507004 -0.047340900 -0.013974085 0.995769143
1305031123.282347 -0.058479331 0.167878836 0.090811610 -0.086709999 -0.044488221 -0.011256898 0.995176077
1305031123.311327 -0.056031942 0.174884170 0.091526933 -0.091960162 -0.041825961 -0.011344316 0.994819164
1305031123.350481 -0.058838747 0.187008739 0.090576842 -0.094075061 -0.035913311 -0.010419985 0.994862556
1305031123.382255 -0.056075629 0.195099726 0.089734763 -0.098231904 -0.032492567 -0.006470631 0.994611919
1305031123.411363 -0.057996366 0.198907524 0.089668721 -0.102488950 -0.026636939 -0.005041892 0.994364679
1305031123.451255 -0.057143055 0.207930908 0.088198893 -0.103387155 -0.024673803 -0.003292315 0.994329691
1305031123.483594 -0.055657580 0.215847492 0.087382853 -0.106924765 -0.023467869 0.001632450 0.993988752
1305031123.511360 -0.056016967 0.220658109 0.086771056 -0.110520698 -0.021358097 0.004024082 0.993636131
1305031123.551513 -0.055405077 0.229100406 0.085176885 -0.110769764 -0.021523803 0.006308268 0.993592978
1305031123.579583 -0.051647730 0.233834729 0.084238142 -0.113983244 -0.022904631 0.010144091 0.993166804
1305031123.611335 -0.051453777 0.244001463 0.083101943 -0.112775788 -0.021328086 0.011586878 0.993323922
1305031123.652411 -0.049899016 0.253124952 0.082462646 -0.114888079 -0.019741191 0.011343195 0.993117452
1305031123.683753 -0.048177402 0.259822816 0.081878886 -0.118021160 -0.016822400 0.012355127 0.992791653
1305031123.711323 -0.047158737 0.265588224 0.081293046 -0.121840507 -0.013549224 0.013685545 0.992362857
1305031123.751723 -0.046115089 0.271403581 0.080300137 -0.123706736 -0.012046742 0.015721612 0.992121160
1305031123.783858 -0.048022691 0.274993509 0.079035841 -0.124518499 -0.011283418 0.017171036 0.992004514
1305031123.811608 -0.047842015 0.276127070 0.078475960 -0.125668198 -0.011503641 0.018256405 0.991837621
1305031123.851444 -0.045221452 0.274830073 0.077063277 -0.127217352 -0.012771766 0.020326020 0.991584301
1305031123.883786 -0.047163725 0.265291661 0.075885326 -0.132220238 -0.012882502 0.021298528 0.990907788
1305031123.911243 -0.045602571 0.265546083 0.075828582 -0.128520310 -0.015285185 0.020578379 0.991375506
1305031123.951442 -0.045990396 0.270280063 0.076886170 -0.124811567 -0.015639067 0.021965669 0.991814017
1305031123.983415 -0.047728166 0.258906752 0.077408195 -0.130987898 -0.016731897 0.023799699 0.990957022
1305031124.011302 -0.049357187 0.246192992 0.078711107 -0.130170420 -0.019634889 0.023129618 0.991027355
1305031124.051505 -0.049065549 0.250006974 0.080716789 -0.121454388 -0.023054747 0.023386033 0.992053628
1305031124.083837 -0.048661213 0.242075577 0.083468810 -0.122069135 -0.026061304 0.024194108 0.991884351
1305031124.111331 -0.048924439 0.231452435 0.086073831 -0.117658474 -0.028730964 0.023070075 0.992370248
1305031124.147446 -0.048549436 0.230418891 0.088340074 -0.110051937 -0.030372215 0.021206221 0.993235290
1305031124.182694 -0.047134079 0.215849742 0.091160849 -0.112623781 -0.032050189 0.018735472 0.992943943
1305031124.211396 -0.045664940 0.204477414 0.094026804 -0.108124822 -0.033894829 0.016931962 0.993415058
1305031124.249327 -0.049051344 0.204862878 0.095852241 -0.099512361 -0.033722281 0.016117973 0.994334102
1305031124.282545 -0.049336579 0.195953086 0.098231569 -0.100123547 -0.038023692 0.015777811 0.994122982
1305031124.311361 -0.046640836 0.179776505 0.100951932 -0.100640349 -0.043237202 0.016279560 0.993849635
1305031124.350354 -0.045987200 0.173056170 0.102406316 -0.094378255 -0.046734631 0.014772401 0.994329095
1305031124.382420 -0.043971363 0.163453951 0.104740970 -0.091439210 -0.049763411 0.013633657 0.994473040
1305031124.411439 -0.042429425 0.152053565 0.106381088 -0.087609150 -0.051857851 0.013448167 0.994713306
1305031124.450245 -0.042587068 0.140881091 0.107952915 -0.081920594 -0.052880391 0.010972527 0.995174468
1305031124.480099 -0.043300249 0.129240200 0.109921597 -0.076749854 -0.053715445 0.008229594 0.995568395
1305031124.511324 -0.044881418 0.121709689 0.111152343 -0.069529578 -0.054731894 0.006112526 0.996058583
1305031124.550437 -0.045883570 0.111666501 0.113436438 -0.065793276 -0.055999871 0.003384815 0.996254861
1305031124.579404 -0.045409366 0.100045428 0.116036385 -0.063032404 -0.058861010 0.001136842 0.996273577
1305031124.611358 -0.045762405 0.088636249 0.118959092 -0.058633514 -0.061136749 -0.000892024 0.996405363
1305031124.651271 -0.046020754 0.078381039 0.121796623 -0.055393662 -0.063359827 -0.002859983 0.996448100
1305031124.679362 -0.044103026 0.065599598 0.125712320 -0.052503146 -0.065931305 -0.004825889 0.996430218
1305031124.711251 -0.042652704 0.055123392 0.128583640 -0.048889592 -0.066680133 -0.006162817 0.996556878
1305031124.749890 -0.043960176 0.043436885 0.132692471 -0.047267415 -0.066444889 -0.008334477 0.996635020
1305031124.779365 -0.044397317 0.032884177 0.136839241 -0.044071939 -0.067650944 -0.009160278 0.996693075
1305031124.811360 -0.044215783 0.023840878 0.140897706 -0.041878950 -0.068801463 -0.009431889 0.996706367
1305031124.850535 -0.044430353 0.010506651 0.146778643 -0.043007858 -0.070274100 -0.010169126 0.996548295
1305031124.879355 -0.041026197 -0.000375505 0.151612192 -0.041024640 -0.071442910 -0.010430613 0.996546090
1305031124.911448 -0.041405056 -0.006982150 0.155793726 -0.038896561 -0.068870746 -0.010504088 0.996811688
1305031124.950730 -0.041945346 -0.017729456 0.161959007 -0.042091966 -0.067490302 -0.010872485 0.996772349
1305031124.979438 -0.043928370 -0.035332654 0.169085070 -0.043421589 -0.066251710 -0.009501937 0.996812403
1305031125.011454 -0.046678837 -0.041638382 0.172398120 -0.037496690 -0.067893051 -0.008603042 0.996950626
1305031125.050763 -0.042087331 -0.047583185 0.175399631 -0.035504572 -0.071519732 -0.006795045 0.996783912
1305031125.079364 -0.041566163 -0.057420019 0.181494385 -0.036753237 -0.071071595 -0.003762291 0.996786773
1305031125.111364 -0.043997698 -0.069091380 0.185721532 -0.036746014 -0.071312860 -0.003004891 0.996772349
1305031125.151013 -0.042210940 -0.076946661 0.187470585 -0.033073496 -0.072143361 -0.004838359 0.996834040
1305031125.179353 -0.043786690 -0.078321919 0.188971743 -0.031778950 -0.069010243 -0.003953208 0.997101843
1305031125.211320 -0.045262173 -0.091494828 0.194082558 -0.036693964 -0.067513756 -0.004391787 0.997033715
1305031125.250632 -0.047647271 -0.102647528 0.197581604 -0.035475265 -0.066870689 -0.006905108 0.997106850
1305031125.279467 -0.047381118 -0.106486872 0.198127180 -0.032140531 -0.066915579 -0.007498854 0.997212648
1305031125.311493 -0.047159575 -0.115659639 0.203845829 -0.032589022 -0.065724179 -0.007133045 0.997280002
1305031125.348880 -0.050254993 -0.118951887 0.203997031 -0.027975993 -0.063502066 -0.010063528 0.997538745
1305031125.379401 -0.046044737 -0.121993095 0.209976315 -0.027567929 -0.063418418 -0.013361998 0.997516692
1305031125.411335 -0.045503795 -0.126682863 0.212151408 -0.027731579 -0.057331163 -0.014126916 0.997870028
1305031125.451195 -0.048851177 -0.133227348 0.214191109 -0.031181021 -0.050957605 -0.016656611 0.998074949
1305031125.479424 -0.048225433 -0.141711637 0.216940224 -0.031778038 -0.047435649 -0.018101497 0.998204529
1305031125.511316 -0.049448282 -0.140868708 0.216691196 -0.030141199 -0.043255273 -0.018893067 0.998430490
1305031125.551020 -0.049161308 -0.143926516 0.217745557 -0.031341400 -0.040261045 -0.020690123 0.998483181
1305031125.579308 -0.048457239 -0.145848423 0.219222069 -0.032932222 -0.037094567 -0.022745894 0.998509943
1305031125.611533 -0.050244577 -0.152429491 0.219115794 -0.033831712 -0.033177458 -0.023148509 0.998608410
1305031125.650575 -0.055134326 -0.154290050 0.214630842 -0.029557990 -0.031282220 -0.020387869 0.998865366
1305031125.679328 -0.059141837 -0.147295594 0.208263516 -0.024204705 -0.033901360 -0.019537847 0.998941004
1305031125.711443 -0.055111192 -0.148753658 0.208545119 -0.023732306 -0.041000564 -0.017414281 0.998725414
1305031125.751260 -0.053315204 -0.136733755 0.204063043 -0.016870216 -0.043654330 -0.015798848 0.998779297
1305031125.779348 -0.051225010 -0.130488619 0.201848865 -0.016936164 -0.045368228 -0.018581450 0.998653889
1305031125.811573 -0.049691468 -0.121064499 0.198261604 -0.015638508 -0.045006365 -0.019551620 0.998672903
1305031125.847412 -0.050783016 -0.114909932 0.195114598 -0.017829914 -0.043040413 -0.021739647 0.998677611
1305031125.879318 -0.053101577 -0.107203394 0.190647423 -0.017686155 -0.042892803 -0.021869710 0.998683691
1305031125.911305 -0.058013257 -0.093947873 0.186354116 -0.019236969 -0.044272594 -0.021598469 0.998600721
1305031125.947343 -0.061118603 -0.091428079 0.180860505 -0.023939814 -0.049623385 -0.019596245 0.998288691
1305031125.979324 -0.058186371 -0.079223879 0.179528266 -0.023123134 -0.058339845 -0.015816821 0.997903585
1305031126.011333 -0.052856959 -0.068655558 0.176759049 -0.025221966 -0.065599523 -0.015111165 0.997412741
1305031126.047324 -0.047438629 -0.055535302 0.174074471 -0.027065160 -0.068407670 -0.013828372 0.997194409
1305031126.079356 -0.046834938 -0.043049015 0.172651514 -0.030048870 -0.067054942 -0.013787361 0.997201383
1305031126.111370 -0.045074705 -0.035434049 0.171476796 -0.034620013 -0.066847667 -0.013748731 0.997067630
1305031126.147432 -0.044766575 -0.018338453 0.168521479 -0.034782939 -0.065612994 -0.010886251 0.997179270
1305031126.179384 -0.045971669 -0.005030555 0.167597488 -0.040041357 -0.065449096 -0.011200502 0.996989310
1305031126.211319 -0.043016575 0.001741759 0.166510820 -0.045605481 -0.066964187 -0.010489563 0.996657372
1305031126.247298 -0.042247996 0.016448716 0.163218111 -0.046884347 -0.065646134 -0.010179000 0.996688962
1305031126.279363 -0.039499596 0.026423290 0.161094695 -0.051055741 -0.064985409 -0.011271468 0.996515512
1305031126.311332 -0.038371645 0.039230984 0.158481508 -0.054350447 -0.062203724 -0.012710142 0.996501446
1305031126.347363 -0.038641054 0.048140794 0.157016143 -0.058903750 -0.058353759 -0.014119166 0.996456623
1305031126.379423 -0.040906109 0.058855243 0.154257476 -0.061777558 -0.054405473 -0.015596727 0.996483982
1305031126.411465 -0.041686796 0.070640326 0.151954159 -0.065043099 -0.052409731 -0.017196575 0.996356845
1305031126.447361 -0.042696014 0.076500133 0.149956673 -0.070294216 -0.050618444 -0.016774962 0.996099949
1305031126.479533 -0.044954807 0.086556956 0.147773206 -0.071555957 -0.049976472 -0.013934425 0.996086299
1305031126.511410 -0.045279115 0.100978859 0.144147545 -0.072407573 -0.051376723 -0.011910132 0.995979786
1305031126.547374 -0.041751496 0.108552732 0.141869694 -0.078400455 -0.052973613 -0.011469038 0.995447457
1305031126.579454 -0.039454639 0.116130628 0.140525788 -0.082504034 -0.051841006 -0.009553206 0.995195627
1305031126.611528 -0.040267829 0.124264203 0.138918310 -0.087128162 -0.049478214 -0.008177388 0.994934022
1305031126.647376 -0.037335839 0.126385629 0.138224438 -0.092819214 -0.048811860 -0.006028540 0.994467556
1305031126.679479 -0.037319954 0.132882953 0.136471719 -0.094009012 -0.046489477 -0.001593287 0.994484007
1305031126.711583 -0.036231972 0.139853939 0.134248942 -0.095842764 -0.045216732 0.001684572 0.994367540
1305031126.747316 -0.034727421 0.139418632 0.132925138 -0.098898053 -0.043870989 0.004639715 0.994119227
1305031126.779379 -0.035388835 0.147214666 0.130435869 -0.096586585 -0.042266607 0.007576189 0.994397879
1305031126.811602 -0.031642240 0.150158912 0.129105583 -0.097166099 -0.041636620 0.008361664 0.994361699
1305031126.847343 -0.031390730 0.154304594 0.126773536 -0.096726708 -0.037613399 0.008872858 0.994560421
1305031126.879357 -0.031406797 0.155904919 0.125114292 -0.097607434 -0.035442587 0.009142744 0.994551659
1305031126.911364 -0.029988829 0.156464204 0.123771526 -0.098111063 -0.033776823 0.008446537 0.994566202
1305031126.947437 -0.031284180 0.157763839 0.121961258 -0.098745272 -0.031918176 0.010198483 0.994548440
1305031126.979337 -0.031542465 0.156873792 0.121287212 -0.099443115 -0.032510515 0.011180718 0.994449139
1305031127.011371 -0.030283008 0.155251056 0.120706186 -0.098917939 -0.033947162 0.011596300 0.994448781
1305031127.047297 -0.030117895 0.157655433 0.120591305 -0.096940279 -0.034353517 0.012564298 0.994617760
1305031127.079299 -0.030290598 0.155510455 0.120422237 -0.098108031 -0.034674659 0.012725582 0.994490087
1305031127.111435 -0.032405313 0.153143719 0.120917223 -0.098460905 -0.035888746 0.013453977 0.994402528
1305031127.147307 -0.032545779 0.150209397 0.121569529 -0.097930335 -0.039339434 0.014299599 0.994312584
1305031127.179349 -0.032605693 0.149347901 0.121304944 -0.095720515 -0.042137224 0.013687924 0.994421780
1305031127.211700 -0.030305151 0.147246629 0.122854546 -0.095462807 -0.044721086 0.013686584 0.994333744
1305031127.247374 -0.030015834 0.142402425 0.124089897 -0.094895191 -0.044982340 0.012733839 0.994388938
1305031127.279465 -0.031378735 0.142816544 0.124427125 -0.091550484 -0.044618741 0.011713782 0.994731367
1305031127.311362 -0.031996101 0.140485168 0.126291722 -0.091985971 -0.045467012 0.010833618 0.994662762
1305031127.347356 -0.032320160 0.134279817 0.128309548 -0.091764219 -0.047001500 0.010290558 0.994617641
1305031127.379262 -0.032566413 0.134438008 0.128911942 -0.088396370 -0.048057336 0.010182850 0.994873285
1305031127.411371 -0.033807043 0.133979440 0.130450442 -0.087587595 -0.048752256 0.009379175 0.994918942
1305031127.447333 -0.033743493 0.128698274 0.132728055 -0.088209920 -0.050194792 0.009080844 0.994794965
1305031127.479362 -0.035171889 0.130042419 0.133299172 -0.085054882 -0.050683875 0.008240139 0.995052218
1305031127.511356 -0.035975650 0.129362971 0.134803668 -0.085939609 -0.051603194 0.006929764 0.994938910
1305031127.547348 -0.034588002 0.123922557 0.136722744 -0.087577276 -0.053351909 0.006968561 0.994703591
1305031127.579345 -0.036106501 0.124963418 0.137308404 -0.084856875 -0.053113971 0.006601175 0.994954586
1305031127.611271 -0.036168709 0.125636041 0.137871161 -0.084766164 -0.053780269 0.006361570 0.994928062
1305031127.647358 -0.035300039 0.122422695 0.139463618 -0.086620077 -0.054506838 0.007655004 0.994719744
1305031127.679298 -0.035666823 0.120682403 0.140002161 -0.085480049 -0.054855302 0.008374809 0.994793415
1305031127.711375 -0.036956407 0.122890964 0.139604524 -0.083781846 -0.054984562 0.007935039 0.994934320
1305031127.747304 -0.035811651 0.120379031 0.140648901 -0.085779056 -0.056094259 0.008053157 0.994701266
1305031127.779346 -0.035408527 0.117614932 0.141448677 -0.085543208 -0.056508984 0.008311193 0.994695961
1305031127.811829 -0.036817387 0.119028114 0.140717417 -0.083238073 -0.056240357 0.007159717 0.994915664
1305031127.847366 -0.037244156 0.118543558 0.140778974 -0.083521366 -0.056157589 0.006171257 0.994903207
1305031127.879380 -0.038435832 0.117482886 0.140763670 -0.083656214 -0.055988513 0.005621800 0.994904637
1305031127.911476 -0.039321471 0.117458709 0.141206771 -0.083225735 -0.056638379 0.005271922 0.994905889
1305031127.947366 -0.039724097 0.119063497 0.141650900 -0.083140492 -0.057349123 0.005285468 0.994872272
1305031127.979371 -0.039275061 0.117755972 0.143250525 -0.085264832 -0.058448594 0.005360079 0.994628012
1305031128.011427 -0.038004704 0.117986254 0.144747347 -0.086099647 -0.059188839 0.005108589 0.994513690
1305031128.047369 -0.036673557 0.115560405 0.147185624 -0.089379847 -0.058845989 0.006372553 0.994237244
1305031128.079334 -0.037436962 0.112868048 0.148769736 -0.090006933 -0.058139563 0.007125901 0.994217157
1305031128.111391 -0.037248984 0.112061068 0.149699092 -0.089582771 -0.058513030 0.007922268 0.994227529
1305031128.147418 -0.035847671 0.111085594 0.150901929 -0.090597719 -0.059233937 0.009716559 0.994076967
1305031128.179350 -0.034913093 0.106987789 0.152681470 -0.091331258 -0.059566602 0.010927479 0.993977368
1305031128.211447 -0.035956170 0.108669743 0.152124166 -0.088438191 -0.059050988 0.011124782 0.994267523
1305031128.247480 -0.036476213 0.110363990 0.152349025 -0.087880537 -0.059275929 0.011445770 0.994299948
1305031128.279336 -0.035358399 0.107079752 0.153677732 -0.089236192 -0.060197320 0.011451105 0.994123757
1305031128.311483 -0.036088321 0.107567810 0.153052613 -0.087686256 -0.059886552 0.010707574 0.994288743
1305031128.347423 -0.037090003 0.107690901 0.152616233 -0.087539069 -0.059530098 0.009661111 0.994333804
1305031128.379404 -0.037413940 0.106365934 0.153017148 -0.088133745 -0.059927605 0.008070454 0.994271576
1305031128.411337 -0.036835305 0.105309561 0.153132617 -0.087856434 -0.060273420 0.007204879 0.994281888
1305031128.447296 -0.037733711 0.105454773 0.152730435 -0.087214626 -0.059968900 0.005971756 0.994364977
1305031128.479296 -0.037923232 0.104641579 0.152924612 -0.087622106 -0.060244735 0.004711606 0.994319260
1305031128.511433 -0.038142595 0.103694484 0.152643710 -0.087451309 -0.059914391 0.004074657 0.994357049
1305031128.547399 -0.037840180 0.103262745 0.152702510 -0.087550007 -0.059546884 0.003601315 0.994372249
1305031128.579455 -0.037404228 0.100583002 0.153068483 -0.088094093 -0.059178986 0.003421347 0.994346797
1305031128.611395 -0.038886603 0.100664802 0.152474985 -0.086512700 -0.058637705 0.003591788 0.994517088
1305031128.647352 -0.040081073 0.100866258 0.151759282 -0.085820362 -0.059359204 0.003781368 0.994533598
1305031128.679282 -0.039564162 0.099618793 0.151748374 -0.085822843 -0.060977329 0.003300301 0.994437158
1305031128.711457 -0.038744219 0.099531449 0.151435032 -0.084661722 -0.061232399 0.002388133 0.994523644
1305031128.747363 -0.038560975 0.099642150 0.150991812 -0.083818279 -0.060340110 0.001481424 0.994651377
