1305031103.011215 -0.017137630 0.045439221 0.252448976 -0.045272071 -0.016090609 -0.003568283 0.998838723
1305031103.043227 -0.016982617 0.047489658 0.261659831 -0.047222082 -0.022315515 -0.000765579 0.998634815
1305031103.075319 -0.016155720 0.048056874 0.278080463 -0.048042543 -0.025261691 0.001433502 0.998524785
1305031103.111240 -0.017329466 0.054116935 0.284076095 -0.045484759 -0.024328312 0.002244271 0.998666227
1305031103.143318 -0.012873947 0.051486246 0.290318221 -0.050586410 -0.026692158 0.005724638 0.998346508
1305031103.175452 -0.014929060 0.058349725 0.296611279 -0.048806336 -0.024258243 0.005302981 0.998499513
1305031103.211220 -0.015133468 0.061559852 0.302688509 -0.054234270 -0.024335748 0.007155797 0.998205960
1305031103.243216 -0.014698085 0.064850271 0.309010535 -0.060611833 -0.024557086 0.010841645 0.997800410
1305031103.275370 -0.021015083 0.069310576 0.311517268 -0.066108905 -0.025017226 0.012073337 0.997425675
1305031103.311210 -0.019921837 0.063772120 0.316048741 -0.075063966 -0.035066456 0.012253449 0.996486604
1305031103.343223 -0.012021685 0.064929798 0.317629665 -0.075960189 -0.042640559 0.014075512 0.996099234
1305031103.375327 -0.010201823 0.063898914 0.318287581 -0.079815127 -0.041956708 0.015876399 0.995799780
1305031103.411260 -0.013216769 0.059927426 0.317427784 -0.082275838 -0.039835181 0.016058253 0.995683670
1305031103.443280 -0.015089199 0.058621071 0.313558161 -0.081822693 -0.041301638 0.015104776 0.995676219
1305031103.475274 -0.013999484 0.054549903 0.310016304 -0.082564987 -0.044453371 0.013731272 0.995499074
1305031103.511333 -0.013683731 0.049961790 0.304610938 -0.080874994 -0.045999974 0.011214752 0.995599031
1305031103.543444 -0.015045824 0.046367846 0.296958685 -0.076526508 -0.046177670 0.008627729 0.995960295
1305031103.575474 -0.017020825 0.044883441 0.287744105 -0.071523637 -0.046517313 0.008652400 0.996316016
1305031103.611223 -0.017229062 0.039879143 0.279417485 -0.070202693 -0.049687680 0.010280850 0.996241450
1305031103.643445 -0.015871044 0.036088947 0.270195186 -0.067654319 -0.054171234 0.010959987 0.996176839
1305031103.675523 -0.015061195 0.033591215 0.259911120 -0.064316981 -0.056372847 0.010636359 0.996279240
1305031103.711610 -0.012661165 0.030510891 0.249643818 -0.061962370 -0.057970118 0.010627458 0.996336877
1305031103.743326 -0.011369310 0.024373960 0.239481315 -0.060518641 -0.057834640 0.009550205 0.996444404
1305031103.775342 -0.011234275 0.024111364 0.226667494 -0.056058064 -0.056994852 0.006139892 0.996780515
1305031103.811242 -0.009971803 0.023161246 0.214372844 -0.055890728 -0.056230888 0.003332417 0.996846616
1305031103.843251 -0.013835666 0.024280867 0.201190338 -0.057466216 -0.054232351 0.000343218 0.996873260
1305031103.875361 -0.013248224 0.012129908 0.193371639 -0.067547113 -0.057768892 -0.002157969 0.996039927
1305031103.911221 -0.011609797 0.006120346 0.181635365 -0.067126080 -0.062070791 -0.003656266 0.995805204
1305031103.943211 -0.010452162 0.003531951 0.168530300 -0.065035217 -0.064669281 -0.004440404 0.995775342
1305031103.975373 -0.006961444 0.000033319 0.156249300 -0.062594399 -0.067763165 -0.005515510 0.995720685
1305031104.011232 -0.001939088 -0.006388726 0.145258516 -0.059656296 -0.069186434 -0.006183842 0.995799243
1305031104.043249 0.001926636 -0.007948602 0.132650465 -0.052028846 -0.067077830 -0.007844187 0.996359408
1305031104.075425 0.004622902 -0.008169610 0.119486429 -0.047652647 -0.062912829 -0.010573981 0.996824682
1305031104.111235 0.006866228 -0.015918080 0.110747896 -0.047139440 -0.057174504 -0.012102974 0.997177243
1305031104.143230 0.006465618 -0.019579532 0.098466367 -0.042588096 -0.051205277 -0.013035142 0.997694492
1305031104.175424 0.005723015 -0.019468619 0.084543541 -0.036767613 -0.047793105 -0.013949240 0.998082876
1305031104.211283 0.006487893 -0.024184214 0.076438747 -0.034101598 -0.045240030 -0.013602846 0.998301208
1305031104.243196 0.007009399 -0.025925130 0.064925887 -0.029303964 -0.042903766 -0.013768722 0.998554409
1305031104.275546 0.008779908 -0.027811278 0.054406133 -0.025028707 -0.040788833 -0.014425787 0.998750031
1305031104.311219 0.010676154 -0.028421951 0.044797722 -0.021055656 -0.038146209 -0.014273166 0.998948336
1305031104.343342 0.010882146 -0.028105179 0.034219965 -0.017402463 -0.033640269 -0.014781993 0.999173105
1305031104.375837 0.010053482 -0.029378440 0.024832202 -0.015749441 -0.028381646 -0.014412217 0.999369144
1305031104.411509 0.008689803 -0.028313840 0.017680176 -0.013586770 -0.024402486 -0.014119612 0.999510169
1305031104.443288 0.004042904 -0.027459148 0.008385723 -0.012554769 -0.021577505 -0.013795675 0.999593139
1305031104.475456 0.000943379 -0.028551457 0.000586483 -0.012882960 -0.022272892 -0.013340868 0.999579847
1305031104.511329 -0.001552076 -0.031086873 -0.004598978 -0.012532544 -0.023972407 -0.012123428 0.999560535
1305031104.543368 0.001554612 -0.033351649 -0.012772860 -0.009618497 -0.026913287 -0.011262236 0.999528050
1305031104.575343 0.008143023 -0.044198792 -0.021795589 -0.008828226 -0.028151672 -0.009857546 0.999516070
1305031104.611336 0.008969856 -0.049044669 -0.032101102 0.000941557 -0.022760255 -0.009972579 0.999690771
1305031104.643243 0.010487848 -0.049920287 -0.044143848 0.012562348 -0.015253529 -0.009886102 0.999755859
1305031104.675525 0.017520871 -0.053659610 -0.049893145 0.022675045 -0.009650428 -0.006838151 0.999672949
1305031104.711277 0.016791305 -0.053492449 -0.059268847 0.036965374 -0.001738168 -0.004824917 0.999303401
1305031104.743280 0.015771607 -0.050958399 -0.065431438 0.050227407 0.005848350 -0.004276076 0.998711526
1305031104.775327 0.021776235 -0.049812302 -0.072477125 0.062798381 0.011108865 -0.000066273 0.997964382
1305031104.811465 0.015988395 -0.047320910 -0.079281248 0.073388167 0.019690927 0.000148782 0.997108996
1305031104.843258 0.013805762 -0.043538600 -0.083637565 0.082103670 0.026685936 0.002341593 0.996263683
1305031104.875350 0.016119402 -0.034793805 -0.085603423 0.089839108 0.028790349 0.006438020 0.995519280
1305031104.911534 0.017914005 -0.032989219 -0.086633861 0.091930971 0.029199246 0.008790640 0.995298326
1305031104.943262 0.017001523 -0.030127469 -0.085660316 0.093262188 0.030226383 0.009314587 0.995139062
1305031104.975202 0.015709596 -0.024746031 -0.083066143 0.093161248 0.029868813 0.010020645 0.995152473
1305031105.011290 0.016679980 -0.020957332 -0.077409975 0.089146174 0.029047202 0.010717437 0.995537221
1305031105.043373 0.016263766 -0.017509663 -0.071023777 0.083964534 0.028478863 0.009099835 0.996020138
1305031105.075320 0.016999891 -0.017856564 -0.061898112 0.076540537 0.027232092 0.007596136 0.996665537
1305031105.111299 0.013597360 -0.020598225 -0.052369986 0.069887698 0.027075427 0.005744679 0.997170806
1305031105.143106 0.009889231 -0.010521989 -0.043902602 0.065880403 0.025159586 0.003679755 0.997503519
1305031105.175159 0.007598395 -0.005707948 -0.032580923 0.053791624 0.022184424 0.000129784 0.998305738
1305031105.211268 0.000923060 -0.013367130 -0.020170115 0.039716773 0.019866139 -0.003252143 0.999008179
1305031105.243270 -0.002249246 -0.010390709 -0.009311786 0.031829819 0.014728923 -0.004620740 0.999374092
1305031105.275288 -0.008957057 -0.007287966 0.003783018 0.021972068 0.010059132 -0.007268396 0.999681532
1305031105.311290 -0.008531635 -0.009637889 0.014730135 0.011162912 0.001668089 -0.006920088 0.999912322
1305031105.343302 -0.008958953 -0.011554622 0.028569108 0.002365418 -0.005330569 -0.007143337 0.999957502
1305031105.375338 -0.010960313 -0.013571937 0.038703691 -0.001911567 -0.009738826 -0.006944160 0.999926627
1305031105.411286 -0.011874762 -0.007297878 0.049017556 -0.005890106 -0.014448157 -0.007725372 0.999848425
1305031105.443316 -0.012127502 -0.010966702 0.062568344 -0.013933733 -0.018819381 -0.008029629 0.999693573
1305031105.475280 -0.013018830 -0.009806104 0.073562324 -0.017236862 -0.022105452 -0.008083485 0.999574363
1305031105.511332 -0.010067871 -0.005963932 0.083475441 -0.020516116 -0.026281998 -0.007253827 0.999417663
1305031105.543282 -0.010430625 -0.007408273 0.096366942 -0.025313739 -0.027148504 -0.006460526 0.999289930
1305031105.575449 -0.012091704 -0.005424370 0.107632913 -0.027757589 -0.027987067 -0.006387023 0.999202430
1305031105.611378 -0.011519378 -0.009375990 0.122649744 -0.032650139 -0.029087869 -0.005703397 0.999027193
1305031105.643273 -0.013750222 -0.007829894 0.134370521 -0.033109929 -0.028832383 -0.002909428 0.999031484
1305031105.675166 -0.011070689 -0.005511716 0.146173745 -0.034540508 -0.030776616 -0.001842521 0.998927593
1305031105.711309 -0.008260028 -0.008514227 0.158587053 -0.035425618 -0.029361401 -0.001999284 0.998938918
1305031105.743312 -0.007483040 -0.003290012 0.169078007 -0.032654472 -0.025777755 -0.001299532 0.999133348
1305031105.775339 -0.005758590 -0.004428940 0.181546807 -0.034123514 -0.021687360 -0.001712473 0.999180794
1305031105.811283 -0.006379796 -0.001202621 0.194575116 -0.031859420 -0.016440157 -0.000870547 0.999356806
1305031105.843271 -0.002292860 -0.000263127 0.203687102 -0.030535067 -0.014558074 0.000808513 0.999427319
1305031105.875337 -0.000263169 0.006004610 0.215084866 -0.028836656 -0.010061754 0.004059820 0.999525249
1305031105.911262 -0.000323617 0.010266910 0.227389127 -0.030701283 -0.005890405 0.008143150 0.999478042
1305031105.943272 -0.000569333 0.015919633 0.238240644 -0.031986490 -0.002358719 0.010495354 0.999430418
1305031105.975329 -0.001577511 0.019739196 0.248514533 -0.035967063 0.000163752 0.011866263 0.999282539
1305031106.011285 -0.001007661 0.023662806 0.258838773 -0.039702095 0.002227731 0.013312575 0.999120414
1305031106.043355 -0.000896889 0.026506647 0.269764036 -0.044333670 0.003939543 0.014692003 0.998900950
1305031106.075330 -0.001169576 0.030737445 0.279610425 -0.047639899 0.004426755 0.016655914 0.998715878
1305031106.111327 -0.003740957 0.036048766 0.288664430 -0.051862814 0.005276343 0.017189324 0.998492301
1305031106.143355 -0.006090771 0.037623286 0.298201501 -0.058888197 0.004520916 0.018766029 0.998077929
1305031106.175534 -0.006075166 0.039202765 0.307110608 -0.063083798 0.002293241 0.020089425 0.997803390
1305031106.211275 -0.007328774 0.039067004 0.315439850 -0.066937245 0.001078370 0.020411430 0.997547805
1305031106.243267 -0.007391976 0.041652191 0.321601033 -0.066816047 -0.000836779 0.024471609 0.997464836
1305031106.276385 -0.008565394 0.046552282 0.326333791 -0.066959403 -0.002210925 0.025361139 0.997430921
1305031106.311238 -0.008020312 0.049944229 0.331108391 -0.070195764 -0.004066434 0.028957685 0.997104526
1305031106.343258 -0.009932805 0.052308474 0.333620340 -0.076232061 -0.004525614 0.029356115 0.996647596
1305031106.375388 -0.006898830 0.058823857 0.334524333 -0.081155844 -0.005513638 0.021780703 0.996448159
1305031106.411320 -0.005555923 0.052911162 0.336894661 -0.089666568 -0.001012954 0.015363012 0.995852828
1305031106.443278 -0.010160691 0.049490076 0.337282509 -0.091854177 0.004954386 0.011081788 0.995698452
1305031106.475345 -0.012736165 0.047623433 0.333697736 -0.091616988 0.005094012 0.009416387 0.995736778
1305031106.511129 -0.014051598 0.043023840 0.327669829 -0.090769827 0.001822909 0.009305559 0.995826781
1305031106.543302 -0.012612484 0.041045375 0.319681048 -0.087327845 -0.002946886 0.008156862 0.996141911
1305031106.575282 -0.012272893 0.038828611 0.310781330 -0.084297754 -0.005030921 0.007140511 0.996402323
1305031106.611151 -0.014378671 0.039066829 0.300766557 -0.082773924 -0.007172999 0.003886666 0.996535003
1305031106.643207 -0.013363346 0.032528970 0.291703224 -0.084357522 -0.010475131 0.001805244 0.996378839
1305031106.675279 -0.016836895 0.031798735 0.281313181 -0.081738539 -0.011866867 0.001678099 0.996581733
1305031106.711508 -0.019261159 0.028359935 0.270388126 -0.083515324 -0.016590569 0.000387011 0.996368289
1305031106.743341 -0.019032814 0.024337247 0.257322192 -0.082691178 -0.023355970 0.001000087 0.996300995
1305031106.775390 -0.016584761 0.021528186 0.244568840 -0.081793427 -0.030318292 0.001118814 0.996187449
1305031106.811289 -0.016073201 0.021570979 0.231016815 -0.080966987 -0.034310192 0.000703908 0.996125817
1305031106.843416 -0.015629705 0.012668971 0.219518393 -0.083856806 -0.038486790 -0.000607103 0.995734096
1305031106.875905 -0.012013197 0.007589867 0.204922333 -0.078917116 -0.042176664 -0.004040580 0.995980382
1305031106.911243 -0.012737698 0.009134389 0.188662723 -0.073600560 -0.040974017 -0.008640288 0.996408284
1305031106.943439 -0.011982711 0.000438120 0.175384805 -0.074532673 -0.040128138 -0.013254187 0.996322691
1305031106.975547 -0.010106761 -0.007256905 0.161361650 -0.070185386 -0.038689334 -0.016413091 0.996648312
1305031107.011576 -0.011338988 -0.001027584 0.143788308 -0.060219314 -0.035274822 -0.019740650 0.997366369
1305031107.043281 -0.011652738 -0.007913735 0.131245941 -0.062082082 -0.032649085 -0.022210484 0.997289658
1305031107.075432 -0.013893191 -0.014027013 0.118311003 -0.058358725 -0.031179002 -0.023110580 0.997541010
1305031107.111229 -0.013059722 -0.012902256 0.103632361 -0.052389082 -0.031976767 -0.023490552 0.997838199
1305031107.143260 -0.010631458 -0.013547655 0.090361521 -0.050495841 -0.031672813 -0.023665508 0.997941315
1305031107.175399 -0.010318132 -0.020561203 0.080204234 -0.049726956 -0.029953949 -0.025037937 0.997999549
1305031107.211358 -0.007158298 -0.026127653 0.069400489 -0.044684436 -0.028360508 -0.025509186 0.998272657
1305031107.243378 -0.006892117 -0.024852056 0.056635492 -0.037281156 -0.024852743 -0.026122667 0.998654127
1305031107.275398 -0.004368351 -0.029900648 0.046565365 -0.032928824 -0.022024469 -0.026040224 0.998875618
1305031107.311226 -0.004266871 -0.034464072 0.037094936 -0.026148109 -0.018120185 -0.027772378 0.999107957
1305031107.343509 -0.001214119 -0.039052900 0.026005307 -0.015986770 -0.015198709 -0.028063279 0.999362707
1305031107.375413 0.001318298 -0.034518946 0.016850716 -0.005448221 -0.010660418 -0.027101403 0.999561012
1305031107.411271 0.004807006 -0.035556789 0.011958625 0.000719632 -0.006758696 -0.027297365 0.999604225
1305031107.443419 0.007202094 -0.032795060 0.006520933 0.006841893 -0.002451203 -0.026855998 0.999612868
1305031107.475377 0.010573901 -0.033402085 0.004514001 0.009661249 0.001345403 -0.025321249 0.999631763
1305031107.511352 0.011448185 -0.028041940 0.001134068 0.012625290 0.005197421 -0.024526589 0.999605954
1305031107.543605 0.015109623 -0.028350072 0.001972110 0.009943388 0.007014872 -0.022278657 0.999677718
1305031107.575454 0.016361220 -0.033033337 0.003710431 0.008498322 0.009124108 -0.019932929 0.999723554
1305031107.611271 0.018545717 -0.025824983 0.002753641 0.010893736 0.010241719 -0.018040335 0.999725461
1305031107.643323 0.019659532 -0.026034545 0.004953256 0.007237992 0.011459718 -0.016973957 0.999764085
1305031107.675568 0.018047620 -0.025709886 0.006909871 0.006013693 0.012586818 -0.016647564 0.999764085
1305031107.711307 0.017592475 -0.021408845 0.008343904 0.005721448 0.012437350 -0.015539306 0.999785542
1305031107.743538 0.015363192 -0.017381134 0.010038154 0.003333507 0.011667780 -0.015016502 0.999813616
1305031107.775802 0.014515833 -0.018515337 0.012087016 0.000068365 0.009286612 -0.016588693 0.999819279
1305031107.811596 0.016579986 -0.015737148 0.013906033 -0.001495281 0.006776751 -0.016213238 0.999844491
1305031107.843332 0.018549982 -0.016077187 0.015625749 -0.004371519 0.005912142 -0.017024543 0.999828041
1305031107.875358 0.022709392 -0.019522417 0.017777467 -0.006168622 0.006120523 -0.020364691 0.999754846
1305031107.911541 0.024543494 -0.018876763 0.019260168 -0.005043909 0.009265096 -0.022893434 0.999682248
1305031107.943122 0.029397059 -0.020806611 0.020899775 -0.003801637 0.012224535 -0.023194721 0.999648988
1305031107.975807 0.035345800 -0.021107113 0.023407757 -0.001163474 0.016088881 -0.022959100 0.999606252
1305031108.011320 0.045807771 -0.019665336 0.025116624 0.003209595 0.019236121 -0.024345310 0.999513388
1305031108.043418 0.056722645 -0.019170782 0.023319431 0.005432467 0.024822950 -0.021512454 0.999445617
1305031108.075352 0.064100914 -0.020072946 0.029723596 0.006546260 0.034337573 -0.016333418 0.999255359
1305031108.111378 0.068296298 -0.022693714 0.032666214 0.008290356 0.041317221 -0.017090121 0.998965502
1305031108.143334 0.078559555 -0.018487109 0.034880511 0.011380085 0.044266690 -0.015646001 0.998832345
1305031108.176058 0.087494791 -0.012120049 0.036235183 0.011498519 0.047561016 -0.012030974 0.998729706
1305031108.211475 0.096330710 -0.015947204 0.040066745 0.005325096 0.049141947 -0.013162673 0.998690903
1305031108.243347 0.109466761 -0.022269052 0.043795150 0.002640786 0.051396336 -0.015366409 0.998556614
1305031108.275358 0.116420031 -0.014774437 0.046469342 0.005020969 0.056458548 -0.014555229 0.998286188
1305031108.311332 0.124196738 -0.010630405 0.048057452 0.002467721 0.057582572 -0.012989557 0.998253167
1305031108.343278 0.130926192 -0.008530353 0.051888332 -0.002728285 0.056813359 -0.011143662 0.998318911
1305031108.375410 0.137570217 -0.007790497 0.054909177 -0.007979793 0.054605380 -0.006198959 0.998456895
1305031108.411361 0.148810998 -0.008985335 0.056472003 -0.013404895 0.050303891 0.000155132 0.998643994
1305031108.443610 0.161121204 -0.007175033 0.058793660 -0.017244337 0.048161060 0.006298370 0.998670876
1305031108.475471 0.171974704 -0.011206623 0.060554132 -0.021416493 0.047391046 0.013071804 0.998561263
1305031108.511378 0.194357783 -0.014363903 0.063107401 -0.021553801 0.046631768 0.017423034 0.998527586
1305031108.543737 0.206224844 -0.019257378 0.063081093 -0.018961160 0.053174019 0.016122004 0.998275042
1305031108.575414 0.207419425 -0.013964452 0.060411870 -0.014556789 0.060941882 0.015007620 0.997922301
1305031108.611407 0.219706327 -0.014222948 0.062599204 -0.015037843 0.066177040 0.015978556 0.997566581
1305031108.643303 0.226803839 -0.010343001 0.062668316 -0.014004244 0.072462372 0.017427271 0.997120559
1305031108.675375 0.240842700 -0.006357893 0.062100463 -0.015625836 0.075996920 0.021927174 0.996744454
1305031108.711411 0.251027048 -0.001986807 0.073011987 -0.017916562 0.083019204 0.025765562 0.996053696
1305031108.743502 0.257940650 -0.003856279 0.073286891 -0.019986223 0.087819748 0.027204361 0.995564222
1305031108.775493 0.258248001 -0.009775990 0.066473827 -0.023822848 0.094133645 0.028337060 0.994871020
1305031108.811244 0.259916782 -0.011218954 0.067545220 -0.025888374 0.098351315 0.033215638 0.994260311
1305031108.843264 0.260729134 -0.014406487 0.066388115 -0.025848452 0.099025011 0.038885321 0.993988872
1305031108.876515 0.261660337 -0.015932363 0.064218551 -0.024574202 0.096158259 0.044617258 0.994061887
1305031108.911364 0.265115082 -0.014337936 0.068136223 -0.020225642 0.091998287 0.049486339 0.994323075
1305031108.943243 0.262023062 -0.017270969 0.062362392 -0.016106607 0.089068957 0.050764404 0.994600534
1305031108.975268 0.255467296 -0.012624262 0.061064579 -0.011485120 0.084664993 0.046777345 0.995244622
1305031109.011269 0.257256240 -0.011792043 0.060543507 -0.011674025 0.079403467 0.046304580 0.995698094
1305031109.043277 0.250734448 -0.012522532 0.057974152 -0.010954193 0.078916810 0.043686271 0.995863259
1305031109.075410 0.242976651 -0.006265244 0.056509558 -0.010647100 0.076883756 0.037951551 0.996260583
1305031109.111282 0.237119228 -0.009929662 0.054825626 -0.015563810 0.075018309 0.035230756 0.996438026
1305031109.143334 0.219238475 -0.013759857 0.054526821 -0.017409131 0.075660892 0.031361643 0.996488214
1305031109.175464 0.214846656 -0.005176394 0.054112855 -0.014417607 0.067183509 0.029989503 0.997185588
1305031109.211379 0.210590556 0.009140884 0.055618189 -0.014443208 0.060103573 0.034459159 0.997492611
1305031109.243290 0.199208692 0.005274988 0.056109853 -0.024373099 0.058255576 0.039436232 0.997224689
1305031109.275308 0.181299612 -0.008251026 0.056206085 -0.031171504 0.057102706 0.041704014 0.997009754
1305031109.311329 0.166234195 -0.002132350 0.057386026 -0.026706880 0.049659368 0.043037575 0.997481048
1305031109.343248 0.158037096 0.001362739 0.051801078 -0.028294709 0.038552109 0.041927651 0.997975528
1305031109.375397 0.149314001 -0.002041699 0.053170010 -0.032003738 0.029789405 0.040718798 0.998213589
1305031109.411329 0.138730869 -0.000139287 0.050882496 -0.031921148 0.022291290 0.036965009 0.998557806
1305031109.443302 0.131656706 0.004406251 0.049536102 -0.033799220 0.015440094 0.032397229 0.998784065
1305031109.475363 0.121375784 0.001681492 0.050474979 -0.037427314 0.013407984 0.028760025 0.998795450
1305031109.511273 0.109949864 -0.002113868 0.049364906 -0.038412154 0.011492501 0.024237476 0.998901904
1305031109.543294 0.099754669 0.000465300 0.047508992 -0.034724906 0.009494572 0.022288399 0.999103248
1305031109.575362 0.087663040 0.002553091 0.046042949 -0.033810310 0.009737767 0.021778755 0.999143481
1305031109.611310 0.076263301 0.003595909 0.043896120 -0.033642653 0.008144650 0.019663783 0.999207258
1305031109.643229 0.068096273 0.005271709 0.042052280 -0.033948671 0.006250168 0.019535013 0.999213099
1305031109.675263 0.054494835 0.008590271 0.041776724 -0.035060760 0.006711168 0.021355681 0.999134421
1305031109.711312 0.042136751 0.011348744 0.040636625 -0.037031841 0.004014187 0.020477939 0.999096155
1305031109.743274 0.032337420 0.012337685 0.041321434 -0.041296054 0.000631180 0.019780826 0.998950899
1305031109.775277 0.023153273 0.010466366 0.042839482 -0.045156643 -0.001396199 0.020051057 0.998777688
1305031109.811371 0.011658220 0.013709959 0.043758709 -0.046155278 -0.002289188 0.019247476 0.998746216
1305031109.843296 0.000156512 0.013556397 0.044241700 -0.049901213 -0.004655429 0.018508319 0.998571813
1305031109.875306 -0.014957017 0.013923790 0.047251604 -0.053539779 -0.006698201 0.016570671 0.998405755
1305031109.911265 -0.025055166 0.011865119 0.049479187 -0.055339683 -0.012848340 0.011277991 0.998321235
1305031109.943299 -0.035416033 0.019210046 0.049691059 -0.054788947 -0.015921947 0.007223943 0.998344898
1305031109.975258 -0.047469776 0.018089781 0.054305471 -0.059568726 -0.017775906 0.002106190 0.998063684
1305031110.011256 -0.058914196 0.019026160 0.055704117 -0.061596736 -0.019795293 -0.005066338 0.997891903
1305031110.043299 -0.067952648 0.018027872 0.057940811 -0.064822942 -0.021462562 -0.011751276 0.997596741
1305031110.075319 -0.080041632 0.021353472 0.060076866 -0.065906882 -0.021250010 -0.016863020 0.997456968
1305031110.111325 -0.092739329 0.022040009 0.062736459 -0.070274688 -0.022075135 -0.021839922 0.997044206
1305031110.143432 -0.103300750 0.018386664 0.065668657 -0.072767377 -0.025533671 -0.025345763 0.996699810
1305031110.175641 -0.112907372 0.024465458 0.065652847 -0.072418235 -0.028676905 -0.026427206 0.996611714
1305031110.211637 -0.122579083 0.021944596 0.067752309 -0.077095076 -0.031692993 -0.028585114 0.996109843
1305031110.243323 -0.131844714 0.020328924 0.068977654 -0.077879973 -0.035801932 -0.028254991 0.995918989
1305031110.279321 -0.138365209 0.018961733 0.069867149 -0.076852612 -0.040281590 -0.029053444 0.995804667
1305031110.311404 -0.148426101 0.019764392 0.069215432 -0.074055180 -0.043152079 -0.030710395 0.995846689
1305031110.343355 -0.158878505 0.022887621 0.069149308 -0.072071321 -0.047284510 -0.031974956 0.995764792
1305031110.379281 -0.170011133 0.023505822 0.069085978 -0.070993535 -0.052020997 -0.035836268 0.995474517
1305031110.411469 -0.190528616 0.027286395 0.060466580 -0.069988601 -0.052532472 -0.038054671 0.995436430
1305031110.443260 -0.201072797 0.029904166 0.060648654 -0.073700331 -0.057601459 -0.042147569 0.994723022
1305031110.479331 -0.211388156 0.026493553 0.061655469 -0.077830121 -0.064528629 -0.047474410 0.993742764
1305031110.511429 -0.222365528 0.027957520 0.061269030 -0.077889718 -0.070939578 -0.051326580 0.993109405
1305031110.543408 -0.229558423 0.032072559 0.060677350 -0.078442283 -0.078024536 -0.054496799 0.992365420
1305031110.579426 -0.237983808 0.036353517 0.060880169 -0.081724718 -0.083569311 -0.059687734 0.991349876
1305031110.611307 -0.234057531 0.033045050 0.069622420 -0.086857766 -0.093262605 -0.063375816 0.989818811
1305031110.643418 -0.240944088 0.031387944 0.069858968 -0.085891560 -0.095784791 -0.066196442 0.989477634
1305031110.679606 -0.246030867 0.037966557 0.066896319 -0.083873354 -0.098395631 -0.068164095 0.989260972
1305031110.711412 -0.252307147 0.037183683 0.069230281 -0.087531574 -0.099709384 -0.069820322 0.988696814
1305031110.743249 -0.256441563 0.035967290 0.069655247 -0.088356450 -0.101610802 -0.071241945 0.988328397
1305031110.779193 -0.267378688 0.034596808 0.063119978 -0.089426160 -0.099329904 -0.070938677 0.988485813
1305031110.811386 -0.271059096 0.036172755 0.062886000 -0.089525111 -0.099006340 -0.073289908 0.988337755
1305031110.843218 -0.273499846 0.036384396 0.063871503 -0.090974748 -0.100860097 -0.075055897 0.987885356
1305031110.879313 -0.271126986 0.034400180 0.063328877 -0.091793671 -0.104090303 -0.074573494 0.987510979
1305031110.911333 -0.264833838 0.034189355 0.063455909 -0.092633188 -0.108038038 -0.075467169 0.986940503
1305031110.943862 -0.260342956 0.033746645 0.064445667 -0.092776030 -0.111243017 -0.076169185 0.986517012
1305031110.979345 -0.254980475 0.038141035 0.065219462 -0.091137320 -0.110731497 -0.075875469 0.986749947
1305031111.011431 -0.245894700 0.036695253 0.067977041 -0.093198240 -0.108127952 -0.074758805 0.986931384
1305031111.043327 -0.243739337 0.036825079 0.067586496 -0.092252858 -0.100646622 -0.072879843 0.987951517
1305031111.079283 -0.239635125 0.040324777 0.067240879 -0.092791393 -0.097027481 -0.070780754 0.988415658
1305031111.111508 -0.231161565 0.036070090 0.069755375 -0.095791519 -0.095736802 -0.067458138 0.988487661
1305031111.143257 -0.222689003 0.034174919 0.071148753 -0.094497353 -0.093867287 -0.066098578 0.988883257
1305031111.179326 -0.207139105 0.035300054 0.073918402 -0.091252677 -0.093366809 -0.065492466 0.989275634
1305031111.211433 -0.200285584 0.035785466 0.071713164 -0.089355640 -0.083861694 -0.062120195 0.990516961
1305031111.243236 -0.199639976 0.033211771 0.071390525 -0.089483075 -0.077858075 -0.062509574 0.990970969
1305031111.279308 -0.178572744 0.032742403 0.079111964 -0.084780052 -0.081825010 -0.059915073 0.991225123
1305031111.311547 -0.176008999 0.038410775 0.073691450 -0.079150327 -0.073613420 -0.056898002 0.992511392
1305031111.343397 -0.173978105 0.034209192 0.066890955 -0.084929988 -0.073745973 -0.056672152 0.992036641
1305031111.379134 -0.152079254 0.024942733 0.075643010 -0.087398961 -0.081143491 -0.052577518 0.991469979
1305031111.411296 -0.148530200 0.025423955 0.066671476 -0.082581982 -0.078907445 -0.053030089 0.992039084
1305031111.443386 -0.130625978 0.028053161 0.074726507 -0.081561387 -0.087852061 -0.057041947 0.991148770
1305031111.479259 -0.105375610 0.031017618 0.091117486 -0.076114498 -0.088614725 -0.055823937 0.991583407
1305031111.511264 -0.097691968 0.029745013 0.086989291 -0.072292022 -0.076235004 -0.055068690 0.992939830
1305031111.543250 -0.084790565 0.028321654 0.091125190 -0.068582341 -0.070793435 -0.053429179 0.993695140
1305031111.579237 -0.071737036 0.031160355 0.087574616 -0.063603066 -0.062125169 -0.047399733 0.994911253
1305031111.611271 -0.070813857 0.020190828 0.072504528 -0.069567233 -0.052780729 -0.040940020 0.995338380
1305031111.643395 -0.050895877 0.008784881 0.072523847 -0.070651136 -0.057852510 -0.032612398 0.995287895
1305031111.679320 -0.032233823 0.014711143 0.071225040 -0.063678332 -0.053187922 -0.023282671 0.996280074
1305031111.711760 -0.023306426 0.017082885 0.076628864 -0.062067319 -0.044481456 -0.022506922 0.996826231
1305031111.743386 -0.001292582 0.016260961 0.089491405 -0.057772346 -0.038074147 -0.018542709 0.997431159
1305031111.779423 0.012451324 0.028351108 0.090120628 -0.049865857 -0.021056386 -0.011451950 0.998468220
1305031111.811406 0.018250614 0.017620776 0.082316436 -0.051572502 -0.004724331 -0.012057213 0.998585284
1305031111.843299 0.027709942 0.016762827 0.076732256 -0.047771063 0.006050372 -0.011751322 0.998770833
1305031111.879442 0.033174995 0.015646733 0.075376175 -0.049037904 0.014254872 -0.008189864 0.998661637
1305031111.911354 0.037528165 0.014394894 0.079821922 -0.047884315 0.015541330 -0.003849927 0.998724520
1305031111.943300 0.052351154 0.015730340 0.079980485 -0.045594573 0.010150153 0.005597649 0.998892784
1305031111.979449 0.072189353 0.015928166 0.080759034 -0.044862483 0.008849769 0.014451071 0.998849452
1305031112.011433 0.084051922 0.012285061 0.082720101 -0.044208024 0.015923910 0.013557839 0.998803377
1305031112.043270 0.097959198 0.014592962 0.082799748 -0.039516434 0.022548763 0.012446756 0.998886943
1305031112.079339 0.112849131 0.012987554 0.078933157 -0.037735436 0.031997025 0.011668368 0.998707175
1305031112.111423 0.114160463 0.008102195 0.075556196 -0.037168328 0.043805823 0.004840158 0.998336673
1305031112.144342 0.131527185 0.018151976 0.081939131 -0.032945618 0.045726985 0.002038772 0.998408496
1305031112.179390 0.144765973 0.012951949 0.078111410 -0.037354875 0.057293620 -0.003168854 0.997653246
1305031112.211254 0.154380366 0.001906319 0.078765482 -0.040966596 0.067017294 -0.008533343 0.996873915
1305031112.243369 0.167386785 -0.002040612 0.081193298 -0.035997346 0.076241188 -0.013016735 0.996354342
1305031112.279353 0.169131368 -0.004962983 0.079249874 -0.032118365 0.084939554 -0.017822558 0.995708823
1305031112.311312 0.178856656 -0.004423902 0.084065065 -0.025198011 0.086400107 -0.018249841 0.995774567
1305031112.343323 0.187146053 -0.004658711 0.081127420 -0.018700123 0.086931504 -0.016345268 0.995904624
1305031112.379360 0.194788292 -0.004116435 0.080391943 -0.014396835 0.085994303 -0.012658764 0.996111155
1305031112.411442 0.207956046 -0.003642296 0.078083895 -0.011585296 0.082233809 -0.008298174 0.996511161
1305031112.443391 0.218813762 -0.007022294 0.077430472 -0.010220531 0.080731109 -0.001815851 0.996681869
1305031112.479418 0.223968655 -0.006550206 0.076301076 -0.006863462 0.080535606 0.006958141 0.996703804
1305031112.511504 0.229626596 -0.007736789 0.076112740 -0.005078753 0.077945173 0.014056912 0.996845603
1305031112.543212 0.238989294 -0.008858237 0.075119317 -0.002999356 0.074241646 0.018300986 0.997067869
1305031112.579252 0.246201992 -0.008137023 0.074060529 -0.000733462 0.071152985 0.023699563 0.997183561
1305031112.611261 0.274447292 0.001722432 0.072754174 0.003327317 0.062396489 0.034021821 0.997465849
1305031112.643246 0.281953812 0.001045960 0.073409811 0.000065860 0.068223804 0.041128706 0.996821940
1305031112.679952 0.282187909 -0.002005273 0.073454738 -0.003386905 0.075768672 0.042961791 0.996193767
1305031112.711251 0.285348743 0.000880318 0.073787093 -0.004391653 0.079691112 0.045129754 0.995787799
1305031112.743245 0.286693335 0.009765100 0.073052317 -0.006279760 0.083140604 0.048590854 0.995332718
1305031112.779310 0.282839954 0.003487104 0.076615840 -0.016071243 0.088862062 0.049507536 0.994682968
1305031112.811310 0.271880627 -0.002335241 0.076661006 -0.020239469 0.092128873 0.046957619 0.994433343
1305031112.843286 0.271241724 0.005407337 0.077605546 -0.019730331 0.085913621 0.046255235 0.995032668
1305031112.879421 0.270615458 0.004904972 0.078377545 -0.023616899 0.082263008 0.047984887 0.995174587
1305031112.911411 0.261823773 0.003457502 0.079388902 -0.026944980 0.080926396 0.049647499 0.995118082
1305031112.943321 0.256016344 0.001811450 0.078830250 -0.029183691 0.075849153 0.048849035 0.995494366
1305031112.979278 0.251910657 0.001863797 0.079008341 -0.029857179 0.069678150 0.045781929 0.996071041
1305031113.011353 0.249270633 0.006997197 0.076413304 -0.029528791 0.065101132 0.046490282 0.996357620
1305031113.043231 0.240773305 0.007184205 0.077631652 -0.033486355 0.064214088 0.044074550 0.996399820
1305031113.079251 0.227451250 -0.002976311 0.077750504 -0.037488796 0.063845046 0.037864603 0.996536314
1305031113.111316 0.219117060 0.001577691 0.074160814 -0.033287477 0.058081403 0.033330664 0.997199833
1305031113.143306 0.213556513 0.006791076 0.072552420 -0.034019113 0.053934917 0.032161873 0.997446418
1305031113.179343 0.197847754 -0.001394596 0.072627530 -0.039378867 0.054927014 0.033320822 0.997157037
1305031113.211259 0.183537036 -0.001071455 0.069551691 -0.037083030 0.050781328 0.035087697 0.997404158
1305031113.243227 0.166415989 0.005326276 0.071583591 -0.036931287 0.047372922 0.035722870 0.997554898
1305031113.279312 0.160513103 -0.004519787 0.069236889 -0.042183310 0.039062649 0.037331287 0.997647762
1305031113.311452 0.137202397 -0.014290455 0.070459649 -0.040776450 0.036916103 0.040061861 0.997682095
1305031113.343252 0.123940319 -0.000413349 0.070915446 -0.030473908 0.027719552 0.040040042 0.998348534
1305031113.379312 0.110475756 0.002375860 0.072121866 -0.032446202 0.019066000 0.036792055 0.998614073
1305031113.411625 0.102642521 -0.008197686 0.069383040 -0.035382699 0.009132736 0.036764365 0.998655677
1305031113.443266 0.086666726 -0.002012599 0.068442300 -0.031254835 0.003231098 0.030916123 0.999027967
1305031113.479311 0.071708135 0.003900515 0.070792936 -0.032298356 -0.002996588 0.026052056 0.999134183
1305031113.511523 0.054873411 0.001753398 0.073412247 -0.036558170 -0.006072397 0.024270415 0.999018312
1305031113.543242 0.041405067 -0.001175924 0.074317239 -0.038931914 -0.011958026 0.020049762 0.998969138
1305031113.579301 0.030963304 0.001229013 0.073030993 -0.038254373 -0.017620075 0.016263921 0.998980284
1305031113.611268 0.019083448 0.000077927 0.072110869 -0.041554824 -0.020575251 0.011275440 0.998860717
1305031113.643222 0.009503088 -0.001593510 0.072231665 -0.045050472 -0.021663649 0.008014126 0.998717606
1305031113.679288 -0.004443216 -0.001539107 0.072851509 -0.045691974 -0.020023309 0.004202708 0.998746037
1305031113.711931 -0.013875725 -0.002990142 0.073055066 -0.046398360 -0.020461010 -0.000644637 0.998713195
1305031113.743590 -0.025041008 -0.000902872 0.072645813 -0.044750780 -0.017842067 -0.006076742 0.998820364
1305031113.779320 -0.038665973 -0.002263486 0.073490016 -0.044151913 -0.014552847 -0.010524579 0.998863399
1305031113.811237 -0.047981236 -0.000825783 0.072740011 -0.042805400 -0.014152900 -0.012131083 0.998909533
1305031113.843295 -0.059953257 0.000890587 0.073205404 -0.043030821 -0.011639414 -0.015839785 0.998880327
1305031113.879281 -0.076097503 -0.004863056 0.075687200 -0.043442260 -0.009721776 -0.020569799 0.998796821
1305031113.911290 -0.083446227 -0.000668450 0.075355768 -0.039099861 -0.012291516 -0.020769896 0.998943806
1305031113.943291 -0.092206068 -0.002595937 0.076287568 -0.037535481 -0.010996691 -0.023056872 0.998968720
1305031113.979293 -0.106510051 -0.001503322 0.076397464 -0.033756103 -0.008116835 -0.028666520 0.998985946
1305031114.011257 -0.121849202 0.002202315 0.077182151 -0.029104648 -0.005967913 -0.034453671 0.998964608
1305031114.043301 -0.138731167 0.001994213 0.076886497 -0.028005181 -0.006868024 -0.036003716 0.998935580
1305031114.079285 -0.154638112 0.003140581 0.077598967 -0.025055362 -0.010581506 -0.037416637 0.998929560
1305031114.111263 -0.161907151 0.005734825 0.078347236 -0.022218846 -0.017980210 -0.040745754 0.998760641
1305031114.143284 -0.171326593 0.005417729 0.079269513 -0.022472354 -0.023440225 -0.043649044 0.998519063
1305031114.179337 -0.178639740 0.001609538 0.080591850 -0.021306496 -0.027006848 -0.045471486 0.998373151
1305031114.211303 -0.191065267 0.011739089 0.079928592 -0.016153460 -0.026513748 -0.048375525 0.998346567
1305031114.243337 -0.205526516 0.010351131 0.082300678 -0.019150458 -0.028057927 -0.052725818 0.998031080
1305031114.279390 -0.225804180 0.011007540 0.079241626 -0.018855175 -0.028912533 -0.053236708 0.997985184
1305031114.311429 -0.234438926 0.015117702 0.083907165 -0.018680865 -0.037768833 -0.053537875 0.997676432
1305031114.343331 -0.235529512 0.010773939 0.084007338 -0.021584697 -0.047621112 -0.057080980 0.996999562
1305031114.379320 -0.241999865 0.010101138 0.086916350 -0.021647422 -0.050681654 -0.060949121 0.996618271
1305031114.411397 -0.253662765 0.010746126 0.085420325 -0.020401008 -0.051324192 -0.065443821 0.996326625
1305031114.443345 -0.265853435 0.012222970 0.085107498 -0.020272268 -0.054290023 -0.067402028 0.996041477
1305031114.479332 -0.276275426 0.009862833 0.086434424 -0.021551048 -0.061063532 -0.068385206 0.995555282
1305031114.511266 -0.280136615 0.012913637 0.086269990 -0.021180097 -0.070207447 -0.070125379 0.994839072
1305031114.543236 -0.280724347 0.010640870 0.088958941 -0.024866821 -0.076217689 -0.068820439 0.994402468
1305031114.579237 -0.291972607 0.008842385 0.088818744 -0.026849763 -0.072869755 -0.064954072 0.994861841
1305031114.611391 -0.291456789 0.012810327 0.090393662 -0.027782964 -0.076797716 -0.063400164 0.994640946
1305031114.644136 -0.300132006 0.012166399 0.091352277 -0.032723695 -0.077506252 -0.063162521 0.994450808
1305031114.679251 -0.308205456 0.010024701 0.092575125 -0.036084794 -0.081028953 -0.063133895 0.994055510
1305031114.711306 -0.307526201 0.007729734 0.093950510 -0.037276901 -0.086676277 -0.061956692 0.993609130
1305031114.743200 -0.308450550 0.006721575 0.094313435 -0.036576629 -0.089906871 -0.065849073 0.993097544
1305031114.779289 -0.306041718 0.006789383 0.092641100 -0.034383856 -0.092593811 -0.068756543 0.992731929
1305031114.811303 -0.305486679 0.010089328 0.091565683 -0.033306610 -0.092242844 -0.069748670 0.992732108
1305031114.843208 -0.304343253 0.009939623 0.091605946 -0.033433095 -0.093023665 -0.072488919 0.992458642
1305031114.879281 -0.300529778 0.013011886 0.091288812 -0.032920495 -0.093759827 -0.072192334 0.992428124
1305031114.912879 -0.297656387 0.014500750 0.090432145 -0.033724602 -0.094024420 -0.072397068 0.992361188
1305031114.943234 -0.287400723 0.017580977 0.091715828 -0.035137855 -0.096405186 -0.073533125 0.992000103
1305031114.979280 -0.282559395 0.020111928 0.092886291 -0.036613476 -0.093853652 -0.074395508 0.992127120
1305031115.011300 -0.274922937 0.024557773 0.093537942 -0.039374512 -0.093539499 -0.074759871 0.992023706
1305031115.043508 -0.264086694 0.021246266 0.097940683 -0.044227619 -0.093028836 -0.074579261 0.991880774
1305031115.079238 -0.255537003 0.024342932 0.098121613 -0.044645332 -0.090081804 -0.074936561 0.992107153
1305031115.111230 -0.239583090 0.024646005 0.104396008 -0.047817752 -0.088874057 -0.073666364 0.992163360
1305031115.143275 -0.227626443 0.020515170 0.105054989 -0.050763275 -0.081427112 -0.070415795 0.992891908
1305031115.179440 -0.225361824 0.025358392 0.107367419 -0.050298434 -0.074607350 -0.070441805 0.993449450
1305031115.211374 -0.206433773 0.017617390 0.113413885 -0.053400196 -0.076925389 -0.065875828 0.993423998
1305031115.243297 -0.193902850 0.016629621 0.119391270 -0.048818454 -0.072359852 -0.063220099 0.994175017
1305031115.279966 -0.183326960 0.023615722 0.120010652 -0.045123912 -0.069168329 -0.059480835 0.994807363
1305031115.311704 -0.160276607 0.016259445 0.130678564 -0.047804557 -0.069372408 -0.052018095 0.995086074
1305031115.343235 -0.146758601 0.020910148 0.129781052 -0.042012855 -0.060583469 -0.049122326 0.996068060
1305031115.379166 -0.149286941 0.024701554 0.122002557 -0.045954559 -0.052195415 -0.044038493 0.996606469
1305031115.411237 -0.135723263 0.019944919 0.126838252 -0.054038316 -0.059423279 -0.040920369 0.995928824
1305031115.443159 -0.115004934 0.022197094 0.135444820 -0.056136642 -0.064785317 -0.035515208 0.995685816
1305031115.479241 -0.100164413 0.022011131 0.132318005 -0.060630705 -0.064320110 -0.028784148 0.995669782
1305031115.511253 -0.071493961 0.022165397 0.145564750 -0.062896103 -0.069544949 -0.023995709 0.995304883
1305031115.543604 -0.053570576 0.025612624 0.151420116 -0.060743354 -0.057975110 -0.015960261 0.996340513
1305031115.579315 -0.040014874 0.021035349 0.147794738 -0.061640173 -0.046096791 -0.011940134 0.996961892
1305031115.611424 -0.030251391 0.021999611 0.149374112 -0.060155023 -0.038932335 -0.006513740 0.997408211
1305031115.643254 -0.012983900 0.018707003 0.148402706 -0.059736978 -0.033515789 0.001256018 0.997650564
1305031115.679241 -0.003443293 0.013557564 0.138963595 -0.060669962 -0.027796978 0.011898259 0.997699797
1305031115.711320 0.014253278 0.013041524 0.132849962 -0.061028186 -0.029082136 0.022007685 0.997469485
1305031115.743250 0.033065811 0.014996905 0.139655530 -0.059765521 -0.024599547 0.028831443 0.997492731
1305031115.779425 0.046359301 0.012561707 0.133494571 -0.058804326 -0.014211028 0.036210001 0.997511327
1305031115.811277 0.063210890 0.012947649 0.131918892 -0.059157878 -0.007296695 0.044998970 0.997207165
1305031115.843224 0.073323183 0.011388522 0.131997615 -0.061817013 0.003866884 0.051120505 0.996769965
1305031115.879198 0.080688149 0.011346920 0.135283276 -0.059943035 0.011865520 0.057350967 0.996482253
1305031115.911118 0.095385574 0.014277202 0.134424716 -0.057106633 0.013734332 0.063789576 0.996233463
1305031115.943311 0.107943118 0.015815988 0.134981945 -0.057639584 0.019962793 0.070223354 0.995664537
1305031115.980740 0.117154762 0.020098718 0.136273474 -0.057216775 0.026325466 0.075240806 0.995174408
1305031116.011379 0.135636196 0.027190216 0.140077695 -0.056920420 0.031640690 0.078404434 0.994792283
1305031116.043164 0.143970966 0.024502516 0.139729217 -0.061609123 0.045682900 0.079721160 0.993862152
1305031116.080030 0.154597074 0.030036289 0.140004322 -0.064456567 0.055021532 0.084193699 0.992839038
1305031116.111300 0.163581520 0.030841054 0.144693390 -0.070821494 0.064927988 0.086304180 0.991625011
1305031116.143441 0.171653062 0.028667510 0.146502942 -0.075724334 0.073366396 0.089541502 0.990386546
1305031116.179572 0.190717146 0.030813903 0.145216480 -0.077112399 0.073540904 0.091967195 0.990044177
1305031116.211299 0.200919986 0.033368077 0.148159176 -0.080444425 0.077903196 0.095674768 0.989093602
1305031116.243320 0.209736899 0.026537057 0.151705012 -0.086690985 0.084691189 0.098124057 0.987767041
1305031116.279385 0.215495080 0.027629081 0.149060354 -0.086014219 0.095038228 0.100891016 0.986605465
1305031116.311336 0.223731428 0.026708093 0.148818046 -0.089947321 0.102487653 0.103968114 0.985188544
1305031116.343292 0.234065920 0.022187311 0.150671989 -0.092707880 0.106261745 0.108342834 0.984060764
1305031116.379384 0.239176929 0.017845664 0.148288146 -0.089431964 0.108866781 0.108326554 0.984080970
1305031116.411333 0.232553244 0.018313181 0.143731609 -0.085706368 0.115622438 0.110466175 0.983403862
1305031116.443369 0.231804341 0.020076200 0.141415432 -0.087270461 0.118665822 0.119451530 0.981852174
1305031116.479850 0.232434288 0.018125132 0.141222745 -0.087673850 0.119592987 0.123740837 0.981172264
1305031116.511205 0.231289685 0.017743804 0.137938410 -0.085765697 0.117793858 0.120014898 0.982021034
1305031116.543262 0.225013852 0.018263936 0.135860905 -0.082993641 0.118695237 0.115778320 0.982659101
1305031116.579313 0.215604603 0.019957315 0.132918090 -0.082227290 0.117524721 0.113164715 0.983168542
1305031116.611261 0.195744202 0.015640941 0.135694414 -0.083119579 0.118362017 0.104898818 0.983909428
1305031116.643355 0.181377590 0.012097210 0.135478139 -0.083706491 0.112794697 0.094604686 0.985555947
1305031116.679281 0.176116437 0.007661205 0.132766888 -0.086257920 0.102666907 0.085869804 0.987241328
1305031116.711634 0.164164007 0.020545729 0.130979106 -0.078026630 0.097889103 0.076877452 0.989150882
1305031116.743291 0.151307896 0.021825071 0.128358200 -0.078782022 0.092913464 0.066037752 0.990353227
1305031116.779298 0.141073555 0.020864606 0.128215849 -0.081877947 0.087429158 0.056152094 0.991210878
1305031116.811318 0.120848663 0.018588569 0.128096282 -0.082101472 0.087640405 0.048891701 0.991558433
1305031116.846089 0.112188011 0.017927028 0.125159949 -0.081006266 0.074463867 0.040474121 0.993103683
1305031116.880165 0.089439735 0.025411107 0.125472873 -0.078101300 0.068784893 0.034706734 0.993963957
1305031116.912044 0.089705095 0.021976173 0.124541990 -0.079733461 0.050173931 0.030421279 0.995087802
1305031116.943296 0.067185469 0.024973992 0.122731991 -0.079635091 0.040287606 0.021834923 0.995770276
1305031116.979351 0.048790097 0.031558637 0.126873404 -0.075082377 0.030673169 0.012358366 0.996628821
1305031117.011382 0.034407873 0.035029039 0.126543820 -0.072518595 0.019710556 0.004658713 0.997161388
1305031117.043261 0.017326117 0.039765753 0.124639988 -0.071271315 0.011514777 -0.001319183 0.997389615
1305031117.079520 0.001781051 0.040429618 0.122261375 -0.073548950 0.003518573 -0.006650180 0.997263193
1305031117.111238 -0.011264328 0.043195151 0.120601840 -0.074498065 -0.006214723 -0.007852291 0.997170866
1305031117.143218 -0.020795446 0.048154995 0.120418996 -0.075416923 -0.016379416 -0.008022259 0.996985257
1305031117.179264 -0.025181547 0.046855070 0.121179789 -0.079662450 -0.027077345 -0.013375646 0.996364295
1305031117.211361 -0.028689353 0.049035288 0.120753363 -0.080713086 -0.034271751 -0.015933892 0.996020555
1305031117.243277 -0.029345073 0.052270114 0.120326638 -0.083358698 -0.037774645 -0.017427642 0.995650887
1305031117.279299 -0.030086439 0.050521396 0.121967413 -0.088675968 -0.037824746 -0.022159701 0.995095372
1305031117.311200 -0.034414575 0.049042903 0.122973382 -0.092275918 -0.035108525 -0.024104252 0.994822383
1305031117.343243 -0.036899254 0.044908110 0.123557299 -0.094964854 -0.035003886 -0.024926536 0.994552672
1305031117.379454 -0.037444822 0.040758133 0.123997442 -0.095169842 -0.035318129 -0.025189573 0.994515359
1305031117.411221 -0.040352970 0.035242658 0.123801850 -0.094934210 -0.035939321 -0.024341082 0.994536757
1305031117.443274 -0.038552996 0.033142727 0.122944042 -0.091753311 -0.038534373 -0.022898573 0.994772375
1305031117.479403 -0.039048515 0.026718864 0.123047695 -0.091269843 -0.039469123 -0.021269998 0.994816363
1305031117.511325 -0.038660098 0.018755168 0.123850845 -0.089469410 -0.041441940 -0.019613747 0.994933724
1305031117.544285 -0.040383503 0.015807614 0.123160370 -0.083809510 -0.041563582 -0.019315045 0.995427191
1305031117.579155 -0.041642219 0.010821461 0.123511031 -0.081110477 -0.042936683 -0.020771790 0.995563149
1305031117.611159 -0.042078935 0.005503273 0.125185281 -0.080092125 -0.044707235 -0.019921755 0.995585084
1305031117.643252 -0.042844385 -0.002038581 0.127680570 -0.079131700 -0.046701234 -0.018632408 0.995595276
1305031117.679262 -0.043372955 -0.006935876 0.129817694 -0.078780428 -0.049406260 -0.017733529 0.995509028
1305031117.711184 -0.042341042 -0.015842682 0.133566707 -0.080352530 -0.052579705 -0.015233968 0.995262146
1305031117.743184 -0.042721242 -0.025008311 0.137163535 -0.081127040 -0.054730598 -0.012117162 0.995126188
1305031117.779467 -0.043403253 -0.030446580 0.139327839 -0.080438644 -0.056900315 -0.010187211 0.995082021
1305031117.811320 -0.041656148 -0.042405851 0.144253731 -0.083276242 -0.059742566 -0.008084609 0.994701207
1305031117.843291 -0.037493724 -0.051470354 0.147205740 -0.081778333 -0.061148863 -0.006869437 0.994749188
1305031117.879451 -0.039814740 -0.056728672 0.149785236 -0.079542257 -0.057032105 -0.007678329 0.995169044
1305031117.911407 -0.040564723 -0.067766055 0.154838175 -0.080473788 -0.055450208 -0.007759859 0.995182931
1305031117.943253 -0.039535165 -0.074263826 0.158625990 -0.079146028 -0.054057553 -0.007456207 0.995368302
1305031117.979228 -0.042046569 -0.080250360 0.162780121 -0.080316782 -0.051730007 -0.007977343 0.995394170
1305031118.011228 -0.042125009 -0.093581840 0.168426469 -0.084162846 -0.051712833 -0.008381086 0.995073915
1305031118.043521 -0.041978821 -0.101257242 0.173050746 -0.083248071 -0.050638981 -0.008280370 0.995206952
1305031118.079334 -0.041556217 -0.109623037 0.176136166 -0.083556399 -0.049518496 -0.010115282 0.995220542
1305031118.111217 -0.037483741 -0.118415490 0.181117237 -0.083301187 -0.047071256 -0.010743513 0.995354116
1305031118.143256 -0.042651132 -0.125314176 0.183962792 -0.081419565 -0.040587563 -0.013381233 0.995763242
1305031118.179323 -0.043685529 -0.135816872 0.188720688 -0.081864581 -0.037560806 -0.015575429 0.995813608
1305031118.211202 -0.045678884 -0.145641088 0.193322212 -0.079638481 -0.034824643 -0.013572971 0.996122837
1305031118.243173 -0.047497269 -0.152812511 0.195860669 -0.076481745 -0.035449207 -0.014431105 0.996336102
1305031118.279194 -0.046279550 -0.162288025 0.200601071 -0.073297516 -0.036436621 -0.015270903 0.996527314
1305031118.311299 -0.047104619 -0.168517873 0.201852024 -0.066646934 -0.036308825 -0.015048889 0.997002184
1305031118.343324 -0.043778151 -0.175121099 0.205259204 -0.063188851 -0.036617562 -0.015541526 0.997208476
1305031118.379208 -0.047530968 -0.181715056 0.206785113 -0.059337005 -0.033790704 -0.017359730 0.997514904
1305031118.411296 -0.048984423 -0.181201339 0.207565010 -0.054616436 -0.035127901 -0.017019432 0.997744143
1305031118.445692 -0.046162069 -0.182458743 0.211565524 -0.054164190 -0.036453102 -0.013665312 0.997772813
1305031118.479285 -0.046431527 -0.185083777 0.213201270 -0.053806014 -0.036779359 -0.011522928 0.997807264
1305031118.511255 -0.043313898 -0.182211801 0.213584542 -0.051029664 -0.037903570 -0.009126836 0.997935891
1305031118.544414 -0.043200165 -0.176803559 0.212821916 -0.050799578 -0.036949705 -0.010046473 0.997974575
1305031118.579285 -0.041559458 -0.175170287 0.215242147 -0.052831400 -0.036815215 -0.010856560 0.997865498
1305031118.616142 -0.039227892 -0.170942798 0.213809863 -0.053048506 -0.035335712 -0.012178668 0.997892201
1305031118.645325 -0.040279239 -0.162563547 0.210562557 -0.052730009 -0.032536477 -0.014544224 0.997972667
1305031118.679295 -0.042894095 -0.157777026 0.209165692 -0.055827260 -0.030463466 -0.017558336 0.997821093
1305031118.711421 -0.044862162 -0.155342653 0.207755700 -0.057417966 -0.030187124 -0.020794941 0.997677028
1305031118.746770 -0.046980567 -0.145337567 0.203773111 -0.054304291 -0.031914964 -0.019276269 0.997828066
1305031118.779277 -0.044308718 -0.129177287 0.198104709 -0.054074679 -0.036474392 -0.018446228 0.997699976
1305031118.811221 -0.042610221 -0.132353544 0.197698474 -0.061963692 -0.039184451 -0.021150379 0.997084618
1305031118.846753 -0.038576074 -0.122140989 0.194558337 -0.056917928 -0.040562868 -0.019621180 0.997361541
1305031118.879208 -0.038526423 -0.102977291 0.184105799 -0.052251033 -0.037618041 -0.021866946 0.997685611
1305031118.911177 -0.039192334 -0.099360749 0.182165295 -0.056488093 -0.036470998 -0.024215452 0.997443020
1305031118.946974 -0.038914185 -0.087413438 0.174365282 -0.054330263 -0.034909550 -0.025839187 0.997578025
1305031118.979374 -0.040740430 -0.073943973 0.167976916 -0.053929660 -0.033399072 -0.029809058 0.997540772
1305031119.011363 -0.042486064 -0.064419337 0.163670227 -0.057108134 -0.033201955 -0.031970561 0.997303426
1305031119.047172 -0.042910341 -0.056637444 0.158676445 -0.059331082 -0.033803742 -0.031935439 0.997154593
1305031119.079223 -0.045849193 -0.046751216 0.153351352 -0.059080072 -0.035139028 -0.032100763 0.997117996
1305031119.111328 -0.047676444 -0.038004838 0.148684248 -0.059042986 -0.038099479 -0.032066859 0.997012556
1305031119.147616 -0.049052387 -0.027469959 0.142048404 -0.058560584 -0.040983438 -0.030646149 0.996971309
1305031119.179226 -0.047268715 -0.023323340 0.138610065 -0.060073633 -0.046054278 -0.030501604 0.996664345
1305031119.211364 -0.045591552 -0.012528872 0.131629646 -0.056568634 -0.048221190 -0.028310921 0.996831596
1305031119.247399 -0.047144115 -0.003682275 0.126225919 -0.055559199 -0.048705205 -0.028095406 0.996870935
1305031119.279212 -0.045821398 0.005084607 0.121490330 -0.055190295 -0.050189361 -0.027889343 0.996823549
1305031119.311212 -0.046811782 0.013019463 0.118056998 -0.055118229 -0.050213318 -0.025214149 0.996897638
1305031119.347741 -0.048592746 0.019633178 0.114520684 -0.054395702 -0.051303092 -0.023510450 0.996923447
1305031119.379239 -0.046882547 0.031920370 0.110006467 -0.052222855 -0.054095086 -0.022772579 0.996909201
1305031119.411484 -0.042937759 0.039366253 0.106904350 -0.053296339 -0.055334363 -0.021796152 0.996806145
1305031119.447706 -0.043834038 0.046796300 0.104609944 -0.053824447 -0.052436378 -0.022202758 0.996925473
1305031119.479267 -0.044790264 0.056641757 0.100291312 -0.051773064 -0.050077185 -0.022815250 0.997141600
1305031119.511240 -0.047760434 0.068316899 0.097091526 -0.051614188 -0.047694661 -0.022444755 0.997274995
1305031119.547382 -0.047168467 0.077279434 0.094578438 -0.052824043 -0.048019100 -0.020730166 0.997233212
1305031119.579559 -0.045205615 0.089626737 0.091142356 -0.053606071 -0.047536857 -0.020567959 0.997217894
1305031119.615017 -0.047431741 0.095792688 0.089968190 -0.057996094 -0.044885829 -0.020167088 0.997103333
1305031119.647903 -0.049623687 0.110639922 0.087469965 -0.057916440 -0.043470223 -0.019163655 0.997190416
1305031119.679208 -0.044284839 0.121086001 0.086600631 -0.061425466 -0.043726332 -0.020878239 0.996934772
1305031119.715232 -0.047422331 0.128767982 0.085566074 -0.067211077 -0.037681330 -0.018905958 0.996847689
1305031119.747193 -0.053125385 0.134552464 0.083777606 -0.071207084 -0.033877332 -0.014695789 0.996777773
1305031119.779169 -0.054187588 0.142712310 0.082862422 -0.073740587 -0.035145659 -0.012609415 0.996578217
1305031119.814537 -0.052433100 0.151940122 0.081812859 -0.075034283 -0.036818139 -0.008510242 0.996464670
1305031119.847429 -0.051762491 0.160037190 0.080775276 -0.077300593 -0.036110371 -0.004236156 0.996344686
1305031119.879214 -0.051115107 0.162672356 0.079273127 -0.079379722 -0.034536507 -0.004332495 0.996236563
1305031119.911401 -0.053264335 0.177382499 0.076771691 -0.075655937 -0.031836886 -0.003236816 0.996620357
1305031119.947392 -0.053322323 0.183325320 0.075888708 -0.079930656 -0.030241556 -0.003361558 0.996335924
1305031119.979537 -0.052304380 0.188083291 0.074848413 -0.082160056 -0.027535507 -0.004494393 0.996228516
1305031120.015264 -0.055422805 0.205433607 0.072767347 -0.080713339 -0.022995677 -0.002807209 0.996468127
1305031120.047290 -0.059465948 0.202675164 0.072923377 -0.090528287 -0.020474665 -0.002261736 0.995680809
1305031120.079418 -0.060606863 0.197240204 0.071636841 -0.094837591 -0.022009114 -0.000521103 0.995249331
1305031120.115232 -0.059359320 0.200857610 0.071025752 -0.095142365 -0.025171455 0.002076946 0.995143235
1305031120.148157 -0.056153025 0.196420267 0.071798027 -0.099094138 -0.027462702 0.002888876 0.994694829
1305031120.179246 -0.055907849 0.191779286 0.071613550 -0.099194966 -0.026794890 0.005767550 0.994690478
1305031120.215249 -0.057230726 0.189766958 0.071911663 -0.094498195 -0.026193073 0.005503322 0.995165169
1305031120.248003 -0.057011675 0.188223243 0.072490655 -0.089600287 -0.026265925 0.003349213 0.995625734
1305031120.279430 -0.054998022 0.177301392 0.073494822 -0.089294448 -0.026348090 0.001647954 0.995655358
1305031120.315196 -0.055419557 0.171712250 0.075286642 -0.086741410 -0.025765697 -0.000452869 0.995897532
1305031120.347787 -0.054829191 0.164433867 0.077984445 -0.083483465 -0.025616245 -0.002469890 0.996176779
1305031120.379437 -0.054039024 0.154652908 0.080779471 -0.083147056 -0.026229871 -0.002950342 0.996187627
1305031120.415445 -0.052870687 0.141106352 0.084722951 -0.079458863 -0.027523454 -0.003092772 0.996453285
1305031120.447417 -0.054385360 0.138080597 0.088669561 -0.070390269 -0.027500609 -0.003489516 0.997134268
1305031120.479432 -0.051255681 0.122531362 0.092439324 -0.071206860 -0.029508604 -0.002158083 0.997022688
1305031120.514819 -0.052537996 0.115280837 0.097149968 -0.063954592 -0.031084927 -0.000624444 0.997468352
1305031120.547736 -0.052254349 0.106314845 0.101470195 -0.058218367 -0.034392916 0.001609284 0.997709930
1305031120.579551 -0.053007908 0.100112833 0.104760543 -0.054732971 -0.037943132 0.004985061 0.997767389
1305031120.615236 -0.050401200 0.089630619 0.109591968 -0.052693721 -0.043342162 0.007446591 0.997641921
1305031120.647354 -0.049424477 0.082162894 0.113477990 -0.047833703 -0.046382330 0.008054913 0.997745335
1305031120.679318 -0.047819450 0.074990980 0.117330089 -0.045623176 -0.048350334 0.009020204 0.997747183
1305031120.714522 -0.048235655 0.067804649 0.121113390 -0.043418381 -0.048703793 0.009400439 0.997824848
1305031120.747369 -0.048974980 0.057724658 0.124758616 -0.043550052 -0.050696831 0.009722457 0.997716725
1305031120.779894 -0.044818282 0.047586866 0.129066706 -0.042348962 -0.054435093 0.010064580 0.997568071
1305031120.814944 -0.045603424 0.043396492 0.131299645 -0.038431209 -0.054216076 0.009366183 0.997745395
1305031120.847921 -0.044938531 0.033061080 0.134771317 -0.040606130 -0.055511042 0.007503406 0.997603834
1305031120.883435 -0.042046104 0.023234468 0.137984797 -0.039119467 -0.056194857 0.006068131 0.997634709
1305031120.915444 -0.043781996 0.018967396 0.139468729 -0.036623355 -0.054025419 0.004040710 0.997859538
1305031120.947488 -0.043434478 0.008996765 0.142785624 -0.037807386 -0.054064080 0.002075945 0.997819304
1305031120.983366 -0.045187958 0.000673949 0.144905493 -0.037509494 -0.053394157 -0.000378763 0.997868717
1305031121.015019 -0.044420946 -0.008549967 0.147137940 -0.036686156 -0.054465067 -0.001170215 0.997840822
1305031121.047498 -0.045514524 -0.013614343 0.149229914 -0.035352435 -0.053928304 -0.002282271 0.997916222
1305031121.083099 -0.046559930 -0.026156999 0.151612371 -0.036127921 -0.054956522 -0.003530948 0.997828662
1305031121.114696 -0.046148375 -0.033012528 0.152627230 -0.033639692 -0.056366622 -0.002866226 0.997839153
1305031121.147331 -0.047234926 -0.040599409 0.154502377 -0.031852670 -0.056681640 -0.003893754 0.997876465
1305031121.183271 -0.047048956 -0.049210176 0.156103671 -0.030672450 -0.058297753 -0.004210616 0.997819006
1305031121.211420 -0.043810595 -0.059262566 0.158685654 -0.029337959 -0.059220698 -0.003875246 0.997806191
1305031121.247194 -0.047469009 -0.064485788 0.160089985 -0.026779735 -0.056595344 -0.004569223 0.998027503
1305031121.282876 -0.048360612 -0.073676944 0.162567064 -0.027259322 -0.057784915 -0.004039978 0.997948647
1305031121.313568 -0.047434762 -0.083725385 0.166106969 -0.025374210 -0.058298398 -0.003235365 0.997971416
1305031121.347517 -0.049426965 -0.091347672 0.167981252 -0.024131900 -0.058875654 -0.001648751 0.997972250
1305031121.383226 -0.048051946 -0.101224750 0.172005460 -0.022950249 -0.060758226 -0.001737921 0.997887135
1305031121.414318 -0.048360031 -0.107050598 0.174053743 -0.017941520 -0.059836581 -0.002857741 0.998042881
1305031121.447319 -0.048575602 -0.112886399 0.176134497 -0.016405491 -0.059396692 -0.002313524 0.998096943
1305031121.482964 -0.045654532 -0.124464408 0.182253957 -0.016113915 -0.058771353 -0.000688077 0.998141170
1305031121.514107 -0.049755167 -0.129717276 0.179788515 -0.012538508 -0.055332989 -0.000270062 0.998389184
1305031121.547270 -0.049711470 -0.134776160 0.181659773 -0.013525387 -0.055284668 0.000148402 0.998379052
1305031121.583204 -0.049048036 -0.145186558 0.186452985 -0.016028615 -0.054348931 -0.000638562 0.998393118
1305031121.614700 -0.048379615 -0.151754111 0.188690856 -0.014873638 -0.052873380 -0.001820188 0.998488784
1305031121.647183 -0.046776704 -0.155222937 0.190698072 -0.013451137 -0.049352374 -0.004070129 0.998682559
1305031121.683200 -0.051882591 -0.163899556 0.191771790 -0.016733054 -0.043797843 -0.006235941 0.998880804
1305031121.714520 -0.053910427 -0.170800164 0.193201169 -0.017661344 -0.042545259 -0.005269824 0.998924494
1305031121.747145 -0.053982355 -0.174536526 0.195564017 -0.019160403 -0.042337716 -0.004966584 0.998907268
1305031121.782835 -0.052179277 -0.181584701 0.199408218 -0.021746747 -0.042763900 -0.002361529 0.998845696
1305031121.811540 -0.050011337 -0.184909448 0.201914310 -0.022883005 -0.042366568 -0.000340166 0.998839974
1305031121.847335 -0.050586816 -0.186965570 0.203905627 -0.024987923 -0.040422931 0.003393204 0.998864353
1305031121.882060 -0.051492978 -0.189534739 0.204271078 -0.027551433 -0.039836571 0.009488282 0.998781204
1305031121.914931 -0.052542269 -0.190194681 0.204260647 -0.029273896 -0.041252688 0.011438755 0.998654306
1305031121.947288 -0.049120553 -0.190273851 0.206320688 -0.029309131 -0.044691708 0.011244884 0.998507440
1305031121.982926 -0.049210407 -0.185691044 0.205101952 -0.028443716 -0.044011418 0.010786561 0.998567760
1305031122.014256 -0.052275743 -0.184412673 0.202269420 -0.029034864 -0.042750809 0.007456029 0.998635948
1305031122.047306 -0.051104493 -0.177635595 0.201728165 -0.027172001 -0.044687819 0.004694675 0.998620331
1305031122.082959 -0.050568908 -0.171486348 0.200165734 -0.026014270 -0.045335710 0.001053101 0.998632491
1305031122.114672 -0.051408246 -0.161717042 0.196543768 -0.023643523 -0.045135584 -0.002389090 0.998698175
1305031122.150725 -0.049812287 -0.154740110 0.193772092 -0.024185704 -0.045953028 -0.007727679 0.998620927
1305031122.183042 -0.048082851 -0.145769238 0.190813452 -0.022202376 -0.045595191 -0.012232916 0.998638332
1305031122.214959 -0.051035099 -0.126373366 0.183731258 -0.021008952 -0.042725779 -0.018164424 0.998700738
1305031122.251319 -0.050670028 -0.122609623 0.184318006 -0.028266212 -0.042622242 -0.021107029 0.998468280
1305031122.283560 -0.053641550 -0.109186344 0.178035483 -0.027135827 -0.042148080 -0.023061901 0.998476505
1305031122.314289 -0.056668889 -0.088671565 0.170296505 -0.028910181 -0.043058608 -0.027852589 0.998265684
1305031122.351327 -0.055999845 -0.086373858 0.166780785 -0.037802473 -0.045566887 -0.029598152 0.997806907
1305031122.382630 -0.058844950 -0.076161057 0.163049206 -0.042043921 -0.046825632 -0.030638244 0.997547507
1305031122.414997 -0.060014762 -0.069946945 0.160237223 -0.046323568 -0.050953843 -0.031174511 0.997138917
1305031122.451257 -0.061330512 -0.058109276 0.154002652 -0.047044598 -0.054913778 -0.029606761 0.996942699
1305031122.483360 -0.060939185 -0.051050738 0.150333434 -0.050610811 -0.060019076 -0.029697487 0.996470928
1305031122.515097 -0.058666121 -0.042099975 0.145426303 -0.051687755 -0.064651176 -0.030687211 0.996095836
1305031122.551490 -0.055654056 -0.032502659 0.140427023 -0.052742992 -0.066528834 -0.031936791 0.995877564
1305031122.583208 -0.055742696 -0.024509300 0.136351317 -0.054197319 -0.065131366 -0.033325676 0.995846331
1305031122.614980 -0.059203181 -0.017811026 0.133605659 -0.055212446 -0.064249963 -0.032868579 0.995863020
1305031122.648788 -0.058943011 -0.007874939 0.128297016 -0.053286470 -0.066206522 -0.031690240 0.995877981
1305031122.683402 -0.059192229 0.002285550 0.124502897 -0.052213747 -0.067428283 -0.030137813 0.995901048
1305031122.715208 -0.061639320 0.010764824 0.120238535 -0.052009068 -0.069088101 -0.027861575 0.995864272
1305031122.751298 -0.059826151 0.023107082 0.115362510 -0.050446775 -0.072116219 -0.027553393 0.995738506
1305031122.783423 -0.057400107 0.036772609 0.112948604 -0.051924940 -0.073387221 -0.027168132 0.995580256
1305031122.812555 -0.056716025 0.042342108 0.110700928 -0.057500008 -0.072680943 -0.028864209 0.995277882
1305031122.851418 -0.051578917 0.050547346 0.109139025 -0.058988404 -0.070844784 -0.030447012 0.995276034
1305031122.883754 -0.053400628 0.060682569 0.106460921 -0.061061133 -0.063866980 -0.029784551 0.995643198
1305031122.914571 -0.059855778 0.064819701 0.104845040 -0.065263689 -0.058646683 -0.029677063 0.995701015
1305031122.951341 -0.059455737 0.071311943 0.103054963 -0.066074163 -0.058299184 -0.028749445 0.995695174
1305031122.982815 -0.061814655 0.081113711 0.099983931 -0.066553667 -0.057344642 -0.025050070 0.995818615
1305031123.015450 -0.061182603 0.085481822 0.098652408 -0.069560714 -0.058742229 -0.022414660 0.995594442
1305031123.051827 -0.059339769 0.090184778 0.096671060 -0.069514588 -0.059077214 -0.020783870 0.995613217
1305031123.082975 -0.059989713 0.101580277 0.093143404 -0.067158096 -0.057876199 -0.018156139 0.995896816
1305031123.113873 -0.060190678 0.111602165 0.091084100 -0.069089450 -0.056548189 -0.016057039 0.995877087
1305031123.150822 -0.060900927 0.118078053 0.090170600 -0.071925305 -0.055598959 -0.015660889 0.995736003
1305031123.182155 -0.057049647 0.129119307 0.089562416 -0.072686203 -0.055541195 -0.014832810 0.995696664
1305031123.214704 -0.055573300 0.138168126 0.088210449 -0.076300159 -0.051576376 -0.015329604 0.995632052
1305031123.250618 -0.057722598 0.153347120 0.087274797 -0.078408204 -0.046714924 -0.016215531 0.995694160
1305031123.282347 -0.054663319 0.160369724 0.087128200 -0.087107375 -0.045167550 -0.013561488 0.995082021
1305031123.311327 -0.054132733 0.166009337 0.087632313 -0.092921332 -0.041281573 -0.013198538 0.994729757
1305031123.350481 -0.056458253 0.177320167 0.086595774 -0.095381558 -0.035536285 -0.012662548 0.994725704
1305031123.382255 -0.054263566 0.184796095 0.085967481 -0.099724203 -0.031807438 -0.008885703 0.994466901
1305031123.411363 -0.054598227 0.186621711 0.085756570 -0.104733527 -0.026841938 -0.007637253 0.994108677
1305031123.451255 -0.055432372 0.199107274 0.084457874 -0.103634469 -0.023923732 -0.005519950 0.994312346
1305031123.483594 -0.053611048 0.207083508 0.083709247 -0.106990248 -0.022883695 -0.000703628 0.993996441
1305031123.511360 -0.053976279 0.211119860 0.082832471 -0.110900812 -0.020745361 0.001716828 0.993613482
1305031123.551513 -0.054057904 0.222628310 0.081467137 -0.109287851 -0.020561974 0.003649573 0.993790746
1305031123.579583 -0.051240474 0.228200302 0.080688402 -0.111788437 -0.021455482 0.007506836 0.993472040
1305031123.611335 -0.050532158 0.237525016 0.079516575 -0.110857338 -0.020152867 0.008919721 0.993591964
1305031123.652411 -0.047690202 0.245363712 0.079447076 -0.113845326 -0.019352119 0.008665074 0.993272185
1305031123.683753 -0.045730889 0.252214164 0.078384392 -0.116718829 -0.016505055 0.009668723 0.992980778
1305031123.711323 -0.045093417 0.258090407 0.077811554 -0.120335728 -0.013045584 0.011172242 0.992584646
1305031123.751723 -0.046074979 0.260209173 0.076678142 -0.123879172 -0.010314384 0.012717308 0.992162228
1305031123.783858 -0.048641339 0.263478905 0.075102799 -0.124813914 -0.009106880 0.014521738 0.992032111
1305031123.811608 -0.048160531 0.264617592 0.074758306 -0.125918910 -0.009493399 0.015539512 0.991873384
1305031123.851444 -0.045096021 0.263153970 0.074374214 -0.128210396 -0.011279504 0.017918088 0.991520941
1305031123.883786 -0.047934249 0.254448235 0.072976232 -0.132919207 -0.010857954 0.019132705 0.990882695
1305031123.911243 -0.045389786 0.253915250 0.072677508 -0.129168019 -0.013666597 0.017659046 0.991371274
1305031123.951442 -0.045147926 0.256810129 0.073271856 -0.126438662 -0.014434874 0.019222179 0.991683125
1305031123.983415 -0.047630727 0.247396320 0.073884375 -0.131726533 -0.015148765 0.021205205 0.990943491
1305031124.011302 -0.046039306 0.238500401 0.075774044 -0.129376009 -0.019841511 0.020450061 0.991186142
1305031124.051505 -0.046227053 0.238407433 0.077123716 -0.122823298 -0.022947606 0.020751739 0.991946161
1305031124.083837 -0.047261789 0.229678154 0.079802901 -0.123996243 -0.025173673 0.021637026 0.991727293
1305031124.111331 -0.046850771 0.218993381 0.082440577 -0.120003290 -0.028249018 0.020717492 0.992155254
1305031124.147446 -0.046165690 0.219043687 0.084854618 -0.111698881 -0.030199278 0.018765923 0.993105829
1305031124.182694 -0.046168841 0.206418067 0.087378867 -0.114026211 -0.031361088 0.017034568 0.992836535
1305031124.211396 -0.044262625 0.195629776 0.090208866 -0.109535933 -0.033513919 0.015288210 0.993300021
1305031124.249327 -0.046258435 0.195146322 0.092284352 -0.100806527 -0.033841010 0.014010501 0.994231582
1305031124.282545 -0.047048137 0.189388081 0.094258040 -0.099741854 -0.037896305 0.013674309 0.994197369
1305031124.311361 -0.043939054 0.171750978 0.096791282 -0.101380743 -0.043406356 0.014684361 0.993791819
1305031124.350354 -0.043139778 0.163884521 0.098421574 -0.096729718 -0.047261368 0.013543190 0.994095683
1305031124.382420 -0.041927002 0.153045669 0.100368358 -0.094792128 -0.049846008 0.012591355 0.994168639
1305031124.411439 -0.042558312 0.144876480 0.102292322 -0.089152746 -0.050784227 0.012114281 0.994648695
1305031124.450245 -0.042729601 0.135816753 0.103698179 -0.082255259 -0.051875804 0.009669803 0.995213270
1305031124.480099 -0.042774737 0.124554291 0.105024263 -0.077271052 -0.052995801 0.007232409 0.995574355
1305031124.511324 -0.043981366 0.117760211 0.107035488 -0.069683023 -0.054197561 0.005038785 0.996083081
1305031124.550437 -0.044559184 0.107348263 0.109197222 -0.066388942 -0.055762324 0.002484024 0.996231318
1305031124.579404 -0.044835947 0.096120536 0.111472681 -0.063507713 -0.058285125 0.000086142 0.996277869
1305031124.611358 -0.044931836 0.085553847 0.114793904 -0.058874004 -0.060588315 -0.001972425 0.996423125
1305031124.651271 -0.045015097 0.076725543 0.117336378 -0.055016782 -0.062926568 -0.003859539 0.996493101
1305031124.679362 -0.043235786 0.063564986 0.121000804 -0.052484412 -0.065478534 -0.005538924 0.996457338
1305031124.711251 -0.042091597 0.053955898 0.123633541 -0.048555683 -0.066166900 -0.006932986 0.996602356
1305031124.749890 -0.043795608 0.043103669 0.127433643 -0.046668414 -0.065595031 -0.009029895 0.996713519
1305031124.779365 -0.044400498 0.032821145 0.131482989 -0.043475956 -0.066773765 -0.009920451 0.996771157
1305031124.811360 -0.044202693 0.024264898 0.135478273 -0.041190326 -0.067878582 -0.009847163 0.996794343
1305031124.850535 -0.043884907 0.011474168 0.140630215 -0.042173032 -0.069614239 -0.010613146 0.996625662
1305031124.879355 -0.039561190 -0.000635784 0.146216109 -0.041061029 -0.071359970 -0.010400371 0.996550858
1305031124.911448 -0.041054145 -0.007457184 0.149186447 -0.039103087 -0.068167210 -0.010790341 0.996848881
1305031124.950730 -0.040657736 -0.017159268 0.155956477 -0.041955452 -0.067345969 -0.010978804 0.996786714
1305031124.979438 -0.042733416 -0.033163469 0.162350267 -0.042765379 -0.065868407 -0.009464007 0.996866524
1305031125.011454 -0.045291282 -0.041187409 0.166042775 -0.037745982 -0.067681566 -0.008574376 0.996955812
1305031125.050763 -0.041390173 -0.045809049 0.168838859 -0.035065431 -0.071029246 -0.006909707 0.996833742
1305031125.079364 -0.040561646 -0.055937950 0.174265966 -0.036716685 -0.070626885 -0.003469436 0.996820807
1305031125.111364 -0.043024424 -0.067078903 0.178179756 -0.036449857 -0.070892200 -0.003228603 0.996812582
1305031125.151013 -0.041068520 -0.073869511 0.180390209 -0.032402072 -0.071825124 -0.004899047 0.996878743
1305031125.179353 -0.042906955 -0.076350510 0.182101697 -0.031634931 -0.068586111 -0.004088300 0.997135103
1305031125.211320 -0.044903420 -0.088361517 0.185807258 -0.036134738 -0.066743962 -0.004314518 0.997106254
1305031125.250632 -0.046296649 -0.098694235 0.190791473 -0.034796111 -0.066643924 -0.006719738 0.997147262
1305031125.279467 -0.046913136 -0.102905378 0.191437542 -0.031641379 -0.066374607 -0.007500403 0.997264743
1305031125.311493 -0.047521621 -0.111217007 0.197020754 -0.031633478 -0.064827271 -0.007391132 0.997367620
1305031125.348880 -0.050384812 -0.116420940 0.196622178 -0.027641099 -0.062624827 -0.011018162 0.997593462
1305031125.379401 -0.045931250 -0.119667903 0.202523023 -0.027490184 -0.062712081 -0.014161134 0.997552454
1305031125.411335 -0.046435073 -0.123604432 0.204810664 -0.027355859 -0.056084134 -0.014938701 0.997939408
1305031125.451195 -0.049064230 -0.129693836 0.206795946 -0.030751444 -0.050022196 -0.017251173 0.998125494
1305031125.479424 -0.048224382 -0.137593240 0.210268915 -0.031119594 -0.046688668 -0.018495694 0.998253286
1305031125.511316 -0.049450852 -0.137410417 0.209357947 -0.029769547 -0.042386170 -0.019260785 0.998471916
1305031125.551020 -0.049240641 -0.139901683 0.210232392 -0.030761899 -0.039379388 -0.021005567 0.998529792
1305031125.579308 -0.049275734 -0.141899139 0.211560652 -0.032312967 -0.035858452 -0.023484306 0.998558223
1305031125.611533 -0.050478552 -0.148009658 0.211365044 -0.033089176 -0.032187387 -0.023728801 0.998652101
1305031125.650575 -0.055323504 -0.149904653 0.207274452 -0.028858982 -0.030299110 -0.021054346 0.998902321
1305031125.679328 -0.059887804 -0.143515229 0.200194627 -0.023568755 -0.032498509 -0.020432042 0.998984933
1305031125.711443 -0.055361502 -0.143854856 0.201582879 -0.022699354 -0.040027101 -0.018070292 0.998777270
1305031125.751260 -0.053942434 -0.132859215 0.196611434 -0.016166914 -0.042463612 -0.016751835 0.998826742
1305031125.779348 -0.051950820 -0.127211273 0.194664791 -0.016521813 -0.044183798 -0.019470625 0.998696983
1305031125.811573 -0.050133973 -0.116135232 0.191882491 -0.014405788 -0.044041984 -0.020081373 0.998723924
1305031125.847412 -0.051179189 -0.110704511 0.188871577 -0.016829204 -0.042093702 -0.022238536 0.998724341
1305031125.879318 -0.054213908 -0.103887662 0.183462605 -0.016821107 -0.041479178 -0.023296310 0.998726130
1305031125.911305 -0.057939157 -0.089272141 0.179140732 -0.017892104 -0.043341808 -0.021877397 0.998660505
1305031125.947343 -0.060446076 -0.085944042 0.176827490 -0.022272468 -0.049312308 -0.019813709 0.998338461
1305031125.979324 -0.058138359 -0.075075693 0.172704414 -0.022006819 -0.057377744 -0.015982155 0.997982025
1305031126.011333 -0.052602902 -0.063690051 0.170005038 -0.023639005 -0.064763971 -0.015121676 0.997505963
1305031126.047324 -0.048987783 -0.050796747 0.170428202 -0.025182163 -0.067291722 -0.015280769 0.997298479
1305031126.079356 -0.046398532 -0.039684169 0.165871397 -0.029200047 -0.066255249 -0.013563117 0.997283161
1305031126.111370 -0.045066342 -0.031823248 0.165268779 -0.033347555 -0.065979987 -0.014005387 0.997165203
1305031126.147432 -0.046966083 -0.019186560 0.162104487 -0.034602884 -0.063733973 -0.013530302 0.997275114
1305031126.179384 -0.046064615 -0.006281696 0.159058198 -0.040541042 -0.064141177 -0.011358203 0.997052312
1305031126.211319 -0.043018036 0.000438110 0.159309626 -0.045898668 -0.065907292 -0.011187331 0.996706784
1305031126.247298 -0.042876787 0.015390432 0.156762525 -0.046845697 -0.064388037 -0.011357822 0.996760070
1305031126.279363 -0.040970970 0.025921609 0.155457646 -0.050686061 -0.063402191 -0.012108257 0.996626556
1305031126.311332 -0.038573280 0.038769182 0.153527349 -0.053838823 -0.061310157 -0.013449163 0.996574938
1305031126.347363 -0.040800821 0.047236923 0.151289672 -0.058415297 -0.056384176 -0.015267876 0.996581852
1305031126.379423 -0.042235374 0.057082161 0.148912445 -0.061639030 -0.052898727 -0.016730256 0.996555269
1305031126.411465 -0.043228760 0.068431959 0.146268845 -0.064874761 -0.050789986 -0.018587574 0.996426761
1305031126.447361 -0.043636568 0.074042805 0.144833773 -0.070272915 -0.049280915 -0.017964775 0.996147811
1305031126.479533 -0.045129135 0.082690105 0.142155737 -0.072056890 -0.048841670 -0.015469899 0.996083796
1305031126.511410 -0.045842133 0.096864134 0.138568550 -0.072765246 -0.049989894 -0.013690040 0.996001422
1305031126.547374 -0.042458206 0.104310110 0.136851668 -0.078806713 -0.051627949 -0.013066772 0.995466352
1305031126.579454 -0.039904721 0.111418575 0.135808915 -0.083073437 -0.050642680 -0.011203011 0.995192766
1305031126.611528 -0.040123247 0.118306950 0.134250507 -0.088378236 -0.048568778 -0.009682336 0.994855046
1305031126.647376 -0.037574992 0.121339813 0.133881509 -0.093419440 -0.047789890 -0.007736201 0.994449139
1305031126.679479 -0.037312850 0.127097383 0.131618381 -0.094797947 -0.045463316 -0.003422588 0.994451940
1305031126.711583 -0.036348119 0.133225203 0.129486218 -0.097000860 -0.044155728 -0.000081446 0.994304299
1305031126.747316 -0.035017170 0.132750303 0.128112853 -0.100016385 -0.042774618 0.002822205 0.994061887
1305031126.779379 -0.035403177 0.140403345 0.125695482 -0.097739674 -0.041253321 0.005803590 0.994339705
1305031126.811602 -0.032229714 0.143321097 0.124235690 -0.098259598 -0.040308408 0.006474548 0.994323075
1305031126.847343 -0.031525031 0.146291435 0.121821389 -0.098473728 -0.036529876 0.007055959 0.994443893
1305031126.879357 -0.032616653 0.149877429 0.120567158 -0.098130554 -0.033841960 0.007140532 0.994572341
1305031126.911364 -0.031007111 0.149748445 0.119320527 -0.099131525 -0.032295179 0.006648941 0.994527936
1305031126.947437 -0.032191299 0.150759965 0.117454961 -0.099911802 -0.030507013 0.008398891 0.994493067
1305031126.979337 -0.031690791 0.150791407 0.117450960 -0.100120783 -0.031609096 0.009616617 0.994426608
1305031127.011371 -0.031178202 0.150065333 0.116846114 -0.099053413 -0.032653846 0.009787765 0.994498074
1305031127.047297 -0.030576639 0.151132151 0.116474755 -0.097762674 -0.033247165 0.010694700 0.994596720
1305031127.079299 -0.031108895 0.149184063 0.116137117 -0.098801151 -0.033453323 0.011431484 0.994479060
1305031127.111435 -0.032480095 0.146140844 0.116559260 -0.099651217 -0.035016369 0.012312479 0.994329870
1305031127.147307 -0.032709941 0.143247455 0.117092475 -0.099095486 -0.038427919 0.013098148 0.994249344
1305031127.179349 -0.032600001 0.143113539 0.117157996 -0.096456498 -0.041310113 0.012588296 0.994399905
1305031127.211700 -0.031026801 0.141425997 0.118505590 -0.096007384 -0.043554183 0.012489819 0.994348824
1305031127.247374 -0.030469770 0.136841685 0.119708300 -0.095367387 -0.043981988 0.011586747 0.994402528
1305031127.279465 -0.032048829 0.137073994 0.120102584 -0.092125572 -0.043447044 0.010568474 0.994742930
1305031127.311362 -0.032388031 0.134693190 0.121836774 -0.092631221 -0.044458535 0.009781391 0.994659364
1305031127.347356 -0.032402385 0.128245905 0.123902813 -0.092695802 -0.046161246 0.009273463 0.994580626
1305031127.379262 -0.033134814 0.129882395 0.124751374 -0.088573933 -0.047013260 0.008979447 0.994919002
1305031127.411371 -0.033472210 0.128987134 0.126239404 -0.087987095 -0.048142169 0.008106063 0.994924545
1305031127.447333 -0.033849046 0.123729043 0.128306076 -0.088686183 -0.049327947 0.007767608 0.994807065
1305031127.479362 -0.034679666 0.125152916 0.128801391 -0.085565187 -0.050140519 0.007055150 0.995045125
1305031127.511356 -0.035486095 0.124388903 0.130390942 -0.086455569 -0.051022101 0.005953513 0.994930506
1305031127.547348 -0.034683846 0.119467378 0.132272363 -0.087843008 -0.052505717 0.005917490 0.994732022
1305031127.579345 -0.035508920 0.120172888 0.133026928 -0.085352354 -0.052648444 0.005553549 0.994943380
1305031127.611271 -0.035821475 0.120960258 0.133264571 -0.085135490 -0.053104647 0.005272657 0.994939208
1305031127.647358 -0.034977149 0.117506213 0.134869799 -0.087219633 -0.053883497 0.006700125 0.994708240
1305031127.679298 -0.035155088 0.115843534 0.135500684 -0.086081065 -0.054323349 0.007517387 0.994777620
1305031127.711375 -0.036349490 0.117996074 0.135064244 -0.084353596 -0.054485831 0.006984458 0.994920552
1305031127.747304 -0.035465781 0.116027713 0.136203676 -0.086112864 -0.055462588 0.007076173 0.994715214
1305031127.779346 -0.035766549 0.113224037 0.136582226 -0.085923851 -0.055510040 0.007301078 0.994727314
1305031127.811829 -0.036739402 0.114591196 0.136122510 -0.083636217 -0.055435568 0.006195293 0.994933903
1305031127.847366 -0.036888547 0.114110813 0.136092946 -0.083870612 -0.055531494 0.005262027 0.994914234
1305031127.879380 -0.037920237 0.112686694 0.136314854 -0.084346682 -0.055448476 0.004800932 0.994880915
1305031127.911476 -0.039243426 0.113028944 0.136403620 -0.083609462 -0.055808589 0.004257564 0.994925499
1305031127.947366 -0.039194129 0.114269391 0.136909366 -0.083719596 -0.056753095 0.004412993 0.994862139
1305031127.979371 -0.038777031 0.113021836 0.138472885 -0.085800812 -0.057858888 0.004414434 0.994621098
1305031128.011427 -0.037874144 0.113108061 0.139838621 -0.086745992 -0.058393110 0.004263519 0.994508564
1305031128.047369 -0.036744341 0.111253373 0.142297581 -0.089720696 -0.058007374 0.005413316 0.994261563
1305031128.079334 -0.037272170 0.108443588 0.143720895 -0.090472609 -0.057348527 0.006175098 0.994227171
1305031128.111391 -0.036797144 0.107720263 0.144891575 -0.090037674 -0.057915203 0.007010821 0.994228303
1305031128.147418 -0.035686381 0.106536090 0.145785272 -0.091136754 -0.058487698 0.008814621 0.994080245
1305031128.179350 -0.034574941 0.102402560 0.147548884 -0.091997094 -0.058929197 0.010116745 0.993962526
1305031128.211447 -0.035383806 0.104135863 0.147287175 -0.089008167 -0.058553390 0.010271452 0.994255304
1305031128.247480 -0.036146320 0.105254591 0.147157475 -0.088703647 -0.058579512 0.010600110 0.994277537
1305031128.279336 -0.034747541 0.101956151 0.148317784 -0.090172693 -0.059681412 0.010679987 0.994078994
1305031128.311483 -0.035543084 0.102887735 0.147935927 -0.088335633 -0.059335228 0.010024496 0.994271398
1305031128.347423 -0.037018448 0.103377506 0.147611827 -0.087985910 -0.058692496 0.008849903 0.994351745
1305031128.379404 -0.037254006 0.101939425 0.147767752 -0.088653341 -0.059091743 0.007217117 0.994282007
1305031128.411337 -0.037413999 0.101267859 0.147778496 -0.088128179 -0.059096847 0.006085243 0.994335949
1305031128.447296 -0.037720323 0.101122692 0.147280350 -0.087678507 -0.059108879 0.004932060 0.994381368
1305031128.479296 -0.038006723 0.100263804 0.147426412 -0.088140041 -0.059354447 0.003757754 0.994331062
1305031128.511433 -0.037952241 0.099376000 0.147272825 -0.087975517 -0.059179455 0.003055263 0.994358480
1305031128.547399 -0.037840568 0.099341929 0.147335321 -0.087849021 -0.058669526 0.002604884 0.994401157
1305031128.579455 -0.036812931 0.096644595 0.147937760 -0.088451721 -0.058693010 0.002554583 0.994346499
1305031128.611395 -0.038358025 0.096396685 0.147261307 -0.087058976 -0.058084253 0.002660461 0.994504869
1305031128.647352 -0.039878428 0.096632503 0.146297544 -0.086325586 -0.058532372 0.002848909 0.994542003
1305031128.679282 -0.039068945 0.095643409 0.146420464 -0.086260013 -0.060366407 0.002358363 0.994439304
1305031128.711457 -0.037773319 0.095395252 0.146439746 -0.085169822 -0.060931474 0.001615173 0.994500279
1305031128.747363 -0.038241580 0.095704369 0.145767733 -0.084193081 -0.059640542 0.000525573 0.994662881
