#frame chA chB nCorr nA nB MNR GNR DICE
23 0 1 0 149 319 0 0 0
24 0 1 0 159 311 0 0 0
25 0 1 0 175 318 0 0 0
26 0 1 0 173 325 0 0 0
27 0 1 0 150 303 0 0 0
28 0 1 4 202 396 0.019802 0.0141428 0.0133779
29 0 1 7 201 380 0.0348259 0.0253284 0.0240964
30 0 1 8 184 382 0.0434783 0.0301751 0.0282686
31 0 1 8 163 343 0.0490798 0.0338337 0.0316206
32 0 1 6 164 339 0.0365854 0.0254466 0.0238569
33 0 1 5 136 278 0.0367647 0.0257145 0.0241546
34 0 1 6 228 439 0.0263158 0.0189649 0.017991
35 0 1 11 231 448 0.047619 0.0341938 0.0324006
36 0 1 10 231 464 0.04329 0.0305446 0.028777
37 0 1 11 224 441 0.0491071 0.0349985 0.0330827
38 0 1 12 238 460 0.0504202 0.0362672 0.034384
39 0 1 18 230 463 0.0782609 0.0551592 0.0519481
40 0 1 17 233 471 0.0729614 0.0513169 0.0482955
41 0 1 22 214 477 0.102804 0.0688583 0.0636758
42 0 1 17 223 473 0.0762332 0.0523439 0.0488506
43 0 1 6 200 458 0.03 0.0198246 0.0182371
44 0 1 19 200 461 0.095 0.0625732 0.0574887
45 0 1 24 249 463 0.0963855 0.070684 0.0674157
46 0 1 22 271 473 0.0811808 0.061448 0.0591398
47 0 1 23 261 475 0.0881226 0.0653222 0.0625
48 0 1 32 261 467 0.122605 0.0916582 0.0879121
49 0 1 31 240 469 0.129167 0.0923995 0.0874471
50 0 1 18 208 461 0.0865385 0.0581287 0.0538117
51 0 1 28 214 452 0.130841 0.0900289 0.0840841
52 0 1 27 210 444 0.128571 0.0884225 0.0825688
53 0 1 22 233 438 0.0944206 0.0688664 0.0655738
54 0 1 22 228 430 0.0964912 0.0702621 0.0668693
55 0 1 20 210 394 0.0952381 0.06953 0.0662252
56 0 1 22 229 398 0.0960699 0.0728725 0.0701754
57 0 1 24 215 404 0.111628 0.0814332 0.0775444
58 0 1 27 201 369 0.134328 0.0991408 0.0947368
59 0 1 23 275 534 0.0836364 0.0600193 0.0568603
60 0 1 22 289 518 0.0761246 0.0568603 0.0545229
61 0 1 18 254 528 0.0708661 0.0491517 0.0460358
62 0 1 21 264 531 0.0795455 0.056088 0.0528302
63 0 1 22 275 518 0.08 0.0582897 0.0554855
64 0 1 32 267 479 0.11985 0.0894801 0.0857909
65 0 1 34 270 460 0.125926 0.0964757 0.0931507
66 0 1 22 260 470 0.0846154 0.0629342 0.060274
67 0 1 26 245 448 0.106122 0.0784786 0.0750361
68 0 1 19 227 435 0.0837004 0.0604639 0.0574018
69 0 1 25 238 423 0.105042 0.0787919 0.075643
70 0 1 23 212 429 0.108491 0.0762661 0.0717629
71 0 1 27 213 414 0.126761 0.090923 0.0861244
72 0 1 22 210 399 0.104762 0.0760023 0.0722496
73 0 1 8 150 270 0.0533333 0.0397523 0.0380952
74 0 1 11 209 400 0.0526316 0.0380443 0.0361248
75 0 1 5 157 357 0.0318471 0.0211196 0.0194553
76 0 1 4 157 331 0.0254777 0.0175467 0.0163934
77 0 1 10 151 322 0.0662252 0.0453507 0.0422833
78 0 1 4 132 292 0.030303 0.0203742 0.0188679
79 0 1 3 135 319 0.0222222 0.0144564 0.0132159
80 0 1 6 138 303 0.0434783 0.029342 0.0272109
81 0 1 4 135 290 0.0296296 0.0202159 0.0188235
82 0 1 7 182 348 0.0384615 0.0278146 0.0264151
83 0 1 3 175 347 0.0171429 0.0121741 0.0114943
84 0 1 10 192 361 0.0520833 0.0379836 0.0361664
85 0 1 10 183 365 0.0546448 0.0386926 0.0364963
86 0 1 11 177 381 0.0621469 0.0423588 0.0394265
87 0 1 10 184 396 0.0543478 0.0370462 0.0344828
88 0 1 15 247 436 0.0607287 0.0457088 0.0439239
89 0 1 2 205 374 0.0097561 0.00722299 0.00690846
90 0 1 6 227 419 0.0264317 0.019455 0.0185759
91 0 1 17 292 509 0.0582192 0.0440959 0.0424469
92 0 1 13 293 508 0.0443686 0.0336959 0.0324594
93 0 1 13 276 483 0.0471014 0.0356053 0.0342556
94 0 1 13 301 507 0.0431894 0.0332779 0.0321782
95 0 1 29 395 619 0.0734177 0.0586481 0.0571992
96 0 1 29 362 594 0.0801105 0.0625389 0.0606695
97 0 1 29 382 606 0.0759162 0.060274 0.0587045
98 0 1 39 376 590 0.103723 0.0828027 0.0807453
99 0 1 40 394 573 0.101523 0.084185 0.0827301
100 0 1 41 369 571 0.111111 0.0893208 0.087234
101 0 1 47 421 683 0.111639 0.0876489 0.0851449
102 0 1 38 450 680 0.0844444 0.0686946 0.0672566
103 0 1 48 418 661 0.114833 0.0913172 0.0889713
104 0 1 26 426 647 0.0610329 0.0495241 0.0484623
105 0 1 40 417 634 0.0959233 0.0777942 0.076118
106 0 1 23 383 593 0.0600522 0.0482615 0.0471311
107 0 1 40 367 605 0.108992 0.0848886 0.0823045
108 0 1 21 332 556 0.063253 0.0488779 0.0472973
109 0 1 33 392 650 0.0841837 0.0653754 0.0633397
110 0 1 50 360 634 0.138889 0.104658 0.100604
111 0 1 23 315 616 0.0730159 0.0522134 0.0494092
112 0 1 28 349 607 0.0802292 0.0608346 0.0585774
113 0 1 32 331 579 0.0966767 0.0730965 0.0703297
114 0 1 32 317 563 0.100946 0.0757471 0.0727273
115 0 1 28 301 559 0.0930233 0.0682604 0.0651163
116 0 1 40 347 662 0.115274 0.0834577 0.0792864
117 0 1 47 341 625 0.13783 0.101808 0.0973085
118 0 1 30 317 608 0.0946372 0.0683345 0.0648649
119 0 1 35 329 587 0.106383 0.0796436 0.0764192
120 0 1 44 333 567 0.132132 0.10126 0.0977778
121 0 1 35 315 535 0.111111 0.0852581 0.0823529
122 0 1 41 359 634 0.114206 0.0859393 0.082578
123 0 1 42 367 617 0.114441 0.088262 0.0853659
124 0 1 40 345 610 0.115942 0.0871938 0.0837696
125 0 1 14 283 537 0.04947 0.0359127 0.0341463
126 0 1 11 270 582 0.0407407 0.0277491 0.0258216
127 0 1 29 304 608 0.0953947 0.0674543 0.0635965
128 0 1 20 319 600 0.0626959 0.045715 0.0435256
129 0 1 35 342 665 0.102339 0.0733912 0.0695134
130 0 1 21 332 662 0.063253 0.0447941 0.0422535
131 0 1 25 353 691 0.0708215 0.050619 0.0478927
132 0 1 35 366 689 0.0956284 0.0696976 0.0663507
133 0 1 52 386 703 0.134715 0.0998233 0.0955005
134 0 1 55 405 731 0.135802 0.101083 0.096831
135 0 1 43 369 719 0.116531 0.0834816 0.0790441
136 0 1 31 383 684 0.0809399 0.0605667 0.0581068
137 0 1 28 366 682 0.0765027 0.0560435 0.0534351
138 0 1 50 413 711 0.121065 0.0922699 0.088968
139 0 1 65 407 680 0.159705 0.123555 0.119595
140 0 1 38 388 692 0.0979381 0.0733356 0.0703704
141 0 1 54 393 684 0.137405 0.104152 0.100279
142 0 1 63 429 690 0.146853 0.115794 0.112601
143 0 1 71 422 696 0.168246 0.131008 0.127013
144 0 1 45 398 682 0.113065 0.0863732 0.0833333
145 0 1 78 430 695 0.181395 0.142682 0.138667
146 0 1 74 423 686 0.174941 0.137372 0.133454
147 0 1 44 402 670 0.109453 0.0847817 0.0820896
148 0 1 48 422 660 0.113744 0.0909522 0.0887246
149 0 1 63 420 623 0.15 0.123161 0.120805
150 0 1 74 418 646 0.177033 0.142406 0.139098
151 0 1 53 392 629 0.135204 0.106735 0.10382
152 0 1 69 414 641 0.166667 0.133943 0.130806
153 0 1 54 403 610 0.133995 0.108912 0.106614
154 0 1 30 378 614 0.0793651 0.0622718 0.0604839
155 0 1 35 383 591 0.0913838 0.0735656 0.0718686
156 0 1 44 441 677 0.0997732 0.0805265 0.078712
157 0 1 40 444 680 0.0900901 0.0727971 0.0711744
158 0 1 47 411 630 0.114355 0.0923648 0.0902978
159 0 1 54 415 661 0.13012 0.103102 0.100372
160 0 1 53 400 631 0.1325 0.105495 0.102813
161 0 1 45 406 653 0.110837 0.0873963 0.0849858
162 0 1 58 397 617 0.146096 0.11719 0.114398
163 0 1 52 357 628 0.145658 0.109822 0.105584
164 0 1 67 389 641 0.172237 0.134175 0.130097
165 0 1 66 400 621 0.165 0.132424 0.129285
166 0 1 67 404 647 0.165842 0.131048 0.127498
167 0 1 51 437 646 0.116705 0.0959872 0.0941828
168 0 1 62 435 659 0.142529 0.115799 0.113346
169 0 1 72 413 671 0.174334 0.136772 0.132841
170 0 1 56 419 661 0.133652 0.106409 0.103704
171 0 1 69 434 659 0.158986 0.129021 0.126258
172 0 1 60 412 632 0.145631 0.117583 0.114943
173 0 1 57 405 654 0.140741 0.110754 0.107649
174 0 1 48 389 634 0.123393 0.0966544 0.0938416
175 0 1 39 322 613 0.121118 0.0877822 0.0834225
176 0 1 11 278 504 0.0395683 0.029387 0.028133
177 0 1 24 260 515 0.0923077 0.0655875 0.0619355
178 0 1 32 278 557 0.115108 0.0813205 0.0766467
179 0 1 21 247 531 0.0850202 0.0579861 0.0539846
180 0 1 18 216 434 0.0833333 0.0587896 0.0553846
181 0 1 16 226 497 0.0707965 0.0477406 0.04426
182 0 1 8 206 455 0.038835 0.0261307 0.0242057
183 0 1 15 210 467 0.0714286 0.0478986 0.0443131
184 0 1 17 227 513 0.0748899 0.049817 0.0459459
185 0 1 18 224 513 0.0803571 0.0530994 0.0488467
186 0 1 19 222 484 0.0855856 0.0579635 0.0538244
187 0 1 13 211 507 0.0616114 0.0397464 0.0362117
188 0 1 28 228 512 0.122807 0.0819513 0.0756757
189 0 1 17 214 464 0.0794393 0.053949 0.0501475
190 0 1 9 148 328 0.0608108 0.0408484 0.0378151
191 0 1 7 170 314 0.0411765 0.0302976 0.0289256
192 0 1 7 143 325 0.048951 0.0324705 0.0299145
193 0 1 7 161 329 0.0434783 0.030415 0.0285714
194 0 1 3 168 376 0.0178571 0.0119364 0.0110294
195 0 1 1 153 297 0.00653595 0.00469111 0.00444444
196 0 1 0 171 385 0 0 0
197 0 1 5 161 391 0.0310559 0.0199282 0.0181159
198 0 1 7 167 408 0.0419162 0.026817 0.0243478
199 0 1 4 148 365 0.027027 0.0172101 0.0155945
200 0 1 7 148 360 0.0472973 0.0303261 0.0275591
201 0 1 8 151 343 0.0529801 0.0351524 0.0323887
202 0 1 9 127 336 0.0708661 0.0435683 0.0388769
203 0 1 14 174 389 0.0804598 0.0538119 0.0497336
204 0 1 13 166 403 0.0783133 0.0502617 0.0456942
205 0 1 18 173 421 0.104046 0.0666973 0.0606061
206 0 1 11 180 431 0.0611111 0.0394928 0.0360065
207 0 1 24 176 419 0.136364 0.0883788 0.0806723
208 0 1 25 200 450 0.125 0.0833333 0.0769231
209 0 1 9 173 382 0.0520231 0.0350097 0.0324324
210 0 1 11 200 385 0.055 0.0396412 0.0376068
211 0 1 16 172 357 0.0930233 0.0645686 0.0604915
212 0 1 14 220 422 0.0636364 0.0459474 0.0436137
213 0 1 4 167 352 0.0239521 0.016498 0.0154143
214 0 1 8 168 335 0.047619 0.033722 0.0318091
215 0 1 11 167 331 0.0658683 0.0467865 0.0441767
216 0 1 11 207 354 0.0531401 0.0406355 0.0392157
217 0 1 12 209 403 0.0574163 0.0413481 0.0392157
218 0 1 32 254 490 0.125984 0.0907058 0.0860215
219 0 1 30 294 585 0.102041 0.0723385 0.0682594
220 0 1 38 325 607 0.116923 0.0855554 0.0815451
221 0 1 38 357 630 0.106443 0.0801271 0.077001
222 0 1 28 341 642 0.0821114 0.059843 0.0569685
223 0 1 34 360 649 0.0944444 0.0703405 0.0673935
224 0 1 32 354 639 0.0903955 0.0672818 0.0644512
225 0 1 42 354 606 0.118644 0.09068 0.0875
226 0 1 33 365 631 0.090411 0.0687627 0.0662651
227 0 1 47 370 676 0.127027 0.0939774 0.0898662
228 0 1 55 409 682 0.134474 0.104138 0.100825
229 0 1 51 408 648 0.125 0.0991865 0.0965909
230 0 1 37 384 652 0.0963542 0.0739456 0.0714286
231 0 1 35 358 608 0.0977654 0.0750196 0.0724638
232 0 1 32 368 640 0.0869565 0.065938 0.0634921
233 0 1 39 409 670 0.0953545 0.0745016 0.0722892
234 0 1 42 410 677 0.102439 0.0797192 0.0772769
235 0 1 45 414 649 0.108696 0.086814 0.084666
236 0 1 45 389 632 0.115681 0.0907568 0.0881489
237 0 1 52 394 587 0.13198 0.108128 0.106014
238 0 1 44 387 618 0.113695 0.0899711 0.0875622
239 0 1 29 346 610 0.083815 0.0631241 0.0606695
240 0 1 34 393 600 0.086514 0.0700176 0.0684794
241 0 1 43 339 583 0.126844 0.096724 0.0932755
242 0 1 25 338 611 0.0739645 0.0550125 0.052687
243 0 1 25 351 606 0.0712251 0.0542063 0.0522466
244 0 1 20 333 574 0.0600601 0.0457459 0.0441014
245 0 1 31 343 614 0.090379 0.0675508 0.0647858
246 0 1 4 301 594 0.013289 0.00945983 0.00893855
247 0 1 25 315 577 0.0793651 0.0586404 0.0560538
248 0 1 26 335 603 0.0776119 0.0578485 0.0554371
249 0 1 5 328 537 0.0152439 0.0119137 0.0115607
250 0 1 10 339 556 0.0294985 0.0230337 0.0223464
251 0 1 19 344 591 0.0552326 0.0421387 0.0406417
252 0 1 13 313 554 0.0415335 0.0312188 0.0299885
253 0 1 11 333 517 0.033033 0.026511 0.0258824
254 0 1 29 350 516 0.0828571 0.06824 0.0669746
255 0 1 27 315 500 0.0857143 0.0680336 0.0662577
256 0 1 31 347 483 0.0893372 0.0757222 0.0746988
257 0 1 25 367 547 0.0681199 0.0557973 0.0547046
258 0 1 32 338 531 0.0946746 0.0755343 0.0736479
259 0 1 23 353 533 0.0651558 0.0530245 0.0519187
260 0 1 40 366 533 0.10929 0.090564 0.0889878
261 0 1 30 335 515 0.0895522 0.0722263 0.0705882
262 0 1 37 354 518 0.10452 0.0864043 0.0848624
263 0 1 36 347 526 0.103746 0.0842645 0.0824742
264 0 1 36 352 506 0.102273 0.0853014 0.0839161
265 0 1 27 374 529 0.0721925 0.0607016 0.0598007
266 0 1 27 397 531 0.0680101 0.0588059 0.0581897
267 0 1 41 372 534 0.110215 0.0919902 0.0905077
268 0 1 53 395 563 0.134177 0.112389 0.110647
269 0 1 41 403 552 0.101737 0.0869284 0.0858639
270 0 1 34 369 475 0.0921409 0.0812118 0.0805687
271 0 1 21 399 560 0.0526316 0.0444262 0.0437956
272 0 1 63 407 603 0.154791 0.12717 0.124752
273 0 1 32 390 554 0.0820513 0.0688435 0.0677966
274 0 1 42 409 604 0.102689 0.0845024 0.082922
275 0 1 55 436 615 0.126147 0.106214 0.104662
276 0 1 47 407 595 0.115479 0.0955085 0.0938124
277 0 1 59 423 672 0.13948 0.110662 0.107763
278 0 1 53 434 608 0.12212 0.103176 0.101727
279 0 1 13 304 341 0.0427632 0.0403766 0.0403101
280 0 1 36 424 535 0.0849057 0.0755862 0.0750782
281 0 1 30 382 522 0.078534 0.0671822 0.0663717
282 0 1 19 401 519 0.0473815 0.0416483 0.0413043
283 0 1 56 431 652 0.12993 0.105639 0.103416
284 0 1 20 376 532 0.0531915 0.0447178 0.0440529
285 0 1 19 372 510 0.0510753 0.0436211 0.0430839
286 0 1 24 382 519 0.0628272 0.0539009 0.0532741
287 0 1 5 294 273 0.018315 0.0176488 0.0176367
288 0 1 1 256 274 0.00390625 0.00377576 0.00377358
289 0 1 12 316 365 0.0379747 0.0353339 0.0352423
290 0 1 17 322 440 0.052795 0.0451642 0.0446194
291 0 1 41 417 635 0.0983213 0.0796763 0.0779468
292 0 1 61 374 665 0.163102 0.122316 0.117421
293 0 1 75 415 684 0.180723 0.14077 0.136488
294 0 1 38 321 531 0.11838 0.0920415 0.0892019
295 0 1 20 274 467 0.0729927 0.0559109 0.0539811
296 0 1 11 232 405 0.0474138 0.0358857 0.0345369
297 0 1 20 212 345 0.0943396 0.0739524 0.0718133
298 0 1 27 282 457 0.0957447 0.075211 0.0730717
299 0 1 7 217 340 0.0322581 0.0257708 0.0251346
300 0 1 6 185 338 0.0324324 0.0239942 0.0229446
301 0 1 7 168 330 0.0416667 0.0297294 0.0281125
302 0 1 16 165 326 0.0969697 0.0689873 0.0651731
303 0 1 15 275 418 0.0545455 0.0442422 0.04329
304 0 1 19 229 412 0.0829694 0.0618568 0.0592824
305 0 1 23 239 448 0.0962343 0.0702894 0.0669578
306 0 1 27 207 453 0.130435 0.0881718 0.0818182
307 0 1 26 223 447 0.116592 0.0823507 0.0776119
308 0 1 28 211 424 0.132701 0.0936125 0.088189
309 0 1 19 183 407 0.103825 0.0696195 0.0644068
310 0 1 27 224 472 0.120536 0.0830364 0.0775862
311 0 1 27 211 478 0.127962 0.0850176 0.0783745
312 0 1 15 198 511 0.0757576 0.0471572 0.0423131
313 0 1 24 215 479 0.111628 0.0747867 0.0691643
314 0 1 16 196 450 0.0816327 0.0538748 0.0495356
315 0 1 22 210 445 0.104762 0.0719669 0.0671756
316 0 1 31 190 431 0.163158 0.108329 0.099839
317 0 1 14 187 395 0.0748663 0.051512 0.04811
318 0 1 20 230 460 0.0869565 0.0614875 0.057971
319 0 1 16 218 479 0.0733945 0.0495135 0.045911
320 0 1 19 230 465 0.0826087 0.0580983 0.0546763
321 0 1 19 227 491 0.0837004 0.0569115 0.0529248
322 0 1 22 213 476 0.103286 0.0690923 0.0638607
323 0 1 26 212 490 0.122642 0.0806691 0.0740741
324 0 1 22 220 510 0.1 0.065679 0.060274
325 0 1 31 227 509 0.136564 0.091199 0.0842391
326 0 1 33 224 516 0.147321 0.0970655 0.0891892
327 0 1 13 213 442 0.0610329 0.0423684 0.0396947
328 0 1 12 267 545 0.0449438 0.0314577 0.0295567
329 0 1 30 279 551 0.107527 0.0765144 0.0722892
330 0 1 18 237 499 0.0759494 0.0523417 0.048913
331 0 1 10 201 430 0.0497512 0.0340148 0.0316957
332 0 1 23 243 464 0.0946502 0.0684961 0.0650636
333 0 1 21 248 445 0.0846774 0.063214 0.0606061
334 0 1 2 156 336 0.0128205 0.00873571 0.00813008
335 0 1 8 189 352 0.042328 0.0310161 0.0295749
336 0 1 20 256 408 0.078125 0.0618842 0.060241
337 0 1 21 250 421 0.084 0.0647304 0.0625931
338 0 1 18 285 439 0.0631579 0.0508883 0.0497238
339 0 1 25 286 476 0.0874126 0.0677569 0.0656168
340 0 1 34 313 492 0.108626 0.0866411 0.0844721
341 0 1 23 339 508 0.0678466 0.0554238 0.0543093
342 0 1 41 384 603 0.106771 0.0852039 0.08308
343 0 1 39 434 643 0.0898618 0.0738268 0.0724234
344 0 1 69 476 738 0.144958 0.116417 0.113674
345 0 1 85 483 736 0.175983 0.142563 0.139459
346 0 1 69 447 740 0.154362 0.119972 0.116259
347 0 1 87 463 723 0.187905 0.150369 0.146712
348 0 1 59 451 715 0.13082 0.103899 0.101201
349 0 1 64 437 694 0.146453 0.116214 0.113174
350 0 1 55 462 673 0.119048 0.0986357 0.0969163
351 0 1 32 438 633 0.0730594 0.0607731 0.0597572
352 0 1 50 455 668 0.10989 0.0906935 0.0890472
353 0 1 50 425 658 0.117647 0.0945502 0.0923361
354 0 1 58 416 659 0.139423 0.110774 0.107907
355 0 1 56 412 662 0.135922 0.107229 0.104283
356 0 1 30 369 574 0.0813008 0.0651857 0.0636267
357 0 1 17 389 604 0.0437018 0.0350716 0.0342397
358 0 1 33 417 614 0.0791367 0.0652171 0.0640155
359 0 1 27 428 641 0.0630841 0.0515481 0.0505145
360 0 1 35 394 592 0.0888325 0.0724701 0.0709939
361 0 1 43 380 583 0.113158 0.0913571 0.0893043
362 0 1 24 370 568 0.0648649 0.0523524 0.0511727
363 0 1 23 349 529 0.0659026 0.0535288 0.0523918
364 0 1 16 377 579 0.0424403 0.034246 0.0334728
365 0 1 43 404 584 0.106436 0.0885261 0.0870445
366 0 1 50 389 557 0.128535 0.107416 0.105708
367 0 1 42 394 561 0.106599 0.0893346 0.0879581
368 0 1 26 366 555 0.0710383 0.0576881 0.0564604
369 0 1 31 344 513 0.0901163 0.0737945 0.0723454
370 0 1 32 374 565 0.0855615 0.0696129 0.0681576
371 0 1 61 363 509 0.168044 0.141912 0.139908
372 0 1 65 358 501 0.181564 0.15348 0.151339
373 0 1 49 374 543 0.131016 0.108733 0.10687
374 0 1 46 397 582 0.115869 0.0956976 0.0939734
375 0 1 30 390 575 0.0769231 0.0633512 0.0621762
376 0 1 32 373 554 0.0857909 0.0703948 0.0690399
377 0 1 39 359 527 0.108635 0.0896628 0.0880361
378 0 1 51 394 522 0.129442 0.112457 0.111354
379 0 1 47 353 518 0.133144 0.109912 0.107922
380 0 1 49 358 539 0.136872 0.111548 0.109253
381 0 1 49 374 515 0.131016 0.111649 0.110236
382 0 1 47 355 518 0.132394 0.109602 0.107675
383 0 1 43 377 525 0.114058 0.0966536 0.0953437
384 0 1 41 389 531 0.105398 0.0902115 0.0891304
385 0 1 26 363 540 0.0716253 0.058725 0.0575858
386 0 1 40 386 533 0.103627 0.0881866 0.0870511
387 0 1 30 401 543 0.074813 0.0642909 0.0635593
388 0 1 10 368 490 0.0271739 0.0235493 0.02331
389 0 1 25 425 590 0.0588235 0.0499252 0.0492611
390 0 1 45 439 580 0.102506 0.0891798 0.0883219
391 0 1 36 424 568 0.0849057 0.0733576 0.0725806
392 0 1 39 426 564 0.0915493 0.0795647 0.0787879
393 0 1 32 417 574 0.0767386 0.0654073 0.0645812
394 0 1 19 360 485 0.0527778 0.0454707 0.0449704
395 0 1 14 382 495 0.0366492 0.0321954 0.031927
396 0 1 34 360 559 0.0944444 0.0757917 0.0739935
397 0 1 61 424 617 0.143868 0.119263 0.117195
398 0 1 37 418 606 0.0885167 0.0735152 0.0722656
399 0 1 44 438 637 0.100457 0.0833002 0.0818605
400 0 1 11 317 416 0.0347003 0.0302912 0.0300136
401 0 1 11 280 346 0.0392857 0.0353407 0.0351438
402 0 1 21 350 490 0.06 0.0507093 0.05
403 0 1 27 369 522 0.0731707 0.0615199 0.0606061
404 0 1 24 370 544 0.0648649 0.0534947 0.0525164
405 0 1 56 424 668 0.132075 0.105225 0.102564
406 0 1 37 382 583 0.0968586 0.0784036 0.0766839
407 0 1 20 306 433 0.0653595 0.0549446 0.0541272
408 0 1 19 308 441 0.0616883 0.0515536 0.0507343
409 0 1 7 222 363 0.0315315 0.0246586 0.0239316
410 0 1 21 270 400 0.0777778 0.063901 0.0626866
411 0 1 33 315 533 0.104762 0.0805369 0.0778302
412 0 1 22 272 453 0.0808824 0.0626742 0.0606897
413 0 1 17 260 433 0.0653846 0.0506662 0.0490621
414 0 1 22 245 413 0.0897959 0.0691615 0.0668693
415 0 1 8 177 245 0.0451977 0.0384167 0.0379147
416 0 1 4 204 277 0.0196078 0.0168269 0.016632
417 0 1 9 183 292 0.0491803 0.0389337 0.0378947
418 0 1 15 188 284 0.0797872 0.0649162 0.0635593
419 0 1 26 193 321 0.134715 0.104458 0.101167
420 0 1 25 178 333 0.140449 0.102685 0.0978474
421 0 1 16 241 346 0.06639 0.0554081 0.0545145
422 0 1 13 206 303 0.0631068 0.0520341 0.0510806
423 0 1 14 201 244 0.0696517 0.0632172 0.0629213
424 0 1 19 207 278 0.0917874 0.0792038 0.0783505
425 0 1 25 248 356 0.100806 0.0841374 0.0827815
426 0 1 16 234 417 0.0683761 0.0512205 0.0491551
427 0 1 19 197 429 0.0964467 0.065357 0.0607029
428 0 1 31 238 529 0.130252 0.0873666 0.0808344
429 0 1 26 247 504 0.105263 0.0736902 0.069241
430 0 1 31 236 532 0.131356 0.0874883 0.0807292
431 0 1 43 244 524 0.17623 0.120256 0.111979
432 0 1 27 265 488 0.101887 0.0750811 0.0717131
433 0 1 28 255 373 0.109804 0.0907891 0.089172
434 0 1 5 287 371 0.0174216 0.0153229 0.0151976
435 0 1 10 293 434 0.0341297 0.0280428 0.0275103
436 0 1 14 282 464 0.0496454 0.038703 0.0375335
437 0 1 23 264 443 0.0871212 0.0672549 0.0650636
438 0 1 44 280 468 0.157143 0.121549 0.117647
439 0 1 14 233 363 0.0600858 0.048139 0.0469799
440 0 1 9 205 298 0.0439024 0.0364131 0.0357853
441 0 1 18 220 302 0.0818182 0.0698325 0.0689655
442 0 1 7 199 247 0.0351759 0.0315735 0.0313901
443 0 1 14 191 238 0.0732984 0.0656633 0.0652681
444 0 1 14 209 233 0.0669856 0.063442 0.0633484
445 0 1 19 242 305 0.0785124 0.0699352 0.0694698
446 0 1 24 250 361 0.096 0.0798891 0.0785597
447 0 1 20 286 345 0.0699301 0.0636704 0.0633914
448 0 1 23 280 350 0.0821429 0.0734708 0.0730159
449 0 1 26 344 481 0.0755814 0.0639178 0.0630303
450 0 1 46 381 535 0.120735 0.101887 0.100437
451 0 1 45 422 599 0.106635 0.0895041 0.0881489
452 0 1 53 419 606 0.126492 0.10518 0.103415
453 0 1 62 458 667 0.135371 0.112175 0.110222
454 0 1 61 429 644 0.142191 0.116054 0.1137
455 0 1 51 441 656 0.115646 0.0948198 0.0929809
456 0 1 62 444 673 0.13964 0.113421 0.111012
457 0 1 56 433 676 0.12933 0.103507 0.100992
458 0 1 69 453 671 0.152318 0.125152 0.122776
459 0 1 59 443 679 0.133183 0.107576 0.105169
460 0 1 35 427 651 0.0819672 0.066384 0.0649351
461 0 1 53 433 662 0.122402 0.0989926 0.0968037
462 0 1 51 440 671 0.115909 0.0938604 0.0918092
463 0 1 73 436 664 0.167431 0.135674 0.132727
464 0 1 62 446 678 0.139013 0.112748 0.11032
465 0 1 56 434 659 0.129032 0.104713 0.10247
466 0 1 67 450 646 0.148889 0.124266 0.122263
467 0 1 45 417 602 0.107914 0.0898145 0.0883219
468 0 1 66 429 591 0.153846 0.131076 0.129412
469 0 1 76 406 575 0.187192 0.157296 0.154944
470 0 1 47 415 614 0.113253 0.0931086 0.0913508
471 0 1 53 404 602 0.131188 0.10747 0.105368
472 0 1 64 407 634 0.157248 0.125991 0.122959
473 0 1 61 407 594 0.149877 0.124062 0.121878
474 0 1 63 399 624 0.157895 0.126259 0.123167
475 0 1 55 410 625 0.134146 0.10865 0.10628
476 0 1 60 392 634 0.153061 0.120355 0.116959
477 0 1 49 358 597 0.136872 0.105991 0.102618
478 0 1 43 370 561 0.116216 0.0943813 0.0923738
479 0 1 51 367 586 0.138965 0.109974 0.10703
480 0 1 41 352 564 0.116477 0.092018 0.0895196
481 0 1 42 344 562 0.122093 0.0955217 0.0927152
482 0 1 42 352 575 0.119318 0.0933564 0.0906149
483 0 1 26 306 533 0.0849673 0.0643797 0.0619785
484 0 1 24 308 515 0.0779221 0.0602604 0.0583232
485 0 1 39 329 490 0.118541 0.0971334 0.0952381
486 0 1 39 328 539 0.118902 0.0927541 0.0899654
487 0 1 34 313 500 0.108626 0.0859452 0.0836408
488 0 1 41 315 528 0.130159 0.100534 0.0972717
489 0 1 34 313 515 0.108626 0.0846843 0.0821256
490 0 1 42 304 502 0.138158 0.107513 0.104218
491 0 1 54 328 549 0.164634 0.127254 0.123147
492 0 1 53 323 562 0.164087 0.124396 0.119774
493 0 1 40 336 577 0.119048 0.0908453 0.0876232
494 0 1 47 344 590 0.136628 0.104326 0.100642
495 0 1 39 346 613 0.112717 0.084683 0.0813347
496 0 1 64 357 613 0.179272 0.136809 0.131959
497 0 1 70 358 592 0.195531 0.152053 0.147368
498 0 1 41 352 538 0.116477 0.0942153 0.0921348
499 0 1 62 407 666 0.152334 0.119085 0.115564
500 0 1 60 407 665 0.14742 0.11533 0.11194
501 0 1 30 412 592 0.0728155 0.0607452 0.059761
502 0 1 72 436 637 0.165138 0.136622 0.134203
503 0 1 58 445 674 0.130337 0.105905 0.103664
504 0 1 44 417 649 0.105516 0.084579 0.0825516
505 0 1 70 454 678 0.154185 0.12617 0.123675
506 0 1 77 464 674 0.165948 0.13769 0.135325
507 0 1 60 455 640 0.131868 0.111187 0.109589
508 0 1 78 480 664 0.1625 0.138162 0.136364
509 0 1 66 474 678 0.139241 0.116423 0.114583
510 0 1 72 480 682 0.15 0.12584 0.123924
511 0 1 79 481 675 0.164241 0.138645 0.136678
512 0 1 89 476 672 0.186975 0.157363 0.155052
513 0 1 89 491 668 0.181263 0.155404 0.153581
514 0 1 83 472 656 0.175847 0.149161 0.147163
515 0 1 85 466 661 0.182403 0.153153 0.150843
516 0 1 94 470 657 0.2 0.169159 0.166815
517 0 1 105 474 657 0.221519 0.188156 0.185676
518 0 1 69 437 661 0.157895 0.128383 0.125683
519 0 1 72 436 633 0.165138 0.137053 0.134705
520 0 1 63 430 628 0.146512 0.121235 0.119093
521 0 1 66 442 662 0.149321 0.122012 0.119565
522 0 1 35 389 574 0.0899743 0.0740691 0.0726895
523 0 1 79 392 613 0.201531 0.161159 0.157214
524 0 1 50 363 580 0.137741 0.108969 0.106045
525 0 1 33 355 543 0.0929577 0.0751623 0.0734967
526 0 1 27 351 598 0.0769231 0.0589331 0.056902
527 0 1 59 380 601 0.155263 0.123459 0.120285
528 0 1 45 381 600 0.11811 0.0941184 0.0917431
529 0 1 59 390 629 0.151282 0.119123 0.1158
530 0 1 23 363 589 0.0633609 0.0497413 0.0483193
531 0 1 49 348 570 0.140805 0.110019 0.106754
532 0 1 38 344 556 0.110465 0.0868894 0.0844444
533 0 1 31 344 593 0.0901163 0.0686365 0.0661686
534 0 1 39 355 611 0.109859 0.0837394 0.0807453
535 0 1 27 273 512 0.0989011 0.0722183 0.0687898
536 0 1 38 322 572 0.118012 0.0885437 0.0850112
537 0 1 29 334 586 0.0868263 0.0655505 0.0630435
538 0 1 36 336 595 0.107143 0.0805146 0.0773362
539 0 1 46 354 582 0.129944 0.101343 0.0982906
540 0 1 36 354 599 0.101695 0.0781785 0.0755509
541 0 1 25 355 590 0.0704225 0.0546261 0.0529101
542 0 1 41 367 630 0.111717 0.0852669 0.0822467
543 0 1 40 368 649 0.108696 0.0818491 0.0786627
544 0 1 47 412 636 0.114078 0.0918165 0.0896947
545 0 1 63 442 658 0.142534 0.11682 0.114545
546 0 1 63 418 649 0.150718 0.120957 0.118088
547 0 1 24 347 539 0.0691643 0.0554948 0.0541761
548 0 1 54 453 680 0.119205 0.0972949 0.0953222
549 0 1 54 427 675 0.126464 0.100584 0.0980036
550 0 1 34 405 651 0.0839506 0.0662157 0.0643939
551 0 1 28 443 674 0.0632054 0.051242 0.0501343
552 0 1 42 458 690 0.0917031 0.0747123 0.0731707
553 0 1 44 431 657 0.102088 0.0826859 0.0808824
554 0 1 54 443 695 0.121896 0.0973194 0.0949033
555 0 1 88 452 707 0.19469 0.15567 0.151855
556 0 1 83 481 700 0.172557 0.14304 0.140559
557 0 1 78 466 695 0.167382 0.13706 0.134367
558 0 1 74 466 692 0.158798 0.130312 0.127807
559 0 1 86 496 675 0.173387 0.14863 0.146883
560 0 1 86 476 686 0.180672 0.150499 0.148021
561 0 1 84 474 677 0.177215 0.148285 0.14596
562 0 1 75 461 673 0.16269 0.134649 0.132275
563 0 1 84 516 694 0.162791 0.14037 0.138843
564 0 1 82 494 717 0.165992 0.137781 0.135425
565 0 1 68 481 676 0.141372 0.119251 0.117545
566 0 1 88 462 671 0.190476 0.158052 0.15534
567 0 1 61 450 645 0.135556 0.113225 0.111416
568 0 1 82 492 687 0.166667 0.141043 0.139101
569 0 1 85 475 686 0.178947 0.148905 0.146426
570 0 1 73 452 677 0.161504 0.131965 0.129318
571 0 1 65 436 660 0.149083 0.121171 0.118613
572 0 1 65 432 628 0.150463 0.124793 0.122642
573 0 1 83 420 664 0.197619 0.15717 0.153137
574 0 1 81 428 672 0.189252 0.151035 0.147273
575 0 1 46 413 644 0.11138 0.0891949 0.0870388
576 0 1 60 378 616 0.15873 0.124341 0.120724
577 0 1 68 406 620 0.167488 0.135535 0.132554
578 0 1 77 384 597 0.200521 0.160819 0.156983
579 0 1 79 406 655 0.194581 0.153195 0.148916
580 0 1 65 379 640 0.171504 0.131979 0.127576
581 0 1 72 362 641 0.198895 0.149468 0.143569
582 0 1 63 388 614 0.162371 0.129075 0.125749
583 0 1 72 367 596 0.196185 0.153949 0.149533
584 0 1 63 359 574 0.175487 0.138783 0.135048
585 0 1 67 373 630 0.179625 0.138213 0.133599
586 0 1 62 374 614 0.165775 0.129381 0.125506
587 0 1 77 361 612 0.213296 0.163818 0.158273
588 0 1 55 367 607 0.149864 0.116529 0.112936
589 0 1 68 360 598 0.188889 0.146557 0.141962
590 0 1 54 349 590 0.154728 0.119002 0.115016
591 0 1 61 349 579 0.174785 0.135699 0.131466
592 0 1 67 346 579 0.193642 0.149692 0.144865
593 0 1 66 359 638 0.183844 0.137907 0.132397
594 0 1 65 365 649 0.178082 0.13355 0.128205
595 0 1 62 358 630 0.173184 0.130551 0.125506
596 0 1 77 370 639 0.208108 0.158358 0.152626
597 0 1 75 368 648 0.203804 0.153585 0.147638
598 0 1 70 366 643 0.191257 0.144295 0.138751
599 0 1 70 391 642 0.179028 0.139715 0.135528
600 0 1 56 373 647 0.150134 0.113994 0.109804
601 0 1 31 316 528 0.0981013 0.0758929 0.0734597
602 0 1 92 405 671 0.22716 0.176481 0.171004
603 0 1 75 390 624 0.192308 0.152033 0.147929
604 0 1 40 344 553 0.116279 0.0917103 0.0891862
605 0 1 51 400 608 0.1275 0.103416 0.10119
606 0 1 58 385 606 0.150649 0.120077 0.117053
607 0 1 76 434 651 0.175115 0.142981 0.140092
608 0 1 63 441 608 0.142857 0.121666 0.120114
609 0 1 67 462 643 0.145022 0.122927 0.121267
610 0 1 96 475 670 0.202105 0.170172 0.167686
611 0 1 73 468 669 0.155983 0.130463 0.128408
612 0 1 90 481 703 0.18711 0.154772 0.152027
613 0 1 106 478 697 0.221757 0.183643 0.180426
614 0 1 85 468 689 0.181624 0.149688 0.146932
615 0 1 94 482 700 0.195021 0.161829 0.159052
616 0 1 77 477 686 0.161426 0.134608 0.132416
617 0 1 103 494 688 0.208502 0.176677 0.174281
618 0 1 58 462 640 0.125541 0.106664 0.105263
619 0 1 54 484 731 0.11157 0.0907846 0.0888889
620 0 1 57 454 706 0.125551 0.10068 0.0982759
621 0 1 51 436 714 0.116972 0.0914067 0.0886957
622 0 1 80 487 710 0.164271 0.136049 0.133667
623 0 1 92 490 730 0.187755 0.153826 0.15082
624 0 1 83 490 713 0.169388 0.140422 0.137988
625 0 1 75 494 691 0.151822 0.128369 0.126582
626 0 1 85 469 685 0.181237 0.149964 0.147314
627 0 1 81 452 710 0.179204 0.142984 0.139415
628 0 1 75 444 703 0.168919 0.134243 0.130776
629 0 1 78 470 697 0.165957 0.136279 0.133676
630 0 1 53 441 663 0.120181 0.0980166 0.0960145
631 0 1 50 403 657 0.124069 0.0971706 0.0943396
632 0 1 36 347 581 0.103746 0.080177 0.0775862
633 0 1 38 358 635 0.106145 0.0796994 0.0765358
634 0 1 34 346 649 0.0982659 0.0717494 0.0683417
635 0 1 44 349 627 0.126074 0.0940603 0.0901639
636 0 1 25 311 579 0.0803858 0.0589143 0.0561798
637 0 1 46 325 571 0.141538 0.106782 0.102679
638 0 1 35 315 564 0.111111 0.0830373 0.0796359
639 0 1 33 292 551 0.113014 0.082271 0.0782918
640 0 1 59 315 548 0.187302 0.142006 0.136732
641 0 1 40 283 502 0.141343 0.106124 0.101911
642 0 1 57 327 567 0.174312 0.132376 0.127517
643 0 1 47 313 575 0.15016 0.110788 0.105856
644 0 1 33 306 548 0.107843 0.0805866 0.0772834
645 0 1 29 285 496 0.101754 0.077132 0.0742638
646 0 1 34 257 487 0.132296 0.0961054 0.0913979
647 0 1 45 305 537 0.147541 0.111192 0.106888
648 0 1 50 291 541 0.171821 0.126016 0.120192
649 0 1 40 285 533 0.140351 0.10263 0.0977995
650 0 1 47 288 533 0.163194 0.11996 0.114495
651 0 1 48 295 490 0.162712 0.12625 0.122293
652 0 1 41 282 493 0.14539 0.10996 0.105806
653 0 1 55 302 537 0.182119 0.136575 0.131108
654 0 1 52 318 507 0.163522 0.129505 0.126061
655 0 1 32 286 484 0.111888 0.0860091 0.0831169
656 0 1 48 335 522 0.143284 0.114785 0.112019
657 0 1 69 346 559 0.199422 0.156894 0.152486
658 0 1 29 313 489 0.0926518 0.0741261 0.0723192
659 0 1 58 380 598 0.152632 0.121671 0.118609
660 0 1 61 360 603 0.169444 0.130924 0.126687
661 0 1 29 326 514 0.0889571 0.0708447 0.0690476
662 0 1 52 431 643 0.12065 0.0987778 0.0968343
663 0 1 51 412 660 0.123786 0.0978024 0.0951493
664 0 1 22 382 599 0.0575916 0.0459915 0.0448522
665 0 1 46 412 646 0.11165 0.0891647 0.0869565
666 0 1 44 412 642 0.106796 0.0855533 0.0834915
667 0 1 51 406 621 0.125616 0.101569 0.0993184
668 0 1 53 419 621 0.126492 0.103902 0.101923
669 0 1 39 410 607 0.0951219 0.0781769 0.0766962
670 0 1 43 435 624 0.0988506 0.0825337 0.0812087
671 0 1 62 442 644 0.140271 0.116208 0.11418
672 0 1 55 442 613 0.124434 0.105663 0.104265
673 0 1 41 407 615 0.100737 0.08195 0.0802348
674 0 1 74 445 629 0.166292 0.139871 0.137803
675 0 1 48 427 607 0.112412 0.0942829 0.0928433
676 0 1 76 444 645 0.171171 0.142018 0.139578
677 0 1 82 445 666 0.18427 0.150625 0.147615
678 0 1 64 459 675 0.139434 0.11498 0.112875
679 0 1 85 480 654 0.177083 0.151708 0.149912
680 0 1 95 485 659 0.195876 0.168039 0.166084
681 0 1 73 472 662 0.154661 0.130594 0.128748
682 0 1 83 480 645 0.172917 0.149169 0.147556
683 0 1 105 458 672 0.229258 0.189266 0.185841
684 0 1 52 430 599 0.12093 0.10246 0.101069
685 0 1 44 415 660 0.106024 0.084073 0.0818605
686 0 1 80 427 659 0.187354 0.150811 0.14733
687 0 1 91 443 665 0.205418 0.16766 0.16426
688 0 1 75 430 652 0.174419 0.141646 0.138632
689 0 1 91 438 659 0.207763 0.16938 0.165907
690 0 1 71 388 619 0.18299 0.144876 0.141013
691 0 1 90 393 649 0.229008 0.178207 0.172745
692 0 1 69 399 661 0.172932 0.134357 0.130189
693 0 1 80 402 647 0.199005 0.156865 0.152526
694 0 1 79 410 648 0.192683 0.153267 0.149338
695 0 1 72 389 631 0.18509 0.145326 0.141176
696 0 1 80 368 633 0.217391 0.165754 0.15984
697 0 1 72 368 630 0.195652 0.149533 0.144289
698 0 1 66 370 614 0.178378 0.138471 0.134146
699 0 1 65 357 607 0.182073 0.139632 0.134855
700 0 1 65 356 613 0.182584 0.139142 0.134159
701 0 1 60 374 609 0.160428 0.125721 0.122075
702 0 1 73 363 595 0.201102 0.157076 0.152401
703 0 1 86 356 617 0.241573 0.183498 0.176773
704 0 1 59 334 599 0.176647 0.131906 0.126474
705 0 1 61 320 599 0.190625 0.139329 0.132753
706 0 1 56 343 602 0.163265 0.123237 0.118519
707 0 1 76 350 616 0.217143 0.163678 0.15735
708 0 1 86 378 626 0.227513 0.176793 0.171315
709 0 1 74 392 642 0.188776 0.14751 0.143133
710 0 1 87 404 644 0.215347 0.170563 0.166031
711 0 1 77 390 637 0.197436 0.154486 0.149951
712 0 1 82 366 617 0.224044 0.172556 0.166836
713 0 1 71 383 616 0.185379 0.146173 0.142142
714 0 1 94 395 599 0.237975 0.193248 0.189135
715 0 1 98 424 644 0.231132 0.187543 0.183521
716 0 1 57 406 622 0.140394 0.113427 0.110895
717 0 1 37 403 631 0.0918114 0.0733727 0.0715667
718 0 1 88 441 664 0.199546 0.162622 0.159276
719 0 1 62 391 617 0.158568 0.126229 0.123016
720 0 1 46 417 648 0.110312 0.0884916 0.086385
721 0 1 85 474 704 0.179325 0.147144 0.144312
722 0 1 48 435 674 0.110345 0.0886475 0.0865645
723 0 1 50 421 692 0.118765 0.0926352 0.0898473
724 0 1 35 397 645 0.0881612 0.069166 0.0671785
725 0 1 53 435 669 0.121839 0.0982467 0.0960145
726 0 1 68 452 688 0.150442 0.12194 0.119298
727 0 1 56 447 678 0.12528 0.101723 0.0995556
728 0 1 71 453 674 0.156733 0.128493 0.125998
729 0 1 75 445 698 0.168539 0.134572 0.131234
730 0 1 71 409 627 0.173594 0.140205 0.137066
731 0 1 55 408 654 0.134804 0.106474 0.103578
732 0 1 74 413 648 0.179177 0.143044 0.139491
733 0 1 50 395 626 0.126582 0.100551 0.0979432
734 0 1 71 414 640 0.171498 0.137933 0.134725
735 0 1 69 401 637 0.17207 0.136523 0.132948
736 0 1 54 419 616 0.128878 0.106291 0.104348
737 0 1 51 361 611 0.141274 0.108592 0.104938
738 0 1 62 401 635 0.154613 0.122866 0.119691
739 0 1 68 390 626 0.174359 0.137623 0.133858
740 0 1 71 384 630 0.184896 0.144352 0.140039
741 0 1 68 375 618 0.181333 0.141253 0.136959
742 0 1 78 369 594 0.211382 0.166605 0.161994
743 0 1 78 357 609 0.218487 0.167283 0.161491
744 0 1 61 361 588 0.168975 0.1324 0.128556
745 0 1 78 368 614 0.211957 0.164092 0.158859
746 0 1 72 365 607 0.19726 0.152965 0.148148
747 0 1 80 370 617 0.216216 0.167435 0.162107
748 0 1 80 369 613 0.216802 0.168208 0.162933
749 0 1 86 402 622 0.21393 0.171985 0.167969
750 0 1 78 384 590 0.203125 0.163871 0.160164
751 0 1 63 381 614 0.165354 0.130255 0.126633
752 0 1 84 397 603 0.211587 0.171682 0.168
753 0 1 99 399 620 0.24812 0.199046 0.194308
754 0 1 87 396 612 0.219697 0.176724 0.172619
755 0 1 89 427 631 0.208431 0.171459 0.168242
756 0 1 82 392 622 0.209184 0.166064 0.161736
757 0 1 91 412 626 0.220874 0.179187 0.175337
758 0 1 85 417 637 0.203837 0.164923 0.16129
759 0 1 86 406 638 0.211823 0.168976 0.164751
760 0 1 69 397 620 0.173804 0.139078 0.135693
761 0 1 92 417 617 0.220624 0.181375 0.17795
762 0 1 74 409 628 0.180929 0.146013 0.142719
763 0 1 80 405 618 0.197531 0.159907 0.156403
764 0 1 74 404 630 0.183168 0.14668 0.143133
765 0 1 93 399 628 0.233083 0.185788 0.18111
766 0 1 99 399 643 0.24812 0.195453 0.190019
767 0 1 75 413 631 0.181598 0.146917 0.143678
768 0 1 93 411 641 0.226277 0.181189 0.176806
769 0 1 89 415 666 0.214458 0.169289 0.164662
770 0 1 78 426 680 0.183099 0.144922 0.141049
771 0 1 109 445 678 0.244944 0.198441 0.194123
772 0 1 86 434 682 0.198157 0.158074 0.154122
773 0 1 92 452 688 0.20354 0.164977 0.161404
774 0 1 89 440 701 0.202273 0.160252 0.156004
775 0 1 82 453 691 0.181015 0.146563 0.143357
776 0 1 86 435 686 0.197701 0.157432 0.153434
777 0 1 89 441 696 0.201814 0.160645 0.156552
778 0 1 102 434 698 0.235023 0.185322 0.180212
779 0 1 92 418 691 0.220096 0.171183 0.165915
780 0 1 86 453 664 0.189845 0.156807 0.153984
781 0 1 86 445 668 0.193258 0.157736 0.154537
782 0 1 73 436 654 0.167431 0.136707 0.133945
783 0 1 89 426 679 0.20892 0.165482 0.161086
784 0 1 83 420 676 0.197619 0.155769 0.15146
785 0 1 93 439 670 0.211845 0.17148 0.167719
786 0 1 99 423 673 0.234043 0.185549 0.180657
787 0 1 100 433 656 0.230947 0.187631 0.183655
788 0 1 87 432 646 0.201389 0.164688 0.16141
789 0 1 83 457 657 0.181619 0.151474 0.149013
790 0 1 95 436 660 0.21789 0.177096 0.173358
791 0 1 91 424 657 0.214623 0.172415 0.168363
792 0 1 97 429 689 0.226107 0.178416 0.173524
793 0 1 106 432 662 0.24537 0.198214 0.193784
794 0 1 101 435 674 0.232184 0.186529 0.182146
795 0 1 96 435 663 0.22069 0.17876 0.174863
796 0 1 109 427 668 0.255269 0.204091 0.199087
797 0 1 95 435 690 0.218391 0.173402 0.168889

# ---------- Global Summary ----------
# CorrFrames: 775
avg_CorrEdges: 44.7406
avg_match_A: 347.111
avg_match_B: 562.51
global_RI_MNR: 0.128894
global_RI_GNR: 0.101252
global_RI_DICE: 0.0983721

# ---------- Per-Channel Summary ----------
chA: 0 chB: 1 | avgC: 44.7406 avgA: 347.111 avgB: 562.51 MNR: 0.120277 GNR: 0.0946135 DICE: 0.0918513
