#frame chA chB nCorr nA nB MNR GNR DICE
16 0 1 0 117 368 0 0 0
17 0 1 0 133 376 0 0 0
18 0 1 0 125 364 0 0 0
19 0 1 0 115 371 0 0 0
20 0 1 2 108 366 0.0185185 0.0100595 0.00843882
21 0 1 5 103 339 0.0485437 0.0267579 0.0226244
22 0 1 9 173 485 0.0520231 0.0310705 0.0273556
23 0 1 13 177 485 0.0734463 0.0443696 0.0392749
24 0 1 12 163 439 0.0736196 0.0448596 0.0398671
25 0 1 15 166 456 0.0903614 0.0545199 0.0482315
26 0 1 13 154 468 0.0844156 0.0484239 0.0418006
27 0 1 14 151 456 0.0927152 0.0533528 0.0461285
28 0 1 28 144 438 0.194444 0.111491 0.0962199
29 0 1 22 149 432 0.147651 0.0867137 0.0757315
30 0 1 30 139 406 0.215827 0.126285 0.110092
31 0 1 18 134 363 0.134328 0.0816144 0.0724346
32 0 1 12 111 338 0.108108 0.0619529 0.0534521
33 0 1 4 171 401 0.0233918 0.0152753 0.013986
34 0 1 10 171 443 0.0584795 0.0363329 0.0325733
35 0 1 9 184 480 0.048913 0.030284 0.0271084
36 0 1 15 176 473 0.0852273 0.0519882 0.046225
37 0 1 13 185 451 0.0702703 0.0450059 0.0408805
38 0 1 19 183 478 0.103825 0.0642413 0.0574887
39 0 1 22 183 485 0.120219 0.0738459 0.0658683
40 0 1 20 188 486 0.106383 0.0661657 0.0593472
41 0 1 22 167 520 0.131737 0.0746557 0.0640466
42 0 1 20 190 513 0.105263 0.0640611 0.056899
43 0 1 22 186 507 0.11828 0.0716411 0.0634921
44 0 1 22 184 532 0.119565 0.0703166 0.0614525
45 0 1 28 185 548 0.151351 0.0879391 0.0763984
46 0 1 40 211 547 0.189573 0.11774 0.105541
47 0 1 36 217 544 0.165899 0.104779 0.0946124
48 0 1 41 210 573 0.195238 0.118194 0.104725
49 0 1 53 214 573 0.247664 0.151353 0.134689
50 0 1 38 186 551 0.204301 0.1187 0.103121
51 0 1 44 194 551 0.226804 0.134579 0.118121
52 0 1 63 193 545 0.326425 0.194251 0.170732
53 0 1 37 194 531 0.190722 0.11528 0.102069
54 0 1 37 195 547 0.189744 0.11329 0.0997305
55 0 1 42 197 503 0.213198 0.133423 0.12
56 0 1 48 191 505 0.251309 0.154554 0.137931
57 0 1 52 190 490 0.273684 0.170423 0.152941
58 0 1 49 187 463 0.262032 0.166527 0.150769
59 0 1 57 191 497 0.298429 0.185004 0.165698
60 0 1 52 192 488 0.270833 0.16988 0.152941
61 0 1 51 189 474 0.269841 0.170392 0.153846
62 0 1 51 192 489 0.265625 0.166443 0.14978
63 0 1 62 187 462 0.331551 0.210936 0.191063
64 0 1 64 182 434 0.351648 0.227719 0.207792
65 0 1 48 185 409 0.259459 0.174499 0.161616
66 0 1 61 192 416 0.317708 0.21584 0.200658
67 0 1 64 182 397 0.351648 0.238094 0.221071
68 0 1 67 185 393 0.362162 0.248481 0.231834
69 0 1 37 181 379 0.20442 0.141268 0.132143
70 0 1 53 172 385 0.30814 0.205959 0.190305
71 0 1 33 155 373 0.212903 0.137244 0.125
72 0 1 40 138 327 0.289855 0.188298 0.172043
73 0 1 27 137 297 0.19708 0.133852 0.124424
74 0 1 21 192 399 0.109375 0.0758721 0.071066
75 0 1 13 182 363 0.0714286 0.0505771 0.0477064
76 0 1 20 154 337 0.12987 0.0877919 0.0814664
77 0 1 14 153 324 0.0915033 0.0628796 0.0587002
78 0 1 11 139 301 0.0791367 0.0537777 0.05
79 0 1 24 147 318 0.163265 0.111004 0.103226
80 0 1 27 144 313 0.1875 0.127178 0.118162
81 0 1 15 135 300 0.111111 0.0745356 0.0689655
82 0 1 24 167 346 0.143713 0.0998424 0.0935673
83 0 1 22 153 349 0.143791 0.095206 0.0876494
84 0 1 24 162 355 0.148148 0.100078 0.0928433
85 0 1 31 168 375 0.184524 0.123507 0.11418
86 0 1 39 165 381 0.236364 0.155546 0.142857
87 0 1 24 176 447 0.136364 0.085566 0.0770466
88 0 1 37 203 446 0.182266 0.122966 0.114022
89 0 1 32 177 359 0.180791 0.126945 0.119403
90 0 1 21 168 315 0.125 0.0912871 0.0869565
91 0 1 64 248 513 0.258065 0.17943 0.1682
92 0 1 31 234 507 0.132479 0.0900015 0.0836707
93 0 1 29 214 465 0.135514 0.0919316 0.0854197
94 0 1 29 283 571 0.102473 0.0721418 0.0679157
95 0 1 45 280 594 0.160714 0.110342 0.102975
96 0 1 54 278 574 0.194245 0.135181 0.126761
97 0 1 69 335 652 0.20597 0.14764 0.139818
98 0 1 50 307 666 0.162866 0.110577 0.102775
99 0 1 64 307 657 0.208469 0.142504 0.13278
100 0 1 55 290 650 0.189655 0.12668 0.117021
101 0 1 72 287 639 0.250871 0.168128 0.155508
102 0 1 76 297 622 0.255892 0.176824 0.165397
103 0 1 62 291 615 0.213058 0.146557 0.136865
104 0 1 81 292 601 0.277397 0.193355 0.181411
105 0 1 76 272 574 0.279412 0.192342 0.179669
106 0 1 59 265 550 0.222642 0.154542 0.144785
107 0 1 77 331 670 0.232628 0.163508 0.153846
108 0 1 65 287 623 0.226481 0.153719 0.142857
109 0 1 55 290 633 0.189655 0.128369 0.119177
110 0 1 56 285 600 0.196491 0.135422 0.126554
111 0 1 44 262 564 0.167939 0.114462 0.106538
112 0 1 73 256 573 0.285156 0.190601 0.176116
113 0 1 47 258 546 0.182171 0.125225 0.116915
114 0 1 44 274 627 0.160584 0.106156 0.0976693
115 0 1 51 263 623 0.193916 0.125994 0.115124
116 0 1 54 261 609 0.206897 0.135446 0.124138
117 0 1 45 255 576 0.176471 0.117417 0.108303
118 0 1 37 237 567 0.156118 0.100934 0.0920398
119 0 1 36 237 543 0.151899 0.100353 0.0923077
120 0 1 45 284 618 0.158451 0.107414 0.0997783
121 0 1 38 257 620 0.14786 0.0951966 0.0866591
122 0 1 41 248 594 0.165323 0.106823 0.0973872
123 0 1 28 243 570 0.115226 0.0752346 0.0688807
124 0 1 44 247 572 0.178138 0.117059 0.107448
125 0 1 37 223 523 0.165919 0.108342 0.0991957
126 0 1 25 230 543 0.108696 0.0707418 0.064683
127 0 1 41 227 554 0.180617 0.115615 0.104994
128 0 1 36 231 548 0.155844 0.101183 0.0924262
129 0 1 36 276 614 0.130435 0.0874508 0.0808989
130 0 1 28 274 641 0.10219 0.0668119 0.0612022
131 0 1 35 276 671 0.126812 0.0813303 0.0739176
132 0 1 37 275 692 0.134545 0.0848169 0.0765253
133 0 1 44 277 675 0.158845 0.101756 0.092437
134 0 1 53 287 699 0.184669 0.11833 0.107505
135 0 1 52 289 675 0.179931 0.117734 0.107884
136 0 1 46 290 658 0.158621 0.105304 0.0970464
137 0 1 47 319 702 0.147335 0.0993194 0.0920666
138 0 1 63 328 725 0.192073 0.129192 0.119658
139 0 1 86 337 737 0.255193 0.172564 0.160149
140 0 1 59 319 704 0.184953 0.1245 0.115347
141 0 1 75 337 714 0.222552 0.152896 0.142721
142 0 1 88 328 710 0.268293 0.182355 0.169557
143 0 1 72 323 717 0.22291 0.149614 0.138462
144 0 1 56 313 684 0.178914 0.121029 0.112337
145 0 1 93 335 713 0.277612 0.19029 0.177481
146 0 1 101 339 717 0.297935 0.204862 0.191288
147 0 1 60 332 661 0.180723 0.12808 0.120846
148 0 1 96 316 681 0.303797 0.206945 0.192578
149 0 1 93 320 631 0.290625 0.206963 0.195584
150 0 1 107 336 719 0.318452 0.217696 0.202844
151 0 1 65 323 701 0.201238 0.136601 0.126953
152 0 1 92 334 718 0.275449 0.187868 0.174905
153 0 1 88 331 665 0.265861 0.187568 0.176707
154 0 1 65 301 577 0.215947 0.15597 0.148064
155 0 1 79 333 592 0.237237 0.177928 0.170811
156 0 1 84 332 664 0.253012 0.178907 0.168675
157 0 1 83 327 667 0.253823 0.177722 0.167002
158 0 1 104 325 625 0.32 0.230755 0.218947
159 0 1 82 322 622 0.254658 0.183228 0.173729
160 0 1 85 323 616 0.263158 0.190558 0.181044
161 0 1 97 315 591 0.307937 0.224814 0.214128
162 0 1 73 315 628 0.231746 0.16413 0.154825
163 0 1 94 333 647 0.282282 0.202513 0.191837
164 0 1 94 313 624 0.300319 0.212698 0.20064
165 0 1 102 299 611 0.341137 0.23864 0.224176
166 0 1 109 319 632 0.341693 0.242757 0.229232
167 0 1 81 329 632 0.246201 0.177635 0.168574
168 0 1 72 318 652 0.226415 0.158123 0.148454
169 0 1 99 326 657 0.303681 0.213916 0.201424
170 0 1 120 322 665 0.372671 0.259324 0.243161
171 0 1 89 334 653 0.266467 0.190572 0.180344
172 0 1 94 320 628 0.29375 0.209688 0.198312
173 0 1 93 298 625 0.312081 0.215494 0.201517
174 0 1 76 285 590 0.266667 0.185338 0.173714
175 0 1 61 253 531 0.241107 0.166426 0.155612
176 0 1 23 223 432 0.103139 0.0741026 0.070229
177 0 1 31 218 444 0.142202 0.0996419 0.0936556
178 0 1 42 244 543 0.172131 0.115386 0.106734
179 0 1 59 223 528 0.264574 0.171942 0.157124
180 0 1 87 232 426 0.375 0.276739 0.264438
181 0 1 41 231 500 0.177489 0.12064 0.112175
182 0 1 29 215 466 0.134884 0.0916191 0.0851689
183 0 1 66 199 480 0.331658 0.213549 0.194404
184 0 1 39 189 444 0.206349 0.13463 0.123223
185 0 1 33 191 470 0.172775 0.110141 0.0998487
186 0 1 43 210 481 0.204762 0.135296 0.124457
187 0 1 40 184 472 0.217391 0.135731 0.121951
188 0 1 29 204 504 0.142157 0.0904415 0.0819209
189 0 1 31 190 493 0.163158 0.101289 0.090776
190 0 1 13 146 283 0.0890411 0.0639549 0.0606061
191 0 1 11 166 300 0.0662651 0.0492922 0.0472103
192 0 1 10 151 309 0.0662252 0.0462948 0.0434783
193 0 1 14 174 334 0.0804598 0.0580738 0.0551181
194 0 1 17 179 367 0.0949721 0.0663268 0.0622711
195 0 1 21 149 278 0.14094 0.103182 0.0983607
196 0 1 21 168 355 0.125 0.0859905 0.0803059
197 0 1 25 169 359 0.147929 0.101496 0.094697
198 0 1 35 147 347 0.238095 0.154969 0.1417
199 0 1 36 140 316 0.257143 0.171157 0.157895
200 0 1 41 125 330 0.328 0.20187 0.18022
201 0 1 53 126 315 0.420635 0.266033 0.240363
202 0 1 41 142 341 0.288732 0.186321 0.169772
203 0 1 62 158 373 0.392405 0.255393 0.233522
204 0 1 41 150 391 0.273333 0.169297 0.151571
205 0 1 55 160 414 0.34375 0.213699 0.191638
206 0 1 43 164 426 0.262195 0.162683 0.145763
207 0 1 64 177 398 0.361582 0.24113 0.222609
208 0 1 67 177 431 0.378531 0.242577 0.220395
209 0 1 46 175 356 0.262857 0.184295 0.173258
210 0 1 39 184 343 0.211957 0.155242 0.148008
211 0 1 39 183 334 0.213115 0.157749 0.15087
212 0 1 36 183 425 0.196721 0.129087 0.118421
213 0 1 54 191 354 0.282723 0.207671 0.198165
214 0 1 37 194 300 0.190722 0.15337 0.149798
215 0 1 42 211 331 0.199052 0.158926 0.154982
216 0 1 42 213 372 0.197183 0.149207 0.14359
217 0 1 44 233 372 0.188841 0.149453 0.145455
218 0 1 55 235 467 0.234043 0.166024 0.156695
219 0 1 57 260 510 0.219231 0.156532 0.148052
220 0 1 60 284 609 0.211268 0.144272 0.134378
221 0 1 98 286 641 0.342657 0.228883 0.211435
222 0 1 80 318 661 0.251572 0.174492 0.163432
223 0 1 90 313 663 0.28754 0.197567 0.184426
224 0 1 97 320 659 0.303125 0.211229 0.198161
225 0 1 90 297 576 0.30303 0.217597 0.206186
226 0 1 68 274 602 0.248175 0.167431 0.155251
227 0 1 63 321 678 0.196262 0.135043 0.126126
228 0 1 90 341 709 0.26393 0.183038 0.171429
229 0 1 93 326 690 0.285276 0.196087 0.183071
230 0 1 82 337 691 0.243323 0.169926 0.159533
231 0 1 76 300 610 0.253333 0.177659 0.167033
232 0 1 65 287 600 0.226481 0.156638 0.146561
233 0 1 78 328 665 0.237805 0.167012 0.1571
234 0 1 59 300 639 0.196667 0.134754 0.125666
235 0 1 69 283 643 0.243816 0.161752 0.149028
236 0 1 86 292 619 0.294521 0.202284 0.188804
237 0 1 83 269 576 0.30855 0.210858 0.19645
238 0 1 61 303 607 0.20132 0.142238 0.134066
239 0 1 56 267 592 0.209738 0.140855 0.130384
240 0 1 55 272 600 0.202206 0.136145 0.126147
241 0 1 43 262 548 0.164122 0.113482 0.106173
242 0 1 55 276 587 0.199275 0.136644 0.127462
243 0 1 43 245 591 0.17551 0.113003 0.102871
244 0 1 38 251 553 0.151394 0.101996 0.0945274
245 0 1 37 240 541 0.154167 0.102683 0.0947503
246 0 1 24 261 536 0.091954 0.0641665 0.0602258
247 0 1 30 237 543 0.126582 0.0836271 0.0769231
248 0 1 37 245 564 0.15102 0.0995358 0.0914709
249 0 1 28 251 542 0.111554 0.0759139 0.0706179
250 0 1 27 234 536 0.115385 0.0762383 0.0701299
251 0 1 24 250 571 0.096 0.0635219 0.0584653
252 0 1 25 229 564 0.10917 0.0695637 0.0630517
253 0 1 38 231 500 0.164502 0.111813 0.103967
254 0 1 23 229 482 0.100437 0.0692288 0.0646976
255 0 1 20 225 490 0.0888889 0.0602339 0.0559441
256 0 1 34 223 486 0.152466 0.103278 0.0959097
257 0 1 29 219 469 0.13242 0.0904877 0.0843023
258 0 1 28 244 497 0.114754 0.0804053 0.0755735
259 0 1 36 235 489 0.153191 0.106197 0.0994475
260 0 1 34 231 515 0.147186 0.0985756 0.0911528
261 0 1 30 231 496 0.12987 0.0886287 0.0825309
262 0 1 37 231 499 0.160173 0.10898 0.10137
263 0 1 48 224 489 0.214286 0.145032 0.134642
264 0 1 36 231 466 0.155844 0.109724 0.1033
265 0 1 42 236 474 0.177966 0.125575 0.11831
266 0 1 35 238 500 0.147059 0.10146 0.0948509
267 0 1 53 220 482 0.240909 0.162758 0.150997
268 0 1 31 234 502 0.132479 0.0904486 0.0842391
269 0 1 55 237 507 0.232068 0.158666 0.147849
270 0 1 25 213 442 0.117371 0.0814778 0.0763359
271 0 1 38 250 514 0.152 0.106006 0.0994764
272 0 1 62 269 566 0.230483 0.158894 0.148503
273 0 1 22 267 518 0.082397 0.0591565 0.056051
274 0 1 61 270 582 0.225926 0.153882 0.143192
275 0 1 53 307 620 0.172638 0.121482 0.114347
276 0 1 53 314 594 0.16879 0.122721 0.11674
277 0 1 95 303 660 0.313531 0.212437 0.1973
278 0 1 72 311 607 0.231511 0.165714 0.156863
279 0 1 17 190 333 0.0894737 0.067585 0.0650096
280 0 1 33 267 492 0.123596 0.0910491 0.0869565
281 0 1 34 259 427 0.131274 0.102239 0.0991254
282 0 1 56 277 472 0.202166 0.154874 0.149533
283 0 1 72 327 616 0.220183 0.160424 0.152704
284 0 1 18 259 470 0.0694981 0.051591 0.0493827
285 0 1 28 278 505 0.100719 0.0747291 0.0715198
286 0 1 31 285 520 0.108772 0.0805263 0.0770186
287 0 1 8 198 235 0.040404 0.0370871 0.0369515
288 0 1 8 184 221 0.0434783 0.0396721 0.0395062
289 0 1 30 255 355 0.117647 0.0997096 0.0983607
290 0 1 62 293 469 0.211604 0.167252 0.16273
291 0 1 70 312 633 0.224359 0.157514 0.148148
292 0 1 92 304 649 0.302632 0.207123 0.193074
293 0 1 83 300 684 0.276667 0.183227 0.168699
294 0 1 47 277 533 0.169675 0.122319 0.116049
295 0 1 49 241 456 0.20332 0.14781 0.140603
296 0 1 42 214 340 0.196262 0.155705 0.151625
297 0 1 17 192 298 0.0885417 0.0710706 0.0693878
298 0 1 59 248 453 0.237903 0.176026 0.168331
299 0 1 22 182 307 0.120879 0.0930717 0.0899796
300 0 1 27 165 305 0.163636 0.120357 0.114894
301 0 1 9 194 307 0.0463918 0.0368784 0.0359281
302 0 1 26 201 307 0.129353 0.104666 0.102362
303 0 1 26 191 375 0.136126 0.0971496 0.0918728
304 0 1 43 185 366 0.232432 0.16525 0.15608
305 0 1 59 206 472 0.286408 0.189211 0.174041
306 0 1 64 191 480 0.335079 0.21137 0.19076
307 0 1 63 208 477 0.302885 0.200009 0.183942
308 0 1 55 186 447 0.295699 0.190745 0.173776
309 0 1 67 196 430 0.341837 0.230788 0.214058
310 0 1 64 187 447 0.342246 0.221363 0.201893
311 0 1 73 190 409 0.384211 0.261869 0.24374
312 0 1 69 184 425 0.375 0.246743 0.226601
313 0 1 45 184 395 0.244565 0.166919 0.15544
314 0 1 56 174 363 0.321839 0.222823 0.208566
315 0 1 61 168 365 0.363095 0.246337 0.228893
316 0 1 65 155 362 0.419355 0.274406 0.251451
317 0 1 38 148 336 0.256757 0.170405 0.157025
318 0 1 69 164 356 0.420732 0.285563 0.265385
319 0 1 59 149 352 0.395973 0.257625 0.235529
320 0 1 51 152 342 0.335526 0.223684 0.206478
321 0 1 72 152 340 0.473684 0.316717 0.292683
322 0 1 58 153 356 0.379085 0.248518 0.227898
323 0 1 45 139 364 0.323741 0.200057 0.178926
324 0 1 68 156 379 0.435897 0.279658 0.254206
325 0 1 67 152 399 0.440789 0.272061 0.243194
326 0 1 56 178 402 0.314607 0.209346 0.193103
327 0 1 34 182 349 0.186813 0.134906 0.12806
328 0 1 59 222 469 0.265766 0.182848 0.170767
329 0 1 77 212 491 0.363208 0.238661 0.219061
330 0 1 52 217 423 0.239631 0.171634 0.1625
331 0 1 36 203 355 0.17734 0.134104 0.129032
332 0 1 38 209 358 0.181818 0.138921 0.134039
333 0 1 49 201 350 0.243781 0.184741 0.177858
334 0 1 28 161 260 0.173913 0.136854 0.133017
335 0 1 28 211 285 0.132701 0.114181 0.112903
336 0 1 35 206 337 0.169903 0.132837 0.128913
337 0 1 25 234 340 0.106838 0.0886324 0.087108
338 0 1 34 224 352 0.151786 0.121083 0.118056
339 0 1 30 254 410 0.11811 0.0929635 0.0903614
340 0 1 28 265 464 0.10566 0.0798502 0.0768176
341 0 1 37 291 482 0.127148 0.0987943 0.0957309
342 0 1 67 296 583 0.226351 0.161285 0.152446
343 0 1 69 326 674 0.211656 0.147201 0.138
344 0 1 76 335 716 0.226866 0.15518 0.144624
345 0 1 86 352 713 0.244318 0.171665 0.161502
346 0 1 94 337 700 0.278932 0.193537 0.181292
347 0 1 107 332 673 0.322289 0.226364 0.212935
348 0 1 87 354 730 0.245763 0.171142 0.160517
349 0 1 75 348 694 0.215517 0.152613 0.143954
350 0 1 85 322 677 0.263975 0.182052 0.17017
351 0 1 53 307 633 0.172638 0.120228 0.112766
352 0 1 88 344 664 0.255814 0.184128 0.174603
353 0 1 66 329 635 0.200608 0.144397 0.136929
354 0 1 66 314 627 0.210191 0.148746 0.140276
355 0 1 74 336 626 0.220238 0.161352 0.153846
356 0 1 48 302 549 0.15894 0.117883 0.112808
357 0 1 45 287 588 0.156794 0.109543 0.102857
358 0 1 50 306 588 0.163399 0.117875 0.111857
359 0 1 48 299 637 0.160535 0.109986 0.102564
360 0 1 64 265 579 0.241509 0.163387 0.151659
361 0 1 58 299 621 0.19398 0.1346 0.126087
362 0 1 21 279 594 0.0752688 0.0515851 0.04811
363 0 1 21 262 533 0.0801527 0.056196 0.0528302
364 0 1 34 287 594 0.118467 0.0823464 0.077185
365 0 1 47 271 603 0.173432 0.116266 0.107551
366 0 1 63 277 554 0.227437 0.160822 0.151625
367 0 1 54 268 557 0.201493 0.139765 0.130909
368 0 1 32 255 538 0.12549 0.086395 0.0807062
369 0 1 38 259 537 0.146718 0.101894 0.0954774
370 0 1 52 257 554 0.202335 0.13781 0.128237
371 0 1 32 232 492 0.137931 0.094716 0.0883978
372 0 1 44 267 525 0.164794 0.117522 0.111111
373 0 1 58 251 520 0.231076 0.160542 0.150454
374 0 1 43 250 540 0.172 0.117031 0.108861
375 0 1 49 256 546 0.191406 0.131063 0.122195
376 0 1 37 243 510 0.152263 0.105103 0.0982736
377 0 1 48 237 496 0.202532 0.139999 0.130969
378 0 1 49 277 552 0.176895 0.12531 0.118215
379 0 1 58 267 564 0.217228 0.149463 0.139591
380 0 1 55 279 579 0.197133 0.136843 0.128205
381 0 1 45 269 564 0.167286 0.115531 0.108043
382 0 1 50 264 567 0.189394 0.129234 0.120337
383 0 1 60 253 573 0.237154 0.157585 0.145278
384 0 1 58 258 567 0.224806 0.151644 0.140606
385 0 1 47 241 559 0.195021 0.128051 0.1175
386 0 1 55 262 568 0.209924 0.142573 0.13253
387 0 1 63 283 572 0.222615 0.156585 0.147368
388 0 1 47 239 459 0.196653 0.141903 0.13467
389 0 1 31 298 566 0.104027 0.0754823 0.0717593
390 0 1 62 306 581 0.202614 0.147043 0.139797
391 0 1 41 282 583 0.14539 0.101117 0.0947977
392 0 1 43 295 556 0.145763 0.106174 0.101058
393 0 1 48 297 550 0.161616 0.118763 0.113341
394 0 1 18 254 443 0.0708661 0.0536604 0.0516499
395 0 1 34 299 516 0.113712 0.0865602 0.0834356
396 0 1 62 289 562 0.214533 0.153842 0.145711
397 0 1 69 310 584 0.222581 0.162167 0.154362
398 0 1 42 313 573 0.134185 0.0991745 0.0948081
399 0 1 69 302 606 0.228477 0.161291 0.151982
400 0 1 45 263 405 0.171103 0.137882 0.134731
401 0 1 22 232 327 0.0948276 0.0798739 0.078712
402 0 1 48 295 498 0.162712 0.125232 0.121059
403 0 1 33 313 552 0.105431 0.0793912 0.0763006
404 0 1 52 303 569 0.171617 0.125235 0.119266
405 0 1 94 303 679 0.310231 0.207239 0.191446
406 0 1 66 287 590 0.229965 0.16039 0.150513
407 0 1 27 248 410 0.108871 0.0846732 0.0820669
408 0 1 49 249 416 0.196787 0.152247 0.147368
409 0 1 32 211 335 0.151659 0.120361 0.117216
410 0 1 38 236 372 0.161017 0.12825 0.125
411 0 1 59 249 492 0.236948 0.168566 0.159244
412 0 1 58 233 408 0.248927 0.188113 0.180967
413 0 1 48 204 398 0.235294 0.168455 0.159468
414 0 1 48 200 372 0.24 0.175977 0.167832
415 0 1 30 188 242 0.159574 0.140648 0.139535
416 0 1 25 177 255 0.141243 0.117675 0.115741
417 0 1 17 165 276 0.10303 0.0796622 0.0770975
418 0 1 22 173 250 0.127168 0.105786 0.104019
419 0 1 34 193 311 0.176166 0.138778 0.134921
420 0 1 39 180 334 0.216667 0.159058 0.151751
421 0 1 41 172 334 0.238372 0.171059 0.162055
422 0 1 40 158 289 0.253165 0.18719 0.178971
423 0 1 34 166 273 0.204819 0.159714 0.154897
424 0 1 55 161 294 0.341615 0.252799 0.241758
425 0 1 50 148 284 0.337838 0.243882 0.231481
426 0 1 52 171 385 0.304094 0.202663 0.18705
427 0 1 53 157 380 0.33758 0.216987 0.197393
428 0 1 50 159 407 0.314465 0.196551 0.176678
429 0 1 41 152 386 0.269737 0.169265 0.152416
430 0 1 51 167 393 0.305389 0.199075 0.182143
431 0 1 54 165 399 0.327273 0.210458 0.191489
432 0 1 56 173 364 0.323699 0.223159 0.208566
433 0 1 38 170 287 0.223529 0.172036 0.166302
434 0 1 45 195 276 0.230769 0.193973 0.191083
435 0 1 40 206 342 0.194175 0.1507 0.145985
436 0 1 47 216 352 0.217593 0.170451 0.165493
437 0 1 53 201 349 0.263682 0.200108 0.192727
438 0 1 59 214 376 0.275701 0.207994 0.2
439 0 1 35 200 307 0.175 0.141249 0.138067
440 0 1 32 175 200 0.182857 0.171047 0.170667
441 0 1 32 202 266 0.158416 0.138049 0.136752
442 0 1 21 180 237 0.116667 0.101674 0.100719
443 0 1 18 173 185 0.104046 0.100615 0.100559
444 0 1 20 205 189 0.10582 0.101607 0.101523
445 0 1 16 203 296 0.0788177 0.0652719 0.0641283
446 0 1 16 222 345 0.0720721 0.0578141 0.0564374
447 0 1 30 230 322 0.130435 0.110238 0.108696
448 0 1 20 218 335 0.0917431 0.0740081 0.0723327
449 0 1 33 256 427 0.128906 0.0998114 0.0966325
450 0 1 51 289 472 0.176471 0.138086 0.134034
451 0 1 62 288 566 0.215278 0.153563 0.145199
452 0 1 53 280 537 0.189286 0.136681 0.129743
453 0 1 69 283 604 0.243816 0.166893 0.155581
454 0 1 68 274 600 0.248175 0.16771 0.155606
455 0 1 94 293 610 0.320819 0.222346 0.208195
456 0 1 59 283 625 0.208481 0.140287 0.129956
457 0 1 55 290 614 0.189655 0.130341 0.121681
458 0 1 62 302 632 0.205298 0.141915 0.132762
459 0 1 67 293 632 0.228669 0.155698 0.144865
460 0 1 53 279 616 0.189964 0.127845 0.118436
461 0 1 64 299 617 0.214047 0.149005 0.139738
462 0 1 74 301 637 0.245847 0.168997 0.157783
463 0 1 72 303 623 0.237624 0.165717 0.155508
464 0 1 80 298 619 0.268456 0.186267 0.174482
465 0 1 86 328 607 0.262195 0.192738 0.183957
466 0 1 86 303 590 0.283828 0.2034 0.192609
467 0 1 81 279 587 0.290323 0.200154 0.187067
468 0 1 83 289 539 0.287197 0.210298 0.200483
469 0 1 65 287 610 0.226481 0.155349 0.144928
470 0 1 82 277 595 0.296029 0.201983 0.188073
471 0 1 58 282 612 0.205674 0.139614 0.129754
472 0 1 66 281 616 0.234875 0.158636 0.147157
473 0 1 78 273 571 0.285714 0.197558 0.184834
474 0 1 87 263 546 0.330798 0.229586 0.21508
475 0 1 64 270 584 0.237037 0.161173 0.149883
476 0 1 62 265 590 0.233962 0.156799 0.145029
477 0 1 87 264 564 0.329545 0.225464 0.210145
478 0 1 71 235 499 0.302128 0.207336 0.19346
479 0 1 63 246 547 0.256098 0.171743 0.15889
480 0 1 50 234 508 0.213675 0.145021 0.134771
481 0 1 61 237 518 0.257384 0.174097 0.161589
482 0 1 59 238 491 0.247899 0.172593 0.161866
483 0 1 20 233 471 0.0858369 0.0603728 0.0568182
484 0 1 36 230 476 0.156522 0.108802 0.101983
485 0 1 34 220 503 0.154545 0.102208 0.0940526
486 0 1 37 239 562 0.154812 0.100957 0.0923845
487 0 1 36 236 505 0.152542 0.10428 0.097166
488 0 1 47 220 537 0.213636 0.136741 0.124174
489 0 1 37 228 538 0.162281 0.105644 0.0966057
490 0 1 46 232 516 0.198276 0.13295 0.122995
491 0 1 49 244 522 0.20082 0.137299 0.127937
492 0 1 67 236 527 0.283898 0.189982 0.175623
493 0 1 51 237 543 0.21519 0.142166 0.130769
494 0 1 53 246 551 0.215447 0.143957 0.132999
495 0 1 48 258 581 0.186047 0.123978 0.114422
496 0 1 83 266 595 0.31203 0.208631 0.192799
497 0 1 83 258 575 0.321705 0.215494 0.19928
498 0 1 47 254 511 0.185039 0.130458 0.122876
499 0 1 87 285 601 0.305263 0.210213 0.196388
500 0 1 94 298 625 0.315436 0.217811 0.203684
501 0 1 57 281 543 0.202847 0.145922 0.13835
502 0 1 97 314 646 0.308917 0.215373 0.202083
503 0 1 77 332 651 0.231928 0.165627 0.156663
504 0 1 62 315 648 0.196825 0.13723 0.128764
505 0 1 78 325 682 0.24 0.165676 0.154916
506 0 1 87 332 679 0.262048 0.183238 0.172107
507 0 1 86 325 637 0.264615 0.189011 0.178794
508 0 1 94 325 658 0.289231 0.20327 0.191251
509 0 1 82 329 678 0.24924 0.173621 0.16286
510 0 1 108 334 667 0.323353 0.228817 0.215784
511 0 1 104 325 669 0.32 0.223038 0.209256
512 0 1 128 342 670 0.374269 0.267399 0.252964
513 0 1 144 324 667 0.444444 0.309761 0.290616
514 0 1 89 338 659 0.263314 0.188577 0.178536
515 0 1 136 328 651 0.414634 0.294314 0.277835
516 0 1 110 315 658 0.349206 0.241615 0.226105
517 0 1 116 315 648 0.368254 0.256753 0.240914
518 0 1 109 309 642 0.352751 0.244726 0.229232
519 0 1 100 308 613 0.324675 0.230141 0.217155
520 0 1 100 294 599 0.340136 0.238294 0.223964
521 0 1 90 310 654 0.290323 0.199882 0.186722
522 0 1 54 255 555 0.211765 0.143541 0.133333
523 0 1 77 275 576 0.28 0.19347 0.180964
524 0 1 73 281 540 0.259786 0.187401 0.177832
525 0 1 38 267 517 0.142322 0.102278 0.0969388
526 0 1 55 245 577 0.22449 0.146282 0.13382
527 0 1 77 264 600 0.291667 0.19347 0.178241
528 0 1 85 261 582 0.325671 0.218091 0.201661
529 0 1 89 258 564 0.344961 0.233314 0.216545
530 0 1 67 274 592 0.244526 0.166356 0.154734
531 0 1 100 273 552 0.3663 0.257602 0.242424
532 0 1 75 258 528 0.290698 0.203205 0.19084
533 0 1 73 252 537 0.289683 0.198443 0.185044
534 0 1 65 276 596 0.235507 0.160264 0.149083
535 0 1 36 241 523 0.149378 0.101401 0.0942408
536 0 1 62 235 576 0.26383 0.168518 0.152898
537 0 1 45 235 544 0.191489 0.125858 0.115533
538 0 1 68 259 581 0.262548 0.175296 0.161905
539 0 1 71 259 570 0.274131 0.184787 0.171291
540 0 1 66 267 602 0.247191 0.164623 0.151899
541 0 1 58 282 575 0.205674 0.144035 0.135356
542 0 1 63 286 619 0.22028 0.149731 0.139227
543 0 1 86 292 646 0.294521 0.198012 0.183369
544 0 1 75 290 641 0.258621 0.173954 0.161117
545 0 1 85 305 638 0.278689 0.19269 0.180276
546 0 1 58 300 640 0.193333 0.132366 0.123404
547 0 1 33 266 487 0.12406 0.0916872 0.0876494
548 0 1 78 324 640 0.240741 0.17129 0.161826
549 0 1 65 315 596 0.206349 0.150015 0.1427
550 0 1 55 296 580 0.185811 0.13274 0.125571
551 0 1 66 325 625 0.203077 0.146441 0.138947
552 0 1 53 337 620 0.15727 0.115948 0.110763
553 0 1 68 305 595 0.222951 0.159625 0.151111
554 0 1 87 359 669 0.24234 0.177525 0.169261
555 0 1 79 337 681 0.234421 0.164907 0.155206
556 0 1 82 346 694 0.236994 0.167339 0.157692
557 0 1 72 323 672 0.22291 0.154542 0.144724
558 0 1 88 325 665 0.270769 0.189291 0.177778
559 0 1 81 330 638 0.245455 0.17653 0.167355
560 0 1 88 338 643 0.260355 0.188764 0.179409
561 0 1 99 356 653 0.27809 0.205331 0.196234
562 0 1 109 339 658 0.321534 0.230788 0.218656
563 0 1 100 347 646 0.288184 0.211212 0.20141
564 0 1 90 357 709 0.252101 0.17889 0.168856
565 0 1 90 336 678 0.267857 0.188564 0.177515
566 0 1 105 352 663 0.298295 0.217351 0.206897
567 0 1 79 321 648 0.246106 0.173216 0.163055
568 0 1 80 349 682 0.229226 0.163978 0.155189
569 0 1 80 327 676 0.244648 0.170154 0.159521
570 0 1 83 326 689 0.254601 0.17513 0.163547
571 0 1 65 335 663 0.19403 0.137922 0.130261
572 0 1 92 317 630 0.290221 0.205868 0.194298
573 0 1 94 314 624 0.299363 0.212359 0.200426
574 0 1 79 308 655 0.256494 0.175886 0.164071
575 0 1 95 305 631 0.311475 0.21655 0.202991
576 0 1 73 306 615 0.238562 0.168277 0.158523
577 0 1 94 290 628 0.324138 0.220267 0.204793
578 0 1 79 268 590 0.294776 0.198671 0.184149
579 0 1 61 305 602 0.2 0.142358 0.134509
580 0 1 65 274 596 0.237226 0.160848 0.149425
581 0 1 80 282 581 0.283688 0.197641 0.1854
582 0 1 62 276 565 0.224638 0.157005 0.147444
583 0 1 77 254 549 0.30315 0.2062 0.191781
584 0 1 80 262 566 0.305344 0.207745 0.193237
585 0 1 93 269 577 0.345725 0.236058 0.219858
586 0 1 71 261 580 0.272031 0.182484 0.168847
587 0 1 67 244 533 0.27459 0.185787 0.172458
588 0 1 66 241 526 0.273859 0.185371 0.172099
589 0 1 73 226 529 0.323009 0.211126 0.193377
590 0 1 76 232 510 0.327586 0.220945 0.204852
591 0 1 75 248 553 0.302419 0.202522 0.187266
592 0 1 88 228 545 0.385965 0.249642 0.227684
593 0 1 62 240 560 0.258333 0.169119 0.155
594 0 1 69 243 586 0.283951 0.182851 0.166466
595 0 1 85 254 581 0.334646 0.221266 0.203593
596 0 1 96 249 586 0.385542 0.251318 0.22994
597 0 1 73 257 604 0.284047 0.185284 0.16957
598 0 1 64 259 607 0.247104 0.161412 0.147806
599 0 1 71 267 613 0.265918 0.175498 0.161364
600 0 1 76 258 601 0.294574 0.193004 0.17695
601 0 1 58 242 470 0.239669 0.171977 0.162921
602 0 1 98 295 639 0.332203 0.225717 0.20985
603 0 1 73 271 606 0.269373 0.180137 0.166477
604 0 1 42 263 526 0.159696 0.112922 0.106464
605 0 1 47 288 586 0.163194 0.114407 0.107551
606 0 1 69 297 551 0.232323 0.170567 0.162736
607 0 1 55 320 598 0.171875 0.125729 0.119826
608 0 1 46 292 549 0.157534 0.114889 0.109394
609 0 1 79 304 598 0.259868 0.185285 0.175166
610 0 1 114 307 629 0.371336 0.259424 0.24359
611 0 1 87 327 636 0.266055 0.190773 0.180685
612 0 1 109 327 629 0.333333 0.240341 0.228033
613 0 1 113 336 660 0.33631 0.239959 0.226908
614 0 1 117 350 664 0.334286 0.242699 0.230769
615 0 1 108 355 681 0.304225 0.219652 0.208494
616 0 1 91 347 668 0.262248 0.189012 0.17931
617 0 1 84 332 664 0.253012 0.178907 0.168675
618 0 1 64 303 609 0.211221 0.148988 0.140351
619 0 1 91 346 704 0.263006 0.184381 0.173333
620 0 1 71 333 656 0.213213 0.151909 0.143579
621 0 1 86 325 666 0.264615 0.18485 0.173562
622 0 1 81 326 662 0.248466 0.17436 0.163968
623 0 1 84 330 675 0.254545 0.17798 0.167164
624 0 1 85 338 667 0.251479 0.179018 0.169154
625 0 1 69 313 639 0.220447 0.154286 0.144958
626 0 1 86 320 639 0.26875 0.190184 0.179353
627 0 1 79 316 650 0.25 0.174312 0.163561
628 0 1 71 317 656 0.223975 0.155696 0.14594
629 0 1 99 319 648 0.310345 0.217747 0.204757
630 0 1 67 306 593 0.218954 0.157285 0.149055
631 0 1 54 297 584 0.181818 0.129661 0.122588
632 0 1 51 257 490 0.198444 0.143716 0.136546
633 0 1 46 295 585 0.155932 0.110731 0.104545
634 0 1 60 290 613 0.206897 0.142306 0.13289
635 0 1 47 276 606 0.17029 0.114923 0.106576
636 0 1 56 267 570 0.209738 0.143547 0.133811
637 0 1 70 252 580 0.277778 0.183098 0.168269
638 0 1 71 263 561 0.269962 0.184841 0.17233
639 0 1 71 245 515 0.289796 0.199881 0.186842
640 0 1 80 256 560 0.3125 0.211289 0.196078
641 0 1 61 243 543 0.251029 0.167929 0.155216
642 0 1 76 233 527 0.32618 0.216885 0.2
643 0 1 81 235 490 0.344681 0.2387 0.223448
644 0 1 63 272 541 0.231618 0.164232 0.154982
645 0 1 59 244 519 0.241803 0.165796 0.154653
646 0 1 64 220 482 0.290909 0.196537 0.182336
647 0 1 59 204 474 0.289216 0.189735 0.174041
648 0 1 70 220 550 0.318182 0.201236 0.181818
649 0 1 73 212 542 0.34434 0.215355 0.193634
650 0 1 78 218 536 0.357798 0.228183 0.206897
651 0 1 81 229 541 0.353712 0.230128 0.21039
652 0 1 91 240 561 0.379167 0.248002 0.227216
653 0 1 110 238 590 0.462185 0.293547 0.2657
654 0 1 82 229 509 0.358079 0.24018 0.222222
655 0 1 85 246 465 0.345528 0.251319 0.2391
656 0 1 85 266 568 0.319549 0.218677 0.203837
657 0 1 93 274 604 0.339416 0.228607 0.211845
658 0 1 59 267 493 0.220974 0.16262 0.155263
659 0 1 103 298 607 0.345638 0.242178 0.227624
660 0 1 72 279 599 0.258065 0.176123 0.164009
661 0 1 68 281 497 0.241993 0.181961 0.174807
662 0 1 84 331 620 0.253776 0.185425 0.176656
663 0 1 73 322 633 0.226708 0.161694 0.15288
664 0 1 66 313 569 0.210863 0.156392 0.14966
665 0 1 93 317 605 0.293375 0.212361 0.201735
666 0 1 66 331 601 0.199396 0.147976 0.141631
667 0 1 73 309 573 0.236246 0.173487 0.165533
668 0 1 106 315 594 0.336508 0.245052 0.233223
669 0 1 70 306 556 0.228758 0.169707 0.162413
670 0 1 97 318 590 0.305031 0.22394 0.213656
671 0 1 85 330 617 0.257576 0.188373 0.179514
672 0 1 87 339 560 0.256637 0.199676 0.193548
673 0 1 76 303 570 0.250825 0.182875 0.174112
674 0 1 116 343 589 0.338192 0.258079 0.248927
675 0 1 67 313 566 0.214058 0.159182 0.152446
676 0 1 106 309 583 0.343042 0.249742 0.237668
677 0 1 101 328 580 0.307927 0.231564 0.222467
678 0 1 75 329 610 0.227964 0.167417 0.159744
679 0 1 92 327 608 0.281346 0.20633 0.196791
680 0 1 92 331 626 0.277946 0.202109 0.192268
681 0 1 91 331 619 0.274924 0.20104 0.191579
682 0 1 108 335 613 0.322388 0.238326 0.227848
683 0 1 103 307 606 0.335505 0.238799 0.22563
684 0 1 71 308 610 0.230519 0.163802 0.154684
685 0 1 87 294 596 0.295918 0.207837 0.195506
686 0 1 97 308 610 0.314935 0.223785 0.211329
687 0 1 89 316 619 0.281646 0.201234 0.190374
688 0 1 65 302 603 0.215232 0.152318 0.143646
689 0 1 69 308 617 0.224026 0.158282 0.149189
690 0 1 82 294 583 0.278912 0.198064 0.187001
691 0 1 88 308 637 0.285714 0.198672 0.186243
692 0 1 77 305 622 0.252459 0.176785 0.166127
693 0 1 85 298 635 0.285235 0.1954 0.182208
694 0 1 93 281 625 0.330961 0.221917 0.205298
695 0 1 115 289 629 0.397924 0.269726 0.250545
696 0 1 111 277 609 0.400722 0.270255 0.250564
697 0 1 101 268 613 0.376866 0.249186 0.229285
698 0 1 92 258 611 0.356589 0.231717 0.211738
699 0 1 91 265 592 0.343396 0.229751 0.212369
700 0 1 88 258 590 0.341085 0.225552 0.207547
701 0 1 86 271 577 0.317343 0.217483 0.20283
702 0 1 99 269 580 0.36803 0.250637 0.233216
703 0 1 111 263 584 0.422053 0.28323 0.262102
704 0 1 94 263 583 0.357414 0.240058 0.222222
705 0 1 91 244 589 0.372951 0.240043 0.218487
706 0 1 101 260 572 0.388462 0.261901 0.242788
707 0 1 105 278 594 0.377698 0.258389 0.240826
708 0 1 84 268 624 0.313433 0.205409 0.188341
709 0 1 126 284 612 0.443662 0.302229 0.28125
710 0 1 106 291 623 0.364261 0.248952 0.231947
711 0 1 102 290 633 0.351724 0.238067 0.221018
712 0 1 86 282 603 0.304965 0.208552 0.19435
713 0 1 100 280 588 0.357143 0.246452 0.230415
714 0 1 89 332 614 0.268072 0.197123 0.188161
715 0 1 104 312 673 0.333333 0.22696 0.211168
716 0 1 84 324 633 0.259259 0.185483 0.175549
717 0 1 82 314 592 0.261146 0.19019 0.181015
718 0 1 92 326 619 0.282209 0.204802 0.194709
719 0 1 68 306 539 0.222222 0.167438 0.160947
720 0 1 77 316 601 0.243671 0.176689 0.167939
721 0 1 101 352 652 0.286932 0.210827 0.201195
722 0 1 88 338 645 0.260355 0.188471 0.179044
723 0 1 83 333 659 0.249249 0.177179 0.167339
724 0 1 60 319 618 0.188088 0.135133 0.128068
725 0 1 73 336 625 0.217262 0.159299 0.151925
726 0 1 94 329 653 0.285714 0.202803 0.191446
727 0 1 66 326 609 0.202454 0.148124 0.141176
728 0 1 72 331 611 0.217523 0.160102 0.152866
729 0 1 97 339 638 0.286136 0.208575 0.198567
730 0 1 63 317 583 0.198738 0.146547 0.14
731 0 1 84 306 616 0.27451 0.193476 0.182213
732 0 1 77 306 607 0.251634 0.178663 0.168675
733 0 1 66 296 605 0.222973 0.155963 0.146504
734 0 1 84 298 572 0.281879 0.203457 0.193103
735 0 1 87 298 571 0.291946 0.210908 0.20023
736 0 1 98 276 547 0.355072 0.252219 0.238153
737 0 1 102 276 538 0.369565 0.2647 0.250614
738 0 1 100 284 578 0.352113 0.246818 0.232019
739 0 1 87 282 580 0.308511 0.21512 0.201856
740 0 1 78 264 555 0.295455 0.203773 0.190476
741 0 1 101 268 569 0.376866 0.258641 0.241338
742 0 1 79 261 535 0.302682 0.211412 0.198492
743 0 1 94 271 559 0.346863 0.241511 0.226506
744 0 1 67 265 544 0.25283 0.176463 0.165637
745 0 1 85 255 557 0.333333 0.225539 0.20936
746 0 1 90 265 554 0.339623 0.23489 0.21978
747 0 1 100 267 559 0.374532 0.258844 0.242131
748 0 1 107 270 588 0.396296 0.268543 0.249417
749 0 1 89 277 576 0.3213 0.222812 0.208675
750 0 1 97 276 546 0.351449 0.249874 0.23601
751 0 1 104 274 575 0.379562 0.262014 0.244994
752 0 1 97 266 559 0.364662 0.25155 0.235152
753 0 1 101 267 572 0.378277 0.258445 0.240763
754 0 1 90 279 550 0.322581 0.229752 0.217129
755 0 1 88 274 568 0.321168 0.223066 0.209026
756 0 1 111 286 571 0.388112 0.274677 0.259043
757 0 1 103 284 567 0.362676 0.256677 0.242068
758 0 1 99 289 585 0.342561 0.240773 0.226545
759 0 1 109 294 580 0.370748 0.26396 0.249428
760 0 1 104 296 570 0.351351 0.253192 0.240185
761 0 1 111 295 580 0.376271 0.268348 0.253714
762 0 1 122 289 584 0.422145 0.296964 0.279496
763 0 1 129 285 588 0.452632 0.315122 0.295533
764 0 1 112 290 583 0.386207 0.272386 0.256586
765 0 1 111 306 574 0.362745 0.264854 0.252273
766 0 1 121 283 609 0.427562 0.291463 0.2713
767 0 1 123 292 592 0.421233 0.295837 0.278281
768 0 1 107 283 579 0.378092 0.264333 0.24826
769 0 1 98 268 589 0.365672 0.246661 0.228705
770 0 1 94 266 601 0.353383 0.235098 0.21684
771 0 1 113 278 577 0.406475 0.282142 0.264327
772 0 1 106 296 578 0.358108 0.256269 0.242563
773 0 1 93 279 581 0.333333 0.23099 0.216279
774 0 1 97 277 598 0.350181 0.238331 0.221714
775 0 1 98 290 599 0.337931 0.235133 0.220472
776 0 1 123 293 587 0.419795 0.296587 0.279545
777 0 1 136 298 587 0.456376 0.325171 0.307345
778 0 1 126 299 612 0.421405 0.29455 0.276619
779 0 1 133 292 584 0.455479 0.322073 0.303653
780 0 1 86 279 581 0.308244 0.213603 0.2
781 0 1 88 284 577 0.309859 0.217388 0.204413
782 0 1 103 275 575 0.374545 0.259022 0.242353
783 0 1 101 274 583 0.368613 0.252704 0.235706
784 0 1 104 280 592 0.371429 0.255443 0.238532
785 0 1 82 278 585 0.294964 0.203336 0.190035
786 0 1 91 286 584 0.318182 0.222665 0.209195
787 0 1 110 278 589 0.395683 0.27184 0.253749
788 0 1 100 282 585 0.35461 0.246205 0.230681
789 0 1 116 316 651 0.367089 0.255755 0.239917
790 0 1 96 305 663 0.314754 0.213484 0.198347
791 0 1 108 320 671 0.3375 0.233071 0.217962
792 0 1 125 320 673 0.390625 0.269357 0.251762
793 0 1 107 308 672 0.347403 0.235193 0.218367
794 0 1 146 316 679 0.462025 0.315191 0.293467
795 0 1 129 316 673 0.408228 0.27973 0.26087
796 0 1 131 313 652 0.41853 0.289985 0.271503
797 0 1 142 331 674 0.429003 0.300638 0.282587

# ---------- Global Summary ----------
# CorrFrames: 782
avg_CorrEdges: 63.3389
avg_match_A: 259.009
avg_match_B: 538.359
global_RI_MNR: 0.244543
global_RI_GNR: 0.16962
global_RI_DICE: 0.15887

# ---------- Per-Channel Summary ----------
chA: 0 chB: 1 | avgC: 63.3389 avgA: 259.009 avgB: 538.359 MNR: 0.23916 GNR: 0.165639 DICE: 0.154949
