#frame chA chB nCorr nA nB MNR GNR DICE
16 0 1 0 117 372 0 0 0
17 0 1 0 132 381 0 0 0
18 0 1 0 123 367 0 0 0
19 0 1 0 116 362 0 0 0
20 0 1 2 108 366 0.0185185 0.0100595 0.00843882
21 0 1 6 101 329 0.0594059 0.0329149 0.027907
22 0 1 8 172 495 0.0465116 0.0274172 0.023988
23 0 1 12 176 494 0.0681818 0.0406969 0.0358209
24 0 1 13 163 439 0.0797546 0.0485979 0.0431894
25 0 1 16 166 447 0.0963855 0.0587371 0.0522023
26 0 1 13 152 466 0.0855263 0.048846 0.0420712
27 0 1 16 156 452 0.102564 0.0602544 0.0526316
28 0 1 28 146 435 0.191781 0.111106 0.0963855
29 0 1 20 149 424 0.134228 0.0795708 0.069808
30 0 1 28 136 401 0.205882 0.119899 0.104283
31 0 1 16 134 350 0.119403 0.0738811 0.0661157
32 0 1 21 115 343 0.182609 0.105736 0.0917031
33 0 1 4 123 261 0.0325203 0.0223248 0.0208333
34 0 1 9 161 402 0.0559006 0.0353766 0.0319716
35 0 1 13 165 419 0.0787879 0.0494418 0.0445205
36 0 1 11 161 412 0.068323 0.0427102 0.0383944
37 0 1 15 217 561 0.0691244 0.0429912 0.0385604
38 0 1 12 212 560 0.0566038 0.0348273 0.0310881
39 0 1 12 212 567 0.0566038 0.0346116 0.0308087
40 0 1 15 215 544 0.0697674 0.0438604 0.0395257
41 0 1 25 190 545 0.131579 0.07769 0.0680272
42 0 1 22 192 556 0.114583 0.067334 0.0588235
43 0 1 21 199 527 0.105528 0.0648466 0.0578512
44 0 1 18 193 551 0.0932643 0.0551973 0.0483871
45 0 1 27 202 567 0.133663 0.0797805 0.0702211
46 0 1 38 220 591 0.172727 0.105385 0.0937115
47 0 1 34 215 566 0.15814 0.0974656 0.0870679
48 0 1 44 220 577 0.2 0.123496 0.110414
49 0 1 37 217 578 0.170507 0.104474 0.0930818
50 0 1 40 213 546 0.187793 0.117293 0.105402
51 0 1 37 198 554 0.186869 0.111716 0.0984043
52 0 1 36 189 540 0.190476 0.112687 0.0987654
53 0 1 30 200 542 0.15 0.0911185 0.0808625
54 0 1 35 208 536 0.168269 0.104822 0.094086
55 0 1 32 193 480 0.165803 0.105136 0.0950966
56 0 1 35 198 491 0.176768 0.112252 0.101597
57 0 1 49 184 495 0.266304 0.162362 0.14433
58 0 1 43 179 465 0.240223 0.149044 0.13354
59 0 1 57 193 486 0.295337 0.186114 0.167894
60 0 1 50 195 478 0.25641 0.163772 0.148588
61 0 1 52 190 459 0.273684 0.176084 0.160247
62 0 1 53 192 456 0.276042 0.179119 0.16358
63 0 1 52 180 457 0.288889 0.181305 0.163265
64 0 1 57 173 429 0.32948 0.20923 0.189369
65 0 1 37 173 413 0.213873 0.138422 0.12628
66 0 1 55 187 410 0.294118 0.198632 0.184255
67 0 1 52 183 386 0.284153 0.195652 0.182777
68 0 1 49 247 499 0.198381 0.139572 0.131367
69 0 1 35 239 500 0.146444 0.101247 0.0947226
70 0 1 45 219 508 0.205479 0.134915 0.123796
71 0 1 32 204 491 0.156863 0.10111 0.0920863
72 0 1 32 183 420 0.174863 0.115425 0.106136
73 0 1 14 133 258 0.105263 0.0755775 0.0716113
74 0 1 11 172 364 0.0639535 0.043962 0.0410448
75 0 1 8 161 332 0.0496894 0.0346025 0.0324544
76 0 1 12 134 314 0.0895522 0.0585011 0.0535714
77 0 1 10 136 304 0.0735294 0.0491806 0.0454545
78 0 1 11 122 276 0.0901639 0.0599457 0.0552764
79 0 1 18 138 314 0.130435 0.0864705 0.079646
80 0 1 20 134 302 0.149254 0.0994201 0.0917431
81 0 1 15 139 305 0.107914 0.0728507 0.0675676
82 0 1 24 173 349 0.138728 0.0976732 0.091954
83 0 1 29 168 356 0.172619 0.118582 0.110687
84 0 1 24 162 353 0.148148 0.100361 0.0932039
85 0 1 37 163 380 0.226994 0.148668 0.13628
86 0 1 40 168 369 0.238095 0.160654 0.148976
87 0 1 20 168 396 0.119048 0.0775403 0.070922
88 0 1 36 208 445 0.173077 0.118329 0.11026
89 0 1 28 176 355 0.159091 0.112018 0.105461
90 0 1 22 207 378 0.10628 0.0786487 0.0752137
91 0 1 54 233 512 0.23176 0.156344 0.144966
92 0 1 35 226 508 0.154867 0.103296 0.0953678
93 0 1 27 214 468 0.126168 0.0853167 0.0791789
94 0 1 29 237 496 0.122363 0.084583 0.0791269
95 0 1 51 276 630 0.184783 0.122305 0.112583
96 0 1 52 280 623 0.185714 0.124503 0.115172
97 0 1 77 290 621 0.265517 0.181445 0.169045
98 0 1 56 290 626 0.193103 0.131432 0.122271
99 0 1 78 296 613 0.263514 0.183113 0.171617
100 0 1 59 275 612 0.214545 0.143817 0.133033
101 0 1 70 290 605 0.241379 0.167117 0.156425
102 0 1 71 275 600 0.258182 0.17479 0.162286
103 0 1 78 274 594 0.284672 0.193342 0.179724
104 0 1 80 283 575 0.282686 0.198318 0.18648
105 0 1 69 272 565 0.253676 0.176011 0.164875
106 0 1 71 265 534 0.267925 0.18874 0.177722
107 0 1 82 265 546 0.309434 0.215573 0.202219
108 0 1 61 252 511 0.242063 0.169988 0.159895
109 0 1 67 253 534 0.264822 0.182282 0.170267
110 0 1 60 235 499 0.255319 0.175213 0.163488
111 0 1 44 230 483 0.191304 0.132013 0.123422
112 0 1 66 230 492 0.286957 0.196199 0.182825
113 0 1 49 230 469 0.213043 0.149192 0.1402
114 0 1 60 241 590 0.248963 0.159117 0.144404
115 0 1 39 237 588 0.164557 0.104472 0.0945455
116 0 1 48 235 574 0.204255 0.130693 0.118665
117 0 1 41 231 543 0.177489 0.115765 0.105943
118 0 1 38 210 525 0.180952 0.114444 0.103401
119 0 1 33 216 518 0.152778 0.0986557 0.0899183
120 0 1 46 219 497 0.210046 0.13943 0.128492
121 0 1 46 205 501 0.22439 0.143536 0.130312
122 0 1 43 202 487 0.212871 0.137097 0.124819
123 0 1 32 187 463 0.171123 0.108752 0.0984615
124 0 1 44 226 576 0.19469 0.121952 0.109726
125 0 1 31 214 519 0.14486 0.0930189 0.0845839
126 0 1 27 208 476 0.129808 0.0858082 0.0789474
127 0 1 30 204 518 0.147059 0.0922872 0.0831025
128 0 1 31 197 523 0.15736 0.0965779 0.0861111
129 0 1 30 211 542 0.14218 0.0887116 0.0796813
130 0 1 24 215 538 0.111628 0.0705669 0.063745
131 0 1 38 231 580 0.164502 0.103816 0.0937115
132 0 1 45 226 593 0.199115 0.122922 0.10989
133 0 1 38 228 605 0.166667 0.102315 0.0912365
134 0 1 47 240 628 0.195833 0.121063 0.108295
135 0 1 55 249 603 0.220884 0.14194 0.129108
136 0 1 42 242 591 0.173554 0.111057 0.10084
137 0 1 42 246 601 0.170732 0.109231 0.0991736
138 0 1 49 265 627 0.184906 0.12021 0.109865
139 0 1 63 265 641 0.237736 0.152858 0.139073
140 0 1 41 257 635 0.159533 0.101492 0.0919283
141 0 1 59 270 638 0.218519 0.142154 0.129956
142 0 1 72 267 656 0.269663 0.172038 0.156013
143 0 1 77 281 673 0.274021 0.177064 0.161426
144 0 1 62 278 616 0.223022 0.149823 0.138702
145 0 1 81 288 667 0.28125 0.18481 0.169634
146 0 1 94 298 654 0.315436 0.212927 0.197479
147 0 1 66 283 627 0.233216 0.156681 0.145055
148 0 1 82 277 639 0.296029 0.194905 0.179039
149 0 1 77 281 606 0.274021 0.186596 0.173619
150 0 1 89 277 626 0.3213 0.213729 0.197121
151 0 1 73 279 604 0.261649 0.177829 0.165345
152 0 1 76 289 609 0.262976 0.181157 0.169265
153 0 1 73 275 582 0.265455 0.182471 0.170362
154 0 1 65 274 510 0.237226 0.173881 0.165816
155 0 1 57 292 548 0.195205 0.142493 0.135714
156 0 1 66 297 602 0.222222 0.156087 0.14683
157 0 1 70 304 623 0.230263 0.160849 0.151025
158 0 1 79 294 592 0.268707 0.189362 0.17833
159 0 1 76 302 577 0.251656 0.182063 0.172924
160 0 1 91 292 566 0.311644 0.223842 0.212121
161 0 1 94 303 616 0.310231 0.217579 0.20457
162 0 1 81 286 610 0.283217 0.193926 0.180804
163 0 1 88 293 619 0.300341 0.206635 0.192982
164 0 1 101 270 592 0.374074 0.252626 0.234339
165 0 1 95 288 566 0.329861 0.235298 0.222482
166 0 1 86 281 589 0.30605 0.211392 0.197701
167 0 1 67 300 598 0.223333 0.158184 0.14922
168 0 1 84 302 611 0.278146 0.195549 0.184009
169 0 1 87 313 619 0.277955 0.197652 0.186695
170 0 1 118 306 633 0.385621 0.268114 0.251331
171 0 1 92 303 624 0.30363 0.21158 0.19849
172 0 1 91 285 588 0.319298 0.222295 0.208477
173 0 1 74 261 582 0.283525 0.189867 0.175563
174 0 1 72 240 557 0.3 0.196924 0.180678
175 0 1 56 254 575 0.220472 0.146534 0.135103
176 0 1 41 206 450 0.199029 0.134662 0.125
177 0 1 41 238 486 0.172269 0.120553 0.11326
178 0 1 39 222 503 0.175676 0.116709 0.107586
179 0 1 60 224 470 0.267857 0.184918 0.172911
180 0 1 74 241 435 0.307054 0.228549 0.218935
181 0 1 45 208 463 0.216346 0.145007 0.134128
182 0 1 26 207 468 0.125604 0.0835344 0.077037
183 0 1 55 205 482 0.268293 0.174969 0.160116
184 0 1 37 217 520 0.170507 0.110146 0.100407
185 0 1 35 188 503 0.18617 0.113816 0.101302
186 0 1 33 212 517 0.15566 0.0996783 0.090535
187 0 1 35 206 524 0.169903 0.106529 0.0958904
188 0 1 29 191 494 0.151832 0.09441 0.0846715
189 0 1 25 209 515 0.119617 0.0762015 0.0690608
190 0 1 13 158 308 0.0822785 0.0589304 0.055794
191 0 1 14 170 327 0.0823529 0.0593786 0.056338
192 0 1 26 179 360 0.145251 0.102423 0.096475
193 0 1 27 162 300 0.166667 0.122474 0.116883
194 0 1 14 177 364 0.079096 0.0551557 0.051756
195 0 1 21 168 290 0.125 0.0951405 0.0917031
196 0 1 29 156 329 0.185897 0.128008 0.119588
197 0 1 31 173 373 0.179191 0.122035 0.113553
198 0 1 41 149 371 0.275168 0.174383 0.157692
199 0 1 44 145 375 0.303448 0.188692 0.169231
200 0 1 33 129 383 0.255814 0.148464 0.128906
201 0 1 48 128 364 0.375 0.222375 0.195122
202 0 1 28 137 383 0.20438 0.122236 0.107692
203 0 1 39 141 406 0.276596 0.163002 0.142596
204 0 1 45 167 420 0.269461 0.169914 0.153322
205 0 1 40 158 443 0.253165 0.151192 0.133111
206 0 1 42 172 437 0.244186 0.153195 0.137931
207 0 1 61 180 423 0.338889 0.221067 0.202322
208 0 1 68 184 456 0.369565 0.234756 0.2125
209 0 1 59 178 351 0.331461 0.236042 0.223062
210 0 1 45 186 328 0.241935 0.182188 0.175097
211 0 1 30 197 345 0.152284 0.115074 0.110701
212 0 1 32 198 425 0.161616 0.110312 0.102729
213 0 1 40 174 330 0.229885 0.166928 0.15873
214 0 1 26 199 326 0.130653 0.102079 0.0990476
215 0 1 25 175 322 0.142857 0.105316 0.100604
216 0 1 31 209 342 0.148325 0.115951 0.112523
217 0 1 27 205 359 0.131707 0.0995267 0.0957447
218 0 1 49 212 473 0.231132 0.154738 0.143066
219 0 1 58 256 584 0.226562 0.150004 0.138095
220 0 1 52 240 604 0.216667 0.136578 0.123223
221 0 1 82 276 650 0.297101 0.193599 0.177106
222 0 1 79 298 656 0.265101 0.178676 0.165618
223 0 1 74 294 643 0.251701 0.170197 0.157951
224 0 1 99 322 680 0.307453 0.211569 0.197605
225 0 1 72 274 615 0.262774 0.175396 0.16198
226 0 1 53 272 623 0.194853 0.12875 0.118436
227 0 1 46 325 704 0.141538 0.0961678 0.0894072
228 0 1 83 334 707 0.248503 0.170803 0.159462
229 0 1 73 325 696 0.224615 0.153489 0.142997
230 0 1 85 310 694 0.274194 0.183256 0.169323
231 0 1 45 283 597 0.159011 0.109479 0.102273
232 0 1 52 292 613 0.178082 0.122908 0.114917
233 0 1 57 294 628 0.193878 0.132654 0.123644
234 0 1 45 293 620 0.153584 0.10558 0.0985761
235 0 1 47 257 592 0.182879 0.120495 0.110718
236 0 1 73 293 651 0.249147 0.167147 0.154661
237 0 1 62 296 617 0.209459 0.145079 0.135816
238 0 1 41 279 600 0.146953 0.100209 0.0932878
239 0 1 51 251 579 0.203187 0.133781 0.122892
240 0 1 51 275 601 0.185455 0.125449 0.116438
241 0 1 42 258 624 0.162791 0.104676 0.0952381
242 0 1 50 256 594 0.195312 0.12822 0.117647
243 0 1 46 278 652 0.165468 0.108047 0.0989247
244 0 1 42 260 621 0.161538 0.104524 0.0953462
245 0 1 25 268 608 0.0932836 0.0619328 0.0570776
246 0 1 15 242 552 0.0619835 0.0410406 0.0377834
247 0 1 30 225 563 0.133333 0.08429 0.0761421
248 0 1 28 255 565 0.109804 0.0737673 0.0682927
249 0 1 22 241 527 0.0912863 0.0617318 0.0572917
250 0 1 33 264 554 0.125 0.0862893 0.0806846
251 0 1 23 245 541 0.0938776 0.0631751 0.0585242
252 0 1 26 227 497 0.114537 0.0774074 0.0718232
253 0 1 34 247 502 0.137652 0.0965559 0.0907877
254 0 1 34 239 466 0.142259 0.10188 0.0964539
255 0 1 16 227 451 0.0704846 0.0500056 0.0471976
256 0 1 23 230 468 0.1 0.0701037 0.0659026
257 0 1 23 233 499 0.0987124 0.0674527 0.0628415
258 0 1 23 236 484 0.0974576 0.0680533 0.0638889
259 0 1 34 228 482 0.149123 0.102562 0.0957747
260 0 1 42 218 476 0.192661 0.130382 0.121037
261 0 1 34 213 461 0.159624 0.108502 0.10089
262 0 1 42 236 503 0.177966 0.121902 0.113667
263 0 1 48 236 517 0.20339 0.137417 0.12749
264 0 1 31 238 490 0.130252 0.0907769 0.0851648
265 0 1 35 229 496 0.152838 0.103851 0.0965517
266 0 1 31 245 509 0.126531 0.0877849 0.0822281
267 0 1 57 230 506 0.247826 0.167084 0.154891
268 0 1 40 233 511 0.171674 0.115924 0.107527
269 0 1 58 244 521 0.237705 0.162673 0.151634
270 0 1 29 213 450 0.13615 0.0936703 0.0874811
271 0 1 41 263 520 0.155894 0.110868 0.104725
272 0 1 47 272 563 0.172794 0.120104 0.112575
273 0 1 28 263 525 0.106464 0.075353 0.071066
274 0 1 48 285 561 0.168421 0.120043 0.113475
275 0 1 39 287 557 0.135889 0.097543 0.0924171
276 0 1 59 292 594 0.202055 0.141667 0.133183
277 0 1 82 289 647 0.283737 0.189633 0.175214
278 0 1 56 293 583 0.191126 0.135494 0.127854
279 0 1 12 183 306 0.0655738 0.0507102 0.0490798
280 0 1 26 248 484 0.104839 0.0750455 0.0710383
281 0 1 22 250 432 0.088 0.0669439 0.0645161
282 0 1 28 257 442 0.108949 0.0830769 0.0801144
283 0 1 52 309 612 0.168285 0.119577 0.112921
284 0 1 21 256 466 0.0820312 0.0608004 0.0581717
285 0 1 30 265 460 0.113208 0.085925 0.0827586
286 0 1 38 265 477 0.143396 0.106881 0.102426
287 0 1 10 176 224 0.0568182 0.0503639 0.05
288 0 1 24 170 220 0.141176 0.124101 0.123077
289 0 1 35 227 328 0.154185 0.128268 0.126126
290 0 1 26 270 421 0.0962963 0.0771171 0.0752533
291 0 1 87 299 625 0.29097 0.201254 0.188312
292 0 1 86 309 636 0.278317 0.193995 0.182011
293 0 1 88 289 670 0.304498 0.199985 0.183525
294 0 1 47 274 506 0.171533 0.126226 0.120513
295 0 1 35 256 463 0.136719 0.101662 0.0973574
296 0 1 32 224 388 0.142857 0.108545 0.104575
297 0 1 26 197 307 0.13198 0.105723 0.103175
298 0 1 66 254 473 0.259843 0.190413 0.181568
299 0 1 30 208 317 0.144231 0.116832 0.114286
300 0 1 13 198 348 0.0656566 0.0495246 0.047619
301 0 1 12 210 316 0.0571429 0.0465831 0.0456274
302 0 1 18 212 329 0.0849057 0.0681564 0.0665434
303 0 1 34 216 418 0.157407 0.113152 0.107256
304 0 1 56 205 397 0.273171 0.196298 0.186047
305 0 1 60 203 448 0.295566 0.198959 0.184332
306 0 1 57 191 441 0.298429 0.196399 0.18038
307 0 1 61 197 451 0.309645 0.204648 0.188272
308 0 1 58 189 424 0.306878 0.204887 0.189233
309 0 1 52 176 421 0.295455 0.191032 0.174204
310 0 1 49 178 421 0.275281 0.178997 0.163606
311 0 1 66 172 412 0.383721 0.247931 0.226027
312 0 1 59 173 434 0.34104 0.21532 0.194399
313 0 1 56 181 412 0.309392 0.205069 0.18887
314 0 1 33 170 378 0.194118 0.13018 0.120438
315 0 1 24 190 445 0.126316 0.0825381 0.0755906
316 0 1 54 181 440 0.298343 0.19135 0.173913
317 0 1 49 168 385 0.291667 0.192669 0.177215
318 0 1 58 198 461 0.292929 0.191975 0.176024
319 0 1 57 177 452 0.322034 0.20152 0.18124
320 0 1 52 171 443 0.304094 0.188931 0.169381
321 0 1 66 183 447 0.360656 0.230762 0.209524
322 0 1 38 193 440 0.196891 0.1304 0.120063
323 0 1 71 213 487 0.333333 0.220447 0.202857
324 0 1 82 206 522 0.398058 0.25006 0.225275
325 0 1 60 204 530 0.294118 0.182473 0.163488
326 0 1 52 217 527 0.239631 0.153769 0.139785
327 0 1 38 210 441 0.180952 0.124869 0.116743
328 0 1 76 230 477 0.330435 0.229451 0.214993
329 0 1 84 225 479 0.373333 0.255871 0.238636
330 0 1 60 217 408 0.276498 0.201647 0.192
331 0 1 38 239 376 0.158996 0.126762 0.123577
332 0 1 47 237 405 0.198312 0.151704 0.146417
333 0 1 45 236 411 0.190678 0.144489 0.139104
334 0 1 20 177 258 0.112994 0.0935909 0.091954
335 0 1 20 205 307 0.097561 0.079723 0.078125
336 0 1 41 213 343 0.192488 0.151687 0.147482
337 0 1 23 230 350 0.1 0.0810644 0.0793103
338 0 1 33 237 373 0.139241 0.11099 0.108197
339 0 1 33 256 438 0.128906 0.0985501 0.0951009
340 0 1 44 258 479 0.170543 0.125163 0.119403
341 0 1 39 280 492 0.139286 0.105076 0.101036
342 0 1 54 279 583 0.193548 0.133893 0.12529
343 0 1 63 295 664 0.213559 0.142346 0.131387
344 0 1 82 322 701 0.254658 0.172594 0.160313
345 0 1 79 318 709 0.248428 0.166376 0.153846
346 0 1 96 338 737 0.284024 0.192344 0.178605
347 0 1 93 338 711 0.275148 0.18971 0.177312
348 0 1 84 343 717 0.244898 0.169384 0.158491
349 0 1 76 336 703 0.22619 0.156375 0.146295
350 0 1 82 324 690 0.253086 0.173427 0.161736
351 0 1 42 303 641 0.138614 0.0953013 0.0889831
352 0 1 93 340 661 0.273529 0.196175 0.185814
353 0 1 72 319 644 0.225705 0.158853 0.149533
354 0 1 67 320 643 0.209375 0.147705 0.139148
355 0 1 57 320 643 0.178125 0.125659 0.11838
356 0 1 38 294 561 0.129252 0.0935683 0.0888889
357 0 1 29 299 598 0.09699 0.0685823 0.06466
358 0 1 42 304 605 0.138158 0.0979343 0.0924092
359 0 1 47 312 624 0.150641 0.106519 0.100427
360 0 1 56 268 571 0.208955 0.143154 0.133492
361 0 1 46 312 605 0.147436 0.105877 0.100327
362 0 1 29 279 580 0.103943 0.0720911 0.0675204
363 0 1 35 260 513 0.134615 0.0958347 0.0905563
364 0 1 31 287 576 0.108014 0.0762447 0.0718424
365 0 1 48 291 620 0.164948 0.113005 0.105379
366 0 1 68 292 556 0.232877 0.168764 0.160377
367 0 1 62 307 641 0.201954 0.139763 0.130802
368 0 1 37 273 580 0.135531 0.0929836 0.0867526
369 0 1 34 260 554 0.130769 0.0895854 0.0835381
370 0 1 36 270 573 0.133333 0.0915258 0.0854093
371 0 1 52 278 536 0.18705 0.13471 0.127764
372 0 1 71 304 578 0.233553 0.169378 0.160998
373 0 1 58 285 577 0.203509 0.143027 0.134571
374 0 1 54 283 566 0.190813 0.134925 0.127208
375 0 1 45 272 561 0.165441 0.115198 0.108043
376 0 1 48 261 551 0.183908 0.126574 0.118227
377 0 1 64 270 555 0.237037 0.16533 0.155152
378 0 1 68 279 530 0.243728 0.176835 0.168109
379 0 1 65 275 539 0.236364 0.168831 0.159705
380 0 1 70 281 539 0.24911 0.179867 0.170732
381 0 1 65 266 526 0.244361 0.173772 0.164141
382 0 1 65 279 587 0.232975 0.160617 0.150115
383 0 1 61 290 582 0.210345 0.14848 0.139908
384 0 1 48 271 595 0.177122 0.119536 0.110855
385 0 1 65 256 593 0.253906 0.166827 0.153121
386 0 1 60 274 583 0.218978 0.150121 0.140023
387 0 1 58 268 580 0.216418 0.147111 0.136792
388 0 1 46 243 482 0.1893 0.13441 0.126897
389 0 1 32 275 520 0.116364 0.0846217 0.0805031
390 0 1 71 304 624 0.233553 0.163016 0.153017
391 0 1 25 260 508 0.0961538 0.0687894 0.0651042
392 0 1 38 317 595 0.119874 0.0874975 0.0833333
393 0 1 41 288 575 0.142361 0.100752 0.0950174
394 0 1 19 246 448 0.0772358 0.0572331 0.054755
395 0 1 35 276 494 0.126812 0.0947873 0.0909091
396 0 1 62 286 546 0.216783 0.156896 0.149038
397 0 1 56 299 584 0.187291 0.134013 0.12684
398 0 1 38 301 528 0.126246 0.0953199 0.0916767
399 0 1 56 279 625 0.200717 0.134105 0.123894
400 0 1 20 237 347 0.0843882 0.0697415 0.0684932
401 0 1 13 195 234 0.0666667 0.0608581 0.0606061
402 0 1 32 267 436 0.11985 0.0937888 0.0910384
403 0 1 24 306 503 0.0784314 0.0611739 0.0593325
404 0 1 33 277 538 0.119134 0.0854836 0.0809816
405 0 1 68 298 645 0.228188 0.155103 0.144221
406 0 1 53 289 571 0.183391 0.130469 0.123256
407 0 1 24 244 408 0.0983607 0.0760652 0.0736196
408 0 1 40 267 459 0.149813 0.114261 0.110193
409 0 1 31 227 346 0.136564 0.110614 0.108202
410 0 1 38 224 367 0.169643 0.132534 0.128596
411 0 1 55 231 492 0.238095 0.163145 0.152144
412 0 1 49 216 409 0.226852 0.164857 0.1568
413 0 1 51 232 457 0.219828 0.156628 0.148041
414 0 1 42 214 436 0.196262 0.137499 0.129231
415 0 1 29 175 258 0.165714 0.13648 0.133949
416 0 1 26 183 261 0.142077 0.118967 0.117117
417 0 1 25 179 271 0.139665 0.113509 0.111111
418 0 1 17 186 272 0.0913979 0.0755802 0.0742358
419 0 1 32 181 305 0.176796 0.136195 0.131687
420 0 1 31 170 325 0.182353 0.131885 0.125253
421 0 1 29 163 321 0.177914 0.12678 0.119835
422 0 1 39 161 295 0.242236 0.178954 0.171053
423 0 1 36 165 275 0.218182 0.169003 0.163636
424 0 1 38 158 308 0.240506 0.172258 0.16309
425 0 1 46 155 326 0.296774 0.204637 0.191268
426 0 1 51 140 352 0.364286 0.229739 0.207317
427 0 1 40 136 333 0.294118 0.187961 0.170576
428 0 1 61 178 464 0.342697 0.212256 0.190031
429 0 1 55 173 467 0.317919 0.1935 0.171875
430 0 1 50 174 488 0.287356 0.171587 0.151057
431 0 1 57 197 483 0.28934 0.184786 0.167647
432 0 1 64 181 411 0.353591 0.23465 0.216216
433 0 1 41 168 276 0.244048 0.190403 0.184685
434 0 1 51 201 275 0.253731 0.216923 0.214286
435 0 1 35 201 306 0.174129 0.141127 0.138067
436 0 1 60 215 364 0.27907 0.214477 0.207254
437 0 1 58 201 356 0.288557 0.216823 0.208259
438 0 1 71 211 380 0.336493 0.250741 0.240271
439 0 1 41 199 300 0.20603 0.167802 0.164329
440 0 1 39 166 200 0.23494 0.21404 0.213115
441 0 1 20 198 261 0.10101 0.0879786 0.087146
442 0 1 12 162 213 0.0740741 0.0646002 0.064
443 0 1 28 162 183 0.17284 0.16262 0.162319
444 0 1 18 185 181 0.0994475 0.0983665 0.0983607
445 0 1 23 191 263 0.120419 0.10262 0.101322
446 0 1 20 194 292 0.103093 0.0840306 0.0823045
447 0 1 19 200 283 0.095 0.079863 0.0786749
448 0 1 12 193 278 0.0621762 0.051806 0.0509554
449 0 1 30 246 406 0.121951 0.0949272 0.0920245
450 0 1 44 279 472 0.157706 0.121249 0.117177
451 0 1 60 285 575 0.210526 0.148216 0.139535
452 0 1 52 266 550 0.195489 0.135951 0.127451
453 0 1 58 290 614 0.2 0.13745 0.128319
454 0 1 64 301 607 0.212625 0.149728 0.140969
455 0 1 104 299 626 0.347826 0.240387 0.224865
456 0 1 55 278 625 0.197842 0.131947 0.121816
457 0 1 61 283 642 0.215548 0.14311 0.131892
458 0 1 53 286 627 0.185315 0.125158 0.116101
459 0 1 57 294 618 0.193878 0.133723 0.125
460 0 1 64 278 598 0.230216 0.156966 0.146119
461 0 1 77 297 649 0.259259 0.175384 0.162791
462 0 1 72 294 631 0.244898 0.167165 0.155676
463 0 1 73 286 610 0.255245 0.174773 0.162946
464 0 1 78 285 619 0.273684 0.185706 0.172566
465 0 1 101 307 616 0.32899 0.232253 0.218852
466 0 1 87 297 600 0.292929 0.206094 0.19398
467 0 1 65 275 578 0.236364 0.163036 0.152403
468 0 1 90 290 552 0.310345 0.224944 0.213777
469 0 1 67 258 532 0.25969 0.180846 0.16962
470 0 1 74 277 576 0.267148 0.18526 0.173505
471 0 1 54 272 589 0.198529 0.134912 0.125436
472 0 1 79 273 602 0.289377 0.194871 0.180571
473 0 1 71 263 551 0.269962 0.186511 0.174447
474 0 1 92 271 535 0.339483 0.241616 0.228288
475 0 1 95 276 598 0.344203 0.23384 0.217391
476 0 1 63 265 586 0.237736 0.159871 0.148061
477 0 1 75 260 564 0.288462 0.195855 0.182039
478 0 1 50 240 511 0.208333 0.142776 0.133156
479 0 1 76 256 572 0.296875 0.198607 0.183575
480 0 1 67 242 522 0.276859 0.188509 0.175393
481 0 1 63 248 536 0.254032 0.172795 0.160714
482 0 1 56 230 517 0.243478 0.162397 0.149933
483 0 1 39 228 497 0.171053 0.115856 0.107586
484 0 1 47 241 489 0.195021 0.13691 0.128767
485 0 1 45 228 500 0.197368 0.133279 0.123626
486 0 1 45 207 502 0.217391 0.139597 0.126939
487 0 1 38 231 493 0.164502 0.112604 0.104972
488 0 1 49 222 534 0.220721 0.142314 0.12963
489 0 1 33 235 542 0.140426 0.0924656 0.0849421
490 0 1 44 221 530 0.199095 0.128564 0.117177
491 0 1 57 228 539 0.25 0.162597 0.148631
492 0 1 66 236 532 0.279661 0.186265 0.171875
493 0 1 58 237 557 0.244726 0.159634 0.146096
494 0 1 58 244 559 0.237705 0.157046 0.144458
495 0 1 46 246 595 0.186992 0.120235 0.109394
496 0 1 84 244 594 0.344262 0.220644 0.200477
497 0 1 104 261 574 0.398467 0.268693 0.249102
498 0 1 51 259 519 0.196911 0.139103 0.131105
499 0 1 82 278 594 0.294964 0.201789 0.188073
500 0 1 89 286 620 0.311189 0.211354 0.196468
501 0 1 64 288 563 0.222222 0.158939 0.150411
502 0 1 105 292 623 0.359589 0.246181 0.229508
503 0 1 90 316 645 0.28481 0.199351 0.187305
504 0 1 69 297 613 0.232323 0.161711 0.151648
505 0 1 85 293 673 0.290102 0.191416 0.175983
506 0 1 101 320 665 0.315625 0.218945 0.205076
507 0 1 96 318 643 0.301887 0.212301 0.199792
508 0 1 100 313 644 0.319489 0.222733 0.208986
509 0 1 95 318 653 0.298742 0.208475 0.195675
510 0 1 110 333 660 0.33033 0.234638 0.221551
511 0 1 117 320 657 0.365625 0.255169 0.239509
512 0 1 119 314 640 0.378981 0.265456 0.249476
513 0 1 107 319 628 0.335423 0.239061 0.225977
514 0 1 114 335 621 0.340299 0.24994 0.238494
515 0 1 122 317 611 0.384858 0.27721 0.262931
516 0 1 100 294 610 0.340136 0.236136 0.221239
517 0 1 89 323 645 0.275542 0.194988 0.183884
518 0 1 104 316 647 0.329114 0.230005 0.215992
519 0 1 81 305 632 0.265574 0.184492 0.172892
520 0 1 94 317 607 0.29653 0.214291 0.203463
521 0 1 90 314 599 0.286624 0.207522 0.197152
522 0 1 61 247 527 0.246964 0.169074 0.157623
523 0 1 73 290 582 0.251724 0.17769 0.167431
524 0 1 63 289 543 0.217993 0.159035 0.151442
525 0 1 26 266 498 0.0977444 0.0714361 0.0680628
526 0 1 59 235 528 0.251064 0.167495 0.154653
527 0 1 56 271 598 0.206642 0.139108 0.128884
528 0 1 78 262 590 0.29771 0.198389 0.183099
529 0 1 68 253 591 0.268775 0.175855 0.161137
530 0 1 48 249 566 0.192771 0.12786 0.117791
531 0 1 63 252 528 0.25 0.172712 0.161538
532 0 1 74 225 497 0.328889 0.22129 0.204986
533 0 1 55 256 553 0.214844 0.146177 0.13597
534 0 1 37 245 560 0.15102 0.0998906 0.0919255
535 0 1 47 233 508 0.201717 0.136612 0.126856
536 0 1 50 220 508 0.227273 0.149564 0.137363
537 0 1 44 253 545 0.173913 0.118493 0.110276
538 0 1 62 246 541 0.252033 0.169952 0.15756
539 0 1 63 246 559 0.256098 0.16989 0.156522
540 0 1 46 243 569 0.1893 0.123708 0.1133
541 0 1 66 269 557 0.245353 0.170506 0.159806
542 0 1 55 261 594 0.210728 0.139685 0.128655
543 0 1 66 260 607 0.253846 0.166136 0.152249
544 0 1 85 277 602 0.306859 0.208152 0.193402
545 0 1 85 280 620 0.303571 0.204007 0.188889
546 0 1 78 280 604 0.278571 0.189669 0.176471
547 0 1 28 244 465 0.114754 0.083126 0.0789845
548 0 1 76 320 649 0.2375 0.166769 0.156863
549 0 1 48 315 616 0.152381 0.108967 0.103115
550 0 1 84 307 608 0.273616 0.194428 0.183607
551 0 1 68 327 631 0.207951 0.1497 0.141962
552 0 1 56 334 648 0.167665 0.120373 0.114053
553 0 1 65 300 623 0.216667 0.150352 0.140845
554 0 1 77 328 632 0.234756 0.16912 0.160417
555 0 1 80 320 632 0.25 0.177892 0.168067
556 0 1 84 337 655 0.249258 0.17879 0.169355
557 0 1 69 319 654 0.216301 0.151065 0.141829
558 0 1 85 320 647 0.265625 0.186806 0.175801
559 0 1 73 330 634 0.221212 0.159596 0.151452
560 0 1 97 344 647 0.281977 0.205608 0.195762
561 0 1 113 354 651 0.319209 0.235389 0.224876
562 0 1 109 339 643 0.321534 0.233465 0.221996
563 0 1 87 336 622 0.258929 0.190307 0.181628
564 0 1 83 356 693 0.233146 0.167104 0.158246
565 0 1 78 339 661 0.230089 0.164776 0.156
566 0 1 108 329 645 0.328267 0.234448 0.221766
567 0 1 84 317 621 0.264984 0.189323 0.179104
568 0 1 91 311 616 0.292605 0.207908 0.196332
569 0 1 87 310 615 0.280645 0.199251 0.188108
570 0 1 69 324 678 0.212963 0.147218 0.137725
571 0 1 76 315 638 0.24127 0.169531 0.159496
572 0 1 84 291 623 0.28866 0.197283 0.183807
573 0 1 88 297 629 0.296296 0.203601 0.190065
574 0 1 83 286 613 0.29021 0.198228 0.18465
575 0 1 78 263 590 0.296578 0.198012 0.182884
576 0 1 71 289 611 0.245675 0.168962 0.157778
577 0 1 90 274 648 0.328467 0.213589 0.195228
578 0 1 78 266 615 0.293233 0.192848 0.177072
579 0 1 42 265 551 0.158491 0.109913 0.102941
580 0 1 86 279 607 0.308244 0.208979 0.194131
581 0 1 90 276 608 0.326087 0.219703 0.20362
582 0 1 47 274 583 0.171533 0.117595 0.109685
583 0 1 61 258 566 0.236434 0.159629 0.148058
584 0 1 64 236 532 0.271186 0.180621 0.166667
585 0 1 77 271 592 0.284133 0.192241 0.178447
586 0 1 61 258 581 0.236434 0.157555 0.145411
587 0 1 60 262 575 0.229008 0.154585 0.143369
588 0 1 71 254 564 0.279528 0.187587 0.173594
589 0 1 92 235 553 0.391489 0.255206 0.233503
590 0 1 64 232 533 0.275862 0.182 0.16732
591 0 1 79 237 519 0.333333 0.225252 0.208995
592 0 1 100 237 523 0.421941 0.284037 0.263158
593 0 1 82 237 535 0.345992 0.230283 0.212435
594 0 1 104 232 536 0.448276 0.294922 0.270833
595 0 1 96 249 548 0.385542 0.259885 0.240903
596 0 1 107 238 557 0.44958 0.293878 0.269182
597 0 1 84 263 582 0.319392 0.214704 0.198817
598 0 1 78 264 592 0.295455 0.197302 0.182243
599 0 1 79 262 612 0.301527 0.197288 0.180778
600 0 1 93 262 615 0.354962 0.231683 0.212087
601 0 1 71 245 494 0.289796 0.204085 0.192152
602 0 1 105 295 659 0.355932 0.238142 0.220126
603 0 1 85 274 608 0.310219 0.208253 0.192744
604 0 1 44 265 527 0.166038 0.11774 0.111111
605 0 1 55 302 566 0.182119 0.13303 0.126728
606 0 1 58 296 570 0.195946 0.141203 0.133949
607 0 1 69 316 642 0.218354 0.153193 0.14405
608 0 1 47 299 624 0.157191 0.10881 0.101842
609 0 1 86 323 635 0.266254 0.189894 0.179541
610 0 1 122 332 668 0.36747 0.259061 0.244
611 0 1 108 330 671 0.327273 0.229512 0.215784
612 0 1 116 340 646 0.341176 0.247515 0.235294
613 0 1 122 332 650 0.36747 0.262624 0.248473
614 0 1 113 341 636 0.331378 0.242646 0.23132
615 0 1 101 351 621 0.287749 0.216333 0.207819
616 0 1 87 343 638 0.253644 0.185978 0.17737
617 0 1 91 322 636 0.282609 0.201087 0.189979
618 0 1 80 305 624 0.262295 0.183378 0.172228
619 0 1 81 338 663 0.239645 0.171108 0.161838
620 0 1 67 324 638 0.20679 0.147364 0.139293
621 0 1 88 302 628 0.291391 0.202069 0.189247
622 0 1 60 334 667 0.179641 0.12712 0.11988
623 0 1 85 339 691 0.250737 0.175622 0.165049
624 0 1 85 343 677 0.247813 0.176391 0.166667
625 0 1 81 336 666 0.241071 0.171229 0.161677
626 0 1 88 326 652 0.269939 0.190875 0.179959
627 0 1 74 315 678 0.234921 0.160126 0.149043
628 0 1 88 320 684 0.275 0.188096 0.175299
629 0 1 95 328 662 0.289634 0.203872 0.191919
630 0 1 76 330 641 0.230303 0.165245 0.15654
631 0 1 74 292 647 0.253425 0.17025 0.157614
632 0 1 59 275 536 0.214545 0.153675 0.145499
633 0 1 65 301 641 0.215947 0.147979 0.138004
634 0 1 50 310 621 0.16129 0.113958 0.107411
635 0 1 51 285 604 0.178947 0.122922 0.114736
636 0 1 62 278 566 0.223022 0.156301 0.146919
637 0 1 58 245 587 0.236735 0.152942 0.139423
638 0 1 71 271 561 0.261993 0.182093 0.170673
639 0 1 74 262 525 0.282443 0.199527 0.188056
640 0 1 80 254 550 0.314961 0.214038 0.199005
641 0 1 76 250 523 0.304 0.210181 0.196636
642 0 1 76 227 515 0.334802 0.222278 0.204852
643 0 1 74 223 516 0.331839 0.21815 0.200271
644 0 1 58 254 540 0.228346 0.156608 0.146096
645 0 1 64 230 526 0.278261 0.184002 0.169312
646 0 1 76 218 488 0.348624 0.23301 0.215297
647 0 1 61 202 477 0.30198 0.196515 0.179676
648 0 1 81 207 534 0.391304 0.243629 0.218623
649 0 1 74 212 523 0.349057 0.222235 0.201361
650 0 1 70 204 533 0.343137 0.212285 0.189959
651 0 1 85 225 525 0.377778 0.247314 0.226667
652 0 1 84 227 544 0.370044 0.239038 0.217899
653 0 1 103 242 565 0.42562 0.278551 0.255266
654 0 1 78 214 496 0.364486 0.239413 0.219718
655 0 1 81 237 462 0.341772 0.244788 0.23176
656 0 1 84 278 558 0.302158 0.213275 0.200957
657 0 1 94 279 584 0.336918 0.232873 0.217845
658 0 1 45 263 463 0.171103 0.128957 0.123967
659 0 1 96 281 571 0.341637 0.239662 0.225352
660 0 1 75 309 606 0.242718 0.173319 0.163934
661 0 1 67 303 500 0.221122 0.172135 0.166874
662 0 1 73 307 614 0.237785 0.168139 0.158523
663 0 1 66 313 605 0.210863 0.151668 0.143791
664 0 1 68 297 520 0.228956 0.173033 0.166463
665 0 1 75 341 618 0.219941 0.163377 0.156413
666 0 1 69 316 615 0.218354 0.156519 0.148228
667 0 1 79 316 593 0.25 0.182497 0.173817
668 0 1 111 335 591 0.331343 0.249463 0.239741
669 0 1 79 314 583 0.251592 0.184641 0.176143
670 0 1 93 323 611 0.287926 0.209344 0.199143
671 0 1 92 338 627 0.272189 0.199846 0.190674
672 0 1 86 323 582 0.266254 0.198352 0.190055
673 0 1 84 310 585 0.270968 0.197252 0.187709
674 0 1 107 348 633 0.307471 0.227978 0.218145
675 0 1 60 330 598 0.181818 0.135065 0.12931
676 0 1 84 314 617 0.267516 0.190841 0.180451
677 0 1 86 320 598 0.26875 0.196595 0.187364
678 0 1 79 318 609 0.248428 0.179517 0.170442
679 0 1 91 331 612 0.274924 0.202186 0.193001
680 0 1 90 304 613 0.296053 0.208485 0.196292
681 0 1 79 310 597 0.254839 0.183637 0.174201
682 0 1 93 306 589 0.303922 0.219061 0.207821
683 0 1 113 334 643 0.338323 0.243837 0.23132
684 0 1 68 296 577 0.22973 0.164541 0.155785
685 0 1 92 303 600 0.30363 0.21577 0.203765
686 0 1 103 308 593 0.334416 0.24101 0.228635
687 0 1 89 299 615 0.297659 0.207547 0.194748
688 0 1 63 285 597 0.221053 0.152732 0.142857
689 0 1 101 319 666 0.316614 0.219123 0.205076
690 0 1 75 291 601 0.257732 0.17934 0.168161
691 0 1 84 312 624 0.269231 0.190375 0.179487
692 0 1 75 302 662 0.248344 0.167737 0.155602
693 0 1 93 280 635 0.332143 0.220555 0.203279
694 0 1 91 284 621 0.320423 0.216689 0.201105
695 0 1 103 283 594 0.363958 0.251218 0.234892
696 0 1 95 258 590 0.368217 0.243494 0.224057
697 0 1 97 274 594 0.354015 0.240438 0.223502
698 0 1 100 260 576 0.384615 0.258406 0.239234
699 0 1 90 252 566 0.357143 0.238305 0.220049
700 0 1 100 252 555 0.396825 0.267395 0.247831
701 0 1 91 253 555 0.359684 0.242848 0.225248
702 0 1 98 251 544 0.390438 0.26521 0.246541
703 0 1 111 299 628 0.371237 0.256158 0.239482
704 0 1 90 278 633 0.323741 0.214545 0.197585
705 0 1 85 272 619 0.3125 0.207152 0.190797
706 0 1 90 274 620 0.328467 0.218359 0.201342
707 0 1 95 262 635 0.362595 0.232909 0.211817
708 0 1 87 266 633 0.327068 0.21202 0.193548
709 0 1 105 280 633 0.375 0.249407 0.230011
710 0 1 89 300 632 0.296667 0.204395 0.190987
711 0 1 110 279 626 0.394265 0.263211 0.243094
712 0 1 84 282 600 0.297872 0.204211 0.190476
713 0 1 91 270 606 0.337037 0.224969 0.207763
714 0 1 77 273 574 0.282051 0.194515 0.181818
715 0 1 92 309 615 0.297735 0.211043 0.199134
716 0 1 72 310 568 0.232258 0.171584 0.164009
717 0 1 85 299 621 0.284281 0.197259 0.184783
718 0 1 92 316 666 0.291139 0.200543 0.187373
719 0 1 59 288 596 0.204861 0.142407 0.133484
720 0 1 68 301 580 0.225914 0.162747 0.15437
721 0 1 82 314 650 0.261146 0.181507 0.170124
722 0 1 72 298 612 0.241611 0.168597 0.158242
723 0 1 74 303 635 0.244224 0.168703 0.157783
724 0 1 60 277 591 0.216606 0.148292 0.138249
725 0 1 66 302 604 0.218543 0.154533 0.145695
726 0 1 63 286 604 0.22028 0.151579 0.141573
727 0 1 55 302 591 0.182119 0.130186 0.12318
728 0 1 73 312 589 0.233974 0.17029 0.162042
729 0 1 79 305 615 0.259016 0.182406 0.171739
730 0 1 48 298 571 0.161074 0.116363 0.110472
731 0 1 76 320 626 0.2375 0.169805 0.160677
732 0 1 74 308 635 0.24026 0.167328 0.156946
733 0 1 61 315 631 0.193651 0.136823 0.128964
734 0 1 78 317 616 0.246057 0.176512 0.167203
735 0 1 71 322 579 0.220497 0.164434 0.157603
736 0 1 96 293 565 0.327645 0.235946 0.223776
737 0 1 82 294 603 0.278912 0.194752 0.182832
738 0 1 82 322 620 0.254658 0.183523 0.174098
739 0 1 72 307 638 0.234528 0.162687 0.152381
740 0 1 77 297 639 0.259259 0.176751 0.16453
741 0 1 107 311 624 0.344051 0.242891 0.228877
742 0 1 87 301 621 0.289037 0.201229 0.18872
743 0 1 81 307 623 0.263844 0.185213 0.174194
744 0 1 75 300 602 0.25 0.176483 0.166297
745 0 1 105 300 624 0.35 0.242681 0.227273
746 0 1 101 298 614 0.338926 0.236118 0.221491
747 0 1 97 294 620 0.329932 0.227197 0.212254
748 0 1 86 303 631 0.283828 0.196681 0.184154
749 0 1 98 309 637 0.317152 0.220891 0.207188
750 0 1 79 308 611 0.256494 0.182109 0.171926
751 0 1 113 313 631 0.361022 0.254268 0.239407
752 0 1 109 301 619 0.362126 0.252521 0.236957
753 0 1 102 301 649 0.33887 0.230778 0.214737
754 0 1 103 321 642 0.320872 0.226891 0.213915
755 0 1 99 321 641 0.308411 0.21825 0.205821
756 0 1 126 320 658 0.39375 0.274589 0.257669
757 0 1 112 311 652 0.360129 0.248722 0.232606
758 0 1 104 317 649 0.328076 0.229288 0.215321
759 0 1 129 318 655 0.40566 0.282654 0.265159
760 0 1 105 318 639 0.330189 0.23293 0.219436
761 0 1 99 326 639 0.303681 0.216908 0.205181
762 0 1 124 331 645 0.374622 0.268366 0.254098
763 0 1 113 323 644 0.349845 0.247762 0.233713
764 0 1 107 330 642 0.324242 0.232466 0.220165
765 0 1 118 338 639 0.349112 0.253906 0.241556
766 0 1 137 317 652 0.432177 0.301347 0.282766
767 0 1 109 325 649 0.335385 0.237335 0.223819
768 0 1 120 322 633 0.372671 0.265798 0.251309
769 0 1 100 318 646 0.314465 0.220633 0.207469
770 0 1 103 325 659 0.316923 0.222563 0.20935
771 0 1 109 324 641 0.33642 0.23918 0.225907
772 0 1 101 322 643 0.313665 0.221967 0.209326
773 0 1 106 317 629 0.334385 0.237384 0.224101
774 0 1 116 317 661 0.365931 0.253412 0.237219
775 0 1 103 332 667 0.310241 0.21888 0.206206
776 0 1 124 323 653 0.383901 0.27 0.254098
777 0 1 119 328 648 0.362805 0.258121 0.243852
778 0 1 120 335 654 0.358209 0.256372 0.242669
779 0 1 138 338 645 0.408284 0.295557 0.280773
780 0 1 97 307 625 0.315961 0.221443 0.208154
781 0 1 93 313 639 0.297125 0.207951 0.195378
782 0 1 107 306 633 0.349673 0.24312 0.227902
783 0 1 99 315 646 0.314286 0.219464 0.206035
784 0 1 110 305 625 0.360656 0.251943 0.236559
785 0 1 103 297 633 0.346801 0.237551 0.221505
786 0 1 91 311 633 0.292605 0.205097 0.192797
787 0 1 110 302 611 0.364238 0.256076 0.240964
788 0 1 107 315 627 0.339683 0.240766 0.227176
789 0 1 99 307 624 0.322476 0.22619 0.212675
790 0 1 106 307 635 0.345277 0.240077 0.225053
791 0 1 111 309 637 0.359223 0.250192 0.234672
792 0 1 115 322 654 0.357143 0.2506 0.235656
793 0 1 116 309 641 0.375405 0.260645 0.244211
794 0 1 143 320 647 0.446875 0.314274 0.29576
795 0 1 127 302 641 0.42053 0.28865 0.269353
796 0 1 137 316 615 0.433544 0.31077 0.294307
797 0 1 136 327 643 0.415902 0.296592 0.280412

# ---------- Global Summary ----------
# CorrFrames: 782
avg_CorrEdges: 61.6343
avg_match_A: 256.556
avg_match_B: 539.115
global_RI_MNR: 0.240237
global_RI_GNR: 0.165726
global_RI_DICE: 0.154924

# ---------- Per-Channel Summary ----------
chA: 0 chB: 1 | avgC: 61.6343 avgA: 256.556 avgB: 539.115 MNR: 0.232816 GNR: 0.160456 DICE: 0.149833
