1341840840.169494 0.068445519 0.014184874 0.004753082 -0.019434236 -0.012576390 -0.004288485 0.999722838
1341840840.201335 0.068225339 0.029982055 0.000492434 -0.012664526 -0.012493107 -0.004329136 0.999832392
1341840840.233363 0.075969912 0.035463199 0.001946962 -0.014822993 -0.013915247 -0.002104430 0.999791086
1341840840.269407 0.081085362 0.023488186 0.005332140 -0.021673786 -0.014136570 -0.000886441 0.999664783
1341840840.294570 0.085905664 0.020845840 0.005951841 -0.021371529 -0.014442200 -0.000198546 0.999667287
1341840840.330394 0.085456021 0.019391896 0.004967947 -0.019816261 -0.013164625 0.001457984 0.999715924
1341840840.362487 0.083654031 0.028780656 -0.000600920 -0.015351638 -0.012635013 0.003663856 0.999795616
1341840840.394382 0.091520064 0.030630797 0.001397902 -0.017739356 -0.016523259 0.006046781 0.999687791
1341840840.430325 0.104209572 0.022228858 0.007973917 -0.020883102 -0.020321948 0.007895294 0.999544203
1341840840.462407 0.103686549 0.029003156 0.003166958 -0.016042510 -0.017374156 0.007042611 0.999695539
1341840840.494502 0.102422327 0.035170056 0.001599980 -0.016864235 -0.015646357 0.008541629 0.999698877
1341840840.530297 0.108335629 0.025496589 0.005099920 -0.022537990 -0.017625649 0.010312755 0.999537408
1341840840.562361 0.110981427 0.026678067 0.004560572 -0.020676164 -0.017854363 0.010368478 0.999572992
1341840840.598321 0.111332774 0.025942177 0.002892783 -0.021453185 -0.017671904 0.011736928 0.999544740
1341840840.630280 0.114432082 0.014841705 0.004337617 -0.024544289 -0.020527398 0.013766260 0.999393165
1341840840.662439 0.122457609 0.028968969 0.002186974 -0.016633943 -0.024611505 0.013113313 0.999472678
1341840840.698371 0.135311499 0.037337888 0.005880952 -0.014686977 -0.026647752 0.012432576 0.999459684
1341840840.730361 0.143686965 0.022859190 0.009523150 -0.020555004 -0.025122413 0.013438878 0.999382734
1341840840.762407 0.137391686 0.018771825 0.004321522 -0.018343354 -0.019944929 0.012471494 0.999554992
1341840840.798303 0.135649234 0.033476450 -0.000942593 -0.011649003 -0.019127386 0.011433086 0.999683797
1341840840.830375 0.149582982 0.030936010 0.005196701 -0.014621139 -0.022454228 0.012026268 0.999568582
1341840840.866393 0.154414311 0.021003688 0.007710183 -0.016307339 -0.020351231 0.011763519 0.999590695
1341840840.898320 0.151172176 0.025096262 0.001129697 -0.011010750 -0.016493253 0.009922373 0.999754071
1341840840.930454 0.152313188 0.034828953 -0.002424981 -0.008897172 -0.015799912 0.009101804 0.999794185
1341840840.966498 0.163056463 0.033164438 0.003478210 -0.013067052 -0.017568152 0.009114671 0.999718726
1341840840.998398 0.169616371 0.030680740 0.004830138 -0.013542643 -0.016795168 0.008807958 0.999728441
1341840841.034538 0.176328823 0.040799536 0.004081785 -0.010295059 -0.014904302 0.006525629 0.999814630
1341840841.066345 0.178233832 0.047449648 0.002611910 -0.011708912 -0.009520589 0.004821913 0.999874473
1341840841.098335 0.176492348 0.032046329 0.004253929 -0.023482013 -0.005607404 0.006898188 0.999684751
1341840841.134331 0.188273966 0.020069767 0.007429536 -0.026097013 -0.009895335 0.008094941 0.999577641
1341840841.166392 0.194854259 0.041437615 0.003894068 -0.015450685 -0.008219186 0.006533384 0.999825478
1341840841.198348 0.196306720 0.038449690 0.003182980 -0.020276725 -0.002593481 0.008210684 0.999757349
1341840841.234400 0.201572999 0.017248562 0.005812577 -0.028400321 -0.002186029 0.011791174 0.999524653
1341840841.266296 0.206591055 0.020407738 0.003718209 -0.021218466 -0.004521528 0.012438379 0.999687254
1341840841.302430 0.208276391 0.035561822 -0.002319110 -0.013137417 -0.003458290 0.012368099 0.999831200
1341840841.334542 0.211725503 0.034295462 -0.002802404 -0.014809469 -0.002322826 0.014296130 0.999785423
1341840841.366311 0.213895261 0.029491229 -0.004342493 -0.016546592 -0.002210813 0.013357747 0.999771416
1341840841.402475 0.215891719 0.032792095 -0.005179184 -0.014900308 -0.002768458 0.012665584 0.999804914
1341840841.434345 0.223478317 0.033644918 -0.005572022 -0.015287027 -0.005196354 0.012373607 0.999793053
1341840841.466383 0.223909453 0.033328321 -0.006541927 -0.016506938 -0.003960914 0.011510400 0.999789655
1341840841.502454 0.224129468 0.032633614 -0.005977783 -0.017012158 -0.003486925 0.011327693 0.999785006
1341840841.534696 0.224378690 0.032270838 -0.007142883 -0.015948862 -0.003171392 0.011168863 0.999805391
1341840841.570470 0.230122253 0.042596225 -0.011659875 -0.012997693 -0.004395553 0.012086782 0.999832809
1341840841.602476 0.244878352 0.053185724 -0.002842723 -0.012907465 -0.009583668 0.014120112 0.999771059
1341840841.634468 0.247612581 0.032172240 -0.000949972 -0.021616317 -0.007528849 0.012415040 0.999660909
1341840841.671032 0.241945088 0.031238545 -0.007382648 -0.020373255 -0.003430663 0.011753870 0.999717474
1341840841.702284 0.241376385 0.037251182 -0.009766853 -0.018921351 -0.004364529 0.013386011 0.999721825
1341840841.734304 0.246482193 0.037562285 -0.008080941 -0.020929165 -0.006667098 0.014527107 0.999653161
1341840841.770351 0.250906646 0.030292932 -0.004666974 -0.024311654 -0.008070205 0.016272461 0.999539375
1341840841.802313 0.241774291 0.025722466 -0.011208745 -0.025308561 -0.005815039 0.018496970 0.999491632
1341840841.838370 0.240771696 0.022301683 -0.012680102 -0.026009921 -0.010891373 0.021236144 0.999376714
1341840841.870881 0.253512472 0.028084334 -0.008497679 -0.021239728 -0.022858672 0.017004343 0.999368429
1341840841.902346 0.268044829 0.054044314 -0.003156601 -0.011344099 -0.027939864 0.013437146 0.999454916
1341840841.938375 0.264644295 0.042583439 -0.002772403 -0.019970022 -0.021177610 0.013655582 0.999482989
1341840841.970352 0.250230342 0.030666055 -0.010494394 -0.025576288 -0.015381817 0.011833266 0.999484479
1341840842.006342 0.258299202 0.043937955 -0.007988248 -0.020945972 -0.021950835 0.009412472 0.999495268
1341840842.038475 0.273878664 0.044002607 0.000630894 -0.022713931 -0.026941545 0.008061701 0.999346375
1341840842.070419 0.273216605 0.043708585 -0.001343381 -0.022004424 -0.022590341 0.006599905 0.999480844
1341840842.106404 0.264523059 0.041987035 -0.007709313 -0.023258856 -0.017564464 0.004853416 0.999563396
1341840842.138367 0.267358661 0.023195675 -0.009848576 -0.029614855 -0.021444732 0.003879236 0.999323785
1341840842.170410 0.276618063 0.033529006 -0.010579310 -0.020802250 -0.027526505 0.001642549 0.999403238
1341840842.206430 0.282601357 0.041046027 -0.012342725 -0.015505878 -0.028425219 -0.001090357 0.999475062
1341840842.238319 0.283389628 0.043013740 -0.014152776 -0.013059470 -0.026462503 -0.006373073 0.999544203
1341840842.274385 0.284129977 0.039317116 -0.015978793 -0.012192013 -0.023758139 -0.012861134 0.999560654
1341840842.306571 0.285100967 0.037561253 -0.020259954 -0.009806263 -0.021144303 -0.015662136 0.999605656
1341840842.338413 0.285722613 0.041788105 -0.027678546 -0.007481066 -0.021623105 -0.016698794 0.999598742
1341840842.374365 0.286531061 0.033018764 -0.026241012 -0.010996833 -0.023680961 -0.018356306 0.999490499
1341840842.406739 0.290295988 0.035273265 -0.026848288 -0.003675951 -0.028599378 -0.021262584 0.999358058
1341840842.438410 0.301788628 0.063990094 -0.025237478 0.007579109 -0.031749323 -0.024844669 0.999158323
1341840842.474299 0.323768198 0.069668785 -0.019668192 0.000990161 -0.029110022 -0.032235578 0.999055803
1341840842.506377 0.345324010 0.039282568 -0.023927528 -0.010430773 -0.037797797 -0.037499834 0.998527050
1341840842.542388 0.360484749 0.022116380 -0.037787236 -0.017004205 -0.042910695 -0.039783239 0.998141646
1341840842.574346 0.365963191 0.018585924 -0.057077989 -0.018680122 -0.039499432 -0.040938966 0.998205781
1341840842.606530 0.366163671 0.017374855 -0.062908620 -0.019279351 -0.038617872 -0.039368585 0.998292089
1341840842.642329 0.349383384 0.014967831 -0.068499252 -0.019120932 -0.031268150 -0.043179709 0.998394787
1341840842.674386 0.338133305 0.006737308 -0.072660811 -0.020205704 -0.025469059 -0.044952791 0.998459935
1341840842.706548 0.359640062 0.009422501 -0.085108422 -0.021790398 -0.036167875 -0.032779992 0.998570263
1341840842.774261 0.377964735 0.041407954 -0.086103946 -0.005586038 -0.043421768 -0.035334509 0.998416185
1341840842.810490 0.378343552 0.041641381 -0.085959867 -0.006217008 -0.042172056 -0.034839842 0.998483360
1341840842.842296 0.378631890 0.042985760 -0.094006039 -0.009297980 -0.043470077 -0.034313105 0.998422027
1341840842.874411 0.375816524 0.046292681 -0.087434493 -0.011503254 -0.043243811 -0.032777794 0.998460412
1341840842.910377 0.376802802 0.040691730 -0.081920683 -0.010553190 -0.041592840 -0.039003380 0.998317301
1341840842.942647 0.380498052 0.040970933 -0.089045718 -0.009508530 -0.041275539 -0.035612337 0.998467624
1341840842.974535 0.380646735 0.040198933 -0.093841806 -0.009999389 -0.038832571 -0.042398427 0.998295784
1341840843.010449 0.379185319 0.038386133 -0.090250924 -0.009661618 -0.032900147 -0.045649253 0.998368859
1341840843.042429 0.381550789 0.040231012 -0.095718525 -0.009557014 -0.032842662 -0.043554496 0.998465300
1341840843.078385 0.382449180 0.040068503 -0.099959582 -0.011090318 -0.031580102 -0.035660733 0.998803258
1341840843.110373 0.380332321 0.041174747 -0.099000201 -0.009580908 -0.031946111 -0.036861502 0.998763680
1341840843.142285 0.381853282 0.038748048 -0.099586800 -0.011874236 -0.031592008 -0.035842646 0.998787403
1341840843.178476 0.379509002 0.038645256 -0.083488747 -0.014380679 -0.033618759 -0.029241277 0.998903334
1341840843.210589 0.383363783 0.037634801 -0.091365598 -0.014611843 -0.034190480 -0.032517917 0.998779297
1341840843.246317 0.389031529 0.041140076 -0.090129055 -0.011062252 -0.037721150 -0.032229181 0.998707175
1341840843.278543 0.384088993 0.042978983 -0.080131017 -0.011659709 -0.037373677 -0.025434662 0.998909593
1341840843.310587 0.386916816 0.042466160 -0.080612145 -0.014099712 -0.037231021 -0.018870791 0.999028981
1341840843.346529 0.390599132 0.038230356 -0.087765455 -0.016225850 -0.036795966 -0.016297664 0.999058127
1341840843.385053 0.390811652 0.037232991 -0.087817080 -0.021725135 -0.038882595 -0.019343430 0.998820305
1341840843.411509 0.391074419 0.038117327 -0.087050281 -0.025254836 -0.036890864 -0.019471020 0.998810351
1341840843.447220 0.388133645 0.038635898 -0.082842693 -0.025328595 -0.032568142 -0.012229160 0.999073684
1341840843.478671 0.390397996 0.039163735 -0.090807304 -0.025513981 -0.032296516 -0.016547576 0.999015570
1341840843.515039 0.389892757 0.039608549 -0.087267473 -0.030172566 -0.033144627 -0.019977493 0.998795271
1341840843.548527 0.389068425 0.035944115 -0.079545200 -0.031163808 -0.029534969 -0.021431636 0.998847961
1341840843.582569 0.393174291 0.038071595 -0.085431539 -0.024781486 -0.028394416 -0.021120623 0.999066353
1341840843.614798 0.390193820 0.036617186 -0.084812410 -0.028323801 -0.028533515 -0.024449939 0.998892307
1341840843.653429 0.388439596 0.037511483 -0.084856115 -0.033812635 -0.028100474 -0.020985333 0.998812675
1341840843.687928 0.388425648 0.035853248 -0.079627581 -0.029788995 -0.026761113 -0.025282102 0.998878002
1341840843.720258 0.387909085 0.036051333 -0.080871180 -0.029470617 -0.024647640 -0.023925716 0.998975277
1341840843.785505 0.391182125 0.040513694 -0.080692083 -0.027009513 -0.025249492 -0.025236234 0.998997569
1341840843.814703 0.395478040 0.032638956 -0.096363671 -0.027520500 -0.023100955 -0.027725553 0.998969615
1341840843.846439 0.395394325 0.031917300 -0.097057894 -0.028243050 -0.021414775 -0.025407009 0.999048650
1341840843.882429 0.396050572 0.032746084 -0.099215463 -0.026919557 -0.020952459 -0.028413225 0.999014020
1341840843.914321 0.395987540 0.034649566 -0.098100536 -0.026293369 -0.017573843 -0.030977488 0.999019623
1341840843.946316 0.396088153 0.034624022 -0.096785009 -0.025289031 -0.013340936 -0.031046499 0.999108911
1341840843.982401 0.399514705 0.032891423 -0.103007063 -0.025913445 -0.012041408 -0.030942453 0.999112666
1341840844.014387 0.395778239 0.034536898 -0.099531956 -0.026741339 -0.009937776 -0.033056572 0.999046266
1341840844.050399 0.394508272 0.034132909 -0.092770100 -0.023929099 -0.008946503 -0.034309395 0.999084651
1341840844.082349 0.394647390 0.036531191 -0.098144062 -0.016307248 -0.004215602 -0.036782883 0.999181330
1341840844.114393 0.395371467 0.034819715 -0.097417645 -0.019526102 -0.003358274 -0.036422636 0.999140024
1341840844.150523 0.395988613 0.033334903 -0.097519487 -0.021631476 -0.003484066 -0.038173124 0.999030888
1341840844.182299 0.391812861 0.034716215 -0.092007227 -0.018662140 0.002193993 -0.041755203 0.998951137
1341840844.218448 0.394809842 0.035366446 -0.096034445 -0.011767820 0.004716588 -0.044861391 0.998912752
1341840844.250566 0.396654546 0.034673478 -0.097369455 -0.010272513 0.005256163 -0.043892112 0.998969674
1341840844.282274 0.395230442 0.033992466 -0.098348461 -0.014031401 0.005379966 -0.042805474 0.998970389
1341840844.318322 0.394938201 0.035025537 -0.096692204 -0.013665637 0.004249825 -0.041283187 0.999045014
1341840844.350432 0.394854009 0.035164926 -0.095695779 -0.007757749 0.003141688 -0.045474086 0.998930454
1341840844.382375 0.396202594 0.033243529 -0.099675052 -0.006776833 0.005086846 -0.051020563 0.998661637
1341840844.418837 0.395521611 0.034704216 -0.098192334 -0.009218920 0.008158435 -0.050270975 0.998659730
1341840844.450418 0.395129383 0.034733344 -0.095577314 -0.007818280 0.005606482 -0.047036435 0.998846829
1341840844.486330 0.396134943 0.035019256 -0.100005686 -0.003262179 0.004127144 -0.053950790 0.998529732
1341840844.518335 0.396513820 0.034307238 -0.100463763 -0.000437955 0.007966662 -0.059784953 0.998179376
1341840844.550458 0.395776987 0.034775186 -0.099001259 -0.002174161 0.011956600 -0.055769198 0.998369694
1341840844.586351 0.396250993 0.034154546 -0.098810852 -0.002600764 0.009962018 -0.055260565 0.998418868
1341840844.618382 0.396358788 0.033922933 -0.100457504 -0.001830774 0.008518955 -0.057176564 0.998326063
1341840844.650334 0.397528708 0.034266617 -0.102090389 -0.001937068 0.008942848 -0.060291324 0.998138905
1341840844.686320 0.395101875 0.035014622 -0.095099591 -0.000344558 0.010993732 -0.063291788 0.997934461
1341840844.718495 0.395956099 0.034236845 -0.099890023 0.001007751 0.013549183 -0.063030340 0.997919142
1341840844.757582 0.397436470 0.033858661 -0.102918148 -0.000913124 0.014607554 -0.062124301 0.997961104
1341840844.791011 0.395448685 0.033798642 -0.099041156 -0.001406208 0.015208983 -0.062772527 0.997910976
1341840844.818394 0.396107942 0.034005113 -0.100475214 0.001409973 0.016379751 -0.065510057 0.997716486
1341840844.854307 0.396428674 0.033533789 -0.102499649 0.001817676 0.019451417 -0.067516245 0.997526884
1341840844.888045 0.396663457 0.033764638 -0.101782508 0.001446824 0.020674920 -0.064528465 0.997700632
1341840844.918612 0.396812588 0.033941556 -0.102418475 -0.000271987 0.021457342 -0.064225636 0.997704625
1341840844.954718 0.395482838 0.034059592 -0.098819241 -0.000496938 0.023194671 -0.065272890 0.997597694
1341840844.986719 0.395771176 0.035017345 -0.096317723 0.000998834 0.025290122 -0.068424001 0.997335196
1341840845.022279 0.396628737 0.033916023 -0.102097124 0.001237741 0.029337723 -0.068794444 0.997198582
1341840845.054280 0.398069948 0.034047365 -0.100649126 0.001493445 0.031696174 -0.065398045 0.997354627
1341840845.086344 0.397383422 0.033422265 -0.105086200 -0.000234413 0.035075571 -0.063432828 0.997369468
1341840845.123640 0.396699041 0.033915613 -0.102608904 -0.000440253 0.034988925 -0.065932147 0.997210383
1341840845.154408 0.396978915 0.033693500 -0.102174565 0.003876196 0.034398977 -0.070146531 0.996935844
1341840845.186393 0.397958189 0.033997804 -0.106344149 0.003569670 0.034930915 -0.068744913 0.997016132
1341840845.222296 0.396738440 0.033701718 -0.102858126 -0.001718068 0.033860914 -0.063625202 0.997397780
1341840845.254440 0.395878732 0.033249039 -0.100675508 0.000573032 0.031981453 -0.067557730 0.997202516
1341840845.290376 0.397338390 0.034319986 -0.100719407 0.003720222 0.034050524 -0.075351164 0.996568561
1341840845.322289 0.397137135 0.033339866 -0.104303308 0.001167649 0.038963638 -0.071822040 0.996655405
1341840845.354494 0.396743327 0.032997292 -0.102875479 -0.000053825 0.036753878 -0.065540604 0.997172773
1341840845.390309 0.396863282 0.033258557 -0.103194162 0.005555123 0.031699426 -0.070854604 0.996967316
1341840845.422339 0.397861272 0.033329014 -0.106156960 0.009358809 0.030824712 -0.078099109 0.996424973
1341840845.458335 0.398631632 0.033851266 -0.108939588 0.007942133 0.034023575 -0.082388639 0.995987654
1341840845.490264 0.396679640 0.034845855 -0.103231452 0.006028513 0.038463876 -0.083691917 0.995730758
1341840845.522343 0.397470087 0.032437727 -0.105415739 0.003270058 0.040331107 -0.078759916 0.996072054
1341840845.558310 0.396277159 0.032050945 -0.104722701 0.001883120 0.037877947 -0.074303977 0.996514261
1341840845.597232 0.397315264 0.032704573 -0.107202068 0.004072058 0.033212364 -0.075455107 0.996587634
1341840845.622577 0.397518605 0.033136599 -0.105852216 0.006096654 0.032007620 -0.079415277 0.996308982
1341840845.658634 0.397817582 0.033043616 -0.107335910 0.005364276 0.035539057 -0.082273811 0.995961487
1341840845.690353 0.398112446 0.031960290 -0.108860657 0.002843130 0.038601007 -0.084869891 0.995639980
1341840845.729069 0.397462308 0.033134319 -0.105700016 0.003586380 0.041389372 -0.085283071 0.995490253
1341840845.758375 0.396594554 0.034280453 -0.102641575 0.004262784 0.041918956 -0.083312035 0.995632350
1341840845.790466 0.396520585 0.033659041 -0.102978833 0.003234092 0.038577601 -0.080801599 0.995978117
1341840845.826375 0.397483885 0.032138333 -0.105481781 0.001946798 0.034867905 -0.087059461 0.995590806
1341840845.858782 0.397075862 0.033404395 -0.102921031 0.001945713 0.037280697 -0.094365224 0.994837463
1341840845.890417 0.396904200 0.033422846 -0.103553161 0.004371147 0.037664548 -0.096467026 0.994613707
1341840845.926383 0.398639798 0.040536970 -0.100572795 0.009083772 0.037104331 -0.100892879 0.994163632
1341840845.958390 0.403213322 0.037023824 -0.114888474 0.006808673 0.037240434 -0.105620362 0.993685603
1341840845.994269 0.399390966 0.041210793 -0.097229704 0.008863553 0.038391985 -0.103375152 0.993861675
1341840846.026558 0.399559528 0.036684427 -0.103395537 0.010196179 0.039664656 -0.108141996 0.993291497
1341840846.058807 0.394856036 0.027174424 -0.090460151 0.004762661 0.040017001 -0.108797275 0.993246734
1341840846.094265 0.394820333 0.027224177 -0.090154856 0.004375703 0.040140122 -0.109401986 0.993177116
1341840846.126378 0.394204736 0.027756119 -0.087799877 0.008594916 0.040709522 -0.113019615 0.992721260
1341840846.158446 0.394781798 0.027193898 -0.090266779 0.005761725 0.052714206 -0.110550016 0.992454886
1341840846.194427 0.394926012 0.027066831 -0.090707898 0.002428509 0.052408684 -0.109954275 0.992550969
1341840846.226385 0.394882202 0.027106794 -0.090555906 0.001499608 0.052743912 -0.108788952 0.992663503
1341840846.262497 0.394805610 0.027158896 -0.090269104 0.007257683 0.057096593 -0.114931434 0.991704643
1341840846.294419 0.394854069 0.027085369 -0.090558894 0.005651953 0.061970655 -0.112150431 0.991740882
1341840846.326478 0.394854516 0.027141983 -0.090542071 0.003937298 0.062246397 -0.107110567 0.992288828
1341840846.362426 0.394860148 0.027189042 -0.090502396 0.005011924 0.061930757 -0.107267797 0.992286801
1341840846.394323 0.394781291 0.027192239 -0.090283863 0.005807954 0.068198390 -0.108338155 0.991755009
1341840846.430454 0.394872934 0.027127225 -0.090633616 0.005412438 0.071722105 -0.108408265 0.991501033
1341840846.465291 0.394879460 0.027100476 -0.090592369 0.000592042 0.072072797 -0.107891269 0.991546571
1341840846.494473 0.394962758 0.027091470 -0.090636864 0.000254338 0.072116576 -0.106402561 0.991704404
1341840846.530439 0.395002961 0.027064199 -0.090768501 0.004537516 0.076930664 -0.105545677 0.991423786
1341840846.562569 0.395053864 0.027015274 -0.091178104 0.005161694 0.079946309 -0.104575709 0.991284966
1341840846.594486 0.395073175 0.026945708 -0.091213867 -0.000426667 0.078462832 -0.107009791 0.991157055
1341840846.630509 0.395025909 0.027179770 -0.090600356 -0.001044925 0.079580881 -0.102716744 0.991521597
1341840846.662363 0.395313740 0.027086325 -0.091475286 0.000814863 0.084053420 -0.101120971 0.991316795
1341840846.730390 0.395333022 0.027040930 -0.091392145 0.000929425 0.084374920 -0.101204693 0.991280794
1341840846.762470 0.395298600 0.027112830 -0.091401614 0.001433249 0.084096700 -0.101396695 0.991284251
1341840846.798363 0.395547628 0.027499534 -0.092118181 0.001488775 0.082426466 -0.102126881 0.991349459
1341840846.830356 0.395642549 0.027604520 -0.092069343 0.001662911 0.082319759 -0.103661992 0.991198719
1341840846.862350 0.395536453 0.027624641 -0.092011020 0.001080129 0.083324425 -0.103683896 0.991113305
1341840846.966358 0.395932615 0.027810249 -0.092025578 0.003806717 0.082079031 -0.106461495 0.990916014
1341840846.998844 0.395907104 0.027878577 -0.092435397 0.003819579 0.083193004 -0.107608952 0.990699053
1341840847.030411 0.397162020 0.028170956 -0.090171888 0.005417477 0.083059490 -0.112231329 0.990189850
1341840847.098410 0.396868646 0.028267721 -0.090727672 0.007081627 0.085083149 -0.117073871 0.989446521
1341840847.130366 0.397050679 0.027910976 -0.090948664 0.006028505 0.083980814 -0.119193397 0.989294589
1341840847.334573 0.474609017 0.061948769 -0.035568714 0.015756179 0.049200632 -0.095500201 0.994087934
1341840851.926297 0.189066961 0.086357966 -0.039676789 0.013070747 0.177500814 -0.148997188 0.972688258
1341840851.958364 0.190302923 0.082707450 -0.035826806 0.010404625 0.172051013 -0.143679276 0.974498034
1341840851.990589 0.190790653 0.082804069 -0.035038002 0.007236273 0.170821249 -0.145959795 0.974404156
1341840852.026374 0.190290675 0.083337672 -0.035059523 0.010653863 0.176105797 -0.145054311 0.973566890
1341840852.058336 0.190183386 0.083424404 -0.034946635 0.015709504 0.179630831 -0.139167368 0.973713756
1341840852.094404 0.190836474 0.082737066 -0.034965232 0.013282206 0.176891878 -0.139554456 0.974195778
1341840852.126392 0.190872923 0.084579229 -0.035603240 0.014939134 0.177436620 -0.147803098 0.972855210
1341840852.158516 0.190880507 0.083477870 -0.035312757 0.011651818 0.182741269 -0.154515773 0.970873177
1341840852.194279 0.190889716 0.082964852 -0.035051543 0.016549865 0.189825550 -0.146819904 0.970637023
1341840852.226380 0.190434560 0.082836963 -0.035978131 0.014766682 0.191466361 -0.140900701 0.971220672
1341840852.258313 0.190878272 0.082959853 -0.035132460 0.011798071 0.186384857 -0.143261507 0.971904099
1341840852.294500 0.191248760 0.083344027 -0.034587186 0.016527575 0.187288001 -0.147428364 0.971038043
1341840852.326311 0.190441370 0.083671421 -0.035712965 0.020713238 0.195204705 -0.149276584 0.969114304
1341840852.362368 0.190565228 0.082975157 -0.035116155 0.016790403 0.198973134 -0.145192370 0.969044387
1341840852.394489 0.190941021 0.082508147 -0.033786662 0.014900797 0.201373249 -0.140700951 0.969241977
1341840852.426307 0.191114411 0.083359674 -0.034024987 0.021899130 0.203630179 -0.142423123 0.968385637
1341840852.462394 0.190896720 0.083099470 -0.034798589 0.022367971 0.205681771 -0.145306915 0.967512548
1341840852.494557 0.190959051 0.082777590 -0.034756765 0.021118749 0.206948444 -0.143391415 0.967556298
1341840852.526348 0.191026360 0.083219722 -0.034721632 0.021537593 0.210375383 -0.142450795 0.966946781
1341840852.562305 0.190776750 0.083038747 -0.034185108 0.020884415 0.215446949 -0.140929744 0.966066897
1341840852.594400 0.190922379 0.083018295 -0.034587502 0.019167894 0.217261344 -0.138315320 0.966073990
1341840852.630345 0.190989435 0.083252817 -0.033941779 0.020821009 0.218545258 -0.138516814 0.965721250
1341840852.663508 0.191233397 0.083463728 -0.034260675 0.026330801 0.216186225 -0.139254943 0.966011524
1341840852.694654 0.190682605 0.083196670 -0.034743194 0.025614398 0.215794414 -0.136224687 0.966550291
1341840852.732477 0.190944806 0.083128542 -0.034435477 0.022974951 0.214455605 -0.137140051 0.966785133
1341840852.762455 0.190974921 0.083195314 -0.034501527 0.021021971 0.215052426 -0.138492122 0.966504276
1341840852.794631 0.190997243 0.083453536 -0.034354299 0.018662764 0.217405945 -0.139287546 0.965911627
1341840852.830583 0.191110581 0.083179578 -0.034074008 0.019787239 0.220346436 -0.142772660 0.964713335
1341840852.862990 0.191142276 0.083219193 -0.034138240 0.024448410 0.222218499 -0.146756440 0.963578582
1341840852.898597 0.190525070 0.083469480 -0.034689762 0.022653205 0.223736316 -0.145762116 0.963422179
1341840852.930367 0.190674409 0.083301701 -0.034372073 0.016426519 0.224665448 -0.142674178 0.963794410
1341840852.962482 0.190608382 0.083505169 -0.033948977 0.019725306 0.225345775 -0.140770331 0.963853657
1341840852.998535 0.190444008 0.083894722 -0.034082346 0.022494249 0.226007417 -0.146340534 0.962807953
1341840853.037588 0.190826520 0.083321966 -0.034228295 0.019520869 0.226381183 -0.146727577 0.962726116
1341840853.066770 0.191140264 0.082968265 -0.033828534 0.019452821 0.226336405 -0.145184204 0.962971926
1341840853.098354 0.191382974 0.082734793 -0.033747949 0.020554883 0.224927410 -0.145484895 0.963233769
1341840853.131999 0.190793410 0.083408661 -0.034171391 0.020739567 0.229331419 -0.150277048 0.961454034
1341840853.166530 0.191045254 0.083491713 -0.034080863 0.022089468 0.230493367 -0.153465018 0.960642159
1341840853.198406 0.191210985 0.083496481 -0.034087297 0.024739595 0.229290947 -0.156548619 0.960367739
1341840853.231726 0.190496698 0.083453462 -0.034524471 0.020307533 0.230983540 -0.154081300 0.960465074
1341840853.266442 0.190672755 0.083821051 -0.034285787 0.016896043 0.236425549 -0.158004567 0.958567679
1341840853.298516 0.190827861 0.083967224 -0.034350730 0.022806766 0.237949610 -0.163849592 0.957085729
1341840853.334385 0.190851092 0.083223537 -0.034191661 0.024678720 0.235557854 -0.162898794 0.957792997
1341840853.366351 0.191139489 0.082837641 -0.033644792 0.020335803 0.235461116 -0.158400416 0.958672941
1341840853.398402 0.190524176 0.083697073 -0.034384355 0.020972779 0.239596978 -0.162544116 0.956939280
1341840853.434335 0.190178886 0.084269315 -0.034606550 0.022680385 0.243274212 -0.167799413 0.955063701
1341840853.466387 0.190486386 0.084108226 -0.034612600 0.021887135 0.242134884 -0.170038149 0.954975724
1341840853.498430 0.191025794 0.083993129 -0.034198139 0.022413140 0.241558999 -0.171808377 0.954792500
1341840853.534407 0.190681189 0.083962344 -0.034395747 0.022256771 0.245228499 -0.172798231 0.953681469
1341840853.566451 0.190587625 0.083694167 -0.034318179 0.019867005 0.247174367 -0.170900345 0.953573883
1341840853.602691 0.190419778 0.083689943 -0.034426317 0.014332064 0.248367399 -0.167493999 0.953967512
1341840853.634832 0.190608218 0.083712578 -0.034258775 0.012321501 0.250745356 -0.169435501 0.953030169
1341840853.666488 0.190719068 0.083856463 -0.034083735 0.016764676 0.251257747 -0.172359034 0.952302933
1341840853.702424 0.190635234 0.083840378 -0.034272801 0.017277692 0.249982908 -0.174292088 0.952277422
1341840853.734353 0.190652385 0.083837524 -0.034339968 0.012115037 0.249701545 -0.175549701 0.952199876
1341840853.766467 0.190656170 0.083889820 -0.034173865 0.012379906 0.251629233 -0.176694423 0.951477051
1341840853.802607 0.190659285 0.083823793 -0.034196649 0.015642114 0.252311140 -0.178551525 0.950901568
1341840853.834576 0.190632731 0.083842508 -0.034281187 0.012804160 0.253617704 -0.180002660 0.950322628
1341840853.870615 0.190636560 0.083834291 -0.034296136 0.009243913 0.254624486 -0.179760784 0.950140536
1341840853.902573 0.190668777 0.083845325 -0.034239046 0.008543836 0.257179350 -0.180152372 0.949384511
1341840853.940152 0.190636605 0.083832726 -0.034297999 0.007768318 0.257777900 -0.181023926 0.949063003
1341840853.970342 0.190631807 0.083838537 -0.034321494 0.005965624 0.258114398 -0.181371599 0.948918164
1341840854.002413 0.190639719 0.083830364 -0.034303766 0.003642879 0.261445999 -0.183141112 0.947677195
1341840854.034566 0.190624475 0.083821706 -0.034315102 0.005389791 0.265245080 -0.184587613 0.946331561
1341840854.070475 0.190638408 0.083833620 -0.034306191 0.006133135 0.266781747 -0.186112359 0.945596159
1341840854.102373 0.190642476 0.083836928 -0.034300458 0.004329816 0.266696215 -0.184565321 0.945933461
1341840854.138343 0.190636948 0.083829537 -0.034314703 0.003133217 0.266694188 -0.185178995 0.945818722
1341840854.170475 0.190625370 0.083821133 -0.034336243 0.005602989 0.269881636 -0.186508581 0.944641232
1341840854.202459 0.190627500 0.083831623 -0.034336556 0.008588818 0.271211386 -0.186137617 0.944311082
1341840854.238384 0.190626979 0.083832249 -0.034332853 0.006454886 0.269541293 -0.186797708 0.944675863
1341840854.270355 0.190629929 0.083831288 -0.034332372 0.007456797 0.267601967 -0.186113074 0.945354700
1341840854.306367 0.190632492 0.083821766 -0.034309324 0.009105040 0.270370543 -0.189914241 0.943795264
1341840854.338540 0.190622419 0.083827943 -0.034336776 0.010112483 0.273796201 -0.188829154 0.943014801
1341840854.370427 0.190621525 0.083828948 -0.034341805 0.009067837 0.272855580 -0.185210958 0.944015086
1341840854.406491 0.190622762 0.083821148 -0.034339353 0.006385592 0.271560520 -0.186770469 0.944103181
1341840854.438402 0.190626249 0.083828084 -0.034340315 0.007638670 0.273398429 -0.185145766 0.943883479
1341840854.470341 0.190623581 0.083836086 -0.034353755 0.006813762 0.272581249 -0.183214113 0.944502831
1341840854.506442 0.190624043 0.083828636 -0.034340438 0.003145626 0.272240490 -0.185549900 0.944164455
1341840854.538722 0.190625921 0.083825521 -0.034335043 0.002742776 0.275982291 -0.186765552 0.942838728
1341840854.574331 0.190624326 0.083825298 -0.034338810 0.001460125 0.280719817 -0.186577797 0.941479146
1341840854.606460 0.190629795 0.083826035 -0.034333140 0.000843011 0.281078041 -0.187669903 0.941155910
1341840854.638476 0.190626174 0.083829649 -0.034338187 0.001425838 0.280790329 -0.184960410 0.941777289
1341840854.674312 0.190624386 0.083824605 -0.034341503 -0.001596428 0.281724483 -0.184751526 0.941538990
1341840854.706362 0.190632924 0.083824657 -0.034329943 -0.001626757 0.281711072 -0.185669482 0.941362321
1341840854.738328 0.190627992 0.083825514 -0.034336973 -0.001114029 0.282808214 -0.187480509 0.940674961
1341840854.774384 0.190631181 0.083828516 -0.034334078 -0.001596718 0.284750462 -0.187503874 0.940083444
1341840854.806396 0.190630674 0.083824322 -0.034334417 -0.002147350 0.284901023 -0.187826976 0.939972222
1341840854.842383 0.190629408 0.083825558 -0.034334350 -0.002600292 0.286109239 -0.190099999 0.939146817
1341840854.874351 0.190642491 0.083821632 -0.034310307 0.001645610 0.285266131 -0.191377118 0.939146042
1341840854.906375 0.190632060 0.083822712 -0.034331452 0.006070636 0.282823920 -0.192187592 0.939700842
1341840854.942414 0.190625846 0.083825015 -0.034352854 0.002930991 0.279641688 -0.192543805 0.940594912
1341840854.974632 0.190628842 0.083826631 -0.034331523 0.001334478 0.280649126 -0.195221677 0.939746082
1341840855.006485 0.190638334 0.083825067 -0.034319960 0.006842015 0.283483833 -0.198350176 0.938214958
1341840855.042409 0.190627143 0.083830476 -0.034344133 0.007304986 0.282557070 -0.198892370 0.938376248
1341840855.074380 0.190616161 0.083816729 -0.034324389 -0.001790248 0.286903918 -0.197122231 0.937457085
