#frame chA chB nCorr nA nB MNR GNR DICE
29 0 1 0 10 193 0 0 0
30 0 1 0 14 194 0 0 0
31 0 1 0 9 180 0 0 0
32 0 1 0 12 203 0 0 0
33 0 1 3 10 196 0.3 0.0677631 0.0291262
34 0 1 4 12 201 0.333333 0.0814463 0.0375587
35 0 1 5 12 183 0.416667 0.106697 0.0512821
36 0 1 5 13 198 0.384615 0.0985521 0.0473934
37 0 1 3 10 194 0.3 0.0681115 0.0294118
38 0 1 3 10 203 0.3 0.0665845 0.028169
39 0 1 4 8 185 0.5 0.103975 0.0414508
40 0 1 6 11 200 0.545455 0.12792 0.056872
41 0 1 3 13 191 0.230769 0.060205 0.0294118
42 0 1 6 13 185 0.461538 0.122347 0.0606061
43 0 1 5 10 174 0.5 0.119866 0.0543478
44 0 1 4 15 210 0.266667 0.0712697 0.0355556
45 0 1 0 7 214 0 0 0
46 0 1 1 14 232 0.0714286 0.0175466 0.00813008
47 0 1 2 17 248 0.117647 0.0308021 0.0150943
48 0 1 3 17 245 0.176471 0.0464851 0.0229008
49 0 1 0 11 218 0 0 0
50 0 1 1 8 215 0.125 0.0241121 0.00896861
51 0 1 3 18 243 0.166667 0.0453609 0.0229885
52 0 1 1 12 214 0.0833333 0.0197334 0.00884956
53 0 1 0 12 216 0 0 0
54 0 1 2 9 212 0.222222 0.0457869 0.0180995
55 0 1 0 4 156 0 0 0
56 0 1 1 6 165 0.166667 0.0317821 0.0116959
57 0 1 0 7 228 0 0 0
58 0 1 0 10 210 0 0 0
59 0 1 0 6 238 0 0 0
60 0 1 1 5 237 0.2 0.0290496 0.00826446
61 0 1 3 9 235 0.333333 0.0652328 0.0245902
62 0 1 2 9 249 0.222222 0.0422483 0.0155039
63 0 1 2 12 259 0.166667 0.0358748 0.0147601
64 0 1 5 13 259 0.384615 0.0861685 0.0367647
65 0 1 5 15 240 0.333333 0.0833333 0.0392157
66 0 1 5 15 237 0.333333 0.0838591 0.0396825
67 0 1 3 10 236 0.3 0.061754 0.0243902
68 0 1 2 12 231 0.166667 0.0379869 0.0164609
69 0 1 9 11 249 0.818182 0.171968 0.0692308
70 0 1 6 13 236 0.461538 0.108324 0.0481928
71 0 1 8 11 223 0.727273 0.161526 0.0683761
72 0 1 5 6 218 0.833333 0.13825 0.0446429
73 0 1 6 8 225 0.75 0.141421 0.0515021
74 0 1 5 10 211 0.5 0.10885 0.0452489
75 0 1 6 12 218 0.5 0.117309 0.0521739
76 0 1 5 10 203 0.5 0.110974 0.0469484
77 0 1 7 15 268 0.466667 0.110404 0.04947
78 0 1 3 10 245 0.3 0.0606092 0.0235294
79 0 1 0 3 198 0 0 0
80 0 1 5 8 300 0.625 0.102062 0.0324675
81 0 1 4 7 214 0.571429 0.103348 0.0361991
82 0 1 4 11 292 0.363636 0.0705785 0.0264026
83 0 1 5 12 298 0.416667 0.0836125 0.0322581
84 0 1 5 16 325 0.3125 0.0693375 0.0293255
85 0 1 5 9 292 0.555556 0.0975343 0.0332226
86 0 1 6 13 308 0.461538 0.0948209 0.0373832
87 0 1 6 17 303 0.352941 0.0835998 0.0375
88 0 1 6 10 298 0.6 0.109912 0.038961
89 0 1 7 10 308 0.7 0.126131 0.0440252
90 0 1 9 16 294 0.5625 0.131223 0.0580645
91 0 1 7 16 311 0.4375 0.0992334 0.0428135
92 0 1 8 16 277 0.5 0.120168 0.0546075
93 0 1 10 17 289 0.588235 0.142668 0.0653595
94 0 1 5 13 293 0.384615 0.0810148 0.0326797
95 0 1 4 14 289 0.285714 0.062885 0.0264026
96 0 1 5 12 266 0.416667 0.088499 0.0359712
97 0 1 2 6 109 0.333333 0.0782062 0.0347826
100 0 1 6 8 94 0.75 0.218797 0.117647
101 0 1 2 4 128 0.5 0.0883883 0.030303
102 0 1 0 2 80 0 0 0
103 0 1 5 8 220 0.625 0.119183 0.0438596
104 0 1 3 8 193 0.375 0.076348 0.0298507
105 0 1 4 12 226 0.333333 0.0768095 0.0336134
108 0 1 4 12 138 0.333333 0.0982946 0.0533333
109 0 1 0 6 132 0 0 0
110 0 1 3 10 215 0.3 0.0646997 0.0266667
111 0 1 2 14 193 0.142857 0.0384758 0.0193237
112 0 1 3 16 257 0.1875 0.0467837 0.021978
113 0 1 5 17 230 0.294118 0.0799616 0.0404858
114 0 1 1 8 133 0.125 0.030657 0.0141844
115 0 1 3 14 221 0.214286 0.0539338 0.0255319
116 0 1 1 9 162 0.111111 0.0261891 0.0116959
117 0 1 2 15 231 0.133333 0.0339765 0.0162602
118 0 1 0 4 69 0 0 0
119 0 1 2 6 134 0.333333 0.0705346 0.0285714
120 0 1 3 12 169 0.25 0.0666173 0.0331492
121 0 1 7 14 193 0.5 0.134665 0.0676328
122 0 1 1 10 118 0.1 0.0291111 0.015625
123 0 1 1 13 171 0.0769231 0.0212095 0.0108696
124 0 1 4 17 221 0.235294 0.0652588 0.0336134
125 0 1 2 18 182 0.111111 0.0349428 0.02
126 0 1 2 16 198 0.125 0.0355335 0.0186916
127 0 1 3 23 215 0.130435 0.0426617 0.0252101
128 0 1 5 22 178 0.227273 0.0799003 0.05
129 0 1 3 15 188 0.2 0.0564933 0.0295567
130 0 1 4 13 179 0.307692 0.0829205 0.0416667
131 0 1 4 30 238 0.133333 0.0473381 0.0298507
132 0 1 0 24 179 0 0 0
133 0 1 5 31 210 0.16129 0.0619697 0.0414938
134 0 1 3 20 216 0.15 0.0456435 0.0254237
135 0 1 5 26 215 0.192308 0.066875 0.0414938
136 0 1 4 26 207 0.153846 0.0545241 0.0343348
137 0 1 9 30 222 0.3 0.110282 0.0714286
138 0 1 5 34 217 0.147059 0.0582104 0.0398406
139 0 1 7 30 191 0.233333 0.0924742 0.0633484
140 0 1 8 15 189 0.533333 0.15025 0.0784314
141 0 1 6 20 180 0.3 0.1 0.06
142 0 1 11 34 202 0.323529 0.132733 0.0932203
143 0 1 6 29 186 0.206897 0.0816951 0.055814
144 0 1 4 17 146 0.235294 0.0802896 0.0490798
145 0 1 9 25 186 0.36 0.131982 0.0853081
146 0 1 9 31 208 0.290323 0.11208 0.0753138
147 0 1 12 31 185 0.387097 0.158458 0.111111
148 0 1 10 16 156 0.625 0.20016 0.116279
149 0 1 14 28 159 0.5 0.209822 0.149733
150 0 1 12 33 178 0.363636 0.156572 0.113744
151 0 1 14 32 170 0.4375 0.189814 0.138614
152 0 1 13 39 164 0.333333 0.162551 0.128079
153 0 1 10 32 169 0.3125 0.135982 0.0995025
154 0 1 11 16 152 0.6875 0.223054 0.130952
155 0 1 13 43 194 0.302326 0.142334 0.109705
156 0 1 5 27 170 0.185185 0.0738012 0.0507614
157 0 1 15 40 207 0.375 0.164845 0.121457
158 0 1 5 17 139 0.294118 0.102858 0.0641026
159 0 1 15 39 210 0.384615 0.165748 0.120482
160 0 1 15 27 195 0.555556 0.206725 0.135135
161 0 1 14 41 198 0.341463 0.155383 0.117155
162 0 1 20 37 200 0.540541 0.232495 0.168776
163 0 1 15 36 179 0.416667 0.186859 0.139535
164 0 1 18 39 195 0.461538 0.206406 0.153846
165 0 1 17 46 207 0.369565 0.174215 0.134387
166 0 1 16 47 198 0.340426 0.165859 0.130612
167 0 1 12 43 182 0.27907 0.135647 0.106667
168 0 1 20 39 192 0.512821 0.231125 0.17316
169 0 1 15 47 189 0.319149 0.159152 0.127119
170 0 1 27 45 187 0.6 0.294331 0.232759
171 0 1 15 36 177 0.416667 0.187912 0.140845
172 0 1 12 36 170 0.333333 0.153393 0.116505
173 0 1 12 31 203 0.387097 0.15127 0.102564
174 0 1 17 40 189 0.425 0.195519 0.148472
175 0 1 19 44 191 0.431818 0.207258 0.161702
176 0 1 21 53 198 0.396226 0.204998 0.167331
177 0 1 25 51 189 0.490196 0.254638 0.208333
178 0 1 15 35 174 0.428571 0.192213 0.143541
179 0 1 14 40 184 0.35 0.163188 0.125
180 0 1 20 44 203 0.454545 0.211619 0.161943
181 0 1 5 27 158 0.185185 0.0765525 0.0540541
182 0 1 24 41 192 0.585366 0.270501 0.206009
183 0 1 8 22 152 0.363636 0.138343 0.091954
184 0 1 16 36 195 0.444444 0.190964 0.138528
185 0 1 19 52 212 0.365385 0.180961 0.143939
186 0 1 17 29 163 0.586207 0.247261 0.177083
187 0 1 17 37 178 0.459459 0.209478 0.15814
188 0 1 23 50 211 0.46 0.223924 0.176245
189 0 1 16 29 142 0.551724 0.249331 0.187135
190 0 1 19 38 208 0.5 0.213713 0.154472
191 0 1 23 54 204 0.425926 0.219137 0.178295
192 0 1 20 35 188 0.571429 0.246557 0.179372
193 0 1 23 41 201 0.560976 0.25336 0.190083
194 0 1 19 43 199 0.44186 0.205396 0.157025
195 0 1 31 58 197 0.534483 0.290011 0.243137
196 0 1 7 28 151 0.25 0.107654 0.0782123
197 0 1 16 38 205 0.421053 0.181281 0.131687
198 0 1 4 11 70 0.363636 0.14415 0.0987654
199 0 1 9 24 135 0.375 0.158114 0.113208
200 0 1 18 44 189 0.409091 0.197386 0.154506
201 0 1 20 43 174 0.465116 0.231218 0.184332
202 0 1 15 46 172 0.326087 0.168635 0.137615
203 0 1 23 60 203 0.383333 0.208403 0.174905
204 0 1 20 58 204 0.344828 0.183866 0.152672
205 0 1 15 47 165 0.319149 0.170334 0.141509
206 0 1 3 19 100 0.157895 0.0688247 0.0504202
207 0 1 17 45 179 0.377778 0.189416 0.151786
208 0 1 21 53 180 0.396226 0.215003 0.180258
209 0 1 21 50 180 0.42 0.221359 0.182609
210 0 1 8 22 116 0.363636 0.158362 0.115942
211 0 1 20 45 171 0.444444 0.227995 0.185185
212 0 1 15 54 164 0.277778 0.159394 0.137615
213 0 1 27 45 159 0.6 0.319197 0.264706
214 0 1 6 26 109 0.230769 0.112707 0.0888889
215 0 1 23 42 153 0.547619 0.286918 0.235897
216 0 1 25 51 144 0.490196 0.291725 0.25641
217 0 1 21 39 143 0.538462 0.281202 0.230769
218 0 1 9 23 96 0.391304 0.191533 0.151261
219 0 1 26 53 130 0.490566 0.31323 0.284153
220 0 1 12 37 90 0.324324 0.20795 0.188976
221 0 1 10 26 93 0.384615 0.203363 0.168067
222 0 1 1 8 36 0.125 0.0589256 0.0454545
223 0 1 11 18 98 0.611111 0.261905 0.189655
224 0 1 12 30 81 0.4 0.243432 0.216216
225 0 1 21 45 112 0.466667 0.295804 0.267516
226 0 1 6 22 74 0.272727 0.148704 0.125
227 0 1 14 33 99 0.424242 0.244936 0.212121
228 0 1 18 39 98 0.461538 0.291157 0.262774
229 0 1 12 23 94 0.521739 0.258079 0.205128
230 0 1 8 25 72 0.32 0.188562 0.164948
231 0 1 17 45 98 0.377778 0.255994 0.237762
232 0 1 13 30 105 0.433333 0.231626 0.192593
233 0 1 16 30 111 0.533333 0.277267 0.22695
234 0 1 12 30 98 0.4 0.221313 0.1875
235 0 1 14 32 91 0.4375 0.259437 0.227642
236 0 1 24 42 100 0.571429 0.370328 0.338028
237 0 1 18 32 96 0.5625 0.32476 0.28125
238 0 1 20 40 89 0.5 0.335201 0.310078
239 0 1 13 28 85 0.464286 0.266474 0.230089
240 0 1 20 42 116 0.47619 0.286534 0.253165
241 0 1 15 32 113 0.46875 0.249446 0.206897
242 0 1 11 36 102 0.305556 0.181527 0.15942
243 0 1 17 33 107 0.515152 0.286088 0.242857
244 0 1 20 41 116 0.487805 0.290007 0.254777
245 0 1 7 24 80 0.291667 0.159752 0.134615
246 0 1 15 30 116 0.5 0.254274 0.205479
247 0 1 14 29 113 0.482759 0.244562 0.197183
248 0 1 17 32 123 0.53125 0.27097 0.219355
249 0 1 12 26 100 0.461538 0.235339 0.190476
250 0 1 14 27 117 0.518519 0.249088 0.194444
251 0 1 15 32 97 0.46875 0.269234 0.232558
252 0 1 14 30 107 0.466667 0.247102 0.20438
253 0 1 8 22 92 0.363636 0.177822 0.140351
254 0 1 15 29 99 0.517241 0.279946 0.234375
255 0 1 10 22 75 0.454545 0.246183 0.206186
256 0 1 15 31 105 0.483871 0.262915 0.220588
257 0 1 8 21 111 0.380952 0.165699 0.121212
258 0 1 10 26 99 0.384615 0.197104 0.16
259 0 1 15 29 102 0.517241 0.275799 0.229008
260 0 1 15 31 106 0.483871 0.261672 0.218978
261 0 1 15 24 103 0.625 0.301694 0.23622
262 0 1 14 28 98 0.5 0.267261 0.222222
263 0 1 12 22 98 0.545455 0.258438 0.2
264 0 1 13 29 99 0.448276 0.24262 0.203125
265 0 1 13 23 96 0.565217 0.276658 0.218487
266 0 1 12 21 125 0.571429 0.234216 0.164384
267 0 1 14 31 130 0.451613 0.220534 0.173913
268 0 1 15 30 120 0.5 0.25 0.2
269 0 1 11 30 109 0.366667 0.192362 0.158273
270 0 1 13 30 124 0.433333 0.213143 0.168831
271 0 1 10 28 119 0.357143 0.17324 0.136054
272 0 1 11 25 115 0.44 0.205151 0.157143
273 0 1 10 26 126 0.384615 0.174714 0.131579
274 0 1 10 29 107 0.344828 0.179518 0.147059
275 0 1 9 23 100 0.391304 0.187663 0.146341
276 0 1 11 29 131 0.37931 0.178467 0.1375
277 0 1 8 27 115 0.296296 0.143569 0.112676
278 0 1 8 24 122 0.333333 0.147844 0.109589
279 0 1 5 14 74 0.357143 0.155342 0.113636
280 0 1 14 27 134 0.518519 0.232752 0.173913
281 0 1 12 23 127 0.521739 0.222032 0.16
282 0 1 9 16 119 0.5625 0.206257 0.133333
283 0 1 4 17 108 0.235294 0.093352 0.064
284 0 1 13 20 128 0.65 0.256935 0.175676
285 0 1 21 24 141 0.875 0.360997 0.254545
286 0 1 10 23 114 0.434783 0.195292 0.145985
287 0 1 12 18 130 0.666667 0.248069 0.162162
288 0 1 13 24 151 0.541667 0.215948 0.148571
289 0 1 19 24 151 0.791667 0.315616 0.217143
290 0 1 12 22 125 0.545455 0.228831 0.163265
291 0 1 5 15 111 0.333333 0.122536 0.0793651
292 0 1 7 15 139 0.466667 0.153301 0.0909091
293 0 1 14 21 160 0.666667 0.241523 0.154696
294 0 1 17 23 148 0.73913 0.291376 0.19883
295 0 1 14 24 158 0.583333 0.227349 0.153846
296 0 1 17 21 153 0.809524 0.299912 0.195402
297 0 1 11 23 141 0.478261 0.193161 0.134146
298 0 1 19 22 134 0.863636 0.349937 0.24359
299 0 1 17 22 146 0.772727 0.299958 0.202381
300 0 1 12 21 125 0.571429 0.234216 0.164384
301 0 1 2 9 71 0.222222 0.0791188 0.05
302 0 1 1 5 72 0.2 0.0527046 0.025974
303 0 1 15 15 126 1 0.345033 0.212766
304 0 1 5 14 127 0.357143 0.118578 0.070922
305 0 1 11 19 135 0.578947 0.217195 0.142857
306 0 1 3 10 104 0.3 0.093026 0.0526316
307 0 1 10 15 130 0.666667 0.226455 0.137931
308 0 1 6 14 126 0.428571 0.142857 0.0857143
309 0 1 12 15 150 0.8 0.252982 0.145455
310 0 1 10 17 137 0.588235 0.207212 0.12987
311 0 1 9 16 123 0.5625 0.202876 0.129496
312 0 1 9 16 110 0.5625 0.214529 0.142857
313 0 1 10 17 143 0.588235 0.202818 0.125
314 0 1 10 14 133 0.714286 0.231745 0.136054
315 0 1 12 19 133 0.631579 0.238714 0.157895
316 0 1 11 15 143 0.733333 0.237508 0.139241
317 0 1 11 15 133 0.733333 0.246275 0.148649
318 0 1 11 17 163 0.647059 0.208965 0.122222
319 0 1 8 15 146 0.533333 0.17095 0.0993789
320 0 1 11 20 152 0.55 0.199506 0.127907
321 0 1 10 17 145 0.588235 0.201415 0.123457
322 0 1 7 16 144 0.4375 0.145833 0.0875
323 0 1 11 17 143 0.647059 0.2231 0.1375
324 0 1 14 18 148 0.777778 0.271244 0.168675
325 0 1 14 17 135 0.823529 0.292238 0.184211
326 0 1 10 15 153 0.666667 0.208741 0.119048
327 0 1 14 17 147 0.823529 0.280056 0.170732
328 0 1 12 17 149 0.705882 0.238432 0.144578
329 0 1 11 15 134 0.733333 0.245355 0.147651
330 0 1 10 15 134 0.666667 0.22305 0.134228
331 0 1 10 17 130 0.588235 0.212718 0.136054
332 0 1 13 17 138 0.764706 0.268398 0.167742
333 0 1 11 16 122 0.6875 0.248973 0.15942
334 0 1 10 24 166 0.416667 0.158431 0.105263
335 0 1 11 19 164 0.578947 0.197058 0.120219
336 0 1 1 4 92 0.25 0.0521286 0.0208333
337 0 1 9 15 159 0.6 0.184289 0.103448
338 0 1 5 13 143 0.384615 0.115966 0.0641026
339 0 1 2 14 143 0.142857 0.044699 0.0254777
340 0 1 6 13 152 0.461538 0.134976 0.0727273
341 0 1 8 14 159 0.571429 0.169562 0.0924855
342 0 1 10 15 160 0.666667 0.204124 0.114286
343 0 1 6 16 176 0.375 0.113067 0.0625
344 0 1 11 20 166 0.55 0.190908 0.11828
345 0 1 10 19 148 0.526316 0.188579 0.11976
346 0 1 11 19 171 0.578947 0.192982 0.115789
347 0 1 12 18 173 0.666667 0.215041 0.125654
348 0 1 6 17 150 0.352941 0.118818 0.0718563
349 0 1 3 15 155 0.2 0.0622171 0.0352941
350 0 1 10 17 155 0.588235 0.194809 0.116279
351 0 1 10 16 161 0.625 0.197028 0.112994
352 0 1 7 16 148 0.4375 0.143849 0.0853659
353 0 1 6 14 156 0.428571 0.128388 0.0705882
354 0 1 9 16 154 0.5625 0.18131 0.105882
355 0 1 6 14 157 0.428571 0.127979 0.0701754
356 0 1 6 12 151 0.5 0.140952 0.0736196
357 0 1 8 16 149 0.5 0.163846 0.0969697
358 0 1 7 13 153 0.538462 0.156957 0.0843373
359 0 1 11 15 146 0.733333 0.235056 0.136646
360 0 1 4 11 130 0.363636 0.105777 0.0567376
361 0 1 9 20 186 0.45 0.147561 0.0873786
362 0 1 8 18 183 0.444444 0.139389 0.079602
363 0 1 6 20 175 0.3 0.101419 0.0615385
364 0 1 4 21 163 0.190476 0.0683686 0.0434783
365 0 1 4 17 160 0.235294 0.0766965 0.0451977
366 0 1 14 22 155 0.636364 0.239746 0.158192
367 0 1 6 13 143 0.461538 0.139159 0.0769231
368 0 1 9 21 183 0.428571 0.14518 0.0882353
369 0 1 11 21 195 0.52381 0.171896 0.101852
370 0 1 13 24 198 0.541667 0.188584 0.117117
371 0 1 11 19 202 0.578947 0.177558 0.0995475
372 0 1 10 25 173 0.4 0.152057 0.10101
373 0 1 13 20 195 0.65 0.208167 0.12093
374 0 1 13 24 176 0.541667 0.200024 0.13
375 0 1 16 23 162 0.695652 0.262119 0.172973
376 0 1 13 24 167 0.541667 0.205343 0.136126
377 0 1 18 21 169 0.857143 0.302148 0.189474
378 0 1 7 12 147 0.583333 0.166667 0.0880503
379 0 1 16 21 170 0.761905 0.267785 0.167539
380 0 1 9 16 153 0.5625 0.181902 0.106509
381 0 1 13 18 144 0.722222 0.255344 0.160494
382 0 1 12 18 142 0.666667 0.237356 0.15
383 0 1 18 24 151 0.75 0.299005 0.205714
384 0 1 13 16 143 0.8125 0.271779 0.163522
385 0 1 17 20 161 0.85 0.299586 0.187845
386 0 1 3 13 101 0.230769 0.0827921 0.0526316
387 0 1 12 21 153 0.571429 0.211702 0.137931
388 0 1 9 17 142 0.529412 0.183178 0.113208
389 0 1 6 28 188 0.214286 0.0826977 0.0555556
390 0 1 8 23 164 0.347826 0.130258 0.0855615
391 0 1 3 25 181 0.12 0.0445976 0.0291262
392 0 1 10 23 172 0.434783 0.158991 0.102564
393 0 1 15 23 189 0.652174 0.227508 0.141509
394 0 1 12 22 181 0.545455 0.190165 0.118227
395 0 1 13 25 157 0.52 0.207503 0.142857
396 0 1 14 24 171 0.583333 0.218537 0.14359
397 0 1 15 27 164 0.555556 0.225417 0.157068
398 0 1 14 24 164 0.583333 0.223152 0.148936
399 0 1 12 25 159 0.48 0.190332 0.130435
400 0 1 13 24 153 0.541667 0.214532 0.146893
401 0 1 9 23 150 0.391304 0.153226 0.104046
402 0 1 16 22 178 0.727273 0.255681 0.16
403 0 1 8 23 166 0.347826 0.129471 0.0846561
404 0 1 15 21 164 0.714286 0.255599 0.162162
405 0 1 18 23 177 0.782609 0.282112 0.18
406 0 1 10 24 160 0.416667 0.161374 0.108696
407 0 1 13 24 142 0.541667 0.222686 0.156627
408 0 1 4 15 115 0.266667 0.0963087 0.0615385
409 0 1 15 27 181 0.555556 0.214571 0.144231
410 0 1 6 25 179 0.24 0.0896922 0.0588235
411 0 1 14 27 165 0.518519 0.209751 0.145833
412 0 1 11 26 181 0.423077 0.160349 0.10628
413 0 1 15 28 175 0.535714 0.214286 0.147783
414 0 1 9 26 165 0.346154 0.137409 0.0942408
415 0 1 12 25 165 0.48 0.18684 0.126316
416 0 1 11 24 181 0.458333 0.166897 0.107317
417 0 1 12 25 149 0.48 0.196616 0.137931
418 0 1 2 24 179 0.0833333 0.0305139 0.0197044
419 0 1 6 28 210 0.214286 0.0782461 0.0504202
420 0 1 11 29 195 0.37931 0.146277 0.0982143
421 0 1 15 31 213 0.483871 0.184595 0.122951
422 0 1 12 29 221 0.413793 0.149895 0.096
423 0 1 13 33 213 0.393939 0.155059 0.105691
424 0 1 16 33 224 0.484848 0.186097 0.124514
425 0 1 12 30 215 0.4 0.149417 0.0979592
426 0 1 13 30 212 0.433333 0.16301 0.107438
427 0 1 17 32 233 0.53125 0.196877 0.128302
428 0 1 15 32 225 0.46875 0.176777 0.116732
429 0 1 12 29 215 0.413793 0.151972 0.0983607
430 0 1 12 32 207 0.375 0.147442 0.100418
431 0 1 11 28 217 0.392857 0.141118 0.0897959
432 0 1 15 26 192 0.576923 0.212302 0.137615
433 0 1 12 30 197 0.4 0.156094 0.105727
434 0 1 13 29 189 0.448276 0.175596 0.119266
435 0 1 14 30 207 0.466667 0.177657 0.118143
436 0 1 12 28 206 0.428571 0.158004 0.102564
437 0 1 16 30 182 0.533333 0.216533 0.150943
438 0 1 12 28 203 0.428571 0.159167 0.103896
439 0 1 13 29 205 0.448276 0.168604 0.111111
440 0 1 12 29 189 0.413793 0.162088 0.110092
441 0 1 15 25 193 0.6 0.215945 0.137615
442 0 1 12 25 197 0.48 0.170993 0.108108
443 0 1 14 32 184 0.4375 0.18245 0.12963
444 0 1 16 29 200 0.551724 0.21009 0.139738
445 0 1 14 29 182 0.482759 0.192705 0.132701
446 0 1 5 25 174 0.2 0.0758098 0.0502513
447 0 1 11 25 179 0.44 0.164436 0.107843
448 0 1 7 26 190 0.269231 0.0995943 0.0648148
449 0 1 10 28 184 0.357143 0.13932 0.0943396
450 0 1 14 22 172 0.636364 0.22759 0.14433
451 0 1 12 26 174 0.461538 0.17841 0.12
452 0 1 14 22 199 0.636364 0.211588 0.126697
453 0 1 14 26 184 0.538462 0.20241 0.133333
454 0 1 13 26 173 0.5 0.193836 0.130653
455 0 1 13 27 182 0.481481 0.18545 0.124402
456 0 1 12 27 182 0.444444 0.171184 0.114833
457 0 1 5 22 156 0.227273 0.0853486 0.0561798
458 0 1 8 32 206 0.25 0.0985329 0.0672269
459 0 1 9 31 215 0.290323 0.110241 0.0731707
460 0 1 11 32 206 0.34375 0.135483 0.092437
461 0 1 8 30 201 0.266667 0.103022 0.0692641
462 0 1 12 29 196 0.413793 0.159167 0.106667
463 0 1 12 29 200 0.413793 0.157568 0.104803
464 0 1 12 25 200 0.48 0.169706 0.106667
465 0 1 11 24 207 0.458333 0.156064 0.0952381
466 0 1 19 28 203 0.678571 0.252015 0.164502
467 0 1 16 22 174 0.727273 0.258603 0.163265
468 0 1 13 29 259 0.448276 0.150001 0.0902778
469 0 1 10 25 225 0.4 0.133333 0.08
470 0 1 11 27 233 0.407407 0.138686 0.0846154
471 0 1 9 24 234 0.375 0.120096 0.0697674
472 0 1 12 24 210 0.5 0.169031 0.102564
473 0 1 3 16 157 0.1875 0.0598565 0.0346821

# ---------- Global Summary ----------
# CorrFrames: 441
avg_CorrEdges: 10.1723
avg_match_A: 23.2426
avg_match_B: 170.49
global_RI_MNR: 0.437659
global_RI_GNR: 0.161595
global_RI_DICE: 0.105014

# ---------- Per-Channel Summary ----------
chA: 0 chB: 1 | avgC: 10.1723 avgA: 23.2426 avgB: 170.49 MNR: 0.429393 GNR: 0.162723 DICE: 0.111053
