1341840840.133310 0.085556358 0.026461903 0.003418094 -0.017829547 -0.014253392 -0.004228957 0.999730527
1341840840.169494 0.080877163 0.016162597 0.003620439 -0.020010771 -0.011221603 -0.004089735 0.999728441
1341840840.201335 0.082299344 0.029860673 -0.001367734 -0.014909823 -0.011390277 -0.004319273 0.999814630
1341840840.233363 0.062178809 0.035949044 0.004404866 -0.014481559 -0.008189736 -0.004382986 0.999852002
1341840840.269407 0.065701023 0.026923323 0.007863067 -0.020073682 -0.007695979 -0.002596754 0.999765515
1341840840.294570 0.070126653 0.024164513 0.008490260 -0.019750573 -0.007855156 -0.002082448 0.999771893
1341840840.330394 0.070746735 0.023468660 0.007045299 -0.017778110 -0.007071228 -0.000504982 0.999816835
1341840840.362487 0.069283903 0.029839359 0.002492612 -0.014693096 -0.006782414 0.001647491 0.999867678
1341840840.394382 0.075496674 0.034724206 0.004954200 -0.015695160 -0.010019204 0.003966681 0.999818742
1341840840.430325 0.086544439 0.026757803 0.011516150 -0.018707510 -0.013087154 0.005893722 0.999721944
1341840840.462407 0.084797092 0.033216208 0.007263347 -0.014020185 -0.009762445 0.005259926 0.999840200
1341840840.494502 0.084780864 0.034139387 0.005536192 -0.017146310 -0.008473969 0.005980857 0.999799192
1341840840.530297 0.087084129 0.031870641 0.008160287 -0.019494990 -0.008827241 0.007996452 0.999738991
1341840840.562361 0.092901044 0.032003507 0.008917842 -0.018071814 -0.010525394 0.008627693 0.999744058
1341840840.598321 0.091997333 0.031387858 0.006802073 -0.018722843 -0.009854746 0.009185685 0.999733925
1341840840.630280 0.095174477 0.019408440 0.006969569 -0.022355469 -0.012762177 0.011726768 0.999599814
1341840840.662439 0.101235896 0.033410650 0.006302992 -0.014238908 -0.016145434 0.010718674 0.999710798
1341840840.698371 0.165648013 0.041384079 0.003004713 -0.016515030 -0.025890132 0.012959042 0.999444366
1341840840.730361 0.127882332 0.033046998 0.012268642 -0.015723657 -0.018728431 0.012012727 0.999628782
1341840840.762407 0.166483194 0.023941360 0.000809522 -0.019542346 -0.018624181 0.012650041 0.999555528
1341840840.798303 0.165511623 0.039339069 -0.003011407 -0.012527861 -0.018211257 0.011781084 0.999686301
1341840840.830375 0.179212645 0.037004456 0.002729454 -0.015574336 -0.021382211 0.012965977 0.999565959
1341840840.866393 0.179765448 0.025897790 0.004014355 -0.017625324 -0.017393112 0.011911221 0.999622405
1341840840.898320 0.178106055 0.030981811 -0.002048483 -0.011906726 -0.014324822 0.010256362 0.999773920
1341840840.930454 0.175884292 0.041567173 -0.005866324 -0.009466511 -0.012111128 0.009229337 0.999839246
1341840840.966498 0.189085826 0.038192980 0.001065277 -0.014469806 -0.015053232 0.009411479 0.999737680
1341840840.998398 0.196278200 0.036482554 0.001927424 -0.014492393 -0.014523371 0.009479342 0.999744594
1341840841.034538 0.203218490 0.045668550 0.002333884 -0.011635928 -0.012887761 0.007176647 0.999823511
1341840841.066345 0.207997710 0.053013362 -0.003147575 -0.013181052 -0.006552988 0.005127824 0.999878526
1341840841.098335 0.210789904 0.034628551 -0.000088399 -0.026557287 -0.004778486 0.007602475 0.999606967
1341840841.134331 0.207532719 0.028810225 0.003532778 -0.025407244 -0.004131466 0.007916430 0.999637306
1341840841.166392 0.214774653 0.046745066 -0.000607736 -0.016518550 -0.002885429 0.006726740 0.999836802
1341840841.198348 0.233140558 0.042780969 -0.000514857 -0.021987710 -0.001486170 0.009242248 0.999714434
1341840841.234400 0.235435233 0.022195982 0.001380106 -0.029746179 0.000243198 0.012329577 0.999481380
1341840841.266296 0.236352116 0.023125362 -0.002896048 -0.023371685 -0.000085529 0.012116475 0.999653399
1341840841.302430 0.241683573 0.036920939 -0.006544210 -0.016184507 -0.000778482 0.013001168 0.999784172
1341840841.334542 0.245075971 0.036359005 -0.007467871 -0.017528169 0.000400479 0.015107266 0.999732137
1341840841.366311 0.246872753 0.035587862 -0.008730010 -0.017461563 0.000582155 0.014353695 0.999744356
1341840841.402475 0.247853875 0.030796450 -0.012097504 -0.019327540 0.000834848 0.012891485 0.999729753
1341840841.434345 0.248345867 0.029586257 -0.012917651 -0.020551467 0.001683629 0.012133172 0.999713778
1341840841.466383 0.248945922 0.030220175 -0.014551172 -0.021434402 0.002958848 0.011182726 0.999703348
1341840841.502454 0.248132274 0.031198291 -0.014449132 -0.021007789 0.003838638 0.010490239 0.999716878
1341840841.534696 0.247210532 0.031834990 -0.015190125 -0.019372877 0.004591872 0.010485969 0.999746799
1341840841.570470 0.259040475 0.046495344 -0.016201939 -0.014789241 0.000240103 0.013176771 0.999803782
1341840841.602476 0.268381178 0.044598784 -0.011032191 -0.020235211 -0.002008758 0.013916608 0.999696374
1341840841.634468 0.277747869 0.034480248 -0.006644737 -0.024366559 -0.003336902 0.013656891 0.999604225
1341840841.671032 0.273960233 0.036012083 -0.011808703 -0.021843452 -0.000165997 0.012698861 0.999680758
1341840841.702284 0.275075346 0.036191031 -0.015582976 -0.023112658 -0.001564859 0.014425064 0.999627590
1341840841.734304 0.282104164 0.041611340 -0.011165902 -0.023039684 -0.005103963 0.016601978 0.999583662
1341840841.770351 0.284362733 0.031938098 -0.010087932 -0.027324926 -0.005326665 0.017381476 0.999461293
1341840841.802313 0.309803754 0.025820220 -0.020674873 -0.027731642 -0.008913028 0.020470189 0.999366045
1341840841.838370 0.309305429 0.025026394 -0.021021051 -0.027461940 -0.014247648 0.023713436 0.999239981
1341840841.870881 0.314281404 0.027046310 -0.020357985 -0.023860287 -0.022504831 0.018376516 0.999293029
1341840841.902346 0.329420030 0.051736679 -0.013404438 -0.014885202 -0.027977183 0.015088265 0.999383867
1341840841.938375 0.327249259 0.042168546 -0.012531949 -0.022597404 -0.021753697 0.015041846 0.999394774
1341840841.970352 0.319090337 0.029004514 -0.020086747 -0.028917754 -0.018725811 0.013940961 0.999309123
1341840842.006342 0.322519213 0.043224469 -0.018308384 -0.023710856 -0.023295118 0.011281887 0.999383748
1341840842.038475 0.331183970 0.045886692 -0.011045562 -0.024083024 -0.025160912 0.008962790 0.999353051
1341840842.070419 0.335613161 0.041060083 -0.013150025 -0.025424074 -0.022912463 0.007558710 0.999385536
1341840842.106404 0.327930093 0.039300140 -0.019886214 -0.026745509 -0.018405829 0.005796024 0.999455988
1341840842.138367 0.324439764 0.023378449 -0.021709662 -0.031774763 -0.019383267 0.004522621 0.999296844
1341840842.170410 0.337683409 0.035346758 -0.019846797 -0.022279570 -0.027417652 0.002897014 0.999371588
1341840842.206430 0.311527967 0.043243751 -0.020027839 -0.018089404 -0.023067228 -0.000885888 0.999569833
1341840842.238319 0.343396485 0.040569235 -0.025734305 -0.016348191 -0.025816603 -0.005427212 0.999518275
1341840842.274385 0.343346328 0.037772946 -0.027805552 -0.015228099 -0.022807470 -0.010870126 0.999564767
1341840842.306571 0.349634022 0.038646255 -0.028078675 -0.011742268 -0.022718275 -0.013801538 0.999577641
1341840842.338413 0.346213430 0.042727698 -0.037644617 -0.009352815 -0.020936973 -0.015737969 0.999613166
1341840842.374365 0.350061238 0.028471366 -0.037773594 -0.015322113 -0.024490314 -0.016492113 0.999446571
1341840842.406739 0.352217287 0.032559782 -0.038277037 -0.007096088 -0.028628351 -0.020336827 0.999358058
1341840842.438410 0.393375546 0.076122813 -0.034407701 0.007673208 -0.039738234 -0.022251219 0.998932898
1341840842.474299 0.457065552 0.101659097 -0.011940602 0.006334702 -0.050620452 -0.025974706 0.998360038
1341840842.506377 0.440996438 0.042371079 -0.020597715 -0.013576766 -0.028540965 -0.030254100 0.999042451
1341840842.542388 0.425950795 0.040250815 -0.022674687 0.000907494 -0.010561280 -0.034150511 0.999360502
1341840842.574346 0.418336034 0.039577831 -0.012462050 0.004977275 -0.006459046 -0.037555408 0.999261260
1341840842.606530 0.410290629 0.034163360 -0.049122401 -0.003514237 0.004282945 -0.045819052 0.998934388
1341840842.642329 0.415562004 0.048753891 -0.029172551 -0.006546826 0.009381496 -0.026896087 0.999572754
1341840842.674386 0.383862108 0.032473404 -0.048733890 -0.006405478 0.016706105 -0.029920280 0.999392152
1341840842.706548 0.405468732 0.054893706 -0.046281774 0.001679918 0.005759480 -0.031469654 0.999486685
1341840842.742312 0.464234978 0.079737619 -0.016477020 0.007538832 -0.005360532 -0.028686935 0.999545634
1341840842.774261 0.424152076 0.074079104 -0.024590541 0.010145145 0.003864723 -0.030307265 0.999481678
1341840842.810490 0.420846879 0.043665372 -0.053546492 0.005800543 0.035540760 -0.035826288 0.998709023
1341840842.842296 0.419203222 0.054697949 -0.055900097 0.003695907 0.033135381 -0.035460509 0.998814762
1341840842.874411 0.416590154 0.054714512 -0.047883898 -0.000022062 0.034110490 -0.036199447 0.998762250
1341840842.910377 0.415621310 0.041725915 -0.043376714 -0.000629011 0.037499715 -0.036006019 0.998647511
1341840842.942647 0.420686007 0.042763714 -0.058075458 0.002470826 0.037060153 -0.036436111 0.998645484
1341840842.974535 0.419939280 0.055350535 -0.055541009 0.004420116 0.038890749 -0.041595247 0.998367608
1341840843.010449 0.418803215 0.056486849 -0.047008052 0.005411621 0.045607962 -0.042299740 0.998048782
1341840843.042429 0.418735027 0.054919027 -0.050313056 0.006898087 0.051738035 -0.033421755 0.998077452
1341840843.078385 0.416070372 0.037431415 -0.074475214 0.000088897 0.049092453 -0.030843370 0.998317897
1341840843.110373 0.426333934 0.039958563 -0.067266606 -0.002934272 0.040060777 -0.033838641 0.998619795
1341840843.142285 0.439064473 0.049985755 -0.088335276 -0.001655533 0.039554399 -0.029461553 0.998781621
1341840843.178476 0.467577726 0.049242072 -0.126529247 0.000237963 0.044573981 -0.030324293 0.998545706
1341840843.210589 0.453071922 0.058086384 -0.076499790 0.009372178 0.053601619 -0.031448860 0.998023033
1341840843.246317 0.451259583 0.065499313 -0.059713513 0.008323022 0.047618549 -0.034081753 0.998249292
1341840843.278543 0.457854003 0.076261118 -0.034443919 0.012396508 0.048133891 -0.037967131 0.998042047
1341840843.310587 0.457925230 0.082926825 -0.024888303 0.019831119 0.056943320 -0.034448024 0.997585893
1341840843.346529 0.453950822 0.079114631 -0.053809315 0.019621471 0.059915110 -0.032418281 0.997483969
1341840843.385053 0.460998178 0.086169399 -0.057933427 0.016116589 0.055538151 -0.031842489 0.997818530
1341840843.411509 0.455349535 0.088401243 -0.044277377 0.013375505 0.060022537 -0.031522151 0.997609496
1341840843.447220 0.465978682 0.072743461 -0.046512727 0.008089127 0.059158348 -0.027052825 0.997849166
1341840843.478671 0.465091199 0.075950913 -0.058854450 0.007689950 0.059341062 -0.029806204 0.997763038
1341840843.515039 0.480494678 0.079643764 -0.045210976 0.004534332 0.052960709 -0.031830255 0.998078883
1341840843.548527 0.493635207 0.057666998 -0.034600563 -0.002096874 0.052213449 -0.031940777 0.998122811
1341840843.582569 0.501409054 0.046873704 -0.046164382 -0.001587981 0.052001782 -0.032403905 0.998119831
1341840843.614798 0.476138890 0.077563561 -0.059046958 0.006903359 0.061510962 -0.035103355 0.997465014
1341840843.653429 0.483970046 0.062708370 -0.044023164 -0.002767004 0.056927748 -0.034180772 0.997789145
1341840843.687928 0.494826615 0.048863310 -0.038551308 -0.005398987 0.054320119 -0.034553554 0.997910917
1341840843.720258 0.491620243 0.059472580 -0.045156151 0.000485633 0.057824634 -0.036452066 0.997660875
1341840843.785505 0.485362202 0.062889121 -0.036338843 -0.000148308 0.060664319 -0.036928691 0.997474849
1341840843.814703 0.479311436 0.063142061 -0.038223468 0.002333004 0.064954482 -0.039654266 0.997097254
1341840843.846439 0.467640311 0.064013474 -0.043555267 0.002784211 0.070732296 -0.039564066 0.996706486
1341840843.882429 0.499002486 0.058742382 -0.040311798 0.000193469 0.059359588 -0.036574036 0.997566402
1341840843.914321 0.521874309 0.059012968 -0.030931395 0.000191969 0.053298417 -0.036366213 0.997916162
1341840843.946316 0.525902271 0.057059262 -0.030177947 0.000939449 0.056227703 -0.036850937 0.997737229
1341840843.982401 0.521438420 0.062405232 -0.036990643 0.002221234 0.060707878 -0.036078099 0.997500837
1341840844.014387 0.540992796 0.044816598 -0.034243271 -0.005774966 0.054394290 -0.036347926 0.997841060
1341840844.050399 0.563761413 0.015150758 -0.026100978 -0.013030512 0.047050297 -0.037851080 0.998090088
1341840844.082349 0.560630381 0.015706958 -0.039673969 -0.007431100 0.052611485 -0.041065615 0.997742712
1341840844.114393 0.556786478 0.020061336 -0.045616496 -0.007914299 0.055896886 -0.039577670 0.997620404
1341840844.150523 0.557727039 0.019747991 -0.038135670 -0.008907035 0.055691935 -0.041781209 0.997533619
1341840844.182299 0.556883752 0.022911310 -0.029475398 -0.005431396 0.058602937 -0.044688050 0.997265875
1341840844.218448 0.567421436 0.012160143 -0.030231562 -0.004924878 0.058449604 -0.044838317 0.997270763
1341840844.250566 0.562415004 0.018341107 -0.038323548 0.000109577 0.062510960 -0.045910083 0.996987820
1341840844.282274 0.560505927 0.019227326 -0.046800062 -0.002560713 0.062988289 -0.045185409 0.996987522
1341840844.318322 0.555201054 0.021061199 -0.032534264 -0.002963666 0.062754668 -0.044374753 0.997037590
1341840844.350432 0.580136597 -0.006287056 -0.037741400 -0.007332155 0.052909341 -0.047755808 0.997429788
1341840844.382375 0.586837351 0.009563670 -0.041237973 -0.000839696 0.053244926 -0.050575849 0.997299492
1341840844.418837 0.584186971 0.009300096 -0.035117075 -0.003481666 0.056272227 -0.048710801 0.997220397
1341840844.450418 0.584366202 0.008684409 -0.033004299 -0.001699753 0.053763803 -0.047074210 0.997442007
1341840844.486330 0.585524797 0.009030104 -0.034624785 0.001443169 0.051771179 -0.051782437 0.997314513
1341840844.518335 0.596095324 0.017451886 -0.027613942 0.007013848 0.051787645 -0.054728549 0.997132719
1341840844.550458 0.597679496 0.015447618 -0.035742372 0.005342837 0.055636179 -0.052645944 0.997047901
1341840844.586351 0.597464204 0.014997996 -0.031032085 0.004883777 0.053787425 -0.051078558 0.997233212
1341840844.618382 0.598363459 0.014207701 -0.035341080 0.005283023 0.052040908 -0.053183403 0.997213840
1341840844.650334 0.600941062 0.013830813 -0.032436471 0.003830778 0.051792137 -0.053937789 0.997192919
1341840844.686320 0.599698246 0.014737830 -0.019917667 0.004869821 0.053296961 -0.055767313 0.997008383
1341840844.718495 0.616881788 0.003170556 -0.028283868 0.003343183 0.049483407 -0.057157103 0.997132540
1341840844.757582 0.631494522 -0.001737215 -0.033780016 -0.000154142 0.046267428 -0.055222612 0.997401536
1341840844.791011 0.629472911 -0.007496151 -0.027271157 -0.002616365 0.046423871 -0.055016130 0.997402251
1341840844.818394 0.641310990 -0.013285005 -0.030317895 -0.002883889 0.043770079 -0.055597402 0.997489214
1341840844.854307 0.644872069 -0.015622802 -0.029915946 -0.003764393 0.045436893 -0.054951552 0.997447550
1341840844.888045 0.646220744 -0.014248622 -0.030033235 -0.003256242 0.046417657 -0.053410418 0.997487903
1341840844.918612 0.651389897 -0.009778007 -0.029734548 -0.003682221 0.045208767 -0.052424125 0.997594297
1341840844.954718 0.658690929 -0.016393196 -0.027375702 -0.006781894 0.043994773 -0.052419420 0.997632563
1341840844.986719 0.665989041 -0.016080808 -0.025804605 -0.006181766 0.044119313 -0.052788794 0.997611463
1341840845.022279 0.672242641 -0.019586001 -0.025264814 -0.007126944 0.045331500 -0.051970042 0.997593820
1341840845.054280 0.677272141 -0.022181109 -0.025166560 -0.007128792 0.046926942 -0.050113939 0.997614980
1341840845.086344 0.677609980 -0.013083356 -0.027216516 -0.005121803 0.049143888 -0.048689198 0.997591138
1341840845.123640 0.672701836 -0.020989813 -0.023824982 -0.009029562 0.050300717 -0.050017953 0.997440040
1341840845.154408 0.673428833 -0.024037320 -0.020949919 -0.006289559 0.049578760 -0.053745724 0.997303247
1341840845.186393 0.687656224 -0.010213139 -0.026806682 -0.002265792 0.045854926 -0.050154001 0.997685730
1341840845.222296 0.686009884 -0.023424722 -0.025161773 -0.010727794 0.044590376 -0.047536854 0.997816026
1341840845.254440 0.699878395 -0.037644930 -0.024469679 -0.013591527 0.037696667 -0.049686048 0.997960687
1341840845.290376 0.719114900 -0.030061044 -0.024458565 -0.009907607 0.034005720 -0.051276147 0.998056233
1341840845.322289 0.701675832 -0.029963104 -0.024030797 -0.011189508 0.044012465 -0.052393675 0.997593403
1341840845.354494 0.684124351 -0.035347458 -0.020989232 -0.012594854 0.047548890 -0.052731287 0.997396529
1341840845.390309 0.695562840 -0.037935920 -0.022851894 -0.009202533 0.038617380 -0.054525100 0.997722924
1341840845.422339 0.710457623 -0.040928513 -0.025706468 -0.007325545 0.033059869 -0.057154868 0.997790933
1341840845.458335 0.727151632 -0.013274363 -0.024637554 0.000511497 0.030613448 -0.057809066 0.997858047
1341840845.490264 0.732962251 -0.034289040 -0.021664588 -0.010041228 0.032588124 -0.057953909 0.997736692
1341840845.522343 0.724103689 -0.038835645 -0.020332765 -0.011553494 0.037355203 -0.057217255 0.997595727
1341840845.558310 0.707696378 -0.035484839 -0.020449724 -0.010567563 0.039934475 -0.055325445 0.997613490
1341840845.597232 0.717968583 -0.040327791 -0.022392008 -0.011787411 0.031771798 -0.054099672 0.997960389
1341840845.622577 0.738349736 -0.035390034 -0.021706417 -0.008745608 0.024090573 -0.054031175 0.998210311
1341840845.658634 0.751612961 -0.027307475 -0.021355402 -0.006951464 0.023013968 -0.054493837 0.998224676
1341840845.690353 0.753372431 -0.030933963 -0.020859551 -0.010262795 0.025554124 -0.057041809 0.997991979
1341840845.729069 0.749236643 -0.036545131 -0.020443985 -0.012013348 0.029243998 -0.058409516 0.997792006
1341840845.758375 0.749645352 -0.036796179 -0.022820877 -0.011128598 0.029759286 -0.057405133 0.997845292
1341840845.790466 0.746380270 -0.033784371 -0.021776399 -0.009866375 0.027301293 -0.058582280 0.997860432
1341840845.826375 0.752118289 -0.029156353 -0.022299448 -0.009253599 0.021504907 -0.061251357 0.997847795
1341840845.858782 0.789908350 -0.024372218 -0.019816106 -0.009445387 0.012853830 -0.061946109 0.997952044
1341840845.890417 0.787146449 -0.050613880 -0.022296667 -0.017709171 0.021655813 -0.063144028 0.997612298
1341840845.926383 0.770604670 -0.036874659 -0.025526170 -0.010631884 0.027671915 -0.064264856 0.997492492
1341840845.958390 0.783340335 -0.021421729 -0.026071806 -0.007926975 0.023214202 -0.063992426 0.997648835
1341840845.994269 0.790014565 -0.039520424 -0.024344243 -0.014282887 0.023083737 -0.063780032 0.997594714
1341840846.026558 0.793683350 -0.034862325 -0.027080076 -0.010428529 0.023492033 -0.062716521 0.997700334
1341840846.058807 0.796124041 -0.030841419 -0.029031303 -0.010198442 0.022261888 -0.062295049 0.997757316
1341840846.094265 0.810865045 -0.036809396 -0.027939457 -0.012152720 0.017835118 -0.063426189 0.997753143
1341840846.126378 0.835890412 -0.034062050 -0.026215572 -0.009509861 0.015116735 -0.063219175 0.997839868
1341840846.158446 0.823582947 -0.032448020 -0.029176323 -0.009548486 0.025015261 -0.062737308 0.997670829
1341840846.194427 0.817227721 -0.024008116 -0.029523637 -0.008692368 0.027669566 -0.062263425 0.997638285
1341840846.226385 0.831613302 -0.030891038 -0.028079461 -0.012939038 0.023184162 -0.060869787 0.997792542
1341840846.262497 0.850162983 -0.037887767 -0.028445467 -0.012853298 0.021621486 -0.058344278 0.997979581
1341840846.294419 0.848186731 -0.029240398 -0.030276010 -0.009124213 0.027401293 -0.057048202 0.997953594
1341840846.326478 0.829773188 -0.031608708 -0.030110989 -0.011249502 0.032877892 -0.057876937 0.997718751
1341840846.362426 0.848042428 -0.032135192 -0.030497907 -0.010987808 0.026852639 -0.058293078 0.997877836
1341840846.394323 0.872573793 -0.037069887 -0.033496235 -0.011221341 0.024222476 -0.057320680 0.997998834
1341840846.430454 0.863631368 -0.027459159 -0.034822002 -0.008288528 0.031694964 -0.056528494 0.997863352
1341840846.465291 0.856663465 -0.020777093 -0.033256046 -0.009271209 0.034082681 -0.057376102 0.997727633
1341840846.494473 0.868774533 -0.027443552 -0.031160684 -0.012107382 0.031143801 -0.057520114 0.997785032
1341840846.530439 0.883448839 -0.031532973 -0.033204660 -0.010093698 0.031018516 -0.055045668 0.997950852
1341840846.562569 0.871068954 -0.020600952 -0.036008075 -0.005905356 0.037963815 -0.053366531 0.997835577
1341840846.594486 0.860789835 -0.014024657 -0.037420519 -0.007759604 0.040127404 -0.054242887 0.997690976
1341840846.630509 0.899122357 -0.019388510 -0.035922863 -0.011907475 0.029355178 -0.054438014 0.998014510
1341840846.662363 0.910182059 -0.032928914 -0.037920907 -0.013013979 0.033174697 -0.056211989 0.997782707
1341840846.698323 0.917323709 -0.039554842 -0.034709509 -0.014027745 0.036790032 -0.055582974 0.997677445
1341840846.730390 0.903011739 -0.026412303 -0.035268191 -0.015232058 0.040598534 -0.058827613 0.997325957
1341840846.762470 0.902787030 -0.022307623 -0.035732646 -0.014944332 0.040002372 -0.058357552 0.997381985
1341840846.798363 0.913700998 -0.008600722 -0.038987976 -0.009678348 0.040028807 -0.058670465 0.997427583
1341840846.830356 0.916745245 -0.006914771 -0.035142664 -0.013027254 0.042090282 -0.059511397 0.997254789
1341840846.862350 0.916398525 -0.010470788 -0.034231786 -0.014652885 0.041221820 -0.059833292 0.997249246
1341840846.898489 0.925172389 0.000428650 -0.037045836 -0.011342037 0.040226586 -0.060905419 0.997268140
1341840846.930380 0.938246191 0.014769266 -0.041213069 -0.012495792 0.040597189 -0.061292838 0.997215569
1341840846.966358 0.918001175 -0.008176531 -0.038002916 -0.023248173 0.047690690 -0.061437003 0.996699870
1341840846.998844 0.918127000 -0.000604174 -0.032200608 -0.017540369 0.044433989 -0.062360395 0.996909797
1341840847.030411 0.915213764 -0.001425093 -0.041464295 -0.020547388 0.044496361 -0.062291060 0.996853888
1341840847.066359 0.927463114 -0.001758903 -0.035182405 -0.024262693 0.044293437 -0.062951647 0.996737897
1341840847.098410 0.925378501 -0.004666498 -0.031955551 -0.025295457 0.045321934 -0.062872909 0.996670961
1341840847.130366 0.918956995 -0.009333411 -0.035839334 -0.027257793 0.045729958 -0.063722104 0.996546686
1341840847.166401 0.953128517 0.011172058 -0.034476817 -0.021328378 0.036367901 -0.062812522 0.997134387
1341840847.198307 0.953726232 0.002688617 -0.031340841 -0.024210280 0.038115088 -0.062575474 0.997018218
1341840847.234496 0.953577697 -0.003794240 -0.029721744 -0.021849958 0.036365803 -0.062023755 0.997172594
1341840847.266747 0.950644970 -0.001972008 -0.038692258 -0.020862503 0.034836415 -0.061156280 0.997301877
1341840847.298356 0.953522623 -0.002591297 -0.038236324 -0.023357674 0.035666201 -0.061214577 0.997213662
1341840847.334573 0.955111384 -0.001648360 -0.034780927 -0.022137713 0.037731405 -0.062224161 0.997102976
1341840847.366405 0.954765141 -0.004004315 -0.033801645 -0.020184046 0.036897577 -0.062948152 0.997130215
1341840847.398361 0.973619282 0.004311571 -0.036491856 -0.016200153 0.030564461 -0.064078353 0.997345150
1341840847.434625 0.987150490 0.012866355 -0.035456106 -0.014908870 0.031140549 -0.065830402 0.997233331
1341840847.466370 0.976440310 0.001801382 -0.031092219 -0.019467074 0.038989056 -0.065122098 0.996925294
1341840847.502590 0.967574239 -0.000100384 -0.031697080 -0.018736120 0.041077387 -0.064040199 0.996925473
1341840847.534309 0.954874873 -0.005078530 -0.036716536 -0.022783173 0.043478556 -0.064088531 0.996736288
1341840847.566354 0.988329232 0.001931063 -0.032193959 -0.021228146 0.035077084 -0.063867897 0.997115731
1341840847.603337 0.990685999 -0.005915639 -0.028604109 -0.021986021 0.037246473 -0.063506715 0.997043729
1341840847.634465 0.974555135 -0.003577386 -0.028499495 -0.019889617 0.042618893 -0.064401388 0.996815145
1341840847.670420 0.988630474 0.001460623 -0.030199535 -0.018099088 0.038254071 -0.064485624 0.997020841
1341840847.702420 1.007645130 0.000801259 -0.036273338 -0.020318702 0.036336906 -0.063220792 0.997130811
1341840847.734342 1.009556890 -0.003798843 -0.030410506 -0.023572497 0.039192516 -0.062879391 0.996972620
1341840847.770464 1.002298117 -0.021939665 -0.027472325 -0.027040074 0.041581772 -0.063486345 0.996749341
1341840847.802407 1.006479621 -0.014732944 -0.032727964 -0.021096252 0.039965153 -0.063794464 0.996939301
1341840847.834306 1.014734387 -0.005198072 -0.032643806 -0.019162966 0.039965149 -0.065153033 0.996890485
1341840847.870532 1.021259427 0.001451929 -0.026257876 -0.015626732 0.040422101 -0.064524435 0.996974647
1341840847.902485 1.016932964 -0.004258934 -0.030267235 -0.017623005 0.041039895 -0.062186152 0.997064710
1341840847.938405 1.020388722 -0.017220886 -0.031587414 -0.024245199 0.039012067 -0.062489524 0.996988118
1341840847.970339 1.023392916 -0.028773228 -0.030976463 -0.026074201 0.038166076 -0.063102908 0.996936023
1341840848.002312 1.024803877 -0.023601351 -0.031976301 -0.021750942 0.038069125 -0.063912317 0.996991873
1341840848.038354 1.031006455 -0.023861708 -0.033207070 -0.020451512 0.035148252 -0.064405926 0.997094870
1341840848.070743 1.041214705 -0.022831788 -0.035601676 -0.019253608 0.032575212 -0.064386144 0.997207344
1341840848.102909 1.049698830 -0.018973315 -0.035816651 -0.018094225 0.033049513 -0.064488329 0.997206867
1341840848.138432 1.053838015 -0.011815335 -0.032289162 -0.016764631 0.034414552 -0.064628929 0.997174859
1341840848.170385 1.056338191 -0.025017358 -0.032671887 -0.022028860 0.034208987 -0.063951440 0.997123182
1341840848.206548 1.058447480 -0.031512968 -0.033639248 -0.022471992 0.034886383 -0.062867120 0.997158825
1341840848.238651 1.059960008 -0.028713897 -0.035901431 -0.020140542 0.035525061 -0.061957166 0.997242987
1341840848.277372 1.068426609 -0.024501609 -0.033624489 -0.019523429 0.033631425 -0.062225599 0.997304261
1341840848.313384 1.075412154 -0.027802873 -0.032293856 -0.019836871 0.032316666 -0.062889807 0.997299850
1341840848.345285 1.083807468 -0.029893272 -0.034177825 -0.018687179 0.030912684 -0.062674284 0.997380137
1341840848.377729 1.085879445 -0.024924180 -0.035324838 -0.016758740 0.032321323 -0.062378731 0.997388244
1341840848.413434 1.088766217 -0.028752323 -0.035178419 -0.019253632 0.032778654 -0.062688559 0.997308850
1341840848.446614 1.097517490 -0.030431215 -0.033500344 -0.019146966 0.032458745 -0.061541386 0.997392833
1341840848.477376 1.096726298 -0.028632760 -0.033572495 -0.017341625 0.035043146 -0.059876651 0.997439742
1341840848.514358 1.101628423 -0.021989899 -0.034530409 -0.016662082 0.034262586 -0.059136860 0.997522533
1341840848.545352 1.116326571 -0.039352529 -0.031143524 -0.022944642 0.030608999 -0.059394207 0.997501314
1341840848.581630 1.121498227 -0.047496565 -0.030919343 -0.019694874 0.033719663 -0.060574718 0.997399509
1341840848.613497 1.113754869 -0.030204289 -0.036536232 -0.010754369 0.039140850 -0.057535328 0.997517943
1341840848.645345 1.116556406 -0.025988154 -0.031543180 -0.010922829 0.037385095 -0.055137623 0.997718811
1341840848.681427 1.125242233 -0.020495025 -0.017400742 -0.006401740 0.036100015 -0.057663508 0.997662604
1341840848.713310 1.143329620 -0.021821888 -0.029247664 -0.001520592 0.033110972 -0.057383984 0.997801781
1341840848.745404 1.148103714 -0.032721162 -0.034684047 -0.002719527 0.036476370 -0.053092889 0.997919440
1341840848.774529 1.148144364 -0.021382123 -0.035808261 0.001431629 0.039161943 -0.050539784 0.997952878
1341840848.806548 1.146978021 -0.017200151 -0.032515991 -0.000562643 0.040754836 -0.048453022 0.997993469
1341840848.842443 1.155609965 -0.053731292 -0.031508453 -0.012189955 0.037147719 -0.044326879 0.998251796
1341840848.874427 1.158421278 -0.046665400 -0.034581367 -0.004203096 0.036941364 -0.046234298 0.998238504
1341840848.910589 1.155974627 -0.035455301 -0.038845833 -0.000697477 0.039442167 -0.048868086 0.998025954
1341840848.942390 1.165059566 -0.045785222 -0.034194600 -0.003820985 0.038282759 -0.049318757 0.998041809
1341840848.974342 1.157198071 -0.048118345 -0.027067862 0.003986863 0.042044625 -0.048833992 0.997913659
1341840849.010480 1.158826113 -0.027445443 -0.040054582 0.013195839 0.038207013 -0.048487365 0.998005569
1341840849.042373 1.171993136 -0.035638321 -0.041609626 0.005333530 0.032583416 -0.048963025 0.998254776
1341840849.074269 1.177934527 -0.050960269 -0.037443299 0.001814791 0.033598449 -0.048315864 0.998265207
1341840849.110433 1.173501968 -0.044214353 -0.036339909 0.006785580 0.037219692 -0.048729829 0.998095214
1341840849.142356 1.162095428 -0.039486792 -0.031804256 0.010142685 0.040811945 -0.050355732 0.997845590
1341840849.178427 1.174081206 -0.037409101 -0.039123975 0.011913407 0.034910340 -0.049732845 0.998081148
1341840849.210439 1.183336139 -0.045845717 -0.036783833 0.010469072 0.032092545 -0.047239672 0.998313010
1341840849.242309 1.179174185 -0.059176888 -0.044356126 0.008905063 0.032528955 -0.045479115 0.998395801
1341840849.278391 1.210941315 -0.034763359 -0.050986484 0.016215047 0.024112284 -0.049369060 0.998357832
1341840849.310332 1.235560298 -0.054216180 -0.059607841 0.007161814 0.020169804 -0.048046216 0.998615801
1341840849.342402 1.244469643 -0.076734275 -0.049523525 0.003893689 0.028583806 -0.046395678 0.998506486
1341840849.378339 1.221479535 -0.046701398 -0.045309678 0.019258007 0.042202204 -0.046415016 0.997844517
1341840849.410390 1.223359704 -0.020924428 -0.047637641 0.024838863 0.039720278 -0.043947168 0.997934818
1341840849.446437 1.232560158 -0.048655506 -0.047096655 0.012711657 0.038138736 -0.043302502 0.998252869
1341840849.478425 1.245909333 -0.070224911 -0.055542704 0.010243959 0.039963067 -0.042938896 0.998225570
1341840849.512199 1.255031347 -0.041835159 -0.053239297 0.021079367 0.044237740 -0.043694809 0.997842371
1341840849.546449 1.263363600 -0.022396129 -0.054046936 0.023142291 0.046550967 -0.046235502 0.997576892
1341840849.578498 1.263522625 -0.039193735 -0.049247280 0.012661939 0.051595375 -0.046324357 0.997512698
1341840849.610692 1.254816890 -0.046151340 -0.040452428 0.012051016 0.057332899 -0.040784754 0.997448921
1341840849.646317 1.264587164 -0.027743304 -0.048745044 0.018078430 0.058174316 -0.042473860 0.997238636
1341840849.685647 1.288360357 -0.011867425 -0.048379272 0.017584808 0.052133568 -0.040561337 0.997661114
1341840849.714708 1.291719913 -0.039173745 -0.043706231 0.004449395 0.056262989 -0.039166447 0.997637570
1341840849.746347 1.259035349 -0.039054506 -0.034198642 0.005644114 0.070039593 -0.039272223 0.996754885
1341840849.778359 1.282344222 -0.024902809 -0.040584102 0.008530566 0.064653188 -0.041044749 0.997026861
1341840849.814323 1.289993167 -0.029767917 -0.036216125 0.003664958 0.063551500 -0.040389106 0.997154176
1341840849.846557 1.283028364 -0.042860959 -0.029004619 -0.000243617 0.067184798 -0.041005149 0.996897578
1341840849.882256 1.292666316 -0.038297854 -0.036219195 0.003857469 0.062885672 -0.041134063 0.997165203
1341840849.921575 1.314103246 -0.018223517 -0.045149460 0.008018231 0.056222524 -0.039234407 0.997614861
1341840849.946362 1.309643149 -0.043956209 -0.034422770 -0.004018821 0.060388602 -0.039968371 0.997366309
1341840849.982476 1.306147456 -0.043098409 -0.033264071 0.001100743 0.065144703 -0.042367689 0.996975362
1341840850.014371 1.311205149 -0.018152466 -0.037372246 0.010702315 0.065253131 -0.039654657 0.997023046
1341840850.046326 1.310389757 -0.011244190 -0.034045756 0.007691981 0.063575111 -0.039690875 0.997157812
1341840850.082415 1.324150443 -0.043712933 -0.034603670 -0.005274343 0.057005908 -0.040070914 0.997555435
1341840850.121449 1.329556108 -0.042016856 -0.036878981 -0.000340899 0.058569063 -0.041114595 0.997436285
1341840850.157539 1.327935696 -0.019602504 -0.040240504 0.007178529 0.061240636 -0.040552415 0.997273088
1341840850.189410 1.324372649 -0.023640139 -0.035747498 0.002554614 0.060614083 -0.041381102 0.997299850
1341840850.221491 1.347315907 -0.038765728 -0.038216315 -0.001368051 0.052351620 -0.042224765 0.997734725
1341840850.257570 1.356365204 -0.034605049 -0.043209776 0.003543252 0.052531611 -0.042867266 0.997692466
1341840850.289374 1.355865359 -0.015740708 -0.042655282 0.009607563 0.056092396 -0.043215960 0.997443616
1341840850.314521 1.353414893 -0.011221768 -0.039877161 0.008548513 0.056660447 -0.045295317 0.997328877
1341840850.350348 1.362814903 -0.019507784 -0.043801785 0.003987673 0.054007944 -0.047009815 0.997425318
1341840850.382480 1.367554188 -0.018322963 -0.044033214 0.004454252 0.056480389 -0.047881842 0.997244954
1341840850.418448 1.359314442 -0.011483483 -0.041266292 0.006769113 0.060062084 -0.047597721 0.997036219
1341840850.450229 1.373929977 -0.016552888 -0.044682585 0.005101237 0.053124893 -0.048039351 0.997418642
1341840850.482352 1.411164761 -0.032520939 -0.060690805 0.001284873 0.044645160 -0.049360819 0.997781873
1341840850.518351 1.405000329 -0.010665203 -0.053190388 0.009491478 0.057863332 -0.051699504 0.996939778
1341840850.550287 1.363216996 0.001614420 -0.041858062 0.011781917 0.072792672 -0.052159760 0.995912492
1341840850.582563 1.349751711 -0.008730715 -0.035071865 0.009422292 0.071170077 -0.052176487 0.996054053
1341840850.618439 1.379857659 -0.025896508 -0.051903099 0.009425543 0.055621386 -0.050189614 0.997145116
1341840850.650443 1.406401396 0.003474462 -0.064809181 0.019828564 0.047827441 -0.050024953 0.997405052
1341840850.686406 1.402029634 0.003742323 -0.058353730 0.014438887 0.051518489 -0.048649669 0.997381866
1341840850.718516 1.382440567 -0.021028638 -0.050837137 0.006671387 0.057890922 -0.047776591 0.997156739
1341840850.750308 1.394930363 -0.010190697 -0.058991335 0.013231133 0.052718248 -0.046447597 0.997440875
1341840850.786319 1.406455278 0.001964069 -0.062574826 0.015368973 0.049578320 -0.045388106 0.997619987
1341840850.818316 1.409987926 -0.013201026 -0.060910635 0.007636840 0.050865944 -0.045495585 0.997639477
1341840850.854290 1.417951584 -0.016829729 -0.063356780 0.007462978 0.051313628 -0.045846753 0.997601748
1341840850.886322 1.425216079 -0.000878893 -0.063999824 0.012083517 0.053572375 -0.045014612 0.997475684
1341840850.918358 1.412053227 -0.002214937 -0.055139579 0.008860010 0.061204467 -0.043388583 0.997142375
1341840850.954395 1.407342672 -0.009095310 -0.048672527 0.007889327 0.062557653 -0.043920364 0.997043252
1341840850.986448 1.427175283 -0.004294221 -0.058596328 0.011739368 0.055587269 -0.041237678 0.997532845
1341840851.018447 1.429053187 -0.003450635 -0.058394551 0.010243808 0.057107180 -0.039348297 0.997539759
1341840851.054395 1.422522187 -0.014768524 -0.053047791 0.007040745 0.060042344 -0.039453242 0.997390985
1341840851.086362 1.439242244 -0.010599781 -0.058878034 0.010513462 0.054370582 -0.039091986 0.997699916
1341840851.122353 1.446972728 -0.014707318 -0.059016578 0.009583709 0.054568399 -0.037578195 0.997756660
1341840851.154293 1.446498036 -0.014678823 -0.057197496 0.011293491 0.056456689 -0.035951491 0.997693658
1341840851.186482 1.447014451 -0.010750111 -0.057839803 0.012583064 0.056902736 -0.036937110 0.997616887
1341840851.222499 1.446770191 -0.011632178 -0.052096851 0.012510897 0.059000213 -0.038536448 0.997435391
1341840851.254587 1.446510553 -0.011585080 -0.050659545 0.014914944 0.061458848 -0.039994702 0.997196436
1341840851.286786 1.463373780 -0.010841576 -0.054198653 0.016457980 0.056536961 -0.038452547 0.997524023
1341840851.322525 1.483893514 -0.007281374 -0.056593277 0.017133113 0.049335096 -0.037203271 0.997942090
1341840851.354461 1.483457088 -0.022287523 -0.055618085 0.011744565 0.051608741 -0.040318776 0.997784078
1341840851.390383 1.488555789 -0.022474775 -0.057350866 0.013561700 0.053533044 -0.041609813 0.997606635
1341840851.422373 1.470574498 -0.023433289 -0.049745679 0.013952498 0.062510088 -0.042060122 0.997060061
1341840851.454333 1.466535807 -0.027371753 -0.049852140 0.015937777 0.059941150 -0.040321846 0.997259855
1341840851.490328 1.497792482 -0.025545068 -0.058240920 0.017873636 0.045494922 -0.039141033 0.998037457
1341840851.522431 1.509999633 -0.031712014 -0.058183417 0.016459987 0.044917010 -0.040279943 0.998042643
1341840851.555777 1.504208803 -0.036732420 -0.054614745 0.018900612 0.050985120 -0.041396208 0.997662127
1341840851.590800 1.503489733 -0.018949559 -0.058246166 0.026163124 0.050506786 -0.041357800 0.997523963
1341840851.622401 1.512421370 -0.024920993 -0.056762621 0.021102220 0.047378916 -0.041039392 0.997810483
1341840851.658371 1.525883675 -0.036000647 -0.056351408 0.018784655 0.045965675 -0.039854717 0.997970879
1341840851.690446 1.523615241 -0.037708536 -0.057806067 0.019466516 0.050446101 -0.039861005 0.997741103
1341840851.722387 1.521329045 -0.039861474 -0.055048577 0.019527026 0.052035384 -0.039020319 0.997691572
1341840851.758379 1.529368639 -0.044954207 -0.056137137 0.019614881 0.049641211 -0.039286751 0.997801363
1341840851.790498 1.534375191 -0.049812201 -0.056164213 0.021046290 0.049706507 -0.038248964 0.997809291
1341840851.822502 1.535783768 -0.042425349 -0.058905087 0.026010888 0.049726609 -0.036252350 0.997765720
1341840851.858469 1.551702380 -0.030902699 -0.061037123 0.027626555 0.044875145 -0.035651509 0.997973979
1341840851.890382 1.559080482 -0.055545781 -0.057118192 0.018301042 0.045933917 -0.034743387 0.998172343
1341840851.926297 1.555917978 -0.059529204 -0.057929009 0.022381408 0.050735787 -0.032856960 0.997920573
1341840851.958364 1.551142097 -0.034792971 -0.057722487 0.030743802 0.052432925 -0.030782556 0.997676313
1341840851.990589 1.564369678 -0.045213386 -0.055452473 0.023994463 0.046876259 -0.030356843 0.998150945
1341840852.026374 1.587334275 -0.068958022 -0.059502169 0.017744351 0.043446809 -0.029413391 0.998465002
1341840852.058336 1.582390189 -0.059057482 -0.056592382 0.024336811 0.048847560 -0.026556849 0.998156488
1341840852.094404 1.578078508 -0.050056558 -0.056716055 0.026905043 0.049539302 -0.025339773 0.998088121
1341840852.126392 1.575360060 -0.045941006 -0.055680431 0.025213271 0.050732952 -0.028908664 0.997975349
1341840852.158516 1.610859990 -0.079085462 -0.062345356 0.014635110 0.043256782 -0.026826376 0.998596489
1341840852.194279 1.607602358 -0.071086884 -0.058856711 0.021785118 0.052922148 -0.025455398 0.998036385
1341840852.226380 1.584519744 -0.040923242 -0.049703956 0.030456234 0.061568975 -0.024388105 0.997339964
1341840852.258313 1.591553807 -0.061766893 -0.052460186 0.020040976 0.054315932 -0.023792844 0.998039126
1341840852.294500 1.614140153 -0.086561337 -0.056664973 0.015426575 0.048297077 -0.023756316 0.998431325
1341840852.326311 1.622501254 -0.072815180 -0.060785994 0.023956081 0.051611383 -0.026106650 0.998038471
1341840852.362368 1.618855357 -0.056597844 -0.060893118 0.026333740 0.056931984 -0.026257668 0.997685254
1341840852.394489 1.615936041 -0.072477594 -0.053450868 0.019237705 0.059931256 -0.024664691 0.997712314
1341840852.426307 1.620007515 -0.078250639 -0.054432392 0.020673523 0.061635453 -0.023771226 0.997601449
1341840852.462394 1.626099706 -0.069245592 -0.056711897 0.025678292 0.061748680 -0.020913407 0.997542202
1341840852.494557 1.632344127 -0.059348851 -0.056565449 0.028364757 0.061246905 -0.018518277 0.997547686
1341840852.526348 1.640041471 -0.068023138 -0.056362748 0.023839487 0.061820347 -0.017026551 0.997657299
1341840852.562305 1.637599349 -0.072610475 -0.056439832 0.021493563 0.066218205 -0.016645858 0.997434795
1341840852.594400 1.637691140 -0.070665061 -0.056118503 0.019925108 0.068821348 -0.015423678 0.997310758
1341840852.630345 1.632593393 -0.083415464 -0.050004497 0.016094830 0.071192704 -0.014658934 0.997224987
1341840852.663508 1.644193888 -0.091439433 -0.055088997 0.018287266 0.066943847 -0.014721468 0.997480512
1341840852.694654 1.642228246 -0.069160864 -0.055085182 0.026652751 0.066636920 -0.013915202 0.997324169
1341840852.732477 1.648279071 -0.072496213 -0.054923266 0.022913417 0.062904447 -0.012553892 0.997677505
1341840852.762455 1.659362912 -0.068020195 -0.055209696 0.022547601 0.059394505 -0.012365596 0.997903287
1341840852.794631 1.665110469 -0.069620639 -0.052423254 0.019452915 0.059385121 -0.014072650 0.997946382
1341840852.830583 1.665651321 -0.093919098 -0.050261185 0.012895510 0.062185053 -0.017331088 0.997830808
1341840852.862990 1.661815882 -0.084326953 -0.052426025 0.020789752 0.065658055 -0.019945065 0.997426212
1341840852.898597 1.666817307 -0.055012126 -0.056175649 0.028117606 0.064822786 -0.019187298 0.997316003
1341840852.930367 1.669364333 -0.068329208 -0.052211165 0.017555332 0.063724257 -0.018443160 0.997642696
1341840852.962482 1.665115952 -0.093127131 -0.048923507 0.011138716 0.065240405 -0.019147959 0.997623682
1341840852.998535 1.673536062 -0.078683399 -0.053949773 0.018861987 0.063362695 -0.020913132 0.997593105
1341840853.037588 1.677325368 -0.075443551 -0.055645898 0.018481905 0.063549481 -0.021307409 0.997579992
1341840853.066770 1.674906969 -0.084093586 -0.053310454 0.015986454 0.064726360 -0.021503843 0.997543275
1341840853.098354 1.685186148 -0.079076044 -0.057563722 0.019413605 0.061092734 -0.021869374 0.997703612
1341840853.131999 1.694514155 -0.073675983 -0.059091836 0.020464109 0.059911266 -0.023012241 0.997728586
1341840853.166530 1.690929294 -0.086291865 -0.057417944 0.017216176 0.063016094 -0.025104130 0.997548163
1341840853.198406 1.692889214 -0.077874795 -0.062437445 0.022763044 0.062112194 -0.026998561 0.997444212
1341840853.231726 1.714112043 -0.053007316 -0.066381603 0.027788736 0.055508722 -0.028075626 0.997676492
1341840853.266442 1.722021341 -0.075103760 -0.064808920 0.015937690 0.056920964 -0.030023538 0.997799873
1341840853.298516 1.701989770 -0.094367109 -0.060136557 0.013791401 0.066379011 -0.032253712 0.997177660
1341840853.334385 1.703693390 -0.075687356 -0.067664593 0.024817791 0.064378329 -0.033724159 0.997046709
1341840853.366351 1.722101331 -0.057893120 -0.070528373 0.028115576 0.057749789 -0.033578616 0.997370005
1341840853.398402 1.727141976 -0.077504702 -0.069846436 0.019742861 0.058743734 -0.034176264 0.997492552
1341840853.434335 1.731596112 -0.074966244 -0.072104946 0.021711789 0.059022270 -0.035184212 0.997400165
1341840853.466387 1.727450848 -0.068054125 -0.073714718 0.022868250 0.061042078 -0.037194293 0.997179747
1341840853.498430 1.739865899 -0.074689604 -0.072241396 0.020795079 0.057601944 -0.038544510 0.997378528
1341840853.534407 1.747089505 -0.073770590 -0.074323192 0.022116622 0.058388740 -0.039474990 0.997267962
1341840853.566451 1.742656589 -0.060612589 -0.076642975 0.024742024 0.061444428 -0.039779164 0.997010589
1341840853.602691 1.751975536 -0.052329428 -0.076654226 0.022770165 0.058838326 -0.039861050 0.997211456
1341840853.634832 1.752777576 -0.074571051 -0.073513836 0.012937796 0.060558349 -0.040982500 0.997239053
1341840853.666488 1.754415751 -0.085117653 -0.073642015 0.012905224 0.060327828 -0.042442467 0.997192383
1341840853.702424 1.753434777 -0.061898358 -0.078641117 0.021719657 0.060447313 -0.043397270 0.996990979
1341840853.734353 1.772852540 -0.051114168 -0.077181719 0.021011740 0.053867627 -0.045055032 0.997309804
1341840853.766467 1.777742386 -0.076690212 -0.071875200 0.012373421 0.053065509 -0.046436656 0.997434020
1341840853.802607 1.779523492 -0.069813266 -0.077001370 0.018226376 0.054122008 -0.047093373 0.997256637
1341840853.834576 1.783501983 -0.049207993 -0.078218736 0.022946814 0.054051504 -0.048731223 0.997084320
1341840853.870615 1.791612029 -0.055284183 -0.077271231 0.017686462 0.052492667 -0.050240993 0.997199833
1341840853.902573 1.790383816 -0.059595738 -0.076031275 0.014861264 0.055171598 -0.051394872 0.997042537
1341840853.940152 1.790819526 -0.057889551 -0.077386923 0.015208459 0.055912409 -0.051928736 0.996968389
1341840853.970342 1.800051689 -0.050260834 -0.080060512 0.015977433 0.053160522 -0.053253334 0.997036994
1341840854.002413 1.809780240 -0.060393151 -0.079116628 0.010818954 0.053080682 -0.054916658 0.997020364
1341840854.034566 1.809057593 -0.064057142 -0.078712523 0.011380971 0.057293631 -0.056282453 0.996704698
1341840854.070475 1.807673216 -0.048613135 -0.081384838 0.017141514 0.059633259 -0.056382436 0.996479332
1341840854.102373 1.808130860 -0.046947427 -0.082381517 0.015718861 0.058886316 -0.055656686 0.996587992
1341840854.138343 1.820786834 -0.054794408 -0.082236491 0.012487336 0.054628532 -0.056157839 0.996848047
1341840854.170475 1.833738565 -0.062825471 -0.082675479 0.012447557 0.053455133 -0.056153432 0.996912420
1341840854.202459 1.827040315 -0.051262662 -0.087166496 0.018454168 0.057965074 -0.055290371 0.996615529
1341840854.238384 1.821409225 -0.042905658 -0.087785028 0.019803183 0.057740711 -0.055763513 0.996576250
1341840854.270355 1.832448959 -0.057878211 -0.087120265 0.015934555 0.051984478 -0.055930369 0.996953130
1341840854.306367 1.848649502 -0.055562917 -0.090690367 0.020238848 0.049069509 -0.055816300 0.997029126
1341840854.338540 1.846289039 -0.038714595 -0.091192223 0.026254185 0.053578358 -0.054957002 0.996704459
1341840854.370427 1.831160069 -0.038441475 -0.092248678 0.023804761 0.057472665 -0.053905539 0.996606469
1341840854.406491 1.847266436 -0.043624017 -0.090963848 0.020964086 0.050698888 -0.053358991 0.997067153
1341840854.438402 1.855374217 -0.042512212 -0.092070490 0.021835692 0.049711969 -0.052084416 0.997165561
1341840854.470341 1.846169353 -0.034993514 -0.093201712 0.022549734 0.052385472 -0.051809110 0.997027099
1341840854.506442 1.862383604 -0.038443271 -0.092026941 0.019522196 0.045601435 -0.052979901 0.997362792
1341840854.538722 1.874249220 -0.043430950 -0.093152344 0.017758552 0.045261350 -0.053800687 0.997367322
1341840854.574331 1.871343970 -0.033148810 -0.090797208 0.019466750 0.051033601 -0.054367814 0.997025967
1341840854.606460 1.857703328 -0.043889605 -0.089084484 0.014658006 0.056005426 -0.055771355 0.996763825
1341840854.638476 1.865306020 -0.036711019 -0.090351857 0.017013453 0.052937437 -0.053588346 0.997013748
1341840854.674312 1.876551032 -0.035668325 -0.090263195 0.015083406 0.049910311 -0.052311581 0.997268736
1341840854.706362 1.875479579 -0.042943392 -0.088119835 0.012605473 0.050508235 -0.054187257 0.997172892
1341840854.738328 1.883764267 -0.039234430 -0.088930152 0.014608977 0.048929822 -0.055366438 0.997159481
1341840854.774384 1.880872607 -0.039113883 -0.088117912 0.013850546 0.051738333 -0.055611126 0.997014940
1341840854.806396 1.887882471 -0.039890915 -0.087546065 0.013206077 0.049486246 -0.056409806 0.997093081
1341840854.842383 1.891126752 -0.047202174 -0.086638555 0.010807992 0.049269415 -0.058224805 0.997028351
1341840854.874351 1.887151599 -0.067717351 -0.085387394 0.008113495 0.050461650 -0.058670711 0.996968150
1341840854.906375 1.884566784 -0.052177317 -0.090362228 0.018002348 0.049341008 -0.058462419 0.996906936
1341840854.942414 1.892362714 -0.031596065 -0.091874585 0.022909723 0.043896820 -0.060535040 0.996937156
1341840854.974632 1.910355926 -0.057274379 -0.088732325 0.013182956 0.038173571 -0.062418833 0.997232616
1341840855.006485 1.907138944 -0.065521806 -0.086937636 0.015600230 0.042788222 -0.063921392 0.996915162
1341840855.042409 1.905833125 -0.034918662 -0.093476847 0.026695061 0.043861367 -0.065569296 0.996526062
1341840855.074380 1.929762244 -0.020048153 -0.092274345 0.024266999 0.038561068 -0.067840971 0.996655285
