1341840853.634832 0.091114506 0.019901175 -0.001149200 0.003756116 -0.011998172 -0.025865471 0.999586403
1341840853.666488 0.089180902 0.023849649 -0.002484865 0.010368041 -0.009793615 -0.026476389 0.999547660
1341840853.702424 0.096792676 0.038125377 -0.000603935 0.017229268 -0.014432478 -0.026690621 0.999391079
1341840853.734353 0.094194911 0.034885701 -0.003541287 0.011142842 -0.013908774 -0.029536344 0.999404788
1341840853.766467 0.096640147 0.014405612 -0.000756466 0.001845466 -0.014042691 -0.030877665 0.999422848
1341840853.802607 0.097664855 0.024127169 -0.003492542 0.010184677 -0.012657550 -0.031700157 0.999365330
1341840853.834576 0.096331842 0.034222838 -0.004545958 0.012008780 -0.010896492 -0.033773348 0.999297976
1341840853.870615 0.112200156 0.033901166 -0.001445782 0.008985773 -0.017267568 -0.035170738 0.999191701
1341840853.902573 0.103795625 0.033382781 0.000070655 0.007306261 -0.010906716 -0.036992628 0.999229312
1341840853.940152 0.106722400 0.029101117 -0.000594000 0.005035174 -0.011582782 -0.037686188 0.999209821
1341840853.970342 0.112085640 0.035788354 -0.002234187 0.006266870 -0.013461599 -0.039067656 0.999126196
1341840854.002413 0.120968960 0.028193852 -0.002116689 0.001243530 -0.014637520 -0.041050494 0.999049067
1341840854.034566 0.129398614 0.030253697 0.001222506 0.004254955 -0.014567822 -0.040754396 0.999053895
1341840854.070475 0.123919360 0.038681991 -0.001919806 0.008468807 -0.010026815 -0.041092731 0.999069154
1341840854.102373 0.123688675 0.040227350 -0.001867108 0.007233833 -0.010173082 -0.040323135 0.999108732
1341840854.138343 0.130155131 0.035482511 -0.003030889 0.004347947 -0.013366474 -0.041717514 0.999030590
1341840854.170475 0.139508858 0.024720520 -0.003180664 0.001825097 -0.014604316 -0.042126667 0.999003828
1341840854.202459 0.140484571 0.024885131 -0.004975613 0.003563477 -0.013228511 -0.039908342 0.999109447
1341840854.238384 0.134041026 0.041092161 -0.007449556 0.010061339 -0.011156664 -0.040779561 0.999055207
1341840854.270355 0.125946209 0.058122195 -0.011199838 0.021301707 -0.007650110 -0.041314103 0.998889804
1341840854.306367 0.151613027 0.030451028 -0.008171043 0.009883263 -0.018906508 -0.040923323 0.998934507
1341840854.338540 0.157852009 0.037170000 -0.006513100 0.012873434 -0.018709034 -0.039139986 0.998975635
1341840854.370427 0.141952738 0.047471281 -0.008778155 0.015593420 -0.011592645 -0.038176730 0.999082088
1341840854.406491 0.149852037 0.040429488 -0.008225353 0.011100373 -0.017278360 -0.037894845 0.999070644
1341840854.438402 0.156491011 0.042661186 -0.007019116 0.012425429 -0.018048655 -0.036931079 0.999077499
1341840854.470341 0.152684376 0.044908125 -0.009255382 0.011561249 -0.016917847 -0.036620665 0.999119103
1341840854.506442 0.158744067 0.040530682 -0.007408298 0.007545240 -0.021419037 -0.037832793 0.999026000
1341840854.538722 0.172114164 0.040182915 -0.008464431 0.007329685 -0.023806743 -0.038116101 0.998962820
1341840854.574331 0.163734540 0.047272824 -0.006068119 0.008727109 -0.014967755 -0.039562952 0.999066889
1341840854.606460 0.162268147 0.041810140 -0.004266103 0.005431850 -0.014233107 -0.039611850 0.999099016
1341840854.638476 0.163790122 0.043881793 -0.006299145 0.005999769 -0.015364988 -0.038168952 0.999135137
1341840854.674312 0.168699086 0.040694483 -0.006523588 0.001877597 -0.016891174 -0.038163319 0.999126971
1341840854.706362 0.167747244 0.040851511 -0.003725994 0.002173254 -0.016207192 -0.039846640 0.999072015
1341840854.738328 0.182508364 0.042856455 -0.001404392 0.004081926 -0.022036660 -0.040198512 0.998940349
1341840854.774384 0.181536317 0.042704329 -0.002212273 0.002865611 -0.019037196 -0.040515710 0.998993397
1341840854.806396 0.182338759 0.043496270 -0.000379441 0.003246903 -0.019878462 -0.041504569 0.998935282
1341840854.842383 0.187505707 0.040043719 -0.000385970 0.001562452 -0.020318827 -0.043704111 0.998836637
1341840854.874351 0.177477330 0.028492160 -0.000516668 0.001151763 -0.016624117 -0.044946279 0.998850405
1341840854.906375 0.180705115 0.036832530 -0.002626393 0.009427946 -0.020018764 -0.042859234 0.998836040
1341840854.942414 0.186969817 0.047001645 -0.002669331 0.011770424 -0.026229097 -0.045822401 0.998535812
1341840854.974632 0.191701978 0.054729514 0.003472367 0.014978187 -0.027733590 -0.046900470 0.998402119
1341840855.006485 0.193543211 0.032330520 0.002747045 0.009803647 -0.025101725 -0.049552955 0.998407900
1341840855.042409 0.199546292 0.050036114 -0.000702015 0.019126862 -0.027108619 -0.049547408 0.998220623
1341840855.074380 0.224303305 0.054116867 -0.004104124 0.013032379 -0.036701087 -0.050316066 0.997973680
