1341840840.133310 0.060144313 0.030726088 0.007841742 -0.013435292 -0.010959825 -0.006239317 0.999830246
1341840840.169494 0.070291653 0.017546706 0.002938686 -0.018260872 -0.012256667 -0.004536258 0.999747813
1341840840.201335 0.057000961 0.029876780 0.003739352 -0.012528490 -0.008164921 -0.005696905 0.999871969
1341840840.233363 0.080537051 0.039473772 0.000331638 -0.013638517 -0.014524758 -0.001811148 0.999799848
1341840840.269407 0.068371385 0.030419109 0.007746429 -0.018327635 -0.009141803 -0.002540903 0.999786973
1341840840.294570 0.071121402 0.028731020 0.008183039 -0.017523367 -0.008615714 -0.002336215 0.999806583
1341840840.330394 0.090263806 0.020216487 0.002419964 -0.019728987 -0.013739575 0.001544100 0.999709785
1341840840.362487 0.087426782 0.029500058 -0.002270000 -0.015151974 -0.012683157 0.003288547 0.999799371
1341840840.394382 0.079893582 0.030912571 0.001539498 -0.017343393 -0.012218915 0.005569960 0.999759436
1341840840.430325 0.089030683 0.022328118 0.006820756 -0.020684578 -0.014484126 0.007363175 0.999653995
1341840840.462407 0.083072267 0.037293047 0.005780252 -0.011956914 -0.009178160 0.004682170 0.999875426
1341840840.494502 0.084274143 0.032953773 0.000727057 -0.017265614 -0.008522457 0.006935537 0.999790549
1341840840.530297 0.100821823 0.028825616 0.005270890 -0.020864353 -0.015187149 0.009892820 0.999617994
1341840840.562361 0.103602998 0.027319383 0.004694241 -0.020214118 -0.015445907 0.010355323 0.999622703
1341840840.598321 0.102697060 0.028187489 0.002216633 -0.020144874 -0.014735765 0.011108722 0.999626756
1341840840.630280 0.106879488 0.016878208 0.003449661 -0.023648638 -0.018115934 0.013966965 0.999458611
1341840840.662439 0.112291165 0.030809099 0.001709049 -0.015517732 -0.021239279 0.012391472 0.999577165
1341840840.698371 0.128149807 0.036000691 0.003191474 -0.015077214 -0.024392761 0.013037175 0.999503732
1341840840.730361 0.134951025 0.021951441 0.006535212 -0.020927180 -0.022185218 0.014504192 0.999429584
1341840840.762407 0.121833771 0.023948682 0.003480847 -0.015595493 -0.014230837 0.011645745 0.999709308
1341840840.798303 0.122784600 0.036947474 -0.000263074 -0.009609818 -0.014613410 0.010728103 0.999789476
1341840840.830375 0.138425156 0.028492361 0.002186281 -0.015463611 -0.018617369 0.012470154 0.999629319
1341840840.866393 0.139175966 0.024236048 0.006773223 -0.014391057 -0.014905043 0.011229970 0.999722302
1341840840.898320 0.136070684 0.031807732 0.001710244 -0.007590234 -0.011223194 0.009358652 0.999864399
1341840840.930454 0.139117181 0.037570786 -0.004731299 -0.007503302 -0.011053808 0.009658070 0.999864101
1341840840.966498 0.144620880 0.038777150 0.004335529 -0.010082639 -0.010810114 0.007971077 0.999858916
1341840840.998398 0.150376067 0.038255606 0.005385329 -0.009528787 -0.009689816 0.007543995 0.999879181
1341840841.034538 0.161597565 0.041927692 0.003362335 -0.009263518 -0.009882974 0.006691345 0.999885857
1341840841.066345 0.190237075 0.056442045 0.001417249 -0.008291181 -0.011280120 0.005565837 0.999886513
1341840841.098335 0.186688274 0.034951553 0.001193484 -0.023190977 -0.006397628 0.006728942 0.999687910
1341840841.134331 0.171014607 0.022825023 0.003605615 -0.024511129 -0.003443522 0.007928884 0.999662161
1341840841.166392 0.194054678 0.043641977 0.002291745 -0.014732932 -0.006232726 0.006569623 0.999850452
1341840841.198348 0.194403946 0.042182487 0.001828024 -0.018691028 -0.000251747 0.008028896 0.999793053
1341840841.234400 0.197735697 0.021437950 0.001055362 -0.027266825 0.001279125 0.011915820 0.999556363
1341840841.266296 0.200196207 0.021573190 -0.002432736 -0.021012556 0.000169144 0.011517887 0.999712825
1341840841.302430 0.206512585 0.034362372 -0.004807012 -0.014158536 -0.001120473 0.012933025 0.999815464
1341840841.334542 0.207867339 0.034520086 -0.006305164 -0.015007539 0.000958269 0.014200477 0.999786079
1341840841.366311 0.209940910 0.032065060 -0.007620210 -0.015881661 0.001184057 0.013890459 0.999776661
1341840841.402475 0.208479762 0.032746818 -0.010320671 -0.015234713 0.002302767 0.012226266 0.999806523
1341840841.434345 0.214385808 0.037827831 -0.008634730 -0.013622655 0.000248754 0.012211421 0.999832630
1341840841.466383 0.235125467 0.038764048 -0.009346893 -0.014712688 -0.004668376 0.011485039 0.999814868
1341840841.502454 0.240261838 0.032178711 -0.009602383 -0.018063003 -0.006479314 0.011694896 0.999747455
1341840841.534696 0.243351877 0.031291228 -0.009069951 -0.017349448 -0.007563019 0.012346177 0.999744654
1341840841.570470 0.245058551 0.045866016 -0.012833061 -0.012185447 -0.007050568 0.013046882 0.999815762
1341840841.602476 0.232863799 0.043466218 -0.009014176 -0.017303638 -0.002401767 0.012777162 0.999765754
1341840841.634468 0.260187805 0.033306047 -0.004587635 -0.022023231 -0.009149513 0.013153698 0.999629080
1341840841.671032 0.252441257 0.034228578 -0.011045409 -0.019804819 -0.003923350 0.012117567 0.999722719
1341840841.702284 0.251809806 0.038336735 -0.013284396 -0.019015402 -0.004892392 0.013584213 0.999714911
1341840841.734304 0.259177953 0.042920463 -0.009732098 -0.019311214 -0.008349490 0.014841065 0.999668479
1341840841.770351 0.263713837 0.032944892 -0.007864966 -0.023901112 -0.009732531 0.016584184 0.999529362
1341840841.802313 0.256469250 0.028369989 -0.014502398 -0.025061226 -0.008172333 0.019457472 0.999463141
1341840841.838370 0.256336778 0.022868618 -0.016743237 -0.026751878 -0.013140050 0.022284601 0.999307334
1341840841.870881 0.264985591 0.032730751 -0.012811207 -0.019590927 -0.023504715 0.017438933 0.999379635
1341840841.902346 0.285736799 0.057226267 -0.005840804 -0.010973492 -0.030644106 0.013943777 0.999372840
1341840841.938375 0.281562835 0.046135232 -0.005695451 -0.019700956 -0.023491247 0.014325190 0.999427259
1341840841.970352 0.271196723 0.034177646 -0.014259564 -0.025630763 -0.019354548 0.012949084 0.999400198
1341840842.006342 0.276326686 0.046123441 -0.012019731 -0.021286191 -0.024621518 0.010151562 0.999418676
1341840842.038475 0.290537864 0.047772307 -0.003102885 -0.022180749 -0.029292112 0.008322204 0.999290109
1341840842.070419 0.289305001 0.043404702 -0.006834354 -0.023268426 -0.024412526 0.006730231 0.999408484
1341840842.106404 0.275141001 0.042245563 -0.013730835 -0.023707816 -0.018085046 0.005109854 0.999542296
1341840842.138367 0.284148604 0.028177515 -0.013579604 -0.028812734 -0.023603864 0.004633042 0.999295354
1341840842.170410 0.294527143 0.036823630 -0.013843408 -0.020610051 -0.030237259 0.001948239 0.999328315
1341840842.206430 0.292001009 0.042765237 -0.016344735 -0.015296786 -0.028545594 -0.001205637 0.999474764
1341840842.238319 0.300758600 0.044957455 -0.017929891 -0.013500719 -0.029033178 -0.005594166 0.999471605
1341840842.274385 0.310143679 0.041433901 -0.016999435 -0.012807195 -0.030257970 -0.010549267 0.999404430
1341840842.306571 0.305709630 0.040620849 -0.021893771 -0.009840286 -0.025107559 -0.014619506 0.999529421
1341840842.338413 0.299959511 0.045734562 -0.031240195 -0.006992024 -0.022288581 -0.016450869 0.999591768
1341840842.374365 0.305364221 0.032104939 -0.031085338 -0.012786834 -0.026653402 -0.017827762 0.999403954
1341840842.406739 0.303337395 0.030738844 -0.031121299 -0.007139398 -0.029024862 -0.021089083 0.999330699
1341840842.438410 0.321228623 0.065362588 -0.032634396 0.007112756 -0.033915397 -0.024907153 0.999088943
1341840842.474299 0.349630237 0.082629822 -0.016071541 0.004640200 -0.035337649 -0.029226944 0.998937190
1341840842.542388 0.336172819 0.025350709 -0.024206107 -0.002669982 -0.004197704 -0.035290435 0.999364734
1341840842.574346 0.323064178 0.062180810 -0.037151229 0.014206882 0.005874077 -0.039277270 0.999110103
1341840842.606530 0.353937536 0.069197915 -0.028474603 0.008592863 -0.000362862 -0.033810589 0.999391258
1341840842.642329 0.344493091 0.031804677 -0.028855279 -0.009835774 0.011118340 -0.030803410 0.999415219
1341840842.674386 0.325056553 0.034045331 -0.041025024 -0.003875527 0.018529339 -0.031973872 0.999309421
1341840842.706548 0.339678913 0.062542886 -0.036976773 0.007627724 0.009987701 -0.034607589 0.999321938
1341840842.810490 0.347867072 0.049928691 -0.040504452 0.011329198 0.038000461 -0.037238944 0.998519361
1341840842.842296 0.345386565 0.067055613 -0.044006675 0.013489866 0.036176696 -0.036096342 0.998602211
1341840842.874411 0.367644638 0.059361264 -0.031150151 0.005714903 0.025562905 -0.033463381 0.999096632
1341840842.910377 0.370027065 0.034631770 -0.032177705 -0.001354221 0.027979936 -0.033907674 0.999032319
1341840842.942647 0.358992577 0.051010534 -0.043955319 0.008700876 0.034717247 -0.035964448 0.998712003
1341840842.974535 0.375199586 0.057727311 -0.040813461 0.009269804 0.028282359 -0.037610833 0.998849154
1341840843.010449 0.399464637 0.040721670 -0.033887397 0.001861320 0.023459215 -0.035034131 0.999109030
1341840843.042429 0.377134919 0.041629594 -0.040076200 0.005052949 0.039600577 -0.031357799 0.998710692
1341840843.078385 0.353898048 0.056571268 -0.053553667 0.010037528 0.046902467 -0.028780244 0.998434305
1341840843.110373 0.377092034 0.060556885 -0.043798909 0.007977687 0.031766612 -0.029464209 0.999029040
1341840843.142285 0.410654247 0.043920685 -0.042491794 0.001782496 0.022279926 -0.031160699 0.999264419
1341840843.178476 0.420453906 0.037184034 -0.033232354 0.004608392 0.031052809 -0.030117789 0.999053240
1341840843.210589 0.391262144 0.053647537 -0.046287619 0.011141341 0.047602799 -0.028720831 0.998391151
1341840843.246317 0.361618102 0.057012428 -0.071657322 0.007157292 0.054962654 -0.031301238 0.997972012
1341840843.278543 0.420291513 0.051780891 -0.034415580 0.007236472 0.031633865 -0.033535436 0.998910606
1341840843.310587 0.415059149 0.050072242 -0.031149382 0.011439343 0.042557191 -0.030873995 0.998551428
1341840843.346529 0.393962145 0.055035807 -0.047434401 0.014974743 0.053604867 -0.032510463 0.997920513
1341840843.385053 0.397796512 0.073736325 -0.048486661 0.016941428 0.051425364 -0.032793883 0.997994483
1341840843.411509 0.420585066 0.055459931 -0.037051883 0.004849876 0.043372504 -0.028826144 0.998631239
1341840843.447220 0.411672622 0.048888076 -0.039837610 0.003497143 0.049406614 -0.026406381 0.998423517
1341840843.478671 0.402574241 0.065096259 -0.047712479 0.008371765 0.054182485 -0.029045422 0.998073399
1341840843.515039 0.425148129 0.064077362 -0.035275511 0.003476905 0.043582760 -0.030177686 0.998587906
1341840843.548527 0.429890692 0.044422537 -0.025879141 -0.003445355 0.045158084 -0.031894170 0.998464644
1341840843.582569 0.422410995 0.049339622 -0.035549264 0.003272054 0.051506132 -0.032849267 0.998126924
1341840843.614798 0.415405363 0.066134006 -0.042533573 0.007413388 0.054235283 -0.033715639 0.997931302
1341840843.653429 0.427343726 0.053627785 -0.032928724 -0.002387336 0.047737107 -0.031943679 0.998346150
1341840843.687928 0.438842595 0.046259046 -0.025861636 -0.003072567 0.043982677 -0.031476777 0.998531580
1341840843.720258 0.431894034 0.051275894 -0.033628885 0.001225369 0.049330264 -0.034134150 0.998198330
1341840843.785505 0.430225551 0.045530364 -0.030571405 -0.002902906 0.050925337 -0.035628799 0.998062551
1341840843.814703 0.442320645 0.045315191 -0.027367763 -0.001277707 0.046962041 -0.034325931 0.998305917
1341840843.846439 0.438041061 0.042133644 -0.032608353 -0.002368117 0.050403610 -0.034192540 0.998140633
1341840843.882429 0.446052045 0.049438607 -0.028487228 0.000128061 0.047371812 -0.033172540 0.998326361
1341840843.914321 0.456527889 0.048118349 -0.022788387 -0.000171157 0.045269933 -0.035442527 0.998345852
1341840843.946316 0.455915570 0.044875961 -0.021266483 -0.000176294 0.050062772 -0.036177870 0.998090565
1341840843.982401 0.453340590 0.049402431 -0.028911522 0.001352538 0.054034203 -0.035478082 0.997907698
1341840844.014387 0.457997978 0.044007026 -0.027478607 -0.002893386 0.053005680 -0.036451656 0.997924447
1341840844.050399 0.475164324 0.020857967 -0.019374203 -0.009474494 0.046505224 -0.037927419 0.998152792
1341840844.082349 0.467818439 0.031071454 -0.028763484 0.000471199 0.054111306 -0.041173741 0.997685552
1341840844.114393 0.461783230 0.041794423 -0.030400502 0.003077530 0.058616258 -0.039747834 0.997484207
1341840844.150523 0.474061430 0.037917219 -0.023888839 0.000047539 0.053048380 -0.040109072 0.997786105
1341840844.182299 0.485378593 0.028679008 -0.018917922 -0.001745356 0.050891023 -0.041614324 0.997835338
1341840844.218448 0.492061257 0.020170305 -0.019168828 -0.001116625 0.051473331 -0.042474471 0.997770131
1341840844.250566 0.480720699 0.026874904 -0.027627243 0.004525413 0.058587685 -0.044380195 0.997285008
1341840844.282274 0.484752893 0.029922441 -0.030537326 0.003100778 0.056706045 -0.042886138 0.997464597
1341840844.318322 0.493830204 0.014591748 -0.022496220 -0.004562237 0.050574917 -0.041630793 0.997841775
1341840844.350432 0.493941218 0.014421760 -0.023713272 0.000930295 0.049732272 -0.046515349 0.997678399
1341840844.382375 0.510592461 0.022628915 -0.027257936 0.005188750 0.045623351 -0.047696076 0.997805893
1341840844.418837 0.502521515 0.017923178 -0.025132481 0.000943558 0.051409286 -0.047504101 0.997546792
1341840844.450418 0.504873276 -0.001716574 -0.026589474 -0.005434022 0.047799777 -0.046965890 0.997737348
1341840844.486330 0.512402833 0.009176975 -0.024189608 0.002246481 0.042653352 -0.049899429 0.997840524
1341840844.518335 0.532554209 0.010626454 -0.020335015 0.005052993 0.037900940 -0.050984528 0.997967184
1341840844.550458 0.523151040 0.010170754 -0.025553280 0.004101343 0.046145607 -0.051308278 0.997607708
1341840844.586351 0.516295433 0.003419640 -0.024173006 0.001245268 0.047126781 -0.050996508 0.997585475
1341840844.618382 0.526259780 0.006524338 -0.024797380 0.002854357 0.041271348 -0.050445244 0.997869611
1341840844.650334 0.536033750 0.011274151 -0.021262800 0.003214286 0.037677038 -0.050258920 0.998020113
1341840844.686320 0.538192391 0.003180373 -0.015801599 0.000751811 0.037942033 -0.052290659 0.997910559
1341840844.718495 0.544905365 0.000536814 -0.018244177 0.002231113 0.037378956 -0.053611089 0.997859538
1341840844.757582 0.539929032 0.010088569 -0.020918546 0.004434348 0.041437097 -0.053717434 0.997686207
1341840844.791011 0.543821812 -0.004123116 -0.016810251 -0.001842843 0.039106186 -0.053426538 0.997804046
1341840844.818394 0.551389992 0.001698422 -0.016357999 0.002545919 0.037160184 -0.054113656 0.997839808
1341840844.854307 0.560398936 -0.005229277 -0.014285037 -0.000471971 0.036029313 -0.052967876 0.997945905
1341840844.888045 0.547972381 -0.008302952 -0.023806501 -0.001178381 0.043893252 -0.054347031 0.997556210
1341840844.918612 0.565959275 -0.011903925 -0.022677643 -0.005078104 0.036842942 -0.051532201 0.997978568
1341840844.954718 0.570524573 -0.011771498 -0.018776376 -0.005554508 0.035963684 -0.052030716 0.997982264
1341840844.986719 0.573540270 -0.015451694 -0.019292241 -0.006580547 0.037755921 -0.052864105 0.997865975
1341840845.022279 0.578224480 -0.016478399 -0.017720047 -0.006923171 0.039017107 -0.051664338 0.997878015
1341840845.054280 0.580811381 -0.015418284 -0.018229337 -0.005573496 0.041888289 -0.049446601 0.997882426
1341840845.086344 0.583127499 -0.007800689 -0.020145008 -0.003718425 0.043496374 -0.046645109 0.997957170
1341840845.123640 0.583258033 -0.019153286 -0.017765023 -0.009336166 0.042762510 -0.049248528 0.997827053
1341840845.154408 0.587079585 -0.027578738 -0.017508755 -0.009016255 0.040626604 -0.052739181 0.997740805
1341840845.186393 0.593269229 -0.005190026 -0.019436022 -0.000717758 0.039355293 -0.048419666 0.998051167
1341840845.222296 0.585931897 -0.011206691 -0.017216273 -0.007088139 0.040570550 -0.045976341 0.998093128
1341840845.254440 0.592826784 -0.021194180 -0.015611187 -0.009354521 0.035395317 -0.048404157 0.998156667
1341840845.290376 0.607580066 -0.013950272 -0.014791528 -0.004955478 0.032192811 -0.051105771 0.998161912
1341840845.322289 0.601726949 -0.015819483 -0.014964361 -0.007245667 0.038707800 -0.050408680 0.997951984
1341840845.354494 0.588793993 -0.027745113 -0.015957832 -0.011592850 0.041734353 -0.050849210 0.997766614
1341840845.390309 0.594253540 -0.031854950 -0.015099199 -0.009127304 0.034289863 -0.053594794 0.997932136
1341840845.422339 0.607514322 -0.023089351 -0.015757477 -0.002427417 0.027862139 -0.056534462 0.998008847
1341840845.458335 0.624793112 -0.012802062 -0.017492872 0.000066446 0.024662251 -0.056250952 0.998112023
1341840845.490264 0.621621430 -0.020263789 -0.014241463 -0.006410057 0.030031981 -0.056829210 0.997911513
1341840845.522343 0.610611141 -0.025124796 -0.013918279 -0.008380231 0.036179695 -0.056599043 0.997706056
1341840845.558310 0.603179812 -0.023139782 -0.014490349 -0.007459147 0.036426667 -0.054686226 0.997811019
1341840845.597232 0.609736443 -0.024000607 -0.014623057 -0.007287343 0.028960323 -0.053468291 0.998122931
1341840845.622577 0.625071824 -0.021212719 -0.014454281 -0.005072688 0.021696588 -0.052932780 0.998349488
1341840845.658634 0.640705705 -0.015463258 -0.013497522 -0.003590209 0.018863538 -0.053362869 0.998390555
1341840845.690353 0.641792178 -0.015411769 -0.012401679 -0.005798027 0.021619758 -0.055240039 0.998222172
1341840845.729069 0.641524434 -0.020692652 -0.011350505 -0.007792823 0.023938429 -0.056725875 0.998072326
1341840845.758375 0.641015768 -0.022109155 -0.014556896 -0.007189160 0.024978444 -0.056128472 0.998085141
1341840845.790466 0.631459892 -0.020379331 -0.014926335 -0.006823961 0.025324563 -0.056523912 0.998056710
1341840845.826375 0.648244917 -0.013968100 -0.016409149 -0.004833454 0.014829858 -0.058886293 0.998142838
1341840845.858782 0.668722808 -0.007011829 -0.008322405 -0.003697821 0.010266015 -0.060444180 0.998111904
1341840845.890417 0.663796067 -0.026664723 -0.010973034 -0.010964785 0.019909047 -0.062156249 0.997807562
1341840845.926383 0.659347892 -0.019720051 -0.017681595 -0.005689210 0.022483932 -0.062797643 0.997756779
1341840845.958390 0.670747995 -0.009670678 -0.016881630 -0.004188370 0.017735438 -0.062991716 0.997847676
1341840845.994269 0.671946466 -0.023154967 -0.014392277 -0.010285560 0.019105863 -0.062403027 0.997815132
1341840846.026558 0.676803529 -0.020910814 -0.016611781 -0.006952350 0.018874334 -0.061349031 0.997913718
1341840846.058807 0.677855015 -0.022045709 -0.020156849 -0.008633323 0.018086847 -0.061647549 0.997896731
1341840846.094265 0.689011276 -0.021832172 -0.017973315 -0.008219780 0.013907839 -0.062830612 0.997893453
1341840846.126378 0.704454064 -0.016221400 -0.013581861 -0.004044494 0.013217456 -0.063411132 0.997891784
1341840846.158446 0.701451004 -0.019496284 -0.017722003 -0.005930187 0.020543076 -0.062257126 0.997831106
1341840846.194427 0.693515241 -0.012835331 -0.018629652 -0.005573516 0.024294382 -0.061345026 0.997805357
1341840846.226385 0.703500390 -0.018108463 -0.017561857 -0.009684332 0.020358846 -0.060352169 0.997922540
1341840846.262497 0.718621433 -0.024180178 -0.017254079 -0.009583355 0.018943196 -0.058019914 0.998089671
1341840846.294419 0.717455387 -0.016865846 -0.019497233 -0.005790974 0.024737438 -0.056839459 0.998060048
1341840846.326478 0.710379541 -0.018483695 -0.020522065 -0.007840271 0.026967295 -0.056831550 0.997988701
1341840846.362426 0.726763070 -0.019478275 -0.019328339 -0.007757864 0.020281736 -0.057295311 0.998121083
1341840846.394323 0.742778897 -0.020629270 -0.018612470 -0.006859454 0.018817827 -0.056773432 0.998186171
1341840846.430454 0.735161960 -0.011353334 -0.020341920 -0.003218641 0.026732514 -0.055938840 0.998071074
1341840846.465291 0.732451320 -0.010316578 -0.021319877 -0.006165259 0.028256835 -0.056404810 0.997988999
1341840846.494473 0.742567241 -0.018921483 -0.020611335 -0.010383938 0.025204703 -0.056871880 0.998009264
1341840846.530439 0.750584483 -0.019594893 -0.020512134 -0.007176186 0.026696416 -0.054674268 0.998121500
1341840846.562569 0.741856515 -0.010240745 -0.021762675 -0.002557413 0.033097032 -0.052313969 0.998078823
1341840846.594486 0.743667006 -0.001636704 -0.025261605 -0.003206624 0.031412229 -0.053201258 0.998084486
1341840846.630509 0.761120796 -0.008242704 -0.024671961 -0.008799641 0.026084928 -0.054504771 0.998133957
1341840846.662363 0.789016902 -0.022076454 -0.021339137 -0.010713024 0.022374466 -0.054273788 0.998217881
1341840846.698323 0.765014410 -0.002106375 -0.023374472 -0.000415729 0.038793433 -0.057304222 0.997602701
1341840846.730390 0.753876030 0.007599236 -0.024490777 -0.001826750 0.042587165 -0.058846001 0.997356594
1341840846.762470 0.763710141 -0.005239505 -0.024339717 -0.009297076 0.037253622 -0.058360741 0.997556925
1341840846.798363 0.782593369 0.003960499 -0.024120418 -0.004498387 0.033115827 -0.058495302 0.997728169
1341840846.830356 0.774611712 0.010908715 -0.020180099 -0.005752857 0.039443485 -0.059693448 0.997420609
1341840846.862350 0.774091125 0.000941128 -0.023083858 -0.010665609 0.038832668 -0.059606645 0.997409284
1341840846.898489 0.785807073 0.012109386 -0.022178449 -0.006001237 0.035719790 -0.061197117 0.997468293
1341840846.930380 0.795663297 0.027208906 -0.021293171 -0.005523968 0.036302898 -0.062061790 0.997396588
1341840846.966358 0.781834304 0.006376704 -0.020713337 -0.017220996 0.042128954 -0.060672060 0.997119606
1341840846.998844 0.784734786 0.007883837 -0.019456770 -0.013785654 0.038454361 -0.062051430 0.997236609
1341840847.030411 0.798177242 0.021263972 -0.021097217 -0.010201508 0.033059984 -0.063227557 0.997399271
1341840847.066359 0.801997781 0.017700043 -0.019535605 -0.015309935 0.034731649 -0.063091859 0.997285664
1341840847.098410 0.791659713 0.010502853 -0.017914508 -0.018813003 0.039183356 -0.063440450 0.997038662
1341840847.130366 0.796429932 0.015320973 -0.019103725 -0.016491979 0.035968836 -0.064194828 0.997152567
1341840847.166401 0.806947351 0.020752886 -0.019250169 -0.016152322 0.033122033 -0.063076980 0.997328103
1341840847.198307 0.802750766 0.005926449 -0.019584075 -0.022691200 0.036491215 -0.062120732 0.997143209
1341840847.234496 0.796601951 0.004116415 -0.020742897 -0.019257260 0.037453655 -0.062443927 0.997159541
1341840847.266747 0.805322409 0.020726014 -0.021468107 -0.011030887 0.032071985 -0.062449925 0.997471690
1341840847.298356 0.820525885 0.018676862 -0.020024722 -0.014053505 0.027646862 -0.062152781 0.997584701
1341840847.334573 0.813669920 0.009281776 -0.020283826 -0.017330108 0.032332420 -0.062125221 0.997393966
1341840847.366405 0.810757399 0.007503158 -0.019582439 -0.015410689 0.032622587 -0.062569343 0.997388244
1341840847.398361 0.816928208 0.012493303 -0.022277270 -0.012445153 0.029865233 -0.064747259 0.997377038
1341840847.434625 0.835091412 0.020672988 -0.021199998 -0.010462455 0.027399234 -0.065928988 0.997393191
1341840847.466370 0.823247552 0.010246886 -0.017962188 -0.015687002 0.036836293 -0.065112643 0.997074366
1341840847.502590 0.813251495 0.009410096 -0.018296741 -0.014816260 0.039891656 -0.064194210 0.997029662
1341840847.534309 0.824357867 0.018443268 -0.017701846 -0.012280099 0.034412097 -0.064514458 0.997247636
1341840847.566354 0.833761811 0.011882042 -0.018776841 -0.016901409 0.032764092 -0.064284638 0.997250378
1341840847.603337 0.831140995 0.002142234 -0.017075162 -0.019264927 0.036710922 -0.063828029 0.997099400
1341840847.634465 0.829211235 0.009142875 -0.015840225 -0.014508780 0.037716508 -0.064151011 0.997121692
1341840847.670420 0.837427020 0.011661736 -0.017431654 -0.013516794 0.034475539 -0.064612798 0.997223139
1341840847.702420 0.848759770 0.017221984 -0.016296573 -0.012659493 0.033670507 -0.063276447 0.997347534
1341840847.734342 0.847957432 0.010374897 -0.013146348 -0.017521519 0.037359454 -0.062699474 0.997179091
1341840847.770464 0.845937550 -0.004632244 -0.010612775 -0.020799123 0.038139861 -0.062978379 0.997068942
1341840847.802407 0.851956725 0.007252622 -0.012863904 -0.012112256 0.035686638 -0.064219415 0.997223914
1341840847.834306 0.859651625 0.012397892 -0.013172846 -0.011128156 0.035138253 -0.065234706 0.997188985
1341840847.870532 0.859694541 0.005607274 -0.010656551 -0.013364270 0.037251908 -0.063640341 0.997187793
1341840847.902485 0.859493852 0.009700083 -0.013441686 -0.011386929 0.037075076 -0.061989132 0.997322977
1341840847.938405 0.863074660 0.002986693 -0.012704458 -0.016433384 0.035073385 -0.062830910 0.997272313
1341840847.970339 0.868138075 -0.009027974 -0.012825478 -0.019299457 0.033077434 -0.063236631 0.997263551
1341840848.002312 0.870923221 -0.001472294 -0.012876865 -0.013316217 0.032458361 -0.063706085 0.997351825
1341840848.038354 0.874032021 -0.004373516 -0.014144447 -0.013220513 0.030251499 -0.064272001 0.997386158
1341840848.070743 0.882710457 0.000709116 -0.014755696 -0.010125972 0.027520612 -0.064536095 0.997484446
1341840848.102909 0.890909016 0.001513141 -0.015280597 -0.010199078 0.027779985 -0.065060087 0.997442484
1341840848.138432 0.888331652 0.000900934 -0.015298333 -0.011789192 0.031179806 -0.064812832 0.997340500
1341840848.170385 0.893747091 -0.005550199 -0.014083151 -0.015036023 0.029794673 -0.064146750 0.997382283
1341840848.206548 0.898688495 -0.009414411 -0.014273372 -0.014745814 0.029307403 -0.063306369 0.997454703
1341840848.238651 0.901255906 -0.004138545 -0.014865477 -0.010998311 0.029545154 -0.062472098 0.997548640
1341840848.277372 0.906051576 -0.003353865 -0.013218999 -0.011660831 0.028488073 -0.062250566 0.997585714
1341840848.313384 0.912766457 -0.010142979 -0.012592912 -0.013719549 0.026681527 -0.062720358 0.997580051
1341840848.345285 0.914337337 -0.013890348 -0.014743235 -0.013631075 0.027420867 -0.062768400 0.997558236
1341840848.377729 0.918061197 -0.003795126 -0.014079228 -0.009195659 0.028300880 -0.063299559 0.997550845
1341840848.413434 0.925020516 -0.004807550 -0.013719812 -0.010383904 0.026824469 -0.062844805 0.997608721
1341840848.446614 0.930785894 -0.007370824 -0.012072574 -0.010983620 0.026964650 -0.061800215 0.997663796
1341840848.477376 0.929617822 -0.009299748 -0.013987374 -0.010549082 0.029613066 -0.059443537 0.997736573
1341840848.514358 0.933479667 -0.002189298 -0.013611451 -0.009136306 0.029136391 -0.058626875 0.997812867
1341840848.545352 0.946340024 -0.013507739 -0.011014998 -0.013966179 0.025225427 -0.059425049 0.997816265
1341840848.581630 0.948224664 -0.028671922 -0.012787789 -0.015016781 0.028937796 -0.061169513 0.997594774
1341840848.613497 0.944363713 -0.008453491 -0.014520720 -0.003029922 0.033764943 -0.057023887 0.997797132
1341840848.645345 0.946930289 -0.005194687 -0.011614297 -0.003175195 0.031579625 -0.054354362 0.998017192
1341840848.681427 0.962297142 -0.025019770 -0.013115857 -0.008835732 0.024258967 -0.053537939 0.998232007
1341840848.713310 0.965488136 -0.027452569 -0.019221283 -0.005416709 0.027523853 -0.055223219 0.998079896
1341840848.745404 0.966123283 -0.019016016 -0.017167792 0.000872269 0.032914042 -0.053519536 0.998023808
1341840848.774529 0.965286732 -0.006618454 -0.016025279 0.006195434 0.036064558 -0.051334184 0.998010874
1341840848.806548 0.967782557 0.004312820 -0.012288202 0.007547658 0.036496438 -0.050073944 0.998049915
1341840848.842443 0.974810898 -0.025354238 -0.009274065 -0.003682797 0.033175312 -0.046169378 0.998375833
1341840848.874427 0.977745652 -0.022460042 -0.014836952 0.003007035 0.032420453 -0.047290847 0.998350382
1341840848.910589 0.977115870 -0.007374855 -0.016394001 0.008913422 0.034630902 -0.050801259 0.998068392
1341840848.942390 0.983953774 -0.023809468 -0.012301642 0.002605761 0.033860389 -0.049681131 0.998187602
1341840848.974342 0.974395394 -0.039579328 -0.011087477 0.003553781 0.039087500 -0.050444506 0.997955382
1341840849.010480 0.975471675 -0.018137529 -0.026491702 0.014974073 0.034976251 -0.051171225 0.997964859
1341840849.042373 0.983487964 -0.014919680 -0.019268166 0.011477865 0.030700678 -0.050907802 0.998165369
1341840849.074269 0.992554843 -0.028301662 -0.016540617 0.007763792 0.029760720 -0.049978610 0.998276591
1341840849.110433 0.988876045 -0.022980448 -0.016804438 0.012918781 0.033389986 -0.049024511 0.998155713
1341840849.142356 0.986580014 -0.024267176 -0.016615838 0.014176306 0.033146035 -0.049710903 0.998112798
1341840849.178427 0.995361626 -0.026149262 -0.023400936 0.014037878 0.028873092 -0.050677098 0.998198926
1341840849.210439 0.999880016 -0.031965796 -0.020139676 0.012864838 0.027593220 -0.048724022 0.998348176
1341840849.242309 1.002178907 -0.031594072 -0.022363793 0.016543601 0.026113763 -0.047437996 0.998395741
1341840849.278391 1.013093829 -0.019513670 -0.030154042 0.020032672 0.022187980 -0.050014339 0.998301029
1341840849.310332 1.033820629 -0.041128758 -0.038442843 0.008342662 0.018164147 -0.048779611 0.998609543
1341840849.342402 1.028917670 -0.052110221 -0.025860365 0.007607494 0.032172557 -0.049750540 0.998214364
1341840849.378339 1.010545969 -0.015969569 -0.015992180 0.028024895 0.044731721 -0.047907241 0.997456074
1341840849.410390 1.014063597 -0.014420297 -0.028461304 0.025527507 0.041679993 -0.046075601 0.997741520
1341840849.446437 1.024247646 -0.034992695 -0.023542229 0.014678485 0.039300662 -0.044919200 0.998109341
1341840849.478425 1.043036222 -0.043590076 -0.029484306 0.016113773 0.038302496 -0.042752963 0.998221159
1341840849.512199 1.046632648 -0.021733057 -0.030625775 0.026209000 0.043846752 -0.044394184 0.997707188
1341840849.546449 1.050805926 -0.008088442 -0.030106939 0.027249033 0.047137097 -0.047553256 0.997383714
1341840849.578498 1.057141423 -0.022503907 -0.028200351 0.016950130 0.049198259 -0.046899095 0.997543335
1341840849.610692 1.049370527 -0.027113067 -0.017897666 0.016304310 0.058125384 -0.045604456 0.997133791
1341840849.646317 1.051795363 -0.013514716 -0.025299795 0.021983983 0.058614887 -0.043350682 0.997096658
1341840849.685647 1.074723840 -0.005400912 -0.030324802 0.019350853 0.050652590 -0.040666103 0.997700393
1341840849.714708 1.066474438 -0.028759850 -0.023300208 0.005333432 0.060052708 -0.042103119 0.997292638
1341840849.746347 1.062148094 -0.021930521 -0.015192278 0.010044566 0.066278189 -0.041573618 0.996884167
1341840849.778359 1.076644421 -0.008053706 -0.021595858 0.014206014 0.060672998 -0.040355299 0.997240365
1341840849.814323 1.085963488 -0.021312067 -0.023223236 0.005371226 0.057423670 -0.038231410 0.997603118
1341840849.846557 1.074667692 -0.024346111 -0.014033422 0.004767833 0.064051867 -0.040717356 0.997104168
1341840849.882256 1.086380601 -0.023297062 -0.021780744 0.007787957 0.057918437 -0.039610300 0.997504771
1341840849.921575 1.095662594 -0.006814044 -0.027335137 0.011399918 0.055038501 -0.040376283 0.997602403
1341840849.946362 1.098316550 -0.026939688 -0.016945019 0.000220483 0.056345936 -0.040180236 0.997602463
1341840849.982476 1.099539280 -0.034837700 -0.020986162 0.001659545 0.058596879 -0.040467225 0.997459829
1341840850.014371 1.097074151 -0.010706141 -0.024221323 0.012425258 0.062267959 -0.039522257 0.997199237
1341840850.046326 1.092409253 0.005717472 -0.015996732 0.014194099 0.063095771 -0.040192574 0.997096777
1341840850.082415 1.111175537 -0.021741066 -0.016835742 0.001181624 0.053181514 -0.039593685 0.997798920
1341840850.121449 1.113632083 -0.026303399 -0.021774322 0.003429886 0.055147089 -0.040374935 0.997655690
1341840850.157539 1.111275077 -0.013778715 -0.026515797 0.008166463 0.058212701 -0.039843451 0.997475386
1341840850.189410 1.110836744 -0.009840704 -0.020129427 0.006683400 0.056797482 -0.041627683 0.997495115
1341840850.221491 1.119431257 -0.023256555 -0.019457698 0.002064188 0.052914336 -0.043760102 0.997637630
1341840850.257570 1.130981326 -0.020881845 -0.024038710 0.006559554 0.051031027 -0.044151172 0.997699082
1341840850.289374 1.126685381 -0.005887279 -0.025070623 0.012145543 0.056361649 -0.044145826 0.997359991
1341840850.314521 1.124325156 -0.004002280 -0.024380967 0.010406896 0.056861736 -0.046025459 0.997266293
1341840850.350348 1.140502930 -0.009284083 -0.026180610 0.006853388 0.050552227 -0.046828385 0.997599423
1341840850.382480 1.139076829 -0.013684300 -0.029302336 0.004559498 0.055224933 -0.048554681 0.997282267
1341840850.418448 1.124660134 -0.003126768 -0.024152763 0.008817501 0.062627591 -0.049365796 0.996776342
1341840850.450229 1.141275644 -0.010802060 -0.029762298 0.005719739 0.053513967 -0.049094874 0.997343123
1341840850.482352 1.180554509 -0.010325529 -0.034767047 0.008494029 0.041324846 -0.049511258 0.997882128
1341840850.518351 1.157456279 -0.006594146 -0.035435431 0.009453314 0.062141571 -0.053973589 0.996562064
1341840850.550287 1.135845184 0.002693920 -0.028323323 0.011897889 0.071253628 -0.052018259 0.996029854
1341840850.582563 1.135793209 -0.005161180 -0.022185318 0.010226714 0.064736195 -0.050475057 0.996572554
1341840850.618439 1.148569703 -0.012059874 -0.028942145 0.013019088 0.055672705 -0.051694363 0.997024953
1341840850.650443 1.171981096 0.010859312 -0.043412469 0.023275670 0.046434753 -0.050500497 0.997372448
1341840850.686406 1.166561246 0.010101454 -0.035833970 0.017472187 0.050866317 -0.049041100 0.997347653
1341840850.718516 1.157270789 -0.008897450 -0.033218361 0.010212466 0.054958321 -0.048591077 0.997253299
1341840850.750308 1.167965174 0.003582010 -0.037278853 0.018182442 0.049905971 -0.047741335 0.997446537
1341840850.786319 1.177838087 0.010181926 -0.041814938 0.018731944 0.046511706 -0.046720874 0.997648716
1341840850.818316 1.178093195 0.000889139 -0.037445173 0.012466325 0.049166948 -0.047320332 0.997591078
1341840850.854290 1.189267516 -0.006446371 -0.042448469 0.010513594 0.047419079 -0.046879198 0.997718990
1341840850.886322 1.193636894 0.007848475 -0.042089224 0.015569579 0.050386757 -0.046058070 0.997545719
1341840850.918358 1.180315375 0.005565756 -0.035513297 0.011732844 0.058984168 -0.044130325 0.997213960
1341840850.954395 1.179780245 -0.003823951 -0.032596603 0.009397857 0.058518343 -0.044029713 0.997270584
1341840850.986448 1.193738580 0.001860267 -0.040321305 0.013815607 0.052971590 -0.042259820 0.997605801
1341840851.018447 1.193465590 0.006915423 -0.037469789 0.014280302 0.055341486 -0.040553931 0.997541368
1341840851.054395 1.190031171 -0.006030601 -0.035167813 0.009444795 0.057337921 -0.040751919 0.997478068
1341840851.086362 1.202412248 -0.002117705 -0.039004557 0.013085134 0.052477591 -0.040562835 0.997712195
1341840851.122353 1.208862066 -0.008214166 -0.040686443 0.010959553 0.052619666 -0.039300557 0.997780800
1341840851.154293 1.200232267 -0.003275183 -0.035827115 0.014595240 0.058448669 -0.038730528 0.997432053
1341840851.186482 1.213768482 -0.000871893 -0.039087109 0.016021477 0.052684814 -0.037109204 0.997792840
1341840851.222499 1.213921428 -0.006907717 -0.036171310 0.013484666 0.054487053 -0.038259763 0.997690082
1341840851.254587 1.216330171 -0.010877335 -0.036085971 0.014227442 0.055578239 -0.038721863 0.997601748
1341840851.286786 1.221215844 -0.005438505 -0.038508400 0.017801374 0.054758411 -0.038661238 0.997592092
1341840851.322525 1.227771044 -0.002342976 -0.039281085 0.018219499 0.052422494 -0.039643712 0.997671425
1341840851.354461 1.228717804 -0.014951443 -0.035542578 0.012845107 0.053972252 -0.042626377 0.997549534
1341840851.390383 1.246282816 -0.012894466 -0.037883118 0.015987109 0.050126914 -0.042443324 0.997712493
1341840851.422373 1.235594988 -0.016208822 -0.034378558 0.015371114 0.056972928 -0.041819628 0.997381032
1341840851.454333 1.219953775 -0.013693715 -0.030932955 0.019610140 0.060290754 -0.042228185 0.997094393
1341840851.490328 1.246746778 -0.015408387 -0.039830156 0.020196974 0.045288563 -0.041144721 0.997921884
1341840851.522431 1.265600443 -0.025377534 -0.038924422 0.016713262 0.040400151 -0.040649820 0.998216450
1341840851.555777 1.250125170 -0.025324024 -0.035966396 0.020716392 0.051308118 -0.042874530 0.997547030
1341840851.590800 1.252747416 -0.007774491 -0.040787250 0.029428672 0.049716309 -0.042952999 0.997405291
1341840851.622401 1.263342738 -0.016479868 -0.039133817 0.022720410 0.045088280 -0.042267885 0.997829795
1341840851.658371 1.274959564 -0.028414730 -0.038907878 0.019307414 0.043123137 -0.040602881 0.998057604
1341840851.690446 1.271616578 -0.024627520 -0.040438481 0.022234736 0.048518717 -0.040870741 0.997738004
1341840851.722387 1.266837120 -0.031394012 -0.040249899 0.019947210 0.051529579 -0.040804680 0.997638106
1341840851.758379 1.272700429 -0.036817145 -0.040474623 0.019534891 0.049178522 -0.041661199 0.997729480
1341840851.790498 1.276421189 -0.040532671 -0.039200768 0.021158736 0.049517784 -0.039670281 0.997760773
1341840851.822502 1.281310558 -0.032122046 -0.041715741 0.027140230 0.047879599 -0.037504211 0.997779727
1341840851.858469 1.291512728 -0.022300642 -0.043353848 0.028770728 0.044541206 -0.037761163 0.997878969
1341840851.890382 1.302922130 -0.044784140 -0.038282402 0.018636329 0.043129005 -0.035678197 0.998258293
1341840851.926297 1.298017263 -0.045015424 -0.038864098 0.024048122 0.048792627 -0.034443978 0.997925162
1341840851.958364 1.295217037 -0.023080684 -0.038800560 0.033075504 0.050031967 -0.031981286 0.997687340
1341840851.990589 1.307972908 -0.033181857 -0.037885562 0.025664719 0.043769825 -0.031024512 0.998229921
1341840852.026374 1.314446926 -0.045882896 -0.036221050 0.022166500 0.044554338 -0.030039836 0.998309135
1341840852.058336 1.309817553 -0.044902261 -0.037302874 0.025689317 0.050141945 -0.027431970 0.998034716
1341840852.094404 1.308805585 -0.031791069 -0.036238618 0.030597035 0.049802151 -0.025779938 0.997957408
1341840852.126392 1.322918892 -0.034304149 -0.037057914 0.026516782 0.043450844 -0.027022643 0.998337924
1341840852.158516 1.343266249 -0.060402934 -0.040187322 0.016340826 0.040115342 -0.026651146 0.998705864
1341840852.194279 1.336161613 -0.047880046 -0.035415128 0.026300872 0.051697943 -0.026259342 0.997970939
1341840852.226380 1.317521572 -0.030869318 -0.033591680 0.031408247 0.060236305 -0.024812747 0.997381270
1341840852.258313 1.321151733 -0.048628192 -0.034034513 0.020907944 0.054076292 -0.024471290 0.998017907
1341840852.294500 1.343174338 -0.069047734 -0.036471210 0.016030494 0.046345804 -0.024767013 0.998489678
1341840852.326311 1.348868370 -0.054066390 -0.039127089 0.026182426 0.050173655 -0.026774120 0.998038173
1341840852.362368 1.340165615 -0.043058883 -0.040142857 0.027485648 0.058252800 -0.027040616 0.997556984
1341840852.394489 1.345499754 -0.059372917 -0.036530204 0.019389501 0.057915706 -0.025413882 0.997809589
1341840852.426307 1.347039104 -0.064210735 -0.037540123 0.020803398 0.060387664 -0.024499571 0.997657418
1341840852.462394 1.350725889 -0.055637389 -0.037904024 0.026243584 0.061284665 -0.021953948 0.997533679
1341840852.494557 1.357368946 -0.051605269 -0.039857574 0.027067041 0.060045298 -0.019154966 0.997644722
1341840852.526348 1.363335133 -0.055110332 -0.038317293 0.024134777 0.060932219 -0.018428581 0.997679889
1341840852.562305 1.365971088 -0.058565438 -0.039226219 0.022129834 0.063157246 -0.017461797 0.997605383
1341840852.594400 1.363691568 -0.052202463 -0.037581891 0.022650901 0.066950940 -0.015619308 0.997376800
1341840852.630345 1.357495904 -0.069612622 -0.033105686 0.015683470 0.070119396 -0.015986137 0.997287154
1341840852.663508 1.368258119 -0.066528663 -0.034059018 0.021999972 0.064949945 -0.015163392 0.997530758
1341840852.694654 1.366645694 -0.050119504 -0.035475612 0.029336650 0.064459413 -0.014492695 0.997383714
1341840852.732477 1.371875525 -0.054452755 -0.034792289 0.024907330 0.060760364 -0.012973550 0.997757256
1341840852.762455 1.380121350 -0.049538188 -0.035738066 0.025003644 0.057731759 -0.012771347 0.997937262
1341840852.794631 1.384749174 -0.044747747 -0.030481353 0.024585115 0.057806805 -0.014568020 0.997918665
1341840852.830583 1.385231733 -0.076788679 -0.031318277 0.012880611 0.060396589 -0.018220952 0.997925043
1341840852.862990 1.384539247 -0.062693574 -0.032339826 0.023530476 0.062988490 -0.019979527 0.997536778
1341840852.898597 1.387469530 -0.035413872 -0.034396529 0.032412060 0.062661231 -0.020164775 0.997304559
1341840852.930367 1.385782838 -0.049832217 -0.031328171 0.020405177 0.063302130 -0.019258350 0.997599900
1341840852.962482 1.385834575 -0.071369216 -0.030965894 0.013274564 0.063253924 -0.019593937 0.997716784
1341840852.998535 1.396058917 -0.056866139 -0.034771115 0.022405412 0.059887283 -0.021296432 0.997726381
1341840853.037588 1.396178365 -0.055089101 -0.035775974 0.021263951 0.061480369 -0.021160383 0.997657359
1341840853.066770 1.396548867 -0.062083334 -0.034720376 0.018986303 0.061589986 -0.021146730 0.997696877
1341840853.098354 1.401369333 -0.060013849 -0.038015276 0.021332584 0.059695542 -0.022211494 0.997741461
1341840853.131999 1.408844948 -0.056588259 -0.039345980 0.021910785 0.058599338 -0.023473674 0.997765005
1341840853.166530 1.409670711 -0.066315390 -0.038076192 0.019381311 0.060052570 -0.025921416 0.997670352
1341840853.198406 1.410562992 -0.056051847 -0.041641891 0.026289262 0.059537195 -0.027156234 0.997510254
1341840853.231726 1.427523613 -0.034012910 -0.043318838 0.031831931 0.053061113 -0.028997801 0.997662425
1341840853.266442 1.429326773 -0.056267016 -0.041504338 0.018279927 0.056539264 -0.031214243 0.997744858
1341840853.298516 1.418344736 -0.071197934 -0.039136901 0.016573824 0.063725092 -0.032378200 0.997304380
1341840853.334385 1.422618151 -0.053635843 -0.043667421 0.028586803 0.060308386 -0.034013323 0.997190475
1341840853.366351 1.437548161 -0.037764315 -0.045910478 0.032295287 0.053967837 -0.034127757 0.997436583
1341840853.398402 1.441520095 -0.055117808 -0.045920461 0.023554156 0.055139005 -0.034697201 0.997597635
1341840853.434335 1.442528129 -0.053398818 -0.048154578 0.025302228 0.056602921 -0.035778224 0.997434616
1341840853.466387 1.441547632 -0.043046031 -0.047793552 0.028461613 0.057483979 -0.037279300 0.997244120
1341840853.498430 1.450142264 -0.057748388 -0.052419551 0.022100938 0.055003837 -0.038619779 0.997494161
1341840853.534407 1.454590201 -0.052275274 -0.050418876 0.025688473 0.056303993 -0.040161423 0.997274816
1341840853.566451 1.455076456 -0.039009001 -0.050740294 0.029415891 0.057688959 -0.039870646 0.997104347
1341840853.602691 1.461950660 -0.034592081 -0.051564969 0.026383923 0.055497270 -0.040459141 0.997289836
1341840853.634832 1.462933064 -0.051340930 -0.049203843 0.017231695 0.057061348 -0.040999688 0.997379601
1341840853.666488 1.458497763 -0.063911244 -0.049569592 0.015689623 0.059482798 -0.043332592 0.997164965
1341840853.702424 1.466147661 -0.042392049 -0.053198062 0.025448702 0.055709261 -0.044147894 0.997145832
1341840853.734353 1.471261740 -0.036981620 -0.052439682 0.023114141 0.053262353 -0.045712806 0.997265875
1341840853.766467 1.470286012 -0.057913117 -0.049905285 0.014484772 0.054721314 -0.046936121 0.997292697
1341840853.802607 1.476620555 -0.052324891 -0.053445853 0.020595862 0.053651176 -0.048083566 0.997188687
1341840853.834576 1.481646419 -0.033113312 -0.054036416 0.026021477 0.053004578 -0.049150106 0.997044444
1341840853.870615 1.485696554 -0.040725779 -0.053507686 0.019738073 0.052500680 -0.051060349 0.997119308
1341840853.902573 1.485220790 -0.044521011 -0.052478798 0.016742969 0.054965369 -0.051548310 0.997016191
1341840853.940152 1.487618566 -0.043031577 -0.052944981 0.017324150 0.054890517 -0.052789684 0.996945441
1341840853.970342 1.494685411 -0.033736728 -0.054523997 0.019303897 0.052377291 -0.053424139 0.997010469
1341840854.002413 1.505264878 -0.041568883 -0.053334221 0.014451246 0.051007431 -0.055200104 0.997066855
1341840854.034566 1.504083633 -0.051618453 -0.055830844 0.012023176 0.055648874 -0.056925029 0.996753812
1341840854.070475 1.503784776 -0.035962638 -0.057709321 0.018984932 0.057809874 -0.057009362 0.996517718
1341840854.102373 1.500239491 -0.034888923 -0.057919897 0.017133120 0.058627021 -0.056304552 0.996543586
1341840854.138343 1.512473106 -0.042908818 -0.060968868 0.013102433 0.053616241 -0.055807859 0.996914804
1341840854.170475 1.524145603 -0.045154359 -0.057022721 0.015179904 0.051450226 -0.056526344 0.996958971
1341840854.202459 1.519598365 -0.034331366 -0.059000164 0.021921171 0.055533983 -0.055689875 0.996661484
1341840854.238384 1.513894916 -0.028770790 -0.060380548 0.022621034 0.055877015 -0.055878680 0.996616066
1341840854.270355 1.523664951 -0.043781221 -0.061297975 0.017538162 0.049657498 -0.056237523 0.997027516
1341840854.306367 1.538422704 -0.040266152 -0.063797869 0.022661984 0.046042364 -0.056355622 0.997091055
1341840854.338540 1.533513784 -0.025957383 -0.063179508 0.028837584 0.051904742 -0.055918045 0.996668160
1341840854.370427 1.524479628 -0.026525538 -0.064756021 0.025963593 0.054542754 -0.054441359 0.996688068
1341840854.406491 1.538175464 -0.030598225 -0.063565984 0.023238720 0.047356561 -0.053446498 0.997176409
1341840854.438402 1.542800903 -0.028731450 -0.063828237 0.024578912 0.047253188 -0.052829955 0.997182071
1341840854.470341 1.537431121 -0.023511715 -0.065653428 0.024844587 0.048981130 -0.051950246 0.997138262
1341840854.506442 1.548793435 -0.027655860 -0.064452432 0.021204185 0.043022566 -0.053547367 0.997412682
1341840854.538722 1.559565067 -0.029323459 -0.064734653 0.020575751 0.042253230 -0.054274820 0.997419417
1341840854.574331 1.552717328 -0.021694968 -0.062746696 0.021824889 0.049959309 -0.055014562 0.996996045
1341840854.606460 1.545936584 -0.028270874 -0.061218962 0.018118298 0.053229801 -0.056089077 0.996841192
1341840854.638476 1.551338792 -0.025370976 -0.062595166 0.019160084 0.050518911 -0.053980723 0.997079134
1341840854.674312 1.558979988 -0.023839738 -0.061946027 0.017533982 0.047912546 -0.053290818 0.997274816
1341840854.706362 1.559345365 -0.032396846 -0.060501024 0.013843030 0.048053451 -0.054626860 0.997253776
1341840854.738328 1.567638397 -0.027018556 -0.060014836 0.017058605 0.045653973 -0.055621602 0.997261703
1341840854.774384 1.566503763 -0.026428705 -0.060141623 0.016458936 0.047985476 -0.055642802 0.997161150
1341840854.806396 1.568218470 -0.025644554 -0.060084060 0.016489752 0.047641058 -0.057155509 0.997091591
1341840854.842383 1.571738362 -0.034158569 -0.058977112 0.012842916 0.046955187 -0.058794037 0.997082472
1341840854.874351 1.565727830 -0.051879544 -0.057858862 0.009682235 0.049284443 -0.059355665 0.996972501
1341840854.906375 1.565737009 -0.033870973 -0.061436377 0.021999922 0.047417175 -0.058640841 0.996909678
1341840854.942414 1.572711468 -0.018570425 -0.062138781 0.026408423 0.041624635 -0.060900126 0.996925890
1341840854.974632 1.588177085 -0.038325220 -0.060635161 0.017168289 0.035542123 -0.063027442 0.997230947
1341840855.006485 1.586868167 -0.046328742 -0.059059829 0.018902946 0.039688710 -0.063798949 0.996994078
1341840855.042409 1.588149667 -0.018606756 -0.062029749 0.031427205 0.039856609 -0.065753326 0.996544182
1341840855.074380 1.607314348 -0.013308750 -0.061209660 0.025835957 0.034202494 -0.067861140 0.996773541
