1305031110.411469 -0.037458129 0.006832810 -0.000752152 0.004044609 -0.014027843 -0.008414966 0.999858022
1305031110.443260 -0.060379237 0.008363778 -0.001763897 -0.000109486 -0.015371402 -0.012290770 0.999806285
1305031110.479331 -0.050865572 0.003750390 0.000437546 -0.004125281 -0.029118709 -0.018413723 0.999397814
1305031110.511429 -0.082931958 -0.000287237 -0.002290352 -0.006216362 -0.028965155 -0.023052137 0.999295235
1305031110.543408 -0.079945087 0.006918090 0.000635795 -0.005358828 -0.039485745 -0.027593978 0.998824716
1305031110.579426 -0.093426645 0.011669980 0.003520187 -0.008514376 -0.043884709 -0.031506244 0.998503387
1305031110.611307 -0.103371501 0.005299788 0.008317110 -0.014286550 -0.047164831 -0.034840729 0.998177052
1305031110.643418 -0.110235840 0.002850851 0.008768502 -0.013247955 -0.049757484 -0.037853304 0.997955799
1305031110.679606 -0.130610406 0.011878898 0.007463148 -0.011005225 -0.047216032 -0.040097363 0.998018920
1305031110.711412 -0.130050495 0.008614297 0.010599699 -0.015113956 -0.051460758 -0.040899657 0.997722685
1305031110.743249 -0.136459023 0.006103037 0.009636500 -0.016332615 -0.052707005 -0.042852376 0.997556508
1305031110.779193 -0.142535746 0.009112565 0.010709890 -0.015463642 -0.053514589 -0.043715976 0.997489810
1305031110.811386 -0.146330312 0.008525151 0.009923562 -0.016623540 -0.053274252 -0.045434948 0.997407258
1305031110.843218 -0.155206561 0.008716349 0.012177831 -0.018018946 -0.052813113 -0.046932057 0.997338176
1305031110.879313 -0.154337063 0.008456525 0.011529179 -0.018057557 -0.055019900 -0.047303557 0.997200608
1305031110.911333 -0.150148079 0.010713887 0.012837892 -0.017991852 -0.057732135 -0.048002332 0.997015059
1305031110.943862 -0.144360408 0.012084542 0.014726985 -0.017296134 -0.060928628 -0.049109798 0.996783197
1305031110.979345 -0.137259275 0.017485524 0.016544841 -0.015739275 -0.060312822 -0.050224025 0.996790946
1305031111.011431 -0.118947804 0.013002607 0.014514425 -0.019069484 -0.060683731 -0.048616748 0.996789932
1305031111.043327 -0.114127569 0.014142965 0.013030129 -0.017991984 -0.054689765 -0.045844257 0.997288108
1305031111.079283 -0.100747660 0.016523931 0.012227850 -0.019282443 -0.053657185 -0.044320844 0.997388959
1305031111.111508 -0.085707158 0.010001887 0.014361203 -0.022517934 -0.054552723 -0.040808078 0.997422516
1305031111.143257 -0.074948855 0.007813088 0.014167179 -0.021455977 -0.052674420 -0.039905325 0.997583389
1305031111.179326 -0.063032374 0.014213829 0.015941890 -0.016690450 -0.050154302 -0.038864151 0.997845471
1305031111.211433 -0.051306061 0.014143240 0.012670200 -0.015523124 -0.042621192 -0.035184436 0.998350859
1305031111.243236 -0.048287433 0.012195063 0.016839020 -0.014942914 -0.037502646 -0.034799080 0.998578668
1305031111.279308 -0.026284497 0.010289856 0.018788807 -0.011135367 -0.040097091 -0.033274546 0.998579502
1305031111.311547 -0.026817409 0.013719910 0.008916186 -0.007547392 -0.031259619 -0.028964469 0.999063015
1305031111.343397 -0.017399635 0.013591777 0.009150593 -0.011459612 -0.034623802 -0.028709237 0.998922229
1305031111.379134 -0.005365660 0.006759588 0.012786634 -0.012202879 -0.037147149 -0.024041323 0.998946011
1305031111.411296 0.002186836 0.011779835 0.008544222 -0.006275307 -0.037004750 -0.024397936 0.998997509
1305031111.443386 0.015849760 0.013866153 0.014516080 -0.005356759 -0.042138711 -0.030173887 0.998641670
1305031111.479259 0.044570297 0.011264191 0.021265354 -0.002785779 -0.042465299 -0.027746338 0.998708665
1305031111.511264 0.042615503 0.012771377 0.016456632 0.001603611 -0.025568793 -0.027335810 0.999297917
1305031111.543250 0.057946004 0.006518996 0.012186766 0.002745769 -0.021091739 -0.023989331 0.999485910
1305031111.579237 0.068301484 0.010526543 0.007888285 0.007363271 -0.011380495 -0.016947083 0.999764502
1305031111.611271 0.075500980 0.009615384 0.008625725 0.006608418 -0.004847538 -0.011628175 0.999898791
1305031111.643395 0.113979042 0.000684312 0.006244458 0.007124419 -0.015368207 -0.002925703 0.999852240
1305031111.679320 0.138307765 0.009865530 0.007678447 0.014733706 -0.011211725 0.005314387 0.999814451
1305031111.711760 0.126424938 0.008747418 0.006068914 0.014336909 0.003846521 0.008534420 0.999853373
1305031111.743386 0.158798933 0.004342965 0.009869280 0.016588280 0.008366176 0.012935976 0.999743700
1305031111.779423 0.184126079 0.009537893 -0.001184136 0.020753078 0.024409799 0.015950540 0.999359310
1305031111.811406 0.202752203 0.006829932 0.007194978 0.022230126 0.035304345 0.018205062 0.998963475
1305031111.843299 0.189087644 0.012115708 0.006509552 0.027667634 0.052519254 0.021689486 0.998000920
1305031111.879442 0.191828236 0.011654987 0.004370283 0.026564738 0.061792802 0.025833266 0.997400939
1305031111.911354 0.197220042 0.008803348 0.006629480 0.027055005 0.062842779 0.031139474 0.997170568
1305031111.943300 0.219881684 0.012585703 0.008881714 0.030568015 0.053863637 0.039845422 0.997284651
1305031111.979449 0.238926545 0.018565582 0.009569433 0.033964805 0.053229660 0.046662960 0.996913016
1305031112.011433 0.252754480 0.014347522 0.007643897 0.033705276 0.061327308 0.047044471 0.996438503
1305031112.043270 0.269909978 0.014045401 0.004409276 0.036300234 0.067842014 0.045788527 0.995983541
1305031112.079339 0.282669961 0.015245155 0.004455283 0.038189147 0.079284713 0.045496985 0.995080650
1305031112.111423 0.282873750 0.015288133 0.001946237 0.040155586 0.091495916 0.042158306 0.994101942
1305031112.144342 0.302375913 0.018628243 0.001463443 0.041101657 0.093897142 0.035680678 0.994093001
1305031112.179390 0.315903515 0.019598616 0.000759251 0.038493328 0.105747372 0.033402212 0.993086100
1305031112.211254 0.328351557 0.013733825 0.004606977 0.036393102 0.116265059 0.028802419 0.992133200
1305031112.243369 0.336709291 0.009760516 0.000931203 0.040722225 0.127279833 0.023978569 0.990740418
1305031112.279353 0.343127877 0.011240521 0.003782310 0.046056747 0.134697109 0.022880932 0.989551365
1305031112.311312 0.352782726 0.009442735 0.006244421 0.051691938 0.137285039 0.020683631 0.988965571
1305031112.343323 0.400660187 -0.002458762 -0.022255957 0.052041464 0.126463190 0.019150943 0.990420103
1305031112.379360 0.412303030 0.001208756 -0.025534183 0.057708602 0.123659268 0.023475900 0.990367055
1305031112.411442 0.423152149 -0.000108712 -0.026935875 0.059365235 0.121335082 0.027202686 0.990461290
1305031112.443391 0.432221621 -0.001973290 -0.027593538 0.061161224 0.120797664 0.033098873 0.990238190
1305031112.479418 0.444985479 0.001177952 -0.029111788 0.065778963 0.117449261 0.042647522 0.989979804
1305031112.511504 0.452569038 0.000265651 -0.029181615 0.068169251 0.113952242 0.049924728 0.989886522
1305031112.543212 0.457818836 -0.000101513 -0.030374132 0.070743263 0.112043686 0.053007957 0.989763498
1305031112.579252 0.468297243 0.001352983 -0.032900117 0.072975866 0.107551791 0.058478314 0.989791572
1305031112.611261 0.483659148 0.006241336 -0.036793515 0.074227840 0.104847990 0.065693915 0.989535987
1305031112.643246 0.491972715 0.006993802 -0.038189612 0.071347632 0.109955102 0.072945051 0.988685191
1305031112.679952 0.495777011 0.005489188 -0.037115149 0.068757445 0.115681164 0.076239422 0.987966537
1305031112.711251 0.497670949 0.007548398 -0.037272558 0.067151554 0.120082401 0.078794338 0.987351179
1305031112.743245 0.503445208 0.020203751 -0.033057049 0.066659018 0.122018553 0.083445646 0.986764848
1305031112.779310 0.501680791 0.014703914 -0.028848737 0.057266984 0.126695409 0.086072087 0.986539602
1305031112.811310 0.481816411 0.004655130 -0.027488016 0.052524403 0.131722614 0.083342865 0.986379385
1305031112.843286 0.479181349 0.010255326 -0.027424157 0.051779281 0.126349285 0.081296563 0.987292051
1305031112.879421 0.478741556 0.009237252 -0.026256531 0.047746573 0.122718081 0.083614349 0.987759650
1305031112.911411 0.471270651 0.008932723 -0.026580334 0.045546886 0.119899556 0.085743174 0.988027155
1305031112.943321 0.469244093 0.010950163 -0.019728974 0.045371570 0.114147671 0.084196664 0.988849163
1305031112.979278 0.466291785 0.010468617 -0.021552995 0.044569824 0.107630588 0.081395179 0.989850521
1305031113.011353 0.462586671 0.016800899 -0.022676729 0.045425728 0.103441387 0.081856579 0.990220129
1305031113.043231 0.451468796 0.014502774 -0.020528696 0.040510774 0.103480428 0.079247527 0.990641475
1305031113.079251 0.438037694 0.002522211 -0.019726478 0.036402185 0.103061631 0.073587395 0.991281033
1305031113.111316 0.430382878 0.009354426 -0.022748273 0.041652303 0.096879706 0.068950236 0.992030919
1305031113.143306 0.422558546 0.014657771 -0.026200343 0.040772952 0.093240760 0.067974515 0.992483377
1305031113.179343 0.407644898 0.006870034 -0.023407191 0.036352590 0.093166210 0.069218136 0.992576122
1305031113.211259 0.392258495 0.007559293 -0.024231523 0.039552268 0.088326268 0.070144862 0.992831171
1305031113.243227 0.379417121 0.012229513 -0.027269952 0.039341941 0.080440268 0.070343010 0.993495584
1305031113.279312 0.370638609 0.002681135 -0.028328346 0.034595508 0.073997013 0.071659856 0.994078696
1305031113.311452 0.346380860 -0.008278311 -0.022847226 0.037321523 0.070978642 0.073443852 0.994069993
1305031113.343252 0.327972978 -0.000033533 -0.027971027 0.045585845 0.062403832 0.071393788 0.994449914
1305031113.379312 0.317517847 0.002888405 -0.023607275 0.043813653 0.052591443 0.068506144 0.995299637
1305031113.411625 0.304127574 -0.005888281 -0.023717118 0.042454787 0.045754734 0.068576604 0.995691359
1305031113.443266 0.281679034 0.000702958 -0.019949544 0.047310308 0.041287579 0.062300432 0.996080160
1305031113.479311 0.261843592 0.001622932 -0.019745519 0.044550754 0.036748432 0.055529755 0.996785462
1305031113.511523 0.245114058 -0.005655521 -0.016744344 0.038838223 0.030698447 0.054325510 0.997295320
1305031113.543242 0.234332144 -0.013264838 -0.017088089 0.034777205 0.023662183 0.051793162 0.997771561
1305031113.579301 0.216020212 -0.008933630 -0.016621359 0.036861528 0.020089207 0.045846105 0.998066008
1305031113.611268 0.206128970 -0.011029758 -0.015879631 0.033287726 0.016277915 0.041688293 0.998443246
1305031113.643222 0.188033462 -0.011599515 -0.015436408 0.030944198 0.017891636 0.037470631 0.998658240
1305031113.679288 0.173566148 -0.014011656 -0.016027931 0.029212788 0.019199993 0.034359448 0.998798013
1305031113.711931 0.162779778 -0.016028797 -0.013733625 0.028696600 0.019118909 0.029516989 0.998969316
1305031113.743590 0.150913104 -0.013976466 -0.012515180 0.030389443 0.021855569 0.023570454 0.999021113
1305031113.779320 0.136913717 -0.019459916 -0.011423726 0.029440565 0.025016245 0.020051947 0.999052227
1305031113.811237 0.124915548 -0.019039081 -0.010748776 0.030596815 0.025890468 0.018576497 0.999023736
1305031113.843295 0.111164950 -0.016993631 -0.009447242 0.030476522 0.028740389 0.015067353 0.999008596
1305031113.879281 0.092957869 -0.026596084 -0.008363675 0.029197158 0.031092269 0.010357367 0.999036252
1305031113.911290 0.082651898 -0.021979174 -0.006828982 0.033737127 0.029268092 0.009948914 0.998952568
1305031113.943291 0.070784189 -0.023525858 -0.006004141 0.035978794 0.031579118 0.007349537 0.998826444
1305031113.979293 0.057338927 -0.024107639 -0.003287846 0.038910724 0.033661239 0.002397910 0.998672664
1305031114.011257 0.037299894 -0.023283741 -0.003569330 0.042217404 0.037139110 -0.003121146 0.998413086
1305031114.043301 0.017227996 -0.018669777 0.008013042 0.045661766 0.036850441 -0.004047337 0.998268843
1305031114.079285 0.001588629 -0.020523556 0.008684637 0.047880705 0.032059941 -0.004902832 0.998326361
1305031114.111263 -0.010624539 -0.017210186 0.011629727 0.051367365 0.026794612 -0.009509228 0.998275042
1305031114.143284 -0.021881897 -0.018660976 0.014188979 0.051030375 0.021685569 -0.012950283 0.998377621
1305031114.179337 -0.027014622 -0.023875494 0.017494747 0.052275442 0.017089140 -0.014374104 0.998383045
1305031114.211303 -0.042706478 -0.015136370 0.018891808 0.056448638 0.018223565 -0.017603053 0.998083949
1305031114.243337 -0.060552191 -0.018074801 0.020159241 0.053339835 0.017431637 -0.021440050 0.998194039
1305031114.279390 -0.076628700 -0.018203860 0.021799797 0.053941041 0.012451169 -0.024171451 0.998173833
1305031114.311429 -0.085154980 -0.015869588 0.027303811 0.053973004 0.002999691 -0.024303209 0.998242080
1305031114.343331 -0.090913758 -0.019905485 0.028227670 0.051485185 -0.003933199 -0.027357383 0.998291254
1305031114.379320 -0.100581370 -0.021171607 0.030433003 0.051448300 -0.005449295 -0.031790160 0.998154700
1305031114.411397 -0.114151858 -0.023075858 0.030462258 0.051727585 -0.005985919 -0.036558677 0.997973919
1305031114.443345 -0.130353317 -0.020561093 0.032502152 0.052778490 -0.008267046 -0.039033599 0.997808814
1305031114.479332 -0.143320799 -0.023911146 0.032468822 0.051677819 -0.014338147 -0.041093186 0.997714996
1305031114.511266 -0.146135226 -0.021336766 0.035145741 0.051971339 -0.024037350 -0.043376617 0.997416496
1305031114.543236 -0.147902220 -0.024373233 0.037519008 0.048678078 -0.029411905 -0.042215660 0.997488439
1305031114.579237 -0.154448077 -0.025728315 0.039101113 0.047347210 -0.029715410 -0.039274953 0.997663617
1305031114.611391 -0.160362393 -0.023881141 0.038967963 0.045577347 -0.030505685 -0.037418596 0.997793555
1305031114.644136 -0.166946039 -0.026546756 0.039042201 0.040333673 -0.033288985 -0.035980869 0.997983158
1305031114.679251 -0.171768755 -0.031103568 0.039152246 0.036527347 -0.039463427 -0.037037674 0.997866035
1305031114.711306 -0.169243023 -0.033119835 0.042221814 0.035901207 -0.045595832 -0.035727605 0.997675121
1305031114.743200 -0.169775382 -0.035736866 0.042042300 0.036043879 -0.048650350 -0.039432906 0.997386098
1305031114.779289 -0.169060111 -0.033158541 0.041610740 0.038980562 -0.050108854 -0.043200571 0.997047305
1305031114.811303 -0.168240294 -0.029191155 0.041129690 0.039951585 -0.050066665 -0.044447642 0.996956170
1305031114.843208 -0.165943995 -0.030226739 0.041290015 0.039477319 -0.050984003 -0.046426080 0.996838391
1305031114.879281 -0.162146613 -0.026566386 0.040531561 0.039838694 -0.051561799 -0.046287633 0.996800721
1305031114.912879 -0.160539731 -0.022598412 0.038636800 0.039453961 -0.050291874 -0.046180837 0.996885836
1305031114.943234 -0.150415689 -0.019033622 0.040251937 0.037873272 -0.051835574 -0.047062684 0.996826887
1305031114.979280 -0.144879073 -0.016034972 0.040444791 0.036183812 -0.049342148 -0.047997430 0.996971548
1305031115.011300 -0.138634369 -0.011079390 0.041499946 0.033002932 -0.047889929 -0.049698405 0.997069418
1305031115.043508 -0.125323966 -0.013644524 0.045805871 0.028595427 -0.047411796 -0.049129900 0.997256577
1305031115.079238 -0.116348878 -0.007674526 0.046291847 0.028733129 -0.044190530 -0.049694251 0.997372627
1305031115.111230 -0.097720996 -0.009633033 0.048306715 0.024500217 -0.043056045 -0.047027972 0.997664452
1305031115.143275 -0.082685493 -0.010859507 0.052840907 0.022844521 -0.036658604 -0.044804972 0.998061538
1305031115.179440 -0.075429142 -0.009628741 0.053251341 0.021414088 -0.032444526 -0.043185167 0.998310506
1305031115.211374 -0.057396162 -0.013712975 0.060004633 0.020405229 -0.032557312 -0.039652199 0.998474479
1305031115.243297 -0.042215183 -0.014442662 0.064227335 0.025225710 -0.028226892 -0.036039874 0.998633087
1305031115.279966 -0.028293876 -0.010017296 0.061046664 0.026954569 -0.026189765 -0.031490885 0.998797178
1305031115.311704 -0.003155452 -0.013903812 0.070283756 0.026493495 -0.025512110 -0.024610758 0.999020278
1305031115.343235 0.015474401 -0.006957580 0.072152063 0.032548808 -0.017847857 -0.020689435 0.999096572
1305031115.379166 0.009586410 -0.000518691 0.066767991 0.029415641 -0.008430403 -0.016723828 0.999391794
1305031115.411237 0.028915865 -0.004571732 0.072469510 0.022014981 -0.017294338 -0.013075664 0.999522507
1305031115.443159 0.051473405 -0.004219100 0.072690867 0.018907350 -0.022184025 -0.007316228 0.999548316
1305031115.479241 0.066313237 -0.002073816 0.073423184 0.015390385 -0.022008518 -0.001202799 0.999638617
1305031115.511253 0.099126481 -0.004899344 0.077493884 0.011682210 -0.026822647 0.003722794 0.999565005
1305031115.543604 0.124487504 -0.008436271 0.074469648 0.010196295 -0.016466539 0.011489263 0.999746442
1305031115.579315 0.131573185 -0.006974153 0.072438657 0.011267849 -0.002398032 0.017300928 0.999783933
1305031115.611424 0.149361059 -0.006650137 0.072387181 0.012106290 0.002099962 0.023602273 0.999645889
1305031115.643254 0.161630034 -0.007308485 0.071407989 0.013433096 0.009051539 0.031707484 0.999365926
1305031115.679241 0.169456080 -0.007936305 0.066937223 0.015098450 0.014143895 0.042354692 0.998888433
1305031115.711320 0.194429412 -0.001857385 0.067453325 0.017373318 0.009792587 0.051535755 0.998471975
1305031115.743250 0.218239948 -0.004098190 0.065850161 0.016289949 0.013649074 0.058325410 0.998071373
1305031115.779425 0.229599476 -0.002307575 0.060227036 0.018694131 0.024443531 0.065611795 0.997370601
1305031115.811277 0.250497103 0.001234757 0.059869282 0.019244865 0.029953294 0.074760638 0.996565759
1305031115.843224 0.259755909 0.000118141 0.058130376 0.016490957 0.041525260 0.082368061 0.995599926
1305031115.879198 0.265238494 -0.003342010 0.056835856 0.016557239 0.050266199 0.089704007 0.994561374
1305031115.911118 0.282868177 0.002433078 0.056254316 0.020331321 0.051343545 0.095557332 0.993891001
1305031115.943311 0.295440763 0.006123158 0.057522345 0.020412778 0.057457581 0.102098033 0.992903829
1305031115.980740 0.311768085 0.009255562 0.057570346 0.019442827 0.061248086 0.108084463 0.992062747
1305031116.011379 0.334836423 0.015613148 0.057943232 0.018311251 0.065066107 0.111833952 0.991425395
1305031116.043164 0.342687577 0.014091477 0.053783756 0.013448066 0.079364166 0.115152203 0.990081012
1305031116.080030 0.344245613 0.021963971 0.056569427 0.011685236 0.093279153 0.119512007 0.988372087
1305031116.111300 0.370314151 0.021931816 0.056111269 0.003383225 0.096053481 0.123762712 0.987646222
1305031116.143441 0.375721276 0.024481831 0.060009517 0.000670684 0.105491795 0.128397614 0.986095905
1305031116.179572 0.386105269 0.023407271 0.060546212 -0.002948590 0.110539690 0.130706891 0.985234976
1305031116.211299 0.395994991 0.019959871 0.059193216 -0.009575785 0.115366295 0.134201661 0.984169066
1305031116.243320 0.428005904 0.012021361 0.058253884 -0.017050287 0.114541031 0.137380943 0.983725607
1305031116.279385 0.440040708 0.012794520 0.053336702 -0.018011641 0.122020632 0.141709134 0.982194006
1305031116.311336 0.443697304 0.013693831 0.056891218 -0.020981625 0.132234693 0.145098567 0.980316341
1305031116.343292 0.449542820 0.007820399 0.057923883 -0.023967572 0.138383061 0.148668692 0.978863239
1305031116.379384 0.449260980 0.010171159 0.059928745 -0.016900077 0.144373685 0.148997843 0.978095233
1305031116.411333 0.452250004 0.014914207 0.055628613 -0.011845052 0.145085350 0.152662992 0.977498829
1305031116.443369 0.452777863 0.018846553 0.053486049 -0.012517529 0.146790653 0.162363723 0.975670934
1305031116.479850 0.448778510 0.009343730 0.055957034 -0.016727859 0.150839105 0.165632084 0.974440217
1305031116.511205 0.448316991 0.008876089 0.049859658 -0.015001116 0.148666292 0.161750332 0.975453794
1305031116.543262 0.443476468 0.013836933 0.048113801 -0.010213898 0.148347735 0.157564551 0.976248980
1305031116.579313 0.419458300 0.019771300 0.053643554 -0.006400931 0.154032484 0.153675079 0.976020992
1305031116.611261 0.412530661 0.010028252 0.048687331 -0.010124284 0.147232533 0.147566289 0.977979720
1305031116.643355 0.402085811 0.010832881 0.042848080 -0.008098947 0.138805732 0.137766153 0.980656862
1305031116.679281 0.394068658 0.012640623 0.042933136 -0.006434897 0.130596414 0.129738793 0.982889116
1305031116.711634 0.378793389 0.014841381 0.044631511 -0.004750141 0.127507269 0.119029358 0.984658003
1305031116.743291 0.361932755 0.021489186 0.047150917 -0.002503412 0.124955565 0.107337274 0.986335933
1305031116.779298 0.345771849 0.016215269 0.045368351 -0.007216707 0.122067682 0.097145289 0.987729847
1305031116.811318 0.324275225 0.013393685 0.046268798 -0.007394011 0.122325353 0.089244522 0.988441825
1305031116.846089 0.310105622 0.013839867 0.043049634 -0.004883936 0.111179054 0.080326833 0.990536690
1305031116.880165 0.288651019 0.015965929 0.046236027 -0.004566533 0.104022689 0.073630035 0.991835177
1305031116.912044 0.266690403 0.014071682 0.046379734 -0.003793410 0.095975496 0.068527572 0.993014753
1305031116.943296 0.252563268 0.017797448 0.044539362 -0.002944116 0.081578910 0.059863064 0.994863153
1305031116.979351 0.237315953 0.014433458 0.046587572 -0.003494775 0.070018671 0.049477950 0.996311724
1305031117.011382 0.222962216 0.018123593 0.049627755 0.000021316 0.058396246 0.040542752 0.997469902
1305031117.043261 0.207892135 0.021427996 0.048822161 0.000514195 0.048852086 0.034612957 0.998205960
1305031117.079520 0.197028831 0.024085851 0.050626591 -0.000556092 0.038246974 0.027786782 0.998881757
1305031117.111238 0.184254825 0.022109395 0.049322210 -0.003467640 0.027043313 0.025708266 0.999297619
1305031117.143218 0.175984025 0.024937022 0.047044195 -0.005445670 0.015294656 0.025651125 0.999539137
1305031117.179264 0.144628629 0.036183424 0.053328075 -0.003093860 0.015268315 0.018497149 0.999707520
1305031117.211361 0.144087955 0.036763426 0.055060863 -0.005037115 0.006433045 0.015035574 0.999853551
1305031117.243277 0.144455895 0.040732596 0.056120932 -0.007338825 0.002375460 0.013270417 0.999882162
1305031117.279299 0.145664245 0.038301568 0.060472827 -0.012921875 0.001015123 0.009932819 0.999866664
1305031117.311200 0.133508444 0.035792448 0.060884066 -0.016641615 0.007430688 0.007754561 0.999803841
1305031117.343243 0.129591450 0.032510664 0.060740799 -0.018453235 0.007922833 0.006987336 0.999773920
1305031117.379454 0.132123947 0.025144089 0.059941527 -0.019924104 0.006578189 0.006825260 0.999756575
1305031117.411221 0.132175922 0.019616006 0.058866028 -0.019256949 0.004623138 0.007562250 0.999775290
1305031117.443274 0.133712187 0.018478788 0.058885634 -0.015467019 0.002342672 0.008740522 0.999839425
1305031117.479403 0.130615100 0.010772058 0.057028838 -0.014757838 0.002706024 0.009522047 0.999842107
1305031117.511325 0.130755261 0.001974408 0.057127025 -0.012697666 0.001017666 0.011295443 0.999855042
1305031117.544285 0.127612859 -0.003443619 0.053546946 -0.008478240 0.001322833 0.012095791 0.999890029
1305031117.579155 0.124285430 -0.008921188 0.052939586 -0.005373548 0.001058005 0.009713825 0.999937832
1305031117.611159 0.125478894 -0.016404843 0.053134218 -0.004819841 -0.001071326 0.010596524 0.999931633
1305031117.643252 0.124010205 -0.024367545 0.054601394 -0.003243691 -0.002535415 0.011442009 0.999926031
1305031117.679262 0.123192511 -0.029709073 0.055985898 -0.002588124 -0.005004544 0.011961949 0.999912560
1305031117.711184 0.124827772 -0.039499123 0.059337556 -0.003560276 -0.008088184 0.014005979 0.999862850
1305031117.743184 0.127845317 -0.050625481 0.062120624 -0.004435153 -0.011752364 0.017859895 0.999761581
1305031117.779467 0.129707098 -0.057163011 0.064619772 -0.003913691 -0.015046374 0.020707194 0.999664664
1305031117.811320 0.131199136 -0.070206508 0.067845449 -0.005720181 -0.017277207 0.021881791 0.999594867
1305031117.843291 0.135666326 -0.077470317 0.072448947 -0.002472344 -0.018363612 0.022367869 0.999578059
1305031117.879451 0.135614410 -0.086078882 0.073541842 -0.001566839 -0.014958757 0.022706619 0.999629021
1305031117.911407 0.133985147 -0.095564842 0.077506393 -0.000422124 -0.012525843 0.022127006 0.999676585
1305031117.943253 0.135360181 -0.104077086 0.079527706 0.000341196 -0.010900132 0.022540135 0.999686420
1305031117.979228 0.134498924 -0.112154447 0.082419246 -0.001189522 -0.008936311 0.022823310 0.999698877
1305031118.011228 0.135174364 -0.126436532 0.087950304 -0.004136849 -0.008684340 0.022167539 0.999707997
1305031118.043521 0.136736214 -0.136920542 0.091009051 -0.003809484 -0.007845510 0.022465801 0.999709547
1305031118.079334 0.136826932 -0.143541783 0.094189860 -0.002494227 -0.006151990 0.020530295 0.999767184
1305031118.111217 0.140313998 -0.155558452 0.098968625 -0.003046546 -0.002835473 0.019675655 0.999797761
1305031118.143256 0.138806984 -0.164457753 0.100244507 -0.001520614 0.002482401 0.018413341 0.999826193
1305031118.179323 0.139724508 -0.176880568 0.104494274 -0.002076899 0.005149471 0.017639704 0.999828994
1305031118.211202 0.137014180 -0.188116506 0.105950616 0.000299312 0.008627254 0.018471802 0.999792099
1305031118.243173 0.136877179 -0.196802124 0.107391894 0.003459003 0.007677145 0.017808475 0.999805927
1305031118.279194 0.138733312 -0.208660632 0.110551275 0.006529573 0.007277034 0.017760050 0.999794483
1305031118.311299 0.138009936 -0.217449173 0.110893577 0.012549418 0.007887249 0.017028162 0.999745131
1305031118.343324 0.141079143 -0.220221937 0.114870168 0.018586908 0.008069708 0.015860366 0.999668837
1305031118.379208 0.138828963 -0.229918659 0.115248159 0.021561503 0.010739408 0.013993023 0.999611855
1305031118.411296 0.134368405 -0.230658904 0.116043344 0.025697185 0.010684603 0.013840474 0.999516785
1305031118.445692 0.136117309 -0.231829941 0.118436001 0.026976138 0.010045914 0.016658718 0.999446750
1305031118.479285 0.147728577 -0.250417650 0.123668589 0.021642070 0.004847140 0.018675426 0.999579608
1305031118.511255 0.148063898 -0.247066185 0.123339079 0.024707276 0.004974600 0.019392828 0.999494255
1305031118.544414 0.149576679 -0.241407275 0.125116959 0.024641024 0.005165442 0.018751685 0.999507129
1305031118.579285 0.152314246 -0.239792362 0.126438394 0.022539798 0.005317819 0.018659050 0.999557614
1305031118.616142 0.152099535 -0.233860955 0.125653356 0.022692140 0.007707308 0.016030284 0.999584258
1305031118.645325 0.150923103 -0.225061163 0.125063047 0.022445500 0.010215681 0.013621824 0.999603033
1305031118.679295 0.148803160 -0.217415512 0.124360584 0.020037482 0.011951396 0.011604605 0.999660432
1305031118.711421 0.149064139 -0.212874398 0.123926058 0.018453319 0.011249233 0.010287368 0.999713480
1305031118.746770 0.144883201 -0.204230756 0.118418336 0.020279523 0.009938579 0.010827720 0.999686301
1305031118.779277 0.144980520 -0.184078619 0.116764598 0.021302123 0.005672043 0.010173110 0.999705195
1305031118.811221 0.149280339 -0.184602931 0.118258625 0.014545304 0.002094111 0.009171106 0.999849975
1305031118.846753 0.152589485 -0.174809054 0.112787433 0.018357448 0.001106434 0.010373265 0.999777079
1305031118.879208 0.149822444 -0.152639136 0.105566934 0.022030806 0.004421869 0.008847496 0.999708354
1305031118.911177 0.148186490 -0.148141176 0.103018001 0.017774791 0.005813511 0.005955907 0.999807358
1305031118.946974 0.147682518 -0.135531858 0.097517796 0.019006256 0.007155318 0.004181747 0.999785006
1305031118.979374 0.145896882 -0.119011521 0.092491083 0.019327523 0.008236502 0.000616543 0.999779105
1305031119.011363 0.142391384 -0.108184345 0.089391321 0.015799781 0.008627379 -0.001938137 0.999836087
1305031119.047172 0.135848492 -0.092290774 0.082795821 0.015733078 0.010214218 -0.002235745 0.999821544
1305031119.079223 0.132005155 -0.080827385 0.074991286 0.015680285 0.008902962 -0.002383418 0.999834597
1305031119.111328 0.130447999 -0.070423990 0.072677732 0.015589156 0.005011704 -0.001810044 0.999864280
1305031119.147616 0.127454251 -0.058736984 0.066828638 0.015679995 0.002142880 -0.001427789 0.999873757
1305031119.179226 0.128222272 -0.052473612 0.064130723 0.014654108 -0.002773786 -0.001577053 0.999887526
1305031119.211364 0.129219308 -0.040067900 0.060031235 0.018035345 -0.005193798 -0.000234375 0.999823809
1305031119.247399 0.128490567 -0.028792750 0.056480389 0.018998157 -0.006700823 0.000897998 0.999796689
1305031119.279212 0.126962632 -0.017849162 0.052613314 0.019706918 -0.007215491 0.000602312 0.999779582
1305031119.311212 0.126376599 -0.008503542 0.049982913 0.019601399 -0.008111778 0.003557056 0.999768674
1305031119.347741 0.124389507 -0.000680870 0.045607038 0.019987714 -0.009574921 0.005838091 0.999737322
1305031119.379239 0.124007210 0.015374911 0.043134827 0.023043467 -0.011939873 0.005617686 0.999647379
1305031119.411484 0.126548409 0.023272313 0.040732756 0.021311909 -0.012782061 0.006534330 0.999669790
1305031119.447706 0.125444457 0.031841617 0.037924521 0.020485647 -0.010051129 0.007031269 0.999714911
1305031119.479267 0.122934885 0.045277808 0.035891991 0.023092311 -0.007461953 0.006137112 0.999686658
1305031119.511240 0.120267354 0.055254668 0.033634346 0.021571834 -0.005968229 0.007195452 0.999723554
1305031119.547382 0.119814806 0.068285041 0.032488704 0.021464707 -0.006147906 0.008310662 0.999716163
1305031119.579559 0.121827744 0.084444724 0.032993875 0.021396849 -0.006362331 0.008436360 0.999715209
1305031119.615017 0.117678858 0.090307809 0.030569047 0.016286250 -0.003117784 0.009456990 0.999817789
1305031119.647903 0.115121394 0.106661692 0.031401291 0.016061187 -0.002283409 0.009664369 0.999821663
1305031119.679208 0.116660133 0.124505058 0.031991635 0.015110022 -0.000766752 0.007660914 0.999856234
1305031119.715232 0.114739485 0.132400870 0.033129450 0.009049059 0.003957113 0.010309222 0.999898076
1305031119.747193 0.110434495 0.135288686 0.030890822 0.002879514 0.005829589 0.016855119 0.999836802
1305031119.779169 0.108267359 0.145959675 0.033261959 0.000994536 0.004166584 0.019495459 0.999800742
1305031119.814537 0.110568807 0.154133350 0.031540129 -0.001480066 0.001859284 0.023455577 0.999722064
1305031119.847429 0.112086087 0.164183766 0.031179957 -0.003467360 0.001689135 0.027732037 0.999607980
1305031119.879214 0.110205851 0.173985004 0.033332348 -0.002309410 0.004088325 0.027532930 0.999609888
1305031119.911401 0.106134400 0.189595282 0.030387249 0.000717902 0.006984317 0.028142901 0.999579251
1305031119.947392 0.107381575 0.197052464 0.031891186 -0.003324938 0.007648215 0.028587475 0.999556541
1305031119.979537 0.108927771 0.202072173 0.031120867 -0.006141960 0.009970674 0.028135916 0.999535501
1305031120.015264 0.105409227 0.214284450 0.029631503 -0.008268730 0.014479755 0.028848931 0.999444723
1305031120.047290 0.101688325 0.210422501 0.029726259 -0.018406190 0.016185278 0.030984569 0.999219298
1305031120.079418 0.100420088 0.212701365 0.031113531 -0.018767010 0.013325626 0.034262665 0.999147773
1305031120.115232 0.098964438 0.217544839 0.031616800 -0.018547844 0.011343484 0.036266077 0.999105632
1305031120.148157 0.100913525 0.216288894 0.031453677 -0.020477919 0.010386326 0.035994463 0.999088168
1305031120.179246 0.102369331 0.212029070 0.032198228 -0.019977739 0.010320288 0.038845051 0.998992205
1305031120.215249 0.105477139 0.199191660 0.030622333 -0.019853862 0.008799624 0.039216176 0.998994768
1305031120.248003 0.104896940 0.199600637 0.031315677 -0.013826525 0.010072520 0.035725635 0.999215186
1305031120.279430 0.105095729 0.193928376 0.031244347 -0.010789667 0.011279727 0.034022696 0.999299109
1305031120.315196 0.106765792 0.179874271 0.032727875 -0.011386738 0.011207045 0.032108754 0.999356687
1305031120.347787 0.107659809 0.175962746 0.033417176 -0.006184146 0.011895377 0.030064590 0.999458075
1305031120.379437 0.108298197 0.165438294 0.035228357 -0.005533591 0.011866969 0.029439440 0.999480784
1305031120.415445 0.111126184 0.144379601 0.038241263 -0.003280216 0.011069220 0.027734548 0.999548674
1305031120.447417 0.111091018 0.143594235 0.040238518 0.007161254 0.010727952 0.027969435 0.999525607
1305031120.479432 0.114808902 0.125954315 0.042950232 0.006396653 0.008878971 0.028253701 0.999540865
1305031120.514819 0.112071514 0.116053589 0.047707569 0.013792980 0.008599461 0.029577332 0.999430358
1305031120.547736 0.113590740 0.105206504 0.048893400 0.019477485 0.005317043 0.031210534 0.999308884
1305031120.579551 0.112464890 0.096691459 0.049811028 0.022846343 0.002300801 0.034002457 0.999157965
1305031120.615236 0.117445961 0.083027519 0.054196034 0.024495522 -0.003692999 0.036375407 0.999031067
1305031120.647354 0.118620858 0.077029683 0.056888118 0.030911760 -0.006269699 0.035888273 0.998857915
1305031120.679318 0.122991584 0.066591203 0.060420588 0.032284085 -0.009049596 0.037083682 0.998749554
1305031120.714522 0.124072500 0.056016207 0.062665962 0.033838194 -0.009591921 0.038071390 0.998655915
1305031120.747369 0.124692440 0.045755360 0.065221928 0.034443855 -0.011860836 0.038138434 0.998608291
1305031120.779894 0.129049793 0.034425426 0.069269188 0.036188792 -0.015130906 0.038086072 0.998504281
1305031120.814944 0.129231051 0.027374234 0.069544844 0.039114933 -0.014827216 0.037032809 0.998438179
1305031120.847921 0.131290853 0.016104020 0.072042547 0.037513454 -0.016163241 0.035339680 0.998540282
1305031120.883435 0.135266274 0.004866374 0.074792080 0.039241590 -0.016683389 0.033620648 0.998524666
1305031120.915444 0.133190140 -0.001561679 0.074920774 0.041093834 -0.014052588 0.031183435 0.998569667
1305031120.947488 0.133426607 -0.010194259 0.077917933 0.041351069 -0.013436171 0.029433150 0.998620689
1305031120.983366 0.132397294 -0.020933270 0.078038685 0.041119911 -0.012614340 0.027243266 0.998703063
1305031121.015019 0.134080797 -0.031988181 0.079356641 0.041835956 -0.013701249 0.026186319 0.998687267
1305031121.047498 0.132222667 -0.037439428 0.080175161 0.043580074 -0.012414183 0.024912544 0.998662114
1305031121.083099 0.132727817 -0.054417223 0.082185782 0.041946907 -0.013702735 0.023844440 0.998741269
1305031121.114696 0.135285795 -0.062180825 0.082021229 0.044381127 -0.015710693 0.024828894 0.998582482
1305031121.147331 0.132985711 -0.070568159 0.081579782 0.046381578 -0.015232295 0.023169594 0.998538852
1305031121.183271 0.133655459 -0.080295540 0.083849028 0.048053373 -0.016557572 0.022592425 0.998451948
1305031121.211420 0.137404099 -0.091191784 0.085480288 0.049877200 -0.017257415 0.022361912 0.998355806
1305031121.247194 0.133147404 -0.097789824 0.084383495 0.052365422 -0.014143341 0.021154664 0.998303711
1305031121.282876 0.133713141 -0.110664047 0.085301302 0.050925843 -0.015606062 0.022439012 0.998328388
1305031121.313568 0.136905447 -0.121866837 0.088527948 0.053240456 -0.016758503 0.023360325 0.998167813
1305031121.347517 0.135006845 -0.129997998 0.088782705 0.054985195 -0.017285218 0.024361769 0.998040318
1305031121.383226 0.138045609 -0.142787471 0.092634000 0.055849332 -0.019249527 0.024737068 0.997947097
1305031121.414318 0.138384730 -0.151312843 0.090667792 0.059872907 -0.017785909 0.023406498 0.997772992
1305031121.447319 0.139016762 -0.158971474 0.092346653 0.061090644 -0.017650230 0.024158375 0.997683704
1305031121.482964 0.142435640 -0.173166990 0.098158881 0.061491184 -0.016629204 0.025534412 0.997642338
1305031121.514107 0.140711516 -0.177652568 0.095587812 0.065350704 -0.014220088 0.026757937 0.997402132
1305031121.547270 0.140091494 -0.183711022 0.096584089 0.064665295 -0.013698905 0.026705747 0.997455537
1305031121.583204 0.141428441 -0.194872737 0.100103050 0.062525712 -0.012677494 0.026298285 0.997616231
1305031121.614700 0.142227203 -0.202524230 0.102248088 0.063812286 -0.010887633 0.024938913 0.997590840
1305031121.647183 0.143525839 -0.208411783 0.102295928 0.064409539 -0.006620961 0.022504618 0.997647762
1305031121.683200 0.139572203 -0.216395140 0.103677854 0.061729867 -0.001572861 0.021257460 0.997865200
1305031121.714520 0.140051484 -0.227184892 0.104044765 0.059489839 -0.001350089 0.023321286 0.997955501
1305031121.747145 0.139227480 -0.232288137 0.104441434 0.057981133 -0.000683626 0.023459503 0.998041749
1305031121.782835 0.141423851 -0.239607424 0.107766494 0.056090038 -0.001049546 0.025722690 0.998093784
1305031121.811540 0.145382866 -0.248228937 0.112445027 0.052707911 -0.001787958 0.028007504 0.998215556
1305031121.847335 0.144901425 -0.250936776 0.113835588 0.051055230 -0.000213623 0.030725315 0.998223066
1305031121.882060 0.144941926 -0.254507005 0.114302158 0.048517752 -0.000431313 0.037310190 0.998125136
1305031121.914931 0.141701385 -0.255367190 0.113295577 0.047131155 -0.001127826 0.039133593 0.998121202
1305031121.947288 0.143592149 -0.254330069 0.114705548 0.047557667 -0.003597384 0.038301542 0.998127401
1305031121.982926 0.145456269 -0.249437273 0.114856981 0.048227273 -0.003877693 0.038243305 0.998096466
1305031122.014256 0.142694592 -0.247012228 0.113515757 0.047363099 -0.002928283 0.035984263 0.998225093
1305031122.047306 0.144012466 -0.240007982 0.113952041 0.049238909 -0.004671015 0.033067416 0.998228550
1305031122.082959 0.145043597 -0.232863322 0.112442128 0.050009243 -0.005385476 0.029575391 0.998296261
1305031122.114672 0.142962188 -0.221688613 0.109105125 0.052206390 -0.004795234 0.025413737 0.998301387
1305031122.150725 0.144399062 -0.213871673 0.108531378 0.051155385 -0.005572724 0.020387921 0.998467028
1305031122.183042 0.143906534 -0.202339083 0.105386853 0.053085379 -0.003984777 0.015315180 0.998464584
1305031122.214959 0.140230104 -0.179683030 0.100382812 0.053551909 -0.001283833 0.010176749 0.998512387
1305031122.251319 0.138615489 -0.176391736 0.100539289 0.046165623 -0.000402186 0.006836089 0.998910308
1305031122.283560 0.134014443 -0.163681358 0.094991833 0.045998573 0.000087327 0.004163694 0.998932838
1305031122.314289 0.125596926 -0.137180343 0.089156687 0.045362331 0.000967968 -0.001841882 0.998968422
1305031122.351327 0.126477391 -0.124061145 0.086669259 0.039835520 -0.002022143 -0.002407536 0.999201298
1305031122.382630 0.124399774 -0.116941527 0.085817441 0.034055047 -0.004264945 -0.003684892 0.999404013
1305031122.414997 0.122375757 -0.109085061 0.080378056 0.029256221 -0.008159003 -0.003090133 0.999533832
1305031122.451257 0.119620040 -0.093828432 0.075568579 0.029319417 -0.012440925 -0.002843977 0.999488652
1305031122.483360 0.121384680 -0.082699187 0.074000344 0.026791200 -0.018715195 -0.002215970 0.999463379
1305031122.515097 0.119499505 -0.070633091 0.070315868 0.026353331 -0.021870751 -0.004229732 0.999404490
1305031122.551490 0.120701939 -0.060090423 0.066460527 0.024485059 -0.023085527 -0.006365129 0.999413311
1305031122.583208 0.122609079 -0.052777227 0.065977260 0.021927154 -0.023109235 -0.006535531 0.999471068
1305031122.614980 0.116320416 -0.042488590 0.059867337 0.021912742 -0.021354754 -0.006245819 0.999512315
1305031122.648788 0.114961803 -0.030924739 0.055828080 0.023711730 -0.023039954 -0.006129724 0.999434531
1305031122.683402 0.114808559 -0.020924188 0.052971244 0.024047449 -0.024786996 -0.004541552 0.999393165
1305031122.715208 0.111175992 -0.009573773 0.050281610 0.024637852 -0.026857626 -0.001871660 0.999333858
1305031122.751298 0.111630850 0.009274075 0.048121091 0.027863955 -0.029676313 -0.002214321 0.999168694
1305031122.783423 0.112079605 0.022622412 0.046825211 0.025104865 -0.030616211 -0.001881406 0.999214113
1305031122.812555 0.113327563 0.031969868 0.047126904 0.020418618 -0.030524565 -0.002343685 0.999322653
1305031122.851418 0.116705813 0.043154776 0.047325179 0.019301932 -0.027796125 -0.004351731 0.999417782
1305031122.883754 0.111645982 0.055573478 0.044852454 0.017627524 -0.019934552 -0.004271642 0.999636769
1305031122.914571 0.109412961 0.058819439 0.043804314 0.012383168 -0.017392021 -0.002560901 0.999768794
1305031122.951341 0.107687064 0.066656552 0.042319693 0.011592316 -0.016339224 -0.001278727 0.999798477
1305031122.982815 0.104805425 0.077890262 0.040927991 0.011063576 -0.016180849 0.002741598 0.999804139
1305031123.015450 0.104707420 0.082761899 0.040065870 0.007967472 -0.017644180 0.005310184 0.999798477
1305031123.051827 0.105893753 0.088787854 0.039178289 0.008188182 -0.018061277 0.007214026 0.999777317
1305031123.082975 0.104313381 0.103298791 0.037515372 0.010776217 -0.017093547 0.009756585 0.999748230
1305031123.113873 0.104039930 0.112401351 0.038267680 0.008119074 -0.016350498 0.012663155 0.999753177
1305031123.150822 0.102709122 0.119624116 0.038559027 0.005179140 -0.015468982 0.013021537 0.999782085
1305031123.182155 0.105720297 0.134740591 0.039093912 0.005179801 -0.015313601 0.013394409 0.999779582
1305031123.214704 0.106237888 0.146655798 0.039986111 0.001971394 -0.010956322 0.013335456 0.999849141
1305031123.250618 0.105403714 0.162253588 0.040038269 -0.001316749 -0.007444126 0.013336856 0.999882519
1305031123.282347 0.106097773 0.170739651 0.041559160 -0.009447385 -0.005210409 0.016230594 0.999810040
1305031123.311327 0.106355190 0.179620221 0.044100095 -0.014375250 -0.001673930 0.017741172 0.999737859
1305031123.350481 0.107655860 0.190176100 0.044334017 -0.018092461 0.001337246 0.019064166 0.999653637
1305031123.382255 0.105776757 0.201909468 0.046405870 -0.020592034 0.006655058 0.022198189 0.999519348
1305031123.411363 0.106646895 0.207977906 0.045687638 -0.024257718 0.010474037 0.025506705 0.999325395
1305031123.451255 0.106192999 0.214134201 0.046429880 -0.027194921 0.012577849 0.027866295 0.999162555
1305031123.483594 0.105866805 0.226052418 0.046482824 -0.029079070 0.014056755 0.032053567 0.998964131
1305031123.511360 0.105484575 0.231742978 0.045690473 -0.032694425 0.015548691 0.035883881 0.998699963
1305031123.551513 0.110110253 0.229161605 0.041099586 -0.039790742 0.013291788 0.037291765 0.998423457
1305031123.579583 0.111702658 0.235821143 0.043044537 -0.041622926 0.012660269 0.040373325 0.998237073
1305031123.611335 0.112429693 0.242963985 0.040439941 -0.043110847 0.013941896 0.041594837 0.998106718
1305031123.652411 0.113120578 0.251055777 0.039895784 -0.046502467 0.015745133 0.041496545 0.997931719
1305031123.683753 0.113285378 0.255785614 0.038895082 -0.051323801 0.019303303 0.043763489 0.997536004
1305031123.711323 0.114492849 0.263151020 0.038341206 -0.054885231 0.022102606 0.044948962 0.997235477
1305031123.751723 0.113318898 0.269043386 0.040031470 -0.056520592 0.024171557 0.047710501 0.996967852
1305031123.783858 0.114555724 0.267400205 0.038215701 -0.060897853 0.022973681 0.049234923 0.996664226
1305031123.811608 0.114812896 0.269313544 0.036848553 -0.061757542 0.022550901 0.050394669 0.996563017
1305031123.851444 0.114086345 0.262084365 0.035344582 -0.067222141 0.022966292 0.052995019 0.996064901
1305031123.883786 0.111635990 0.265286654 0.035706665 -0.064199641 0.022742178 0.053934403 0.996218979
1305031123.911243 0.113199160 0.269722939 0.036894124 -0.057585374 0.020488987 0.052595038 0.996743619
1305031123.951442 0.114589237 0.255386382 0.034320969 -0.065001458 0.019750342 0.053882767 0.996233582
1305031123.983415 0.112795681 0.266949713 0.040418755 -0.057233755 0.017620668 0.055447757 0.996664107
1305031124.011302 0.113382578 0.263758451 0.042392567 -0.050812345 0.013561772 0.056052878 0.997041762
1305031124.051505 0.112552725 0.254164547 0.041246764 -0.049336150 0.011182476 0.056630138 0.997112811
1305031124.083837 0.113134593 0.252458692 0.046204917 -0.045173023 0.008387650 0.056139249 0.997365236
1305031124.111331 0.112642571 0.247574300 0.048738133 -0.036579125 0.006463204 0.054281782 0.997834504
1305031124.147446 0.114970915 0.233124152 0.046481729 -0.036291137 0.004863154 0.051805917 0.997985661
1305031124.182694 0.115648896 0.232792556 0.049792867 -0.030904414 0.003860306 0.049074836 0.998309433
1305031124.211396 0.116325893 0.215606213 0.055156909 -0.027799441 0.003151770 0.046053339 0.998547137
1305031124.249327 0.118948393 0.204864874 0.054404382 -0.024957556 0.000667283 0.046603251 0.998601437
1305031124.282545 0.117122643 0.196873143 0.054279868 -0.024498397 -0.002477482 0.046011541 0.998637378
1305031124.311361 0.121764094 0.176378354 0.057068154 -0.025727313 -0.007972421 0.045973379 0.998579502
1305031124.350354 0.120577045 0.174989581 0.056645755 -0.016766282 -0.009981426 0.044088300 0.998837054
1305031124.382420 0.121331505 0.165043592 0.059541229 -0.013458709 -0.011984635 0.042925306 0.998915732
1305031124.411439 0.123548403 0.149280727 0.057965044 -0.010914675 -0.013528122 0.041675739 0.998979986
1305031124.450245 0.124515817 0.139674336 0.059328891 -0.003636764 -0.014498325 0.038957700 0.999129057
1305031124.480099 0.124910206 0.125628009 0.058533609 0.001089332 -0.015019678 0.036123045 0.999233902
1305031124.511324 0.123994857 0.115971342 0.057785768 0.007382216 -0.015720999 0.033827428 0.999276757
1305031124.550437 0.125315279 0.104048088 0.058733840 0.010781863 -0.017396176 0.031004896 0.999309719
1305031124.579404 0.124991059 0.090288818 0.059568118 0.013598397 -0.019127220 0.028516699 0.999317825
1305031124.611358 0.124630563 0.078896336 0.061413057 0.018720014 -0.020706540 0.025576942 0.999283075
1305031124.651271 0.127921462 0.066161282 0.062477503 0.021425100 -0.023925364 0.024635859 0.999180436
1305031124.679362 0.132422954 0.051002167 0.065145791 0.023758613 -0.026888501 0.023081815 0.999089479
1305031124.711251 0.133860961 0.039960880 0.066462271 0.027925445 -0.026898468 0.021350477 0.999019921
1305031124.749890 0.133382484 0.026086768 0.069366314 0.029688872 -0.026404949 0.018757284 0.999034286
1305031124.779365 0.133847848 0.013315106 0.070364192 0.032624803 -0.027268002 0.018387774 0.998926401
1305031124.811360 0.134041756 0.001934791 0.073021583 0.034573264 -0.027851949 0.018131934 0.998849452
1305031124.850535 0.135938928 -0.011502280 0.077455834 0.034289837 -0.029622942 0.017059267 0.998827159
1305031124.879355 0.143125013 -0.028851792 0.080552697 0.034366261 -0.031878971 0.016992407 0.998756230
1305031124.911448 0.142813191 -0.034405783 0.084056467 0.037500758 -0.028765416 0.016775718 0.998741627
1305031124.950730 0.142663404 -0.047062129 0.089279458 0.034407306 -0.027014259 0.016441904 0.998907447
1305031124.979438 0.142526418 -0.067395248 0.093433321 0.033266921 -0.026028223 0.018030399 0.998944819
1305031125.011454 0.140187308 -0.077791266 0.095060468 0.038171642 -0.027481748 0.018790334 0.998716474
1305031125.050763 0.144725367 -0.081778124 0.098899409 0.041864403 -0.030771293 0.019731376 0.998454452
1305031125.079364 0.145068392 -0.094454035 0.102506615 0.040360838 -0.029758461 0.022708472 0.998483777
1305031125.111364 0.145091251 -0.108699448 0.104463801 0.040170152 -0.030799733 0.023578448 0.998439729
1305031125.151013 0.146760777 -0.118100978 0.104782216 0.043697815 -0.030972095 0.021403600 0.998335183
1305031125.179353 0.142975599 -0.121062435 0.106104925 0.044787522 -0.026849007 0.021107092 0.998412609
1305031125.211320 0.144985870 -0.134945199 0.111614756 0.040186983 -0.026873427 0.022810342 0.998570263
1305031125.250632 0.142930895 -0.149255410 0.112558961 0.040880993 -0.025579866 0.019485984 0.998646498
1305031125.279467 0.143095598 -0.152324855 0.115910590 0.044874460 -0.025608566 0.018957624 0.998484433
1305031125.311493 0.145301044 -0.164061129 0.119092084 0.044108514 -0.024618311 0.020102508 0.998521090
1305031125.348880 0.141764969 -0.169188052 0.118864492 0.048200108 -0.021877976 0.016584162 0.998460352
1305031125.379401 0.146457434 -0.173760086 0.123499706 0.048219405 -0.021187853 0.012343312 0.998535752
1305031125.411335 0.147375375 -0.179555744 0.126608342 0.047867075 -0.015088259 0.012000472 0.998667657
1305031125.451195 0.146347061 -0.186723024 0.127127320 0.044395454 -0.009461655 0.010690807 0.998912036
1305031125.479424 0.148245782 -0.195388287 0.130980000 0.044106204 -0.006177802 0.010003314 0.998957634
1305031125.511316 0.146211818 -0.196293637 0.129845813 0.044923548 -0.001609217 0.009292148 0.998945892
1305031125.551020 0.147278756 -0.199815348 0.131506279 0.043593865 0.001017756 0.007805709 0.999018371
1305031125.579308 0.147462159 -0.201282695 0.131902263 0.042150274 0.004771820 0.005889928 0.999082506
1305031125.611533 0.146088123 -0.207037583 0.129063249 0.041778374 0.008794273 0.005568775 0.999072671
1305031125.650575 0.139307782 -0.210818648 0.124193020 0.045174077 0.011073148 0.008269706 0.998883545
1305031125.679328 0.134463891 -0.201720417 0.118086040 0.050960653 0.008204075 0.008486285 0.998630881
1305031125.711443 0.139062315 -0.202025309 0.118684344 0.052020840 0.001001845 0.010201965 0.998593390
1305031125.751260 0.139755324 -0.188739404 0.115478240 0.058704913 -0.001445817 0.011151236 0.998212039
1305031125.779348 0.138508961 -0.182154462 0.112330385 0.058360152 -0.001649405 0.007580969 0.998265445
1305031125.811573 0.137624964 -0.171193838 0.108909652 0.059547760 -0.000497897 0.005867038 0.998208106
1305031125.847412 0.136658326 -0.162083507 0.107296795 0.057929352 0.001145344 0.003889438 0.998312473
1305031125.879318 0.133646488 -0.153810024 0.103101015 0.057672784 0.001161991 0.003488741 0.998328805
1305031125.911305 0.128794372 -0.140769526 0.097139955 0.055218209 -0.000980443 0.004788926 0.998462379
1305031125.947343 0.127133101 -0.134260893 0.098022178 0.051749345 -0.008097792 0.007861319 0.998596311
1305031125.979324 0.128076956 -0.120835327 0.095802203 0.052694079 -0.016240748 0.010049201 0.998428106
1305031126.011333 0.131383523 -0.106825680 0.095376514 0.051631108 -0.022948436 0.009564871 0.998356700
1305031126.047324 0.135689393 -0.091305181 0.096987709 0.049991000 -0.025784187 0.010163312 0.998365045
1305031126.079356 0.134993047 -0.078108363 0.096282102 0.046550773 -0.024165209 0.010596904 0.998567343
1305031126.111370 0.137245551 -0.068326600 0.095794410 0.042235706 -0.024421830 0.011448133 0.998743534
1305031126.147432 0.136321217 -0.051991157 0.095001109 0.041280728 -0.023262465 0.012761069 0.998795211
1305031126.179384 0.134258896 -0.036736742 0.092634067 0.035859801 -0.023160793 0.013186242 0.999001384
1305031126.211319 0.136651576 -0.028406447 0.095826186 0.030595135 -0.024909636 0.014566432 0.999115229
1305031126.247298 0.134239152 -0.011736197 0.094000459 0.029131170 -0.022653466 0.014034464 0.999220312
1305031126.279363 0.135649577 -0.000473805 0.093170792 0.024903314 -0.021608658 0.013467614 0.999365568
1305031126.311332 0.136388868 0.016597074 0.092798412 0.022464609 -0.019014677 0.012320305 0.999490857
1305031126.347363 0.133049518 0.026236137 0.092269272 0.017523946 -0.014037911 0.011473113 0.999682069
1305031126.379423 0.133012787 0.038910024 0.091921166 0.014669421 -0.011746570 0.010489765 0.999768376
1305031126.411465 0.132190943 0.050683711 0.090077378 0.010417309 -0.010113205 0.008811356 0.999855757
1305031126.447361 0.130668059 0.057764791 0.088371858 0.004974908 -0.008556350 0.010656102 0.999894202
1305031126.479533 0.128125355 0.067133255 0.086848691 0.002915936 -0.008436284 0.013658426 0.999866843
1305031126.511410 0.125714466 0.083873220 0.084631473 0.002338275 -0.009643409 0.014657720 0.999843299
1305031126.547374 0.129256174 0.093703941 0.084595703 -0.003337945 -0.011659093 0.015691321 0.999803305
1305031126.579454 0.130944863 0.103695139 0.085837997 -0.006663948 -0.010613782 0.017880121 0.999761581
1305031126.611528 0.130447999 0.113199428 0.084607936 -0.011384063 -0.009013185 0.019938368 0.999695778
1305031126.647376 0.134303272 0.115727678 0.084884726 -0.016858339 -0.009121615 0.022530770 0.999562383
1305031126.679479 0.132147551 0.122123465 0.082912713 -0.018482467 -0.006250389 0.026756125 0.999451578
1305031126.711583 0.133859932 0.130633757 0.082244813 -0.020095373 -0.005845496 0.030521791 0.999314964
1305031126.747316 0.134641141 0.130411461 0.081048980 -0.023091169 -0.004537817 0.033707395 0.999154627
1305031126.779379 0.135105669 0.138190880 0.078449890 -0.021558760 -0.003875836 0.036783911 0.999083161
1305031126.811602 0.136564791 0.143692330 0.077547602 -0.020864723 -0.001972866 0.036695544 0.999106705
1305031126.847343 0.138118625 0.146384299 0.075648896 -0.021870174 0.000942924 0.038033895 0.999036670
1305031126.879357 0.136637405 0.149685398 0.073485322 -0.022313878 0.003798571 0.038675785 0.998995423
1305031126.911364 0.138625845 0.149633035 0.071745008 -0.023501895 0.005259810 0.038655221 0.998962402
1305031126.947437 0.138489574 0.153021768 0.070836373 -0.023268409 0.005885729 0.040734496 0.998881757
1305031126.979337 0.137497753 0.154295012 0.071649231 -0.022906503 0.005369148 0.041872110 0.998845994
1305031127.011371 0.138665244 0.151711449 0.070464768 -0.022774767 0.004224533 0.042362794 0.998833716
1305031127.047297 0.139222875 0.151587963 0.068739653 -0.022333710 0.003599517 0.043610457 0.998792470
1305031127.079299 0.140174389 0.150829330 0.069981590 -0.022601413 0.002507060 0.043364692 0.998800457
1305031127.111435 0.138735056 0.150137991 0.070867009 -0.021771772 0.000665109 0.044397347 0.998776495
1305031127.147307 0.136630088 0.147462562 0.071043789 -0.020544296 -0.001615961 0.044281501 0.998806536
1305031127.179349 0.137525141 0.147016987 0.071004473 -0.018251333 -0.004688872 0.043500252 0.998875678
1305031127.211700 0.140584141 0.143924177 0.072355114 -0.018093780 -0.007309712 0.042979099 0.998885334
1305031127.247374 0.141002521 0.140082419 0.074120022 -0.016487470 -0.007388634 0.041813157 0.998962104
1305031127.279465 0.139972091 0.138821721 0.073759086 -0.014220984 -0.006966245 0.040959738 0.999035299
1305031127.311362 0.139482066 0.135662809 0.075461075 -0.014700389 -0.007816406 0.040154073 0.999054790
1305031127.347356 0.139251873 0.126981437 0.076382674 -0.015172897 -0.008868660 0.039563868 0.999062479
1305031127.379262 0.139568985 0.126304954 0.076302864 -0.012292909 -0.010032328 0.039393235 0.999097764
1305031127.411371 0.137452170 0.125988707 0.078137569 -0.011038177 -0.010268363 0.038080558 0.999160945
1305031127.447333 0.137790591 0.119366430 0.079058737 -0.011790811 -0.011423450 0.037430856 0.999164343
1305031127.479362 0.138211757 0.119853362 0.079927385 -0.009442419 -0.012886107 0.037147515 0.999182045
1305031127.511356 0.136477843 0.117834911 0.081002839 -0.010728409 -0.013144579 0.035997309 0.999207854
1305031127.547348 0.137817293 0.113934875 0.084093601 -0.010811904 -0.014664470 0.035456061 0.999205112
1305031127.579345 0.136772439 0.113771684 0.084058709 -0.008920196 -0.014663219 0.035323799 0.999228537
1305031127.611271 0.136287048 0.115721084 0.085800461 -0.008072570 -0.015137984 0.034666307 0.999251664
1305031127.647358 0.137329936 0.110707648 0.085943349 -0.010501744 -0.015894124 0.036483251 0.999152660
1305031127.679298 0.137291402 0.109991387 0.086615734 -0.008615166 -0.016318318 0.036811072 0.999151886
1305031127.711375 0.136380151 0.111259416 0.085960977 -0.007626071 -0.016651619 0.036384586 0.999170005
1305031127.747304 0.137210235 0.108537719 0.087592334 -0.009336267 -0.017523849 0.036423601 0.999139190
1305031127.779346 0.137953475 0.105419584 0.088286839 -0.009101799 -0.018036989 0.036525749 0.999128461
1305031127.811829 0.137231782 0.107809663 0.086935222 -0.006669581 -0.017987778 0.035650041 0.999180198
1305031127.847366 0.137052715 0.106280282 0.086886004 -0.007453268 -0.017956587 0.034781598 0.999205828
1305031127.879380 0.134968296 0.103596933 0.086155973 -0.008236435 -0.017288933 0.034123860 0.999234140
1305031127.911476 0.133586407 0.104546867 0.087024823 -0.007261387 -0.017716417 0.033705179 0.999248445
1305031127.947366 0.133694425 0.105450295 0.087337807 -0.007494713 -0.018700749 0.033847678 0.999223948
1305031127.979371 0.135318056 0.104828641 0.089650720 -0.009088037 -0.020363623 0.033706658 0.999182999
1305031128.011427 0.136409774 0.104738548 0.090946436 -0.009954843 -0.020827975 0.033363741 0.999176681
1305031128.047369 0.136980310 0.101551399 0.094003871 -0.013177884 -0.020137673 0.034709465 0.999107659
1305031128.079334 0.136970863 0.098132759 0.095536910 -0.013852819 -0.019881137 0.035732802 0.999067605
1305031128.111391 0.137109965 0.097692631 0.095781878 -0.013014364 -0.020103794 0.036166433 0.999058783
1305031128.147418 0.137037352 0.097027600 0.097465128 -0.013732381 -0.020173177 0.037807662 0.998987019
1305031128.179350 0.140815467 0.093348213 0.100263089 -0.013954609 -0.021923125 0.039199747 0.998893440
1305031128.211447 0.138789207 0.095162153 0.098302267 -0.011093054 -0.020707749 0.039443415 0.998945653
1305031128.247480 0.139491051 0.095273256 0.098066173 -0.011473441 -0.021647340 0.040082492 0.998896003
1305031128.279336 0.140708432 0.091740593 0.099549815 -0.012624412 -0.022593232 0.039846193 0.998870611
1305031128.311483 0.139855832 0.093037739 0.099015236 -0.010888293 -0.022139169 0.039328776 0.998921692
1305031128.347423 0.138099924 0.093345836 0.098986134 -0.010608706 -0.021470707 0.038124528 0.998986006
1305031128.379404 0.138535991 0.092106663 0.099021159 -0.011160679 -0.022032302 0.036618963 0.999024093
1305031128.411337 0.138575792 0.091290891 0.099247269 -0.010611725 -0.022051040 0.035333358 0.999075949
1305031128.447296 0.137438893 0.090455793 0.098135956 -0.010597093 -0.021515114 0.034175124 0.999128044
1305031128.479296 0.137235388 0.089532383 0.098621711 -0.011052893 -0.021674026 0.033231147 0.999151528
1305031128.511433 0.136676148 0.087830648 0.097939998 -0.011139940 -0.021064458 0.032248050 0.999195755
1305031128.547399 0.135857046 0.087937698 0.097429730 -0.010997668 -0.020005003 0.031896651 0.999230444
1305031128.579455 0.136799127 0.086191207 0.098344080 -0.010929748 -0.019950090 0.031488504 0.999245226
1305031128.611395 0.135159746 0.086352468 0.096962571 -0.009296928 -0.019434171 0.031601291 0.999268353
1305031128.647352 0.133895010 0.086099848 0.096335180 -0.009004422 -0.020076057 0.031912837 0.999248445
1305031128.679282 0.135139272 0.084217489 0.096070915 -0.009153673 -0.021938814 0.031312548 0.999226928
1305031128.711457 0.136373132 0.084867865 0.096348770 -0.007620140 -0.022402370 0.030592306 0.999251783
1305031128.747363 0.136277124 0.085205466 0.095234476 -0.006769112 -0.021131152 0.029467858 0.999319434
