1305031103.011215 -0.017888494 0.043750033 0.253688514 -0.046781175 -0.015615347 -0.003219593 0.998777926
1305031103.043227 -0.020295568 0.050335974 0.273306400 -0.046819199 -0.020947369 -0.001064576 0.998683155
1305031103.075319 -0.017592303 0.048041627 0.277778476 -0.047899805 -0.024329375 0.000872313 0.998555422
1305031103.111240 -0.017609086 0.053981513 0.284012824 -0.045548793 -0.024119219 0.002150384 0.998668611
1305031103.143318 -0.013141410 0.052590564 0.291558266 -0.049819488 -0.026588397 0.005420695 0.998389542
1305031103.175452 -0.013967362 0.059487477 0.297314852 -0.048049822 -0.024925208 0.005426691 0.998519123
1305031103.211220 -0.015830403 0.065034583 0.300708145 -0.050998174 -0.024282452 0.006336459 0.998383403
1305031103.243216 -0.014660205 0.067390777 0.307036787 -0.058003284 -0.024967432 0.010388150 0.997950077
1305031103.275370 -0.022014160 0.067951433 0.312424511 -0.067552961 -0.024392983 0.012293389 0.997341692
1305031103.311210 -0.021301568 0.062316440 0.317130566 -0.076556884 -0.034179498 0.012511055 0.996400654
1305031103.343223 -0.015201284 0.068161026 0.329445094 -0.075269930 -0.041263591 0.013798556 0.996213496
1305031103.375327 -0.013555701 0.067276105 0.330043465 -0.079014838 -0.040449422 0.015623776 0.995929897
1305031103.411260 -0.016279325 0.062700629 0.329412818 -0.081906267 -0.038508054 0.015834281 0.995769918
1305031103.443280 -0.018410672 0.061537143 0.325485170 -0.081353173 -0.039820280 0.014822590 0.995779276
1305031103.475274 -0.017268872 0.057664894 0.321871072 -0.081924275 -0.043059066 0.013384309 0.995617986
1305031103.511333 -0.017000696 0.053030744 0.316393852 -0.080256201 -0.044535387 0.010811221 0.995720148
1305031103.543444 -0.017002847 0.048546687 0.309721291 -0.076669030 -0.045590140 0.008801369 0.995974839
1305031103.575474 -0.019082438 0.046984851 0.300443262 -0.071702152 -0.045885131 0.008774407 0.996331453
1305031103.611223 -0.020489074 0.043034866 0.291741550 -0.069598801 -0.048373055 0.009451480 0.996356726
1305031103.643445 -0.019661458 0.038936261 0.282342106 -0.067244843 -0.052535940 0.010067552 0.996301532
1305031103.675523 -0.016706824 0.035598073 0.272541940 -0.064563453 -0.056020807 0.010908671 0.996280193
1305031103.711610 -0.015169728 0.032623421 0.262062937 -0.062059939 -0.057075143 0.010609566 0.996382713
1305031103.743326 -0.013982412 0.026918169 0.251735747 -0.060321309 -0.056871422 0.009478905 0.996512532
1305031103.775342 -0.013300103 0.025037641 0.239306018 -0.057145838 -0.056420542 0.006357104 0.996750057
1305031103.811242 -0.012839913 0.024419162 0.226906568 -0.056699581 -0.055189479 0.003242045 0.996859431
1305031103.843251 -0.016496126 0.025641896 0.214009017 -0.058202039 -0.053386215 0.000136650 0.996876299
1305031103.875361 -0.018138446 0.016076751 0.204269871 -0.066318519 -0.055746507 -0.003442834 0.996234059
1305031103.911221 -0.015665196 0.009732464 0.192768708 -0.066125341 -0.060493011 -0.004560032 0.995965481
1305031103.943211 -0.014113247 0.007323537 0.179924130 -0.064008705 -0.063321143 -0.005187055 0.995924890
1305031103.975373 -0.011229769 0.001661528 0.168345124 -0.062986888 -0.066029243 -0.006031741 0.995809436
1305031104.011232 -0.006805955 -0.005481955 0.156736821 -0.060356092 -0.067127950 -0.006981099 0.995892644
1305031104.043249 -0.002168549 -0.006980515 0.144604370 -0.052826017 -0.065460861 -0.008303479 0.996421278
1305031104.075425 -0.000393484 -0.006763268 0.132048011 -0.048161749 -0.060978752 -0.011285086 0.996912599
1305031104.111235 0.004999334 -0.014834170 0.120930851 -0.047287192 -0.056788102 -0.012174669 0.997191429
1305031104.143230 0.003138249 -0.018146779 0.108116448 -0.042493820 -0.050125942 -0.013315380 0.997749627
1305031104.175424 0.001279617 -0.019119231 0.095595174 -0.037623450 -0.046038408 -0.014676287 0.998122990
1305031104.211283 0.001188003 -0.022150179 0.086582713 -0.033839248 -0.043183990 -0.014836933 0.998383641
1305031104.243196 0.001301202 -0.023526762 0.074837744 -0.028811853 -0.040675823 -0.015204704 0.998641133
1305031104.275546 0.003779559 -0.028496128 0.061946131 -0.025802100 -0.038736425 -0.015354749 0.998798251
1305031104.311219 0.004766688 -0.029796168 0.051993310 -0.022067616 -0.035693642 -0.015478409 0.998999178
1305031104.343342 0.005988341 -0.029445585 0.041694231 -0.018501179 -0.031680383 -0.015637398 0.999204457
1305031104.375837 0.007131444 -0.029235367 0.033194222 -0.016221341 -0.027319685 -0.015132818 0.999380529
1305031104.411509 0.002308078 -0.030057903 0.023257671 -0.014732501 -0.021772837 -0.015284006 0.999537528
1305031104.443288 -0.002193834 -0.029254457 0.014077735 -0.013724180 -0.019075161 -0.014902432 0.999612749
1305031104.475456 -0.007775926 -0.026323332 0.009190660 -0.012435675 -0.018800849 -0.015150260 0.999631047
1305031104.511329 -0.007103845 -0.031251777 0.002185725 -0.013044745 -0.021895170 -0.013337808 0.999586165
1305031104.543368 -0.003621498 -0.032884043 -0.005851651 -0.009778870 -0.024996338 -0.012596663 0.999560356
1305031104.575343 0.001496667 -0.037507154 -0.013950719 -0.006283501 -0.026020702 -0.012380853 0.999565005
1305031104.611336 0.010454181 -0.050502125 -0.031201134 -0.000129849 -0.023637805 -0.010028997 0.999670267
1305031104.643243 0.008809697 -0.050398502 -0.044226922 0.012201550 -0.014582509 -0.009936140 0.999769866
1305031104.675525 0.010041583 -0.047093507 -0.042027056 0.025148407 -0.007407347 -0.009818393 0.999608099
1305031104.711277 0.013831035 -0.053637978 -0.059625614 0.037068341 -0.000724298 -0.005554737 0.999297023
1305031104.743280 0.018240543 -0.053378548 -0.067832328 0.049934246 0.005101177 -0.003684558 0.998732686
1305031104.775327 0.018446989 -0.052471519 -0.076964401 0.062305447 0.012305081 -0.002643620 0.997977734
1305031104.811465 0.020450430 -0.048698012 -0.079756916 0.073477842 0.018414868 0.001017536 0.997126281
1305031104.843258 0.018115383 -0.044771381 -0.082943499 0.082216755 0.025595475 0.003463082 0.996279716
1305031104.875350 0.015199753 -0.038237106 -0.087979294 0.088810585 0.029220013 0.005707640 0.995603502
1305031104.911534 0.017061487 -0.035570245 -0.089403443 0.091191657 0.029598065 0.008015190 0.995361149
1305031104.943262 0.015745824 -0.032795031 -0.088389903 0.092587940 0.030847698 0.008432953 0.995190799
1305031104.975202 0.015806578 -0.024653576 -0.084034234 0.093191870 0.030025808 0.009767546 0.995147407
1305031105.011290 0.016682047 -0.021651335 -0.079293005 0.088805780 0.029319134 0.010568246 0.995561242
1305031105.043373 0.016386747 -0.019594833 -0.072866686 0.083194681 0.028582273 0.008923147 0.996083379
1305031105.075320 0.016433980 -0.020205319 -0.063801669 0.075764477 0.027638827 0.007095738 0.996717334
1305031105.111299 0.012717860 -0.022467107 -0.054075211 0.069364995 0.027477328 0.005188586 0.997199357
1305031105.143106 0.012092990 -0.010693586 -0.044830978 0.065897457 0.024322204 0.003678418 0.997523129
1305031105.175159 0.009473612 -0.004277288 -0.032741182 0.054326892 0.021379497 -0.000138156 0.998294294
1305031105.211268 0.003779160 -0.015245038 -0.020300306 0.038751431 0.018569836 -0.003084152 0.999071598
1305031105.243270 -0.000361504 -0.011626189 -0.009116992 0.031459078 0.013827898 -0.004797663 0.999397874
1305031105.275288 -0.003031772 -0.007491492 0.003997810 0.022146819 0.007608021 -0.005730458 0.999709368
1305031105.311290 -0.008862799 -0.009823608 0.014816311 0.011203048 0.001787610 -0.007167242 0.999909937
1305031105.343302 -0.008682135 -0.012941411 0.027847989 0.001915471 -0.005318701 -0.007342898 0.999957025
1305031105.375338 -0.010529457 -0.013768546 0.039648831 -0.001961792 -0.010037698 -0.006864091 0.999924123
1305031105.411286 -0.012891466 -0.007643934 0.049731970 -0.005931164 -0.014108046 -0.007940702 0.999851346
1305031105.443316 -0.012422275 -0.011259828 0.062575944 -0.014048249 -0.018778389 -0.008260007 0.999690831
1305031105.475280 -0.013041809 -0.009633804 0.074199356 -0.017171791 -0.022167021 -0.008094758 0.999574006
1305031105.511332 -0.014990000 -0.003282134 0.094309084 -0.019952176 -0.024314096 -0.008717109 0.999467194
1305031105.543282 -0.014391557 -0.005454630 0.107711010 -0.025125638 -0.025631016 -0.007674736 0.999326169
1305031105.575449 -0.016063340 -0.003594243 0.119055696 -0.027597127 -0.026460506 -0.007623077 0.999239743
1305031105.611378 -0.010921585 -0.010156622 0.123171471 -0.033025339 -0.029417792 -0.005473006 0.999006510
1305031105.643273 -0.013919917 -0.008038760 0.134717584 -0.033176921 -0.028801568 -0.002830785 0.999030411
1305031105.675166 -0.010456285 -0.005742748 0.146965012 -0.034669235 -0.031125706 -0.001610996 0.998912752
1305031105.711309 -0.007256507 -0.008851495 0.159177616 -0.035577495 -0.029903403 -0.001818388 0.998917758
1305031105.743312 -0.006840345 -0.002985225 0.170031130 -0.032468691 -0.026101384 -0.001257039 0.999131083
1305031105.775339 -0.005170848 -0.004282987 0.181937084 -0.034030762 -0.022028564 -0.001688940 0.999176562
1305031105.811283 -0.005234200 -0.000103329 0.195739165 -0.031285476 -0.016983073 -0.000781123 0.999365926
1305031105.843271 -0.003715761 -0.000227449 0.205802053 -0.030837599 -0.013742896 0.000567175 0.999429762
1305031105.875337 -0.001685394 0.006877619 0.217332616 -0.028653439 -0.009236776 0.003744464 0.999539673
1305031105.911262 -0.001157113 0.010302094 0.229431480 -0.030995945 -0.005413346 0.008097521 0.999472022
1305031105.943272 -0.003842610 0.020068415 0.250302047 -0.030626316 -0.001125326 0.009443031 0.999485672
1305031105.975329 -0.004299115 0.023457501 0.261111945 -0.034902349 0.001187433 0.011089525 0.999328494
1305031106.011285 -0.002832480 0.025363885 0.271414548 -0.039383117 0.003200290 0.012549045 0.999140263
1305031106.043355 -0.004097883 0.028126318 0.281651855 -0.043941077 0.005707897 0.013475189 0.998926938
1305031106.075330 -0.004802660 0.031916499 0.291554779 -0.047573648 0.006494206 0.015417580 0.998727620
1305031106.111327 -0.007207526 0.037684910 0.300599992 -0.051500995 0.007328513 0.015947470 0.998518705
1305031106.143355 -0.009247645 0.038879469 0.309985489 -0.058817390 0.006372444 0.017667243 0.998092055
1305031106.175534 -0.009152194 0.040357634 0.318623364 -0.063063152 0.004206992 0.018995712 0.997819841
1305031106.211275 -0.010087087 0.040509220 0.327275783 -0.066787139 0.002835174 0.019508416 0.997572482
1305031106.243267 -0.011626213 0.043286610 0.333401322 -0.066444702 0.001888004 0.023054091 0.997521937
1305031106.276385 -0.012561822 0.048476573 0.338489294 -0.066470399 0.000273032 0.023964379 0.997500539
1305031106.311238 -0.011644300 0.051201116 0.343149275 -0.070204474 -0.001766838 0.027811965 0.997143269
1305031106.343258 -0.013992070 0.057245281 0.345947325 -0.073533148 -0.001843445 0.027445242 0.996913373
1305031106.375388 -0.011450371 0.057677813 0.347796530 -0.082932293 -0.002671423 0.020414034 0.996342480
1305031106.411320 -0.007080312 0.055000152 0.355690420 -0.090184718 -0.000797314 0.015453708 0.995804846
1305031106.443278 -0.010515463 0.051788792 0.354828715 -0.091916241 0.004059905 0.010872480 0.995699108
1305031106.475345 -0.013791110 0.050658226 0.351305455 -0.091087542 0.004748492 0.008895780 0.995791852
1305031106.511129 -0.016225010 0.046657998 0.346519262 -0.090198457 0.002390937 0.008240771 0.995886862
1305031106.543302 -0.013975938 0.044183947 0.338599265 -0.087101102 -0.002882669 0.007577890 0.996166468
1305031106.575282 -0.014209719 0.041945986 0.330000967 -0.084125929 -0.004540388 0.006325118 0.996424735
1305031106.611151 -0.016295580 0.042491086 0.320093840 -0.082289062 -0.006621451 0.003104559 0.996581674
1305031106.643207 -0.014903540 0.035893470 0.310655445 -0.083926462 -0.010172898 0.001211091 0.996419311
1305031106.675279 -0.018107904 0.034428693 0.297684431 -0.081172317 -0.011914219 0.001259615 0.996628046
1305031106.711508 -0.020111518 0.030869642 0.286665708 -0.083012402 -0.016889147 0.000145166 0.996405363
1305031106.743341 -0.020645589 0.027239531 0.273154676 -0.081810348 -0.023188369 0.000613582 0.996377945
1305031106.775390 -0.018236492 0.023911126 0.259819955 -0.081222884 -0.030209998 0.000605732 0.996237874
1305031106.811289 -0.017861210 0.024413899 0.245707139 -0.080109529 -0.034133870 0.000131069 0.996201456
1305031106.843416 -0.018671155 0.015116008 0.231303930 -0.083470158 -0.037423674 -0.001241750 0.995806515
1305031106.875905 -0.015030282 0.009064967 0.216327175 -0.079126522 -0.041135758 -0.004518513 0.996005237
1305031106.911243 -0.015309230 0.012215560 0.200107187 -0.072907351 -0.040129118 -0.009102891 0.996489465
1305031106.943439 -0.014346294 0.004403589 0.187005401 -0.073174216 -0.039402913 -0.013539776 0.996448517
1305031106.975547 -0.012017983 -0.006538285 0.166544914 -0.069570936 -0.038055323 -0.017100886 0.996704161
1305031107.011576 -0.012273375 -0.001418618 0.148885250 -0.060305472 -0.035121955 -0.020047497 0.997360408
1305031107.043281 -0.014044560 -0.003050381 0.143131986 -0.060261779 -0.031892378 -0.022515859 0.997418880
1305031107.075432 -0.015391216 -0.013224534 0.123225942 -0.057772275 -0.030709326 -0.023640703 0.997577250
1305031107.111229 -0.014097922 -0.012676343 0.108709358 -0.052158166 -0.031764183 -0.023844698 0.997848630
1305031107.143260 -0.012080789 -0.012957152 0.095121101 -0.050012678 -0.031209830 -0.024069423 0.997970581
1305031107.175399 -0.011287223 -0.019958939 0.085152201 -0.049307276 -0.029714592 -0.025355291 0.998019516
1305031107.211358 -0.008085992 -0.026147759 0.069337241 -0.044569042 -0.027921326 -0.025875689 0.998280704
1305031107.243378 -0.006466649 -0.025024483 0.057459902 -0.037355252 -0.025080996 -0.026036266 0.998647928
1305031107.275398 -0.004415215 -0.030067442 0.046859022 -0.032943901 -0.021984916 -0.026044102 0.998875916
1305031107.311226 -0.004214525 -0.035188079 0.037056863 -0.026465623 -0.018214220 -0.027891191 0.999094546
1305031107.343509 -0.000355577 -0.038866688 0.027518366 -0.015736043 -0.015484993 -0.027591201 0.999375463
1305031107.375413 0.002893448 -0.034792915 0.018617963 -0.005490119 -0.011327689 -0.026649218 0.999565601
1305031107.411271 0.005243308 -0.036337502 0.012547807 0.000622312 -0.006943449 -0.027142666 0.999607265
1305031107.443419 0.008002488 -0.034022249 0.006958107 0.006564989 -0.002741573 -0.026446316 0.999624908
1305031107.475377 0.011016952 -0.035396174 0.004673815 0.009335177 0.001276967 -0.025645668 0.999626696
1305031107.511352 0.012058396 -0.029678302 0.001357108 0.012485950 0.005062892 -0.025006797 0.999596477
1305031107.543605 0.015602080 -0.029598409 0.002308756 0.009713534 0.006908558 -0.022322614 0.999679744
1305031107.575454 0.017502088 -0.034600437 0.004110907 0.008038983 0.008769472 -0.019800033 0.999733150
1305031107.611271 0.019044772 -0.026646094 0.003086000 0.010735572 0.010187277 -0.017891333 0.999730408
1305031107.643323 0.020126566 -0.026666269 0.005454924 0.007178558 0.011436716 -0.016796228 0.999767721
1305031107.675568 0.018608812 -0.026581870 0.007036374 0.005868239 0.012522533 -0.016658392 0.999765575
1305031107.711307 0.018168800 -0.022442363 0.008500782 0.005507996 0.012367355 -0.015459740 0.999788821
1305031107.743538 0.015744796 -0.018231349 0.010172003 0.003151450 0.011619563 -0.015095277 0.999813557
1305031107.775802 0.015997520 -0.018656377 0.012458294 0.000188741 0.008765842 -0.016480645 0.999825716
1305031107.811596 0.016886907 -0.017233362 0.014101929 -0.001968341 0.006816160 -0.016295603 0.999842048
1305031107.843332 0.018482704 -0.016822588 0.016171325 -0.004543920 0.006075472 -0.017181667 0.999823570
1305031107.875358 0.023326667 -0.019555610 0.018509671 -0.006052601 0.006002424 -0.020407384 0.999755383
1305031107.911541 0.026180405 -0.020215567 0.020213967 -0.005422424 0.008842481 -0.022639580 0.999689877
1305031107.943122 0.030900784 -0.020159032 0.022386523 -0.003371584 0.011801518 -0.022796132 0.999664783
1305031107.975807 0.037769392 -0.021262225 0.025238913 -0.001120468 0.015436352 -0.022666261 0.999623299
1305031108.011320 0.045205224 -0.020139901 0.026027076 0.003001787 0.019623687 -0.024118194 0.999511957
1305031108.043418 0.059646506 -0.017255576 0.028241612 0.005934057 0.024096526 -0.020739207 0.999476850
1305031108.075352 0.069215074 -0.022070717 0.030567182 0.006151311 0.033260137 -0.016979394 0.999283552
1305031108.111378 0.072413892 -0.023975931 0.033200368 0.008291929 0.040574212 -0.017864862 0.998982370
1305031108.143334 0.080629379 -0.016984778 0.036090944 0.012195569 0.043805644 -0.015123289 0.998851180
1305031108.176058 0.086848967 -0.011911919 0.037732095 0.011594271 0.048455790 -0.012202205 0.998683512
1305031108.211475 0.097838148 -0.014099385 0.042775452 0.006072299 0.049053192 -0.012728629 0.998696625
1305031108.243347 0.111984350 -0.019834107 0.046813156 0.003576967 0.050781887 -0.014502876 0.998598039
1305031108.275358 0.118855745 -0.012762969 0.048879731 0.005901504 0.055853087 -0.013841009 0.998325586
1305031108.311332 0.125176489 -0.008658512 0.052369874 0.003082175 0.057632994 -0.012542830 0.998254299
1305031108.343278 0.143501267 -0.008420544 0.053675432 -0.002280893 0.053472478 -0.011832426 0.998496652
1305031108.375410 0.149343789 -0.006915822 0.057539295 -0.007300311 0.051748343 -0.006903798 0.998609602
1305031108.411361 0.164986074 -0.008772577 0.058652595 -0.012897573 0.046038363 -0.000764018 0.998856127
1305031108.443610 0.176202625 -0.007674741 0.061208997 -0.017217627 0.044274379 0.006237790 0.998851538
1305031108.475471 0.174191669 -0.009744582 0.064159065 -0.021024846 0.047545362 0.013879142 0.998551309
1305031108.511378 0.190676048 -0.015228770 0.066085905 -0.022298930 0.048933916 0.018659590 0.998378694
1305031108.543737 0.204932511 -0.017981887 0.068593420 -0.018954702 0.054817092 0.017226756 0.998167872
1305031108.575414 0.212089747 -0.008852400 0.068241656 -0.012728936 0.060356267 0.016017098 0.997967243
1305031108.611407 0.229699150 -0.008378215 0.070597179 -0.012809125 0.063747354 0.016732248 0.997743547
1305031108.643303 0.235672072 -0.004917193 0.071064338 -0.011944261 0.070454530 0.018139210 0.997278512
1305031108.675375 0.244465530 0.000787607 0.071030118 -0.013035257 0.075542621 0.023553776 0.996779144
1305031108.711411 0.248597115 -0.003038003 0.074267939 -0.018732371 0.084831409 0.026886795 0.995856345
1305031108.743502 0.253347397 -0.004113961 0.076110199 -0.020657571 0.090725370 0.027186174 0.995290458
1305031108.775493 0.260486424 -0.003148736 0.074474812 -0.021426296 0.094283089 0.030100323 0.994859576
1305031108.811244 0.272053301 -0.009188406 0.073106512 -0.025044784 0.095530607 0.032901324 0.994567335
1305031108.843264 0.272621095 -0.012631996 0.072713077 -0.025238194 0.096365467 0.038295910 0.994288802
1305031108.876515 0.273086816 -0.013009395 0.069719657 -0.023400340 0.093802810 0.044413079 0.994324386
1305031108.911364 0.273373216 -0.017041229 0.067682967 -0.021412417 0.090651132 0.049695134 0.994411528
1305031108.943243 0.270386517 -0.018313920 0.065175809 -0.016783383 0.087545536 0.050639398 0.994731009
1305031108.975268 0.263803869 -0.014255170 0.062676981 -0.012337359 0.083186246 0.046860237 0.995355189
1305031109.011269 0.268480569 -0.011706260 0.060147479 -0.011536346 0.076716043 0.047823951 0.995838583
1305031109.043277 0.259165198 -0.013084225 0.059266344 -0.011344599 0.077446058 0.044187360 0.995952249
1305031109.075410 0.267126381 -0.006142898 0.053603943 -0.010116450 0.069928706 0.040050339 0.996696353
1305031109.111282 0.260088742 -0.008666586 0.053492159 -0.014759163 0.068503037 0.036929887 0.996857882
1305031109.143334 0.242094487 -0.013313424 0.054902025 -0.016727841 0.070671864 0.032624934 0.996825576
1305031109.175464 0.235118076 -0.007271108 0.053589024 -0.014866279 0.063365251 0.029933952 0.997430563
1305031109.211379 0.219661683 0.004627267 0.051892981 -0.016468769 0.058348350 0.034215350 0.997573853
1305031109.243290 0.208678767 0.004113727 0.054678097 -0.025025606 0.056051530 0.039736278 0.997322917
1305031109.275308 0.198046938 -0.008946529 0.057459518 -0.031241076 0.053264897 0.041512240 0.997227967
1305031109.311329 0.181687057 -0.002798262 0.057647258 -0.026615465 0.046029169 0.042389564 0.997685373
1305031109.343248 0.167098373 0.001770901 0.055034537 -0.028254913 0.037420962 0.041501775 0.998037577
1305031109.375397 0.156774238 -0.002754712 0.055653982 -0.032381095 0.029393708 0.040642262 0.998216271
1305031109.411329 0.143811911 0.001612383 0.053857986 -0.031116607 0.022530319 0.037152175 0.998570919
1305031109.443302 0.134225354 0.005991243 0.052061517 -0.033102810 0.016852858 0.031866688 0.998801589
1305031109.475363 0.127717182 0.000854512 0.050302017 -0.037747335 0.012354950 0.028549364 0.998802960
1305031109.511273 0.116779134 -0.002275712 0.049393900 -0.038351789 0.009917873 0.023847999 0.998930454
1305031109.543294 0.104131490 0.000331230 0.048761830 -0.034905955 0.008247620 0.022636218 0.999100149
1305031109.575362 0.094453819 0.002283601 0.046215191 -0.033911139 0.007896976 0.022127787 0.999148667
1305031109.611310 0.083152808 0.004164748 0.044633258 -0.033367820 0.006193795 0.019938393 0.999225020
1305031109.643229 0.073975444 0.005413369 0.043261312 -0.033891968 0.004668906 0.019452484 0.999225259
1305031109.675263 0.057903346 0.009379558 0.042810153 -0.034841407 0.005995179 0.021456005 0.999144495
1305031109.711312 0.045211211 0.011111200 0.041024059 -0.037281666 0.003429823 0.020586714 0.999086797
1305031109.743274 0.033845097 0.012609260 0.042241793 -0.041276678 0.000467864 0.019769691 0.998952031
1305031109.775277 0.025190132 0.010236848 0.043786127 -0.045415793 -0.001979598 0.020064401 0.998764694
1305031109.811371 0.011994518 0.014518154 0.044526681 -0.045918070 -0.002374669 0.019007675 0.998761535
1305031109.843296 -0.000159081 0.014278272 0.045749124 -0.049733233 -0.004577011 0.018573761 0.998579323
1305031109.875306 -0.014063165 0.015747614 0.048954669 -0.052938096 -0.007394031 0.016502650 0.998434067
1305031109.911265 -0.026799077 0.013039589 0.052303798 -0.055034243 -0.012592472 0.011457520 0.998339295
1305031109.943299 -0.036179196 0.020997040 0.052747760 -0.054303944 -0.016228698 0.007587582 0.998363733
1305031109.975258 -0.049956631 0.020848941 0.057094719 -0.058565691 -0.017498324 0.002150541 0.998127878
1305031110.011256 -0.061094772 0.021803498 0.059056312 -0.060612652 -0.019752525 -0.004902407 0.997953892
1305031110.043299 -0.070271686 0.021017030 0.061816767 -0.063754722 -0.021502366 -0.011454376 0.997668147
1305031110.075319 -0.082423255 0.023553547 0.063959807 -0.065271951 -0.021429131 -0.016388150 0.997502804
1305031110.111325 -0.095504574 0.024877578 0.066673249 -0.069239169 -0.022100514 -0.021862505 0.997115612
1305031110.143432 -0.107187115 0.021026913 0.070197672 -0.071801759 -0.025306376 -0.025290249 0.996777058
1305031110.175641 -0.114110939 0.026492456 0.069902435 -0.071913801 -0.029884657 -0.026189538 0.996618986
1305031110.211637 -0.125090972 0.024751503 0.072652102 -0.076154836 -0.032326292 -0.028277211 0.996170580
1305031110.243323 -0.136413082 0.023226405 0.074719220 -0.077052921 -0.036317334 -0.027792020 0.995977640
1305031110.279321 -0.142127842 0.021564130 0.075697623 -0.076095387 -0.041273508 -0.028683634 0.995832920
1305031110.311404 -0.152578264 0.022147195 0.075326554 -0.073479109 -0.044204984 -0.030184945 0.995859265
1305031110.343355 -0.165068388 0.026247159 0.074415833 -0.070999220 -0.047280226 -0.031801611 0.995847523
1305031110.379281 -0.175855577 0.027526371 0.074905157 -0.069634281 -0.052408792 -0.035471596 0.995563269
1305031110.411469 -0.188868150 0.028202925 0.067136958 -0.070182398 -0.057528764 -0.038350772 0.995135188
1305031110.443260 -0.200200006 0.031104654 0.067373678 -0.073725782 -0.062304948 -0.042675741 0.994415104
1305031110.479331 -0.211119637 0.025912981 0.065189540 -0.078562923 -0.068892606 -0.047582343 0.993386924
1305031110.511429 -0.221383706 0.026937000 0.065267786 -0.078834377 -0.075845942 -0.051401608 0.992668331
1305031110.543408 -0.229407817 0.032590367 0.064283960 -0.078711078 -0.082630597 -0.054856118 0.991951346
1305031110.579426 -0.233055890 0.041405722 0.072522275 -0.079895638 -0.090333529 -0.059826668 0.990897238
1305031110.611307 -0.239424706 0.035148311 0.075441629 -0.086390339 -0.094573602 -0.063758202 0.989710748
1305031110.643418 -0.246943668 0.036358066 0.077301547 -0.084068298 -0.096909814 -0.066375472 0.989512682
1305031110.679606 -0.252068728 0.043484487 0.075105146 -0.081929557 -0.099537626 -0.068128712 0.989311993
1305031110.711412 -0.258709610 0.040181898 0.076102160 -0.086797863 -0.100799702 -0.070173882 0.988625884
1305031110.743249 -0.262964338 0.039650261 0.076760978 -0.087269776 -0.102750354 -0.071508549 0.988287866
1305031110.779193 -0.268521994 0.032471955 0.066019408 -0.090904303 -0.103876613 -0.071267799 0.987859786
1305031110.811386 -0.271229327 0.032881513 0.065072149 -0.091464482 -0.104104497 -0.073146142 0.987646759
1305031110.843218 -0.274976611 0.033169031 0.065547273 -0.092946246 -0.105333239 -0.075600691 0.987193227
1305031110.879313 -0.272302866 0.032236397 0.066430315 -0.093281299 -0.108743928 -0.074897505 0.986845315
1305031110.911333 -0.272529602 0.033977233 0.066355243 -0.093430072 -0.109512247 -0.075761057 0.986680388
1305031110.943862 -0.271083713 0.037215393 0.070694908 -0.091937862 -0.111382835 -0.076791137 0.986531496
1305031110.979345 -0.260968268 0.039943442 0.071510009 -0.090980381 -0.113063037 -0.077169344 0.986399591
1305031111.011431 -0.248021126 0.035155755 0.071026079 -0.094482630 -0.111764960 -0.075298764 0.986362875
1305031111.043327 -0.243277028 0.035687014 0.070869133 -0.093270391 -0.105800197 -0.072821617 0.987321615
1305031111.079283 -0.244571537 0.042309001 0.073639393 -0.092478894 -0.099944502 -0.071853273 0.988076866
1305031111.111508 -0.232278392 0.034434434 0.073014587 -0.097062305 -0.100179382 -0.067818999 0.987898529
1305031111.143257 -0.227990672 0.037020341 0.077896558 -0.093814269 -0.096458614 -0.067073412 0.988633275
1305031111.179326 -0.208822772 0.033579085 0.076434627 -0.092598498 -0.096760511 -0.065974049 0.988792360
1305031111.211433 -0.199595243 0.033918031 0.075419679 -0.090755165 -0.088627100 -0.062474512 0.989952385
1305031111.243236 -0.199856281 0.030019073 0.074165553 -0.091529869 -0.081922464 -0.063227355 0.990410686
1305031111.279308 -0.183441535 0.027872760 0.078168437 -0.087664522 -0.083557039 -0.060621426 0.990786672
1305031111.311547 -0.178277224 0.029487809 0.068997025 -0.084013388 -0.076217011 -0.056544743 0.991935194
1305031111.343397 -0.172510549 0.029552171 0.068361491 -0.087704070 -0.078069896 -0.056482013 0.991475105
1305031111.379134 -0.154253572 0.022721738 0.076623663 -0.088967040 -0.083633415 -0.052670788 0.991118610
1305031111.411296 -0.149080053 0.023266714 0.068307877 -0.084261186 -0.082216918 -0.051904883 0.991688609
1305031111.443386 -0.135927513 0.027993608 0.079484850 -0.082223065 -0.089334436 -0.057193689 0.990952849
1305031111.479259 -0.104724012 0.028405927 0.091496885 -0.077869318 -0.091679946 -0.055066273 0.991210818
1305031111.511264 -0.103976041 0.023803312 0.082240105 -0.075378112 -0.075215928 -0.056970496 0.992680728
1305031111.543250 -0.089147434 0.024248721 0.089594007 -0.071068496 -0.071250364 -0.053695597 0.993473411
1305031111.579237 -0.073298916 0.028553363 0.086310327 -0.065472141 -0.063705973 -0.046356618 0.994739175
1305031111.611271 -0.069773518 0.015513143 0.070745572 -0.072076902 -0.055053759 -0.040865008 0.995039701
1305031111.643395 -0.051134124 0.009197080 0.077162273 -0.070770159 -0.059006486 -0.032686193 0.995209217
1305031111.679320 -0.033257164 0.015802877 0.074356213 -0.063313089 -0.053172924 -0.022818711 0.996314883
1305031111.711760 -0.023045897 0.016767265 0.079085477 -0.062463857 -0.045013499 -0.022386793 0.996780276
1305031111.743386 -0.000667357 0.021188699 0.084903441 -0.055955593 -0.037063297 -0.015408747 0.997626126
1305031111.779423 0.007152579 0.025329515 0.085883081 -0.051813405 -0.017757230 -0.011505914 0.998432636
1305031111.811406 0.014726009 0.015083835 0.081662156 -0.052622885 -0.002977566 -0.013781619 0.998514950
1305031111.843299 0.030499049 0.015283843 0.078494094 -0.048760965 0.005147389 -0.011558564 0.998730302
1305031111.879442 0.035142615 0.019189332 0.080431283 -0.047575418 0.013803418 -0.008223250 0.998738468
1305031111.911354 0.039673366 0.013096634 0.082535185 -0.048730977 0.015254142 -0.003429796 0.998689532
1305031111.943300 0.054468449 0.013583506 0.082577556 -0.046972107 0.010245963 0.006097436 0.998825014
1305031111.979449 0.076353163 0.011462700 0.082052201 -0.047385823 0.008008833 0.014478601 0.998739600
1305031112.011433 0.089614868 0.009652668 0.083152696 -0.045551691 0.015389753 0.012905808 0.998760045
1305031112.043270 0.104615018 0.009323785 0.080431364 -0.041867688 0.021932911 0.011198233 0.998819649
1305031112.079339 0.122534990 0.009812791 0.081872068 -0.039676823 0.030539529 0.011194787 0.998683035
1305031112.111423 0.120177679 0.008100810 0.079030991 -0.037307639 0.043838065 0.004314748 0.998332500
1305031112.144342 0.142053753 0.016847147 0.080230609 -0.033619549 0.043582689 0.000236737 0.998483956
1305031112.179390 0.160684407 0.019776944 0.082775146 -0.034317482 0.053421013 -0.002433192 0.997979224
1305031112.211254 0.162609309 0.008391834 0.087565556 -0.038569268 0.066512495 -0.007885306 0.997008681
1305031112.243369 0.181651205 -0.004850771 0.081408657 -0.036929242 0.073411912 -0.013651899 0.996524274
1305031112.279353 0.185748607 -0.005802332 0.081117854 -0.032099992 0.081248887 -0.017432423 0.996024251
1305031112.311312 0.191398516 -0.006836290 0.085939065 -0.026017195 0.084423110 -0.018588888 0.995916784
1305031112.343323 0.204682082 -0.003467331 0.084094115 -0.017797984 0.082663313 -0.015959224 0.996290803
1305031112.379360 0.215858266 -0.004876398 0.081921391 -0.014148472 0.081954174 -0.012712651 0.996454537
1305031112.411442 0.228562295 -0.003949981 0.080773406 -0.011285104 0.078578442 -0.008298869 0.996809483
1305031112.443391 0.238883242 -0.008237582 0.081067473 -0.010507455 0.077695847 -0.001894408 0.996919930
1305031112.479418 0.245273113 -0.007352402 0.079694718 -0.007070627 0.077036180 0.007406656 0.996975720
1305031112.511504 0.252782971 -0.007242314 0.079908915 -0.004664416 0.073765792 0.015094100 0.997150421
1305031112.543212 0.261028200 -0.008735675 0.079598673 -0.002787116 0.070707828 0.018816831 0.997315645
1305031112.579252 0.273504585 -0.004375577 0.078922249 0.001098900 0.065699257 0.025653880 0.997509062
1305031112.611261 0.291825622 0.003343202 0.079023749 0.003893438 0.061846245 0.033594772 0.997512519
1305031112.643246 0.297799915 0.001711873 0.078619659 0.000330066 0.068232454 0.040690821 0.996839225
1305031112.679952 0.301242292 -0.001065976 0.077216670 -0.002776693 0.074641578 0.043528240 0.996256113
1305031112.711251 0.303619742 0.000351005 0.076116472 -0.004479669 0.078942433 0.044925183 0.995856285
1305031112.743245 0.309888810 0.015833989 0.078548193 -0.003864449 0.080396779 0.050220367 0.995489478
1305031112.779310 0.306753993 0.009584526 0.082080856 -0.013438820 0.085665800 0.052031420 0.994873583
1305031112.811310 0.292156935 0.001675327 0.083188422 -0.018440098 0.090235263 0.048174471 0.994583726
1305031112.843286 0.290917158 0.009263782 0.084398955 -0.018184023 0.084212705 0.046771247 0.995183408
1305031112.879421 0.289812744 0.009617915 0.085658431 -0.021710308 0.080853447 0.048863515 0.995290756
1305031112.911411 0.281300664 0.006941331 0.084514275 -0.025438027 0.079096615 0.050499745 0.995261967
1305031112.943321 0.272986233 0.005839423 0.085560828 -0.027544675 0.075032726 0.049232703 0.995584011
1305031112.979278 0.270055801 0.004782387 0.084653690 -0.028522557 0.068412386 0.046753246 0.996152759
1305031113.011353 0.266360730 0.009789328 0.081767365 -0.028339807 0.064219847 0.047212947 0.996415377
1305031113.043231 0.257357419 0.010471516 0.083781727 -0.032156389 0.063462898 0.045031261 0.996448994
1305031113.079251 0.242200911 -0.001875095 0.084056824 -0.037010752 0.063715205 0.038481891 0.996538877
1305031113.111316 0.233091027 0.003362515 0.079844646 -0.032576870 0.058055758 0.033642638 0.997214317
1305031113.143306 0.226332843 0.009921534 0.078897350 -0.032788422 0.054436326 0.032608606 0.997445881
1305031113.179343 0.212859213 0.001461265 0.079050399 -0.038194451 0.054107990 0.033765763 0.997232854
1305031113.211259 0.195147559 0.000764175 0.075186625 -0.036243834 0.050785802 0.035284583 0.997427762
1305031113.243227 0.182853356 0.005296040 0.072987422 -0.036852200 0.044077467 0.035855707 0.997704089
1305031113.279312 0.171063334 -0.001668731 0.075810611 -0.040998161 0.039254751 0.037631478 0.997678339
1305031113.311452 0.149742901 -0.012000239 0.075316742 -0.039319109 0.035560004 0.039863255 0.997797787
1305031113.343252 0.136070564 -0.000679230 0.074134432 -0.030477088 0.025241345 0.038913615 0.998458683
1305031113.379312 0.114081919 0.003492202 0.074824862 -0.032028783 0.019195672 0.036896788 0.998621225
1305031113.411625 0.109901473 -0.007555336 0.073765449 -0.034895714 0.008852343 0.036999360 0.998666584
1305031113.443266 0.091005951 -0.000544793 0.075972125 -0.030845925 0.004055661 0.031233508 0.999027789
1305031113.479311 0.074130520 0.003241537 0.074627452 -0.032747298 -0.002070396 0.025898477 0.999125898
1305031113.511523 0.059581108 0.000287114 0.075515017 -0.037289482 -0.007136699 0.023874247 0.998993814
1305031113.543242 0.043700363 -0.003891720 0.076161548 -0.040343795 -0.012333832 0.019725133 0.998915017
1305031113.579301 0.032194395 0.000769264 0.075740919 -0.038554255 -0.017749859 0.016013278 0.998970509
1305031113.611268 0.019857764 0.000310699 0.075661153 -0.041369598 -0.020555764 0.011115375 0.998870611
1305031113.643222 0.008909413 0.000569145 0.076438069 -0.043915663 -0.021266002 0.007623875 0.998779774
1305031113.679288 -0.005052426 -0.000671314 0.076157182 -0.045281801 -0.019973086 0.004147345 0.998765945
1305031113.711931 -0.015080429 -0.002684098 0.077203877 -0.046195224 -0.020273933 -0.000609509 0.998726487
1305031113.743590 -0.025904536 -0.001191225 0.077231444 -0.044935510 -0.017989745 -0.005964334 0.998810053
1305031113.779320 -0.041097540 -0.002564142 0.078254111 -0.044294376 -0.014362914 -0.010328553 0.998861909
1305031113.811237 -0.050984468 0.000081433 0.077420510 -0.042418458 -0.013852879 -0.012025646 0.998931468
1305031113.843295 -0.063744411 0.002829741 0.078055203 -0.042223826 -0.011203425 -0.015863847 0.998919427
1305031113.879281 -0.080331303 -0.002809670 0.081619494 -0.042478073 -0.009393252 -0.020872103 0.998835146
1305031113.911290 -0.089353196 0.001266138 0.080500208 -0.038223103 -0.011368121 -0.020815458 0.998987734
1305031113.943291 -0.098954365 -0.000399427 0.081257284 -0.036484044 -0.009874125 -0.023245104 0.999015033
1305031113.979293 -0.114344291 0.001491800 0.081929341 -0.032365445 -0.006729407 -0.028997045 0.999032676
1305031114.011257 -0.127657264 0.004298122 0.082361817 -0.028225973 -0.005592323 -0.034377869 0.998994589
1305031114.043301 -0.145114228 0.003773521 0.082251228 -0.027295904 -0.006581636 -0.035700183 0.998968065
1305031114.079285 -0.161691457 0.006134009 0.084518336 -0.023723165 -0.010349592 -0.037452232 0.998963177
1305031114.111263 -0.168441951 0.007758617 0.084707014 -0.021504205 -0.017846886 -0.040106457 0.998804510
1305031114.143284 -0.178075314 0.007350815 0.086485662 -0.021870071 -0.023509311 -0.043140858 0.998552859
1305031114.179337 -0.187287301 0.004248303 0.087083161 -0.020287458 -0.026331998 -0.045390807 0.998416126
1305031114.211303 -0.199526370 0.013080095 0.086649865 -0.015971377 -0.025850413 -0.047733191 0.998397827
1305031114.243337 -0.215171918 0.013070719 0.089293554 -0.018214865 -0.027139086 -0.052344754 0.998094022
1305031114.279390 -0.229865029 0.010296687 0.085942939 -0.019330638 -0.032009814 -0.053413074 0.997872114
1305031114.311429 -0.236637071 0.014931969 0.091164455 -0.018976694 -0.041857071 -0.053505164 0.997509360
1305031114.343331 -0.243694454 0.012399912 0.091794707 -0.021114759 -0.048030544 -0.056666125 0.997013628
1305031114.379320 -0.251283914 0.011909576 0.093281642 -0.021100087 -0.050562527 -0.061152112 0.996623576
1305031114.411397 -0.262404442 0.013351623 0.093981646 -0.019510109 -0.051772475 -0.065152042 0.996340394
1305031114.443345 -0.274601042 0.015457565 0.094309121 -0.019108849 -0.054938082 -0.067119874 0.996047974
1305031114.479332 -0.285109222 0.013717605 0.094996937 -0.020038331 -0.061696991 -0.068053365 0.995570540
1305031114.511266 -0.289926231 0.017313279 0.095627636 -0.019491732 -0.070416920 -0.070581786 0.994826496
1305031114.543236 -0.290616333 0.012626797 0.096512385 -0.024290163 -0.076408885 -0.068825491 0.994401693
1305031114.579237 -0.296078324 0.012073562 0.097543910 -0.025553465 -0.076797605 -0.065631501 0.994556010
1305031114.611391 -0.301095963 0.015634481 0.097990513 -0.026729250 -0.077350393 -0.063195929 0.994639993
1305031114.644136 -0.310059249 0.014622317 0.099757731 -0.031874143 -0.078025199 -0.063190185 0.994436085
1305031114.679251 -0.313436657 0.010994651 0.100358173 -0.035787594 -0.084748395 -0.063574784 0.993727922
1305031114.711306 -0.313419670 0.008924521 0.101490498 -0.036826920 -0.090122655 -0.062633596 0.993276715
1305031114.743200 -0.313402891 0.008062826 0.101676673 -0.035982333 -0.093785457 -0.066259049 0.992733240
1305031114.779289 -0.324711323 0.007437449 0.099518880 -0.034385815 -0.092186451 -0.068533860 0.992785156
1305031114.811303 -0.323148698 0.010743503 0.098647758 -0.033322856 -0.092342861 -0.069208339 0.992760062
1305031114.843208 -0.311317086 0.007080093 0.094750568 -0.034707192 -0.095328517 -0.071107283 0.992296159
1305031114.879281 -0.307132125 0.010532299 0.094607934 -0.034076974 -0.096156850 -0.070746824 0.992263854
1305031114.912879 -0.303968579 0.012570188 0.094206005 -0.034666691 -0.096503206 -0.071098253 0.992184639
1305031114.943234 -0.304645419 0.018944761 0.098589890 -0.035058264 -0.096155599 -0.072946258 0.992070496
1305031114.979280 -0.299696743 0.021786101 0.099685371 -0.036411166 -0.093594618 -0.073856093 0.992199361
1305031115.011300 -0.290241927 0.025824381 0.099886090 -0.039449092 -0.093882211 -0.074249648 0.992026627
1305031115.043508 -0.278820217 0.021948144 0.104757845 -0.044535108 -0.093480110 -0.073879525 0.991876960
1305031115.079238 -0.272252470 0.026249886 0.104796752 -0.044539198 -0.089578480 -0.075116426 0.992143869
1305031115.111230 -0.253526509 0.028198516 0.112941436 -0.046890114 -0.088827327 -0.073365465 0.992234111
1305031115.143275 -0.239848301 0.023923729 0.112917736 -0.049824085 -0.081834301 -0.069698259 0.992956579
1305031115.179440 -0.236525699 0.026861362 0.114672959 -0.050199129 -0.075875051 -0.070042990 0.993386626
1305031115.211374 -0.220357955 0.022529531 0.123089358 -0.051779721 -0.076221436 -0.066261463 0.993538380
1305031115.243297 -0.205485865 0.017742645 0.124425180 -0.048752286 -0.072167747 -0.062974818 0.994207799
1305031115.279966 -0.193245083 0.025164511 0.126069888 -0.044998560 -0.069748893 -0.058595844 0.994824946
1305031115.311704 -0.171848327 0.017061582 0.135800779 -0.047899526 -0.068715446 -0.051734008 0.995141864
1305031115.343235 -0.153862804 0.021201612 0.133272350 -0.042542264 -0.061029844 -0.047698546 0.996087551
1305031115.379166 -0.155778915 0.030900834 0.131940603 -0.043443933 -0.052552503 -0.044530377 0.996678472
1305031115.411237 -0.143369943 0.025160719 0.136807054 -0.051947877 -0.059256077 -0.041589603 0.996022284
1305031115.443159 -0.120500334 0.026149105 0.140701443 -0.054678608 -0.064429849 -0.035459142 0.995791972
1305031115.479241 -0.106853150 0.027565641 0.142632753 -0.058281671 -0.064200096 -0.030088786 0.995779216
1305031115.511253 -0.076147549 0.020863427 0.149713561 -0.063900508 -0.068541236 -0.024075570 0.995308578
1305031115.543604 -0.057886463 0.024438243 0.155957982 -0.061588127 -0.056960814 -0.017024148 0.996329546
1305031115.579315 -0.042482667 0.020340938 0.150671139 -0.062609218 -0.045253221 -0.011258668 0.996948063
1305031115.611424 -0.029207839 0.020042934 0.151975915 -0.061552174 -0.039191622 -0.006057775 0.997315705
1305031115.643254 -0.010840004 0.017185168 0.151374608 -0.061244458 -0.034363981 0.002417454 0.997528136
1305031115.679241 -0.004623174 0.012845244 0.139874086 -0.061546087 -0.026829263 0.012888405 0.997660339
1305031115.711320 0.013965989 0.012085336 0.137170807 -0.061794292 -0.028838072 0.022202495 0.997425139
1305031115.743250 0.035079613 0.014470586 0.143450886 -0.060278218 -0.024892284 0.029073708 0.997447550
1305031115.779425 0.049919982 0.011492264 0.138340384 -0.059711706 -0.015100928 0.036390439 0.997437775
1305031115.811277 0.064218104 0.013800757 0.135881558 -0.058828853 -0.006460253 0.044721633 0.997244895
1305031115.843224 0.076298960 0.013263150 0.138068572 -0.061183665 0.003883178 0.051122002 0.996808887
1305031115.879198 0.084637359 0.008927351 0.139847845 -0.061528824 0.011526784 0.057446342 0.996384084
1305031115.911118 0.100956619 0.012912815 0.138762385 -0.058256082 0.012953510 0.064054236 0.996160388
1305031115.943311 0.115530349 0.015471239 0.139579013 -0.058359716 0.018427020 0.070639387 0.995622754
1305031115.980740 0.127028748 0.017763175 0.140306085 -0.059220817 0.023974555 0.076048575 0.995055139
1305031116.011379 0.144028112 0.020717081 0.143476024 -0.061225116 0.030357972 0.079353996 0.994501293
1305031116.043164 0.153995201 0.019197922 0.143462151 -0.065395713 0.043974765 0.080962531 0.993596852
1305031116.080030 0.161885023 0.027959611 0.144768730 -0.066308409 0.054897171 0.083732940 0.992762983
1305031116.111300 0.170448840 0.027815137 0.148372501 -0.072935902 0.065528415 0.087010317 0.991370559
1305031116.143441 0.177729383 0.028518412 0.151983857 -0.076371111 0.074489959 0.089598298 0.990247905
1305031116.179572 0.189709574 0.031381711 0.151759818 -0.077470981 0.077805728 0.092484549 0.989641905
1305031116.211299 0.197568700 0.028896095 0.154441983 -0.083618671 0.084387206 0.095507257 0.988314271
1305031116.243320 0.208218366 0.023823641 0.157983720 -0.088652961 0.090368569 0.098818973 0.987020254
1305031116.279385 0.222551063 0.029484853 0.156961232 -0.085734211 0.098101065 0.102630034 0.986150563
1305031116.311336 0.231527865 0.029395189 0.158457056 -0.089523077 0.105413474 0.105786733 0.984724700
1305031116.343292 0.234590977 0.018181458 0.156532198 -0.095361114 0.111090265 0.108818889 0.983221054
1305031116.379384 0.234806687 0.018709179 0.155719548 -0.088926919 0.116481341 0.108638361 0.983220100
1305031116.411333 0.236324355 0.022719242 0.150466740 -0.083646417 0.118532918 0.112785980 0.982971311
1305031116.443369 0.250470787 0.027180836 0.150236636 -0.084424876 0.116223238 0.122117914 0.982065082
1305031116.479850 0.243417516 0.023330055 0.151582956 -0.085449092 0.121501178 0.124354646 0.981056511
1305031116.511205 0.243563592 0.017606232 0.148375645 -0.086624146 0.119347066 0.121099979 0.981624842
1305031116.543262 0.242987737 0.016965650 0.144211084 -0.084809564 0.116815299 0.117218472 0.982558548
1305031116.579313 0.227333218 0.023361497 0.142493114 -0.081165999 0.118507594 0.114081480 0.983032763
1305031116.611261 0.211636603 0.019057315 0.142335087 -0.081959352 0.116593517 0.106933281 0.983998954
1305031116.643355 0.201694489 0.022528563 0.141568407 -0.078463823 0.108034067 0.098584972 0.986130357
1305031116.679281 0.192327678 0.022951208 0.139265075 -0.077826254 0.099686213 0.088999227 0.987970114
1305031116.711634 0.182421058 0.023454389 0.138605684 -0.077362970 0.094344527 0.079425931 0.989346087
1305031116.743291 0.165880710 0.023414979 0.136064857 -0.078732029 0.091140039 0.067646414 0.990413427
1305031116.779298 0.152172461 0.024545770 0.135604888 -0.080390006 0.087173820 0.057861988 0.991256893
1305031116.811318 0.133244708 0.025688406 0.135953978 -0.078735352 0.085952096 0.050225232 0.991912544
1305031116.846089 0.118634716 0.025438726 0.134447262 -0.077277608 0.076153636 0.041871354 0.993214786
1305031116.880165 0.098360002 0.029856928 0.135824129 -0.076963328 0.067525871 0.035723951 0.994102955
1305031116.912044 0.084236249 0.026182648 0.136618763 -0.078339465 0.056866392 0.032104559 0.994785607
1305031116.943296 0.073082998 0.029845316 0.131649688 -0.077758797 0.040395521 0.023398425 0.995878637
1305031116.979351 0.050867826 0.035171144 0.134700105 -0.074146882 0.031560160 0.013593403 0.996655107
1305031117.011382 0.034856483 0.038149711 0.134119451 -0.071947061 0.020998169 0.005391114 0.997172832
1305031117.043261 0.024055541 0.044790968 0.132261187 -0.069845743 0.009234096 -0.000333522 0.997515023
1305031117.079520 0.010910660 0.043586504 0.133057639 -0.073411874 -0.000555986 -0.005706572 0.997285247
1305031117.111238 0.001785157 0.045729756 0.131418362 -0.074776791 -0.012506233 -0.005661245 0.997105777
1305031117.143218 -0.010652751 0.048306372 0.131307870 -0.076953433 -0.021543402 -0.006535135 0.996780515
1305031117.179264 -0.026264135 0.049654126 0.128584266 -0.079561256 -0.027057193 -0.012863737 0.996379673
1305031117.211361 -0.031023949 0.051797584 0.128235459 -0.080680005 -0.033762127 -0.015388927 0.996049225
1305031117.243277 -0.030652782 0.055297606 0.126325890 -0.083157219 -0.037872430 -0.017093880 0.995669782
1305031117.279299 -0.032562226 0.054843839 0.129186079 -0.087875150 -0.037554964 -0.022077180 0.995178461
1305031117.311200 -0.037092146 0.053162389 0.130744219 -0.091562040 -0.034883771 -0.024006562 0.994898558
1305031117.343243 -0.039008692 0.048214309 0.131782368 -0.094593719 -0.035158396 -0.024780860 0.994586289
1305031117.379454 -0.040147129 0.044960320 0.131616518 -0.094208717 -0.035124183 -0.025102947 0.994615912
1305031117.411221 -0.042161901 0.039646316 0.131857887 -0.093830340 -0.036290132 -0.024057809 0.994635701
1305031117.443274 -0.040938575 0.036656760 0.130836934 -0.090998359 -0.038553555 -0.022893926 0.994841099
1305031117.479403 -0.041658886 0.029493261 0.130864397 -0.090635523 -0.039406195 -0.021215465 0.994877994
1305031117.511325 -0.040303178 0.021389192 0.131648168 -0.088790730 -0.041837536 -0.019476453 0.994980633
1305031117.544285 -0.042229861 0.018241894 0.131664753 -0.083177060 -0.042036239 -0.019384509 0.995459080
1305031117.579155 -0.043676004 0.012873439 0.131863758 -0.080472782 -0.043281972 -0.020768424 0.995600045
1305031117.611159 -0.045057867 0.006627948 0.133263245 -0.079765804 -0.044555645 -0.019892806 0.995618641
1305031117.643252 -0.046353456 -0.000761703 0.135794759 -0.078484744 -0.046361841 -0.018934960 0.995656669
1305031117.679262 -0.046687528 -0.005644130 0.138092607 -0.078001484 -0.049189545 -0.018055242 0.995575309
1305031117.711184 -0.045872342 -0.016480591 0.142056465 -0.080255829 -0.052267395 -0.015655799 0.995279849
1305031117.743184 -0.045741692 -0.026116649 0.145845339 -0.080987073 -0.054635674 -0.012461710 0.995138586
1305031117.779467 -0.045697600 -0.031841382 0.148503870 -0.080411330 -0.057146415 -0.010185952 0.995070100
1305031117.811320 -0.044964150 -0.043139808 0.153273076 -0.082563564 -0.059521303 -0.009061856 0.994765520
1305031117.843291 -0.040505510 -0.052525289 0.156531215 -0.080892205 -0.060880307 -0.007651759 0.994832397
1305031117.879451 -0.041325491 -0.059220314 0.159542322 -0.079248719 -0.057513494 -0.007915971 0.995162904
1305031117.911407 -0.043056518 -0.070734546 0.165000051 -0.080081768 -0.055535503 -0.008235627 0.995205939
1305031117.943253 -0.043401759 -0.077043600 0.167797729 -0.078425899 -0.053460773 -0.008295613 0.995450914
1305031117.979228 -0.046633698 -0.083065912 0.172152758 -0.079455070 -0.050849639 -0.009125882 0.995498836
1305031118.011228 -0.046024069 -0.097251147 0.178782463 -0.083435602 -0.051206589 -0.009491645 0.995151401
1305031118.043521 -0.045881670 -0.105065532 0.183585763 -0.082249299 -0.050150786 -0.009210270 0.995306551
1305031118.079334 -0.044808794 -0.114534073 0.187172502 -0.082977153 -0.049338609 -0.010873394 0.995269954
1305031118.111217 -0.041491814 -0.124905646 0.192435071 -0.083111875 -0.046426371 -0.011798494 0.995388269
1305031118.143256 -0.044853222 -0.131382808 0.196070448 -0.080991678 -0.040888663 -0.013719645 0.995781243
1305031118.179323 -0.044756006 -0.143768072 0.202186927 -0.082153618 -0.038580168 -0.015685935 0.995749116
1305031118.211202 -0.049566016 -0.153323606 0.204947948 -0.079488479 -0.034546129 -0.014857534 0.996126175
1305031118.243173 -0.051225401 -0.161806107 0.207475275 -0.076717339 -0.035196882 -0.015238050 0.996314943
1305031118.279194 -0.049715590 -0.171877995 0.212536573 -0.073611796 -0.036227245 -0.015873341 0.996502340
1305031118.311299 -0.050047901 -0.179864749 0.214896858 -0.067614883 -0.036438998 -0.015599961 0.996923804
1305031118.343324 -0.046181772 -0.184196144 0.218956247 -0.062830538 -0.037031613 -0.016123235 0.997206628
1305031118.379208 -0.051721070 -0.191021621 0.218918413 -0.058876909 -0.033276394 -0.018401116 0.997540772
1305031118.411296 -0.052514821 -0.191965789 0.219928667 -0.055030294 -0.034977648 -0.018036583 0.997708797
1305031118.445692 -0.049612768 -0.193323359 0.223632753 -0.054383449 -0.036173858 -0.014661166 0.997756958
1305031118.479285 -0.050238457 -0.197620302 0.226486608 -0.054450724 -0.036555775 -0.012453117 0.997769356
1305031118.511255 -0.047291763 -0.193818524 0.227395177 -0.051237781 -0.037721347 -0.010917951 0.997914135
1305031118.544414 -0.046520628 -0.187915981 0.225213349 -0.051079039 -0.036814809 -0.011680816 0.997947454
1305031118.579285 -0.043234102 -0.186262563 0.227540135 -0.053283870 -0.037227500 -0.011609784 0.997817695
1305031118.616142 -0.042927187 -0.181538522 0.225714013 -0.053081427 -0.034827128 -0.013954964 0.997885108
1305031118.645325 -0.044814155 -0.173204184 0.221438795 -0.052961871 -0.031557720 -0.016720565 0.997957706
1305031118.679295 -0.047074061 -0.167601988 0.220108598 -0.055977605 -0.029590290 -0.018888200 0.997814655
1305031118.711421 -0.046781342 -0.164882377 0.220217660 -0.057743341 -0.030562002 -0.021179894 0.997638762
1305031118.746770 -0.050125137 -0.154262900 0.216064438 -0.054525398 -0.031921234 -0.020259591 0.997796357
1305031118.779277 -0.048911784 -0.136703730 0.210013494 -0.053629618 -0.035856787 -0.020451050 0.997707307
1305031118.811221 -0.044287995 -0.139422491 0.211314619 -0.061602689 -0.039961822 -0.021354329 0.997071743
1305031118.846753 -0.039249219 -0.130306810 0.205507889 -0.057635985 -0.041175708 -0.019203097 0.997303307
1305031118.879208 -0.041824546 -0.108543627 0.194147393 -0.052229024 -0.037209876 -0.022464927 0.997688770
1305031118.911177 -0.042034946 -0.105448760 0.192069337 -0.056777436 -0.036286835 -0.024789305 0.997419238
1305031118.946974 -0.042867865 -0.092808172 0.184842855 -0.054440871 -0.034405865 -0.026647201 0.997568250
1305031118.979374 -0.044915222 -0.076246798 0.177786574 -0.053088930 -0.032694276 -0.030588895 0.997585595
1305031119.011363 -0.045746971 -0.067523591 0.173268452 -0.056967594 -0.032884169 -0.032386743 0.997308612
1305031119.047172 -0.046640366 -0.058817632 0.169015363 -0.058799021 -0.033458449 -0.032943275 0.997164965
1305031119.079223 -0.049655057 -0.049081601 0.163076177 -0.058894817 -0.034771353 -0.032633867 0.997124553
1305031119.111328 -0.050187647 -0.039570000 0.158528998 -0.058831949 -0.038349207 -0.032129403 0.997013450
1305031119.147616 -0.052540593 -0.027955405 0.151095182 -0.058053296 -0.040731966 -0.031044194 0.996998966
1305031119.179226 -0.050524894 -0.024005849 0.147375062 -0.059803475 -0.045931220 -0.031047700 0.996669412
1305031119.211364 -0.049104564 -0.012211703 0.140516117 -0.056040980 -0.048054326 -0.028846260 0.996854067
1305031119.247399 -0.049769644 -0.003288476 0.135335535 -0.055370055 -0.048965413 -0.027939651 0.996873081
1305031119.279212 -0.048691291 0.006191074 0.130232543 -0.054821562 -0.050270356 -0.027794456 0.996842504
1305031119.311212 -0.049638074 0.014903027 0.126762837 -0.054563098 -0.050372198 -0.025327830 0.996917248
1305031119.347741 -0.051414650 0.022036724 0.122723803 -0.053782810 -0.051473562 -0.023368690 0.996951222
1305031119.379239 -0.049625970 0.034807205 0.117926568 -0.051726095 -0.054251093 -0.022494229 0.996932924
1305031119.411484 -0.045076326 0.042347483 0.114919811 -0.052943222 -0.055701196 -0.021579938 0.996809304
1305031119.447706 -0.046205297 0.050928175 0.111847997 -0.053188145 -0.052612368 -0.021770569 0.996959865
1305031119.479267 -0.047230698 0.062314231 0.107678674 -0.050730094 -0.050230864 -0.022285821 0.997199416
1305031119.511240 -0.049732599 0.073535636 0.104405694 -0.051089786 -0.048206922 -0.021778757 0.997292161
1305031119.547382 -0.049602617 0.083626091 0.101484783 -0.051920831 -0.048267957 -0.020038750 0.997282743
1305031119.579559 -0.047894627 0.097107999 0.098031349 -0.052443355 -0.047709156 -0.019828718 0.997286499
1305031119.615017 -0.049914520 0.103459328 0.096719697 -0.056937229 -0.045131598 -0.019232666 0.997171700
1305031119.647903 -0.051980302 0.117639512 0.094205365 -0.057496816 -0.043888044 -0.018266404 0.997213244
1305031119.679208 -0.046989914 0.130449638 0.092455648 -0.060251769 -0.043866362 -0.020037090 0.997017562
1305031119.715232 -0.050764769 0.138870865 0.091865920 -0.065880783 -0.037630945 -0.018197160 0.996951580
1305031119.747193 -0.054596089 0.144857839 0.090515390 -0.070128925 -0.034818884 -0.013156375 0.996843278
1305031119.779169 -0.056982886 0.155276150 0.089626476 -0.071942545 -0.035603836 -0.011097866 0.996711314
1305031119.814537 -0.053811770 0.163536370 0.088582657 -0.073945254 -0.037975013 -0.006771289 0.996515989
1305031119.847429 -0.053683847 0.172768593 0.086972415 -0.075918674 -0.036971737 -0.002496904 0.996425211
1305031119.879214 -0.053877231 0.177250072 0.085904859 -0.077366486 -0.035099268 -0.002277760 0.996382117
1305031119.911401 -0.055228800 0.192141742 0.083229676 -0.073744178 -0.032807671 -0.001639092 0.996736050
1305031119.947392 -0.054716226 0.198311761 0.082097933 -0.077962220 -0.031439051 -0.001641477 0.996459126
1305031119.979537 -0.054512031 0.203651950 0.080542371 -0.080313608 -0.028343845 -0.002401136 0.996363699
1305031120.015264 -0.056070309 0.216734052 0.077971518 -0.081016734 -0.024631387 -0.000453430 0.996408224
1305031120.047290 -0.060886726 0.212696880 0.078273356 -0.091505535 -0.021829234 0.000042691 0.995565295
1305031120.079418 -0.064090014 0.218116462 0.077724352 -0.090900518 -0.022648780 0.002204824 0.995599926
1305031120.115232 -0.064282104 0.222815931 0.076751009 -0.090667941 -0.025009647 0.004195299 0.995558262
1305031120.148157 -0.061133891 0.213563204 0.077035129 -0.096614778 -0.026972150 0.004634585 0.994945526
1305031120.179246 -0.059780236 0.210689262 0.077216402 -0.096029364 -0.026977248 0.007755324 0.994982660
1305031120.215249 -0.059139688 0.204736918 0.077616826 -0.092761673 -0.027314764 0.007658124 0.995284140
1305031120.248003 -0.059318382 0.202324763 0.078103930 -0.088302158 -0.027115485 0.005480809 0.995709538
1305031120.279430 -0.058462892 0.194842190 0.079141840 -0.086256295 -0.026656382 0.003415368 0.995910466
1305031120.315196 -0.058136255 0.186975971 0.080607519 -0.084519632 -0.026367165 0.001288083 0.996072054
1305031120.347787 -0.057511453 0.179524839 0.083701499 -0.081159890 -0.026209285 -0.000703472 0.996356189
1305031120.379437 -0.056390591 0.168775439 0.087414473 -0.080917649 -0.026931986 -0.001427496 0.996355832
1305031120.415445 -0.052899178 0.152877241 0.091812588 -0.077672899 -0.029276885 -0.001544903 0.996547759
1305031120.447417 -0.056106552 0.149675891 0.095087096 -0.068774708 -0.028340114 -0.001973498 0.997227609
1305031120.479432 -0.053457938 0.134273559 0.099861875 -0.069255218 -0.030271264 -0.000953787 0.997139156
1305031120.514819 -0.055093452 0.123970635 0.103779256 -0.063014030 -0.031487864 0.000491552 0.997515678
1305031120.547736 -0.054629922 0.116467863 0.108660288 -0.056357831 -0.034931555 0.002556979 0.997796118
1305031120.579551 -0.055311501 0.108396582 0.112571999 -0.053436119 -0.038570516 0.006014802 0.997807980
1305031120.615236 -0.052404709 0.097009644 0.117411882 -0.051570717 -0.044048749 0.008489518 0.997661352
1305031120.647354 -0.050514407 0.088420756 0.121389076 -0.047143642 -0.047515489 0.008996825 0.997716784
1305031120.679318 -0.049480584 0.081341401 0.125657842 -0.044721596 -0.049141761 0.010067875 0.997739315
1305031120.714522 -0.049711455 0.072853804 0.129810035 -0.042975299 -0.049579594 0.010569260 0.997789204
1305031120.747369 -0.050466072 0.062753886 0.133611143 -0.042767510 -0.051528245 0.010697305 0.997698009
1305031120.779894 -0.047717407 0.052156292 0.137562409 -0.041505098 -0.054543249 0.010571260 0.997592390
1305031120.814944 -0.047885463 0.046754278 0.139790460 -0.038075928 -0.054594211 0.009806464 0.997734189
1305031120.847921 -0.046982899 0.036659129 0.143524259 -0.039753817 -0.055976331 0.007697857 0.997610629
1305031120.883435 -0.044789828 0.025741506 0.146722436 -0.038501594 -0.056286622 0.006068071 0.997653544
1305031120.915444 -0.045869589 0.020689715 0.148605704 -0.036350295 -0.054475017 0.004264986 0.997844160
1305031120.947488 -0.045931339 0.010230593 0.151873574 -0.037448302 -0.054306548 0.002096693 0.997819662
1305031120.983366 -0.048123270 0.001263332 0.154574573 -0.037200589 -0.053518720 -0.000558315 0.997873485
1305031121.015019 -0.047454476 -0.008287048 0.157544807 -0.036323041 -0.054552246 -0.001347323 0.997849107
1305031121.047498 -0.048536547 -0.013570666 0.158603564 -0.034962300 -0.053936180 -0.002562381 0.997928858
1305031121.083099 -0.050848976 -0.026444852 0.161393911 -0.035455417 -0.054526731 -0.004423011 0.997872829
1305031121.114696 -0.049094733 -0.034284238 0.162935466 -0.033363163 -0.056576390 -0.003369567 0.997834980
1305031121.147331 -0.050418139 -0.041514091 0.164923906 -0.031233674 -0.056846119 -0.004393005 0.997884631
1305031121.183271 -0.050363977 -0.051532175 0.166397780 -0.030386882 -0.058264814 -0.004898144 0.997826576
1305031121.211420 -0.047470741 -0.062051307 0.168877408 -0.028963894 -0.058959998 -0.004729961 0.997828841
1305031121.247194 -0.051364668 -0.066740029 0.170163944 -0.025981354 -0.056368079 -0.005625282 0.998056114
1305031121.282876 -0.051466927 -0.077143133 0.174009085 -0.026919359 -0.058009598 -0.004653126 0.997942150
1305031121.313568 -0.050709005 -0.088358581 0.177100375 -0.025353510 -0.058366898 -0.004012807 0.997965097
1305031121.347517 -0.053682409 -0.094832100 0.178021118 -0.023293614 -0.058450364 -0.002788068 0.998014629
1305031121.383226 -0.049638648 -0.108374357 0.183114558 -0.023658341 -0.061443251 -0.002084792 0.997827947
1305031121.414318 -0.050794490 -0.113991365 0.185744092 -0.018447602 -0.060194191 -0.003232249 0.998010993
1305031121.447319 -0.051050529 -0.119814433 0.186964646 -0.016917109 -0.059668835 -0.002622958 0.998071432
1305031121.482964 -0.047948521 -0.132690758 0.192907751 -0.016927991 -0.058937699 -0.001046252 0.998117566
1305031121.514107 -0.052936338 -0.138309196 0.191398397 -0.013293569 -0.055411849 -0.000618553 0.998374879
1305031121.547270 -0.053000070 -0.143173397 0.193430960 -0.014117356 -0.055300590 -0.000378369 0.998369813
1305031121.583204 -0.051435646 -0.154003322 0.198993146 -0.016675768 -0.054790273 -0.000950730 0.998358130
1305031121.614700 -0.052001771 -0.162155285 0.200630262 -0.015856354 -0.052762274 -0.002727300 0.998477459
1305031121.647183 -0.050362170 -0.166003063 0.203065082 -0.014560686 -0.049090065 -0.004425137 0.998678386
1305031121.683200 -0.055583734 -0.173941404 0.204035699 -0.017307252 -0.043619122 -0.006403530 0.998877764
1305031121.714520 -0.055644065 -0.182395548 0.206647202 -0.018861210 -0.043448258 -0.005430406 0.998862863
1305031121.747145 -0.056156322 -0.185728952 0.209598303 -0.019962113 -0.043041859 -0.004942168 0.998861611
1305031121.782835 -0.055223443 -0.193320125 0.213391811 -0.022556044 -0.043061715 -0.002731341 0.998814046
1305031121.811540 -0.052959986 -0.196242273 0.215995133 -0.023449603 -0.042620044 -0.000665776 0.998815894
1305031121.847335 -0.053079098 -0.199661657 0.216217324 -0.025865607 -0.040750977 0.002849697 0.998830438
1305031121.882060 -0.053984039 -0.201785594 0.216791645 -0.028168209 -0.040145759 0.008889367 0.998757184
1305031121.914931 -0.055125929 -0.203085393 0.216468275 -0.030094583 -0.041547354 0.010590624 0.998627067
1305031121.947288 -0.052453086 -0.202818722 0.218423069 -0.029943965 -0.044592157 0.010364950 0.998502612
1305031121.982926 -0.052557349 -0.197758690 0.217380196 -0.029004283 -0.043956611 0.009899154 0.998563230
1305031122.014256 -0.054098457 -0.195582017 0.215827808 -0.029658314 -0.043473944 0.007458293 0.998586416
1305031122.047306 -0.053604543 -0.190389305 0.213419095 -0.028321890 -0.044935793 0.004168695 0.998579621
1305031122.082959 -0.053685613 -0.183441430 0.212524146 -0.026718274 -0.045492053 0.000000929 0.998607337
1305031122.114672 -0.054608524 -0.173503831 0.208528727 -0.024549901 -0.045240015 -0.003520529 0.998668253
1305031122.150725 -0.052596308 -0.165276930 0.206395924 -0.024870424 -0.046295483 -0.008591124 0.998581171
1305031122.183042 -0.050724313 -0.154970363 0.203224763 -0.022550292 -0.045882735 -0.012836275 0.998609781
1305031122.214959 -0.052813277 -0.133573085 0.195821851 -0.021022908 -0.043321621 -0.017873712 0.998680055
1305031122.251319 -0.054368332 -0.129497707 0.195095509 -0.028064115 -0.042344108 -0.021711381 0.998472869
1305031122.283560 -0.056584086 -0.117168278 0.188875645 -0.027699212 -0.042334061 -0.023690645 0.998438478
1305031122.314289 -0.060887236 -0.094206110 0.180693567 -0.028454814 -0.042663749 -0.029035142 0.998262048
1305031122.351327 -0.059431821 -0.091502815 0.177549854 -0.037895568 -0.045711838 -0.030398227 0.997772694
1305031122.382630 -0.062258840 -0.079673022 0.174227715 -0.041760135 -0.047023468 -0.031009911 0.997538626
1305031122.414997 -0.064234242 -0.073151320 0.171312824 -0.046064567 -0.050785501 -0.031541701 0.997147977
1305031122.451257 -0.064379781 -0.060945213 0.165537104 -0.047052652 -0.055376891 -0.029590381 0.996917188
1305031122.483360 -0.064225495 -0.053719558 0.161284730 -0.050505348 -0.060360584 -0.030043049 0.996445298
1305031122.515097 -0.060852066 -0.044516347 0.155659422 -0.051759813 -0.065467991 -0.030588076 0.996041775
1305031122.551490 -0.057813622 -0.034907706 0.149959743 -0.053059954 -0.067216486 -0.031789973 0.995819271
1305031122.583208 -0.058690324 -0.025950976 0.145784542 -0.054227732 -0.065524355 -0.033319570 0.995819151
1305031122.614980 -0.062217906 -0.018115360 0.141797379 -0.054848425 -0.064530432 -0.032907013 0.995863736
1305031122.648788 -0.062191941 -0.007566336 0.136173993 -0.052947067 -0.066311851 -0.031537611 0.995893955
1305031122.683402 -0.062274542 0.003390010 0.132067055 -0.051674761 -0.067602672 -0.030044381 0.995920122
1305031122.715208 -0.064131148 0.012281571 0.128864855 -0.051603049 -0.069787666 -0.027570115 0.995844722
1305031122.751298 -0.062320992 0.024871670 0.123759799 -0.050252005 -0.072817147 -0.027242275 0.995705903
1305031122.783423 -0.061529569 0.040412501 0.119573183 -0.051209021 -0.073070101 -0.027182849 0.995640218
1305031122.812555 -0.059869457 0.046333112 0.118488997 -0.056937363 -0.072958730 -0.028266769 0.995307028
1305031122.851418 -0.054278836 0.055501074 0.116841175 -0.058157217 -0.071269885 -0.029996302 0.995308280
1305031122.883754 -0.057643585 0.065389007 0.113497041 -0.060719453 -0.063502260 -0.029024234 0.995709896
1305031122.914571 -0.062695548 0.069643885 0.112130657 -0.065009609 -0.059216388 -0.028656043 0.995713830
1305031122.951341 -0.062574826 0.077383384 0.110307679 -0.065395549 -0.058715217 -0.028087972 0.995734394
1305031122.982815 -0.065336332 0.087341219 0.107158333 -0.066048361 -0.057703719 -0.024277836 0.995850623
1305031123.015450 -0.063672327 0.092474893 0.105513319 -0.068820953 -0.059511945 -0.021455549 0.995621264
1305031123.051827 -0.062576666 0.097615555 0.103327386 -0.068660915 -0.059388950 -0.020208046 0.995665729
1305031123.082975 -0.063341327 0.109746598 0.099327274 -0.066347212 -0.058155671 -0.017573465 0.995945334
1305031123.113873 -0.062995009 0.119937129 0.097853579 -0.068489544 -0.057232644 -0.015008300 0.995895743
1305031123.150822 -0.064100616 0.127347007 0.096381895 -0.070931628 -0.056037750 -0.015227639 0.995789409
1305031123.182155 -0.060543060 0.139271438 0.095112383 -0.071654797 -0.055680200 -0.014421909 0.995769680
1305031123.214704 -0.059110470 0.148898020 0.094239675 -0.075145073 -0.051713455 -0.015098965 0.995716274
1305031123.250618 -0.060862422 0.163194075 0.092574209 -0.078294218 -0.047166280 -0.015460367 0.995693922
1305031123.282347 -0.057101917 0.171550080 0.092981875 -0.086495548 -0.045995645 -0.012864616 0.995106757
1305031123.311327 -0.057761773 0.177956462 0.093295470 -0.092166349 -0.041360699 -0.012364028 0.994807363
1305031123.350481 -0.060178768 0.189703122 0.092383854 -0.094475597 -0.035704650 -0.011912894 0.994815350
1305031123.382255 -0.056251202 0.198195308 0.091750018 -0.098459505 -0.032747425 -0.008172430 0.994568527
1305031123.411363 -0.059839182 0.201508150 0.091596767 -0.102990136 -0.026141666 -0.006618289 0.994316757
1305031123.451255 -0.061726175 0.212243959 0.089009032 -0.103036568 -0.022589650 -0.005123512 0.994407833
1305031123.483594 -0.058008347 0.219189346 0.088490710 -0.107571132 -0.022536397 0.000367502 0.993941844
1305031123.511360 -0.058301982 0.221113563 0.087653071 -0.112832293 -0.020520655 0.003164381 0.993397117
1305031123.551513 -0.059023887 0.232346267 0.086409003 -0.111527845 -0.019939216 0.005198966 0.993547678
1305031123.579583 -0.054966874 0.243205994 0.085545853 -0.111391596 -0.021373779 0.007849413 0.993515730
1305031123.611335 -0.054252099 0.254442573 0.084309332 -0.109671608 -0.019978100 0.008955952 0.993726730
1305031123.652411 -0.052796923 0.257195294 0.083348744 -0.115493655 -0.018366300 0.009963124 0.993088424
1305031123.683753 -0.050538391 0.264713764 0.082983479 -0.118127510 -0.015823642 0.011200364 0.992809176
1305031123.711323 -0.049075589 0.272182435 0.082382955 -0.121001333 -0.012788855 0.012333228 0.992493331
1305031123.751723 -0.048304107 0.275410622 0.081949070 -0.124212608 -0.011127964 0.014366540 0.992089212
1305031123.783858 -0.049813349 0.277528524 0.080334909 -0.126264885 -0.010395191 0.015276361 0.991824448
1305031123.811608 -0.049450912 0.278522730 0.079583377 -0.127526477 -0.010746724 0.016413717 0.991641104
1305031123.851444 -0.049199600 0.279553741 0.078632265 -0.128312007 -0.010795279 0.018524392 0.991502047
1305031123.883786 -0.050288886 0.273897916 0.077806383 -0.130904779 -0.011435191 0.019319737 0.991140723
1305031123.911243 -0.048941892 0.271760911 0.077757858 -0.127991170 -0.013586006 0.018279990 0.991513789
1305031123.951442 -0.048373383 0.270704120 0.077547014 -0.127673164 -0.014387689 0.019717079 0.991515934
1305031123.983415 -0.049733948 0.263566226 0.079168104 -0.131280407 -0.015847016 0.021818085 0.990978420
1305031124.011302 -0.050303638 0.252252489 0.080181882 -0.129634380 -0.019417357 0.021253247 0.991143882
1305031124.051505 -0.050426062 0.250540435 0.081560478 -0.124000192 -0.022457115 0.021246770 0.991800487
1305031124.083837 -0.050944861 0.244067073 0.084498629 -0.123720452 -0.024919726 0.022280762 0.991753936
1305031124.111331 -0.049549267 0.231187999 0.087223671 -0.120510183 -0.028501345 0.021405721 0.992071986
1305031124.147446 -0.049936049 0.231433526 0.089902803 -0.112075470 -0.029802538 0.019403396 0.993063152
1305031124.182694 -0.049999390 0.220675051 0.092779875 -0.113025479 -0.030929130 0.016976904 0.992965460
1305031124.211396 -0.046760038 0.209126234 0.096140265 -0.108603649 -0.033632394 0.015178751 0.993400037
1305031124.249327 -0.050274964 0.205678254 0.097901069 -0.101359792 -0.033367597 0.014389989 0.994185925
1305031124.282545 -0.050724596 0.197502404 0.100047104 -0.101467840 -0.037594672 0.014212089 0.994026661
1305031124.311361 -0.047702111 0.181710571 0.103129767 -0.101422779 -0.043000542 0.014408481 0.993809223
1305031124.350354 -0.048364267 0.179105878 0.104220405 -0.093562610 -0.045938138 0.013092777 0.994466841
1305031124.382420 -0.046312932 0.165951595 0.106805667 -0.092527352 -0.048956666 0.012770913 0.994423866
1305031124.411439 -0.045142531 0.155086040 0.108713195 -0.088282406 -0.050919708 0.012229084 0.994717956
1305031124.450245 -0.045173500 0.144860804 0.110105976 -0.081620909 -0.052001905 0.009807164 0.995257556
1305031124.480099 -0.046167064 0.132714063 0.111877233 -0.076692209 -0.052658308 0.007429468 0.995635569
1305031124.511324 -0.047378682 0.125001729 0.113344833 -0.069466099 -0.053898495 0.005189458 0.996113658
1305031124.550437 -0.049204368 0.114803836 0.115454867 -0.065584093 -0.054788250 0.002213701 0.996339321
1305031124.579404 -0.048723072 0.102726936 0.118026249 -0.062814221 -0.057644326 -0.000001591 0.996359110
1305031124.611358 -0.048325580 0.091117971 0.121408455 -0.058561753 -0.060303710 -0.001735399 0.996459246
1305031124.651271 -0.048924521 0.081233785 0.123832621 -0.054935347 -0.062331088 -0.003753668 0.996535420
1305031124.679362 -0.046464760 0.067339957 0.127887025 -0.052330438 -0.065217532 -0.005703877 0.996481657
1305031124.711251 -0.044834986 0.056898020 0.131055936 -0.048644867 -0.066034406 -0.006759164 0.996607959
1305031124.749890 -0.047006071 0.045929074 0.135311812 -0.046588052 -0.065425985 -0.009150655 0.996727288
1305031124.779365 -0.047156543 0.034525983 0.139662534 -0.043596651 -0.066880025 -0.009899390 0.996758938
1305031124.811360 -0.047389768 0.025327686 0.143732250 -0.041282292 -0.067757182 -0.010294987 0.996794224
1305031124.850535 -0.048046313 0.012230247 0.149514124 -0.042086527 -0.069041915 -0.011159699 0.996663153
1305031124.879355 -0.043641716 -0.000000697 0.154803708 -0.040669423 -0.070735604 -0.011154170 0.996603251
1305031124.911448 -0.044406015 -0.006689932 0.158847600 -0.038407892 -0.067939334 -0.011364454 0.996885121
1305031124.950730 -0.044087231 -0.017816586 0.165735394 -0.041683398 -0.066993758 -0.011446392 0.996816576
1305031124.979438 -0.046158113 -0.035392515 0.172411919 -0.042806093 -0.065632954 -0.009886269 0.996876240
1305031125.011454 -0.049008422 -0.043890242 0.176130325 -0.037777349 -0.067315884 -0.008936214 0.996976197
1305031125.050763 -0.044632368 -0.049334880 0.178831637 -0.035370719 -0.070828579 -0.007398953 0.996833742
1305031125.079364 -0.044539399 -0.060203955 0.185441345 -0.036994547 -0.070157260 -0.004362218 0.996840179
1305031125.111364 -0.047288399 -0.071421072 0.189868554 -0.036510896 -0.070342995 -0.003884337 0.996846914
1305031125.151013 -0.044204228 -0.079206653 0.192036077 -0.032787420 -0.071704529 -0.005451439 0.996871948
1305031125.179353 -0.045668751 -0.081280932 0.193815976 -0.031798173 -0.068668127 -0.004567093 0.997122228
1305031125.211320 -0.047627598 -0.094457075 0.198373571 -0.036563132 -0.066928603 -0.004898581 0.997075558
1305031125.250632 -0.050103635 -0.105418719 0.202795029 -0.035128146 -0.066379867 -0.007655977 0.997146487
1305031125.279467 -0.049171560 -0.109689035 0.203728199 -0.031914655 -0.066775844 -0.007989184 0.997225463
1305031125.311493 -0.050084360 -0.117809556 0.209190950 -0.031675313 -0.065071583 -0.007864086 0.997346759
1305031125.348880 -0.053406797 -0.124457262 0.208026290 -0.028207222 -0.062621526 -0.011534906 0.997572005
1305031125.379401 -0.050120771 -0.125907838 0.213970527 -0.027136859 -0.062077627 -0.014708767 0.997593880
1305031125.411335 -0.049528114 -0.130326539 0.217214257 -0.027191268 -0.056070447 -0.015201837 0.997940719
1305031125.451195 -0.051777311 -0.137189224 0.219544500 -0.030827956 -0.050274026 -0.017510576 0.998106003
1305031125.479424 -0.051238507 -0.145704746 0.222739995 -0.031245671 -0.046730377 -0.019045893 0.998237073
1305031125.511316 -0.052586380 -0.146545932 0.221443728 -0.030275585 -0.042408206 -0.019846955 0.998444319
1305031125.551020 -0.052653790 -0.149198115 0.222537354 -0.031272579 -0.039302278 -0.021778675 0.998500407
1305031125.579308 -0.051960178 -0.151418507 0.224053517 -0.032942995 -0.036044281 -0.023903664 0.998520970
1305031125.611533 -0.053410586 -0.157201827 0.224021241 -0.033424102 -0.032350767 -0.024153093 0.998625517
1305031125.650575 -0.058670636 -0.159977257 0.218909249 -0.029518351 -0.030309785 -0.021704255 0.998868763
1305031125.679328 -0.062974527 -0.153048098 0.212027103 -0.024325244 -0.032783851 -0.020680929 0.998952329
1305031125.711443 -0.059345506 -0.153965592 0.212155327 -0.023542965 -0.039695233 -0.018831514 0.998756945
1305031125.751260 -0.056560565 -0.140808046 0.208545357 -0.016404256 -0.042840887 -0.017074749 0.998801291
1305031125.779348 -0.054809436 -0.134366736 0.206158802 -0.016419856 -0.044350896 -0.019781999 0.998685181
1305031125.811573 -0.052916452 -0.125106603 0.202144071 -0.015302878 -0.044092909 -0.020687182 0.998695970
1305031125.847412 -0.053637955 -0.118324533 0.198907346 -0.017474297 -0.042308070 -0.022455381 0.998699367
1305031125.879318 -0.056538347 -0.109467506 0.194533631 -0.016767679 -0.041974913 -0.023425937 0.998703301
1305031125.911305 -0.060806088 -0.095695816 0.189797476 -0.018530399 -0.043629836 -0.022078905 0.998631895
1305031125.947343 -0.063553773 -0.093127236 0.185569704 -0.023264697 -0.049366295 -0.020158330 0.998306274
1305031125.979324 -0.061329238 -0.079878628 0.183399856 -0.022258271 -0.057555564 -0.016036857 0.997965336
1305031126.011333 -0.056745425 -0.068196751 0.180020869 -0.023894439 -0.064345695 -0.015706699 0.997517943
1305031126.047324 -0.049607091 -0.055108812 0.178725153 -0.026124211 -0.068061724 -0.014020649 0.997240484
1305031126.079356 -0.049253590 -0.044459060 0.175190762 -0.030018508 -0.066373438 -0.013833278 0.997247219
1305031126.111370 -0.048227899 -0.035151929 0.174702778 -0.033750013 -0.065927818 -0.014520628 0.997147739
1305031126.147432 -0.049676150 -0.019842520 0.173514515 -0.034375593 -0.064120412 -0.013813733 0.997254252
1305031126.179384 -0.049152397 -0.005955372 0.170171723 -0.040129419 -0.064403445 -0.012030910 0.997044146
1305031126.211319 -0.046478137 0.001334323 0.169476941 -0.045402158 -0.065778978 -0.011665116 0.996732533
1305031126.247298 -0.044816300 0.016705200 0.165421471 -0.046708390 -0.064744800 -0.011041760 0.996746957
1305031126.279363 -0.042127728 0.028352199 0.164290130 -0.050332546 -0.064133398 -0.011731029 0.996602178
1305031126.311332 -0.039702144 0.041499510 0.162239462 -0.053621612 -0.062068354 -0.013201122 0.996543050
1305031126.347363 -0.041389652 0.050335355 0.159835815 -0.058348250 -0.057329476 -0.014691941 0.996540487
1305031126.379423 -0.043580718 0.060856462 0.157333836 -0.061466984 -0.053540800 -0.016196202 0.996540427
1305031126.411465 -0.044576950 0.072369158 0.154721424 -0.064910807 -0.051419187 -0.018202225 0.996399164
1305031126.447361 -0.044532899 0.078670934 0.153269023 -0.070129201 -0.050132107 -0.017255632 0.996127963
1305031126.479533 -0.047767848 0.088916846 0.151068047 -0.071494386 -0.049099095 -0.014914562 0.996120155
1305031126.511410 -0.047195561 0.101685762 0.146732703 -0.073211700 -0.050839901 -0.012755499 0.995938063
1305031126.547374 -0.043881416 0.110139243 0.145181775 -0.078926668 -0.052326474 -0.012316753 0.995429993
1305031126.579454 -0.042020813 0.118857130 0.143345147 -0.082646117 -0.050871935 -0.010486010 0.995224476
1305031126.611528 -0.042837761 0.125578642 0.141594201 -0.088099457 -0.048511162 -0.008830610 0.994890511
1305031126.647376 -0.039165728 0.128742829 0.141394585 -0.093217373 -0.048253089 -0.006854809 0.994452238
1305031126.679479 -0.038604289 0.134957433 0.139349341 -0.094569512 -0.046134841 -0.002546221 0.994445443
1305031126.711583 -0.038469736 0.141354769 0.136966735 -0.096796498 -0.044355810 0.000622820 0.994315147
1305031126.747316 -0.037055582 0.141518056 0.135652989 -0.099496178 -0.042924251 0.003429560 0.994105756
1305031126.779379 -0.036939733 0.148327783 0.133186519 -0.097840130 -0.041715086 0.006659168 0.994305193
1305031126.811602 -0.033206999 0.151051536 0.131665781 -0.098502532 -0.040994216 0.007331434 0.994265020
1305031126.847343 -0.032793086 0.154730007 0.129258871 -0.098525055 -0.037099395 0.007730721 0.994412720
1305031126.879357 -0.033514857 0.157588407 0.127589867 -0.098763071 -0.034533747 0.008033376 0.994479120
1305031126.911364 -0.031842917 0.158405244 0.126485780 -0.099139065 -0.033012040 0.007240172 0.994499505
1305031126.947437 -0.032734804 0.159233838 0.124648444 -0.100045867 -0.031419616 0.009211842 0.994443953
1305031126.979337 -0.032210514 0.158265322 0.124361135 -0.100904725 -0.032495480 0.010267978 0.994312227
1305031127.011371 -0.031348377 0.157252848 0.123884350 -0.099929519 -0.033698395 0.010481087 0.994368494
1305031127.047297 -0.031484496 0.159490228 0.123128176 -0.098067358 -0.033867702 0.011576973 0.994535923
1305031127.079299 -0.031962685 0.158445895 0.123275585 -0.098671541 -0.034103248 0.011699574 0.994466722
1305031127.111435 -0.033942945 0.155057430 0.123958454 -0.099508278 -0.035436504 0.012561293 0.994326174
1305031127.147307 -0.034169495 0.152380884 0.124460734 -0.098756418 -0.038858186 0.013220075 0.994264781
1305031127.179349 -0.034515373 0.152745605 0.124509081 -0.095858835 -0.041547388 0.013013887 0.994442284
1305031127.211700 -0.032645401 0.150146410 0.125706241 -0.095867150 -0.043841869 0.013021465 0.994342923
1305031127.247374 -0.031390823 0.145779341 0.127368078 -0.094977871 -0.044639826 0.012152548 0.994403720
1305031127.279465 -0.033596687 0.146044582 0.127463222 -0.091706619 -0.043834947 0.011171715 0.994758070
1305031127.311362 -0.034576245 0.143085614 0.129332423 -0.092374377 -0.044498563 0.010165454 0.994677603
1305031127.347356 -0.034101095 0.136750713 0.131470352 -0.092192687 -0.046428949 0.009707061 0.994610786
1305031127.379262 -0.034652285 0.137579069 0.132205054 -0.088473953 -0.047358420 0.009572927 0.994906008
1305031127.411371 -0.035080031 0.136371404 0.133897290 -0.088002607 -0.048465647 0.008795982 0.994901657
1305031127.447333 -0.034916773 0.130610645 0.135930762 -0.088856593 -0.049954150 0.008450540 0.994755089
1305031127.479362 -0.036538847 0.132460028 0.136743277 -0.085462056 -0.050349712 0.007562520 0.995039701
1305031127.511356 -0.037367649 0.131337523 0.138083324 -0.086571135 -0.051219746 0.006582479 0.994906366
1305031127.547348 -0.036190614 0.126272693 0.140117452 -0.087908059 -0.052904550 0.006457173 0.994701743
1305031127.579345 -0.036901653 0.126987591 0.141129389 -0.085451707 -0.053101175 0.006150882 0.994907260
1305031127.611271 -0.037495814 0.127784327 0.141400367 -0.085276976 -0.053485163 0.006013906 0.994902492
1305031127.647358 -0.036422849 0.123982094 0.142929360 -0.087431513 -0.054312423 0.007176877 0.994662941
1305031127.679298 -0.037181489 0.122777082 0.143528551 -0.085923858 -0.054446671 0.008092210 0.994780004
1305031127.711375 -0.038239971 0.125258446 0.143214658 -0.084153816 -0.054727994 0.007539926 0.994920194
1305031127.747304 -0.037067480 0.122423448 0.144331723 -0.086276174 -0.055832203 0.007608118 0.994676530
1305031127.779346 -0.037272502 0.119498469 0.144707352 -0.086074293 -0.055915214 0.007869535 0.994687319
1305031127.811829 -0.038103573 0.120959617 0.144291922 -0.083806023 -0.055971045 0.006795598 0.994885743
1305031127.847366 -0.038566343 0.120510072 0.144277304 -0.084026888 -0.055876404 0.005846763 0.994878411
1305031127.879380 -0.039821643 0.119039260 0.144524917 -0.084426902 -0.055718701 0.005361041 0.994856179
1305031127.911476 -0.040850267 0.119483232 0.144587487 -0.083703607 -0.056273144 0.004845601 0.994888723
1305031127.947366 -0.040898968 0.120756127 0.145499572 -0.083808139 -0.057185065 0.005091270 0.994826674
1305031127.979371 -0.040925719 0.120008796 0.147004828 -0.085657053 -0.058068488 0.004701381 0.994619906
1305031128.011427 -0.039592031 0.120336726 0.148667291 -0.086484514 -0.058837611 0.004521311 0.994503975
1305031128.047369 -0.038805582 0.118033186 0.150882065 -0.089622021 -0.058179315 0.005487452 0.994260013
1305031128.079334 -0.038732663 0.114715606 0.152734339 -0.090597205 -0.057920307 0.006425536 0.994181097
1305031128.111391 -0.038852043 0.114274018 0.153381988 -0.089878820 -0.058074571 0.007200454 0.994231999
1305031128.147418 -0.038193479 0.114186414 0.154775038 -0.090404004 -0.058440071 0.008776471 0.994150281
1305031128.179350 -0.037144333 0.109721519 0.156407610 -0.091246538 -0.058792584 0.010024381 0.994040728
1305031128.211447 -0.037797362 0.111534432 0.156369194 -0.088413179 -0.058537457 0.010392798 0.994308054
1305031128.247480 -0.038824692 0.112726241 0.156106129 -0.088073783 -0.058488850 0.010619786 0.994338632
1305031128.279336 -0.037773691 0.109291114 0.157194644 -0.089504570 -0.059312847 0.010658518 0.994161606
1305031128.311483 -0.038335294 0.109998859 0.156719744 -0.087854542 -0.059128072 0.010057637 0.994326055
1305031128.347423 -0.039220843 0.110687539 0.156537801 -0.087369300 -0.058858752 0.009049767 0.994394481
1305031128.379404 -0.039286070 0.108757876 0.156770170 -0.088328592 -0.059359703 0.007515228 0.994292736
1305031128.411337 -0.039285660 0.108127356 0.156729981 -0.087738179 -0.059466835 0.006342165 0.994346797
1305031128.447296 -0.040638857 0.108121224 0.156082615 -0.087201171 -0.058908869 0.005141750 0.994434178
1305031128.479296 -0.040521152 0.107376724 0.156335413 -0.087552607 -0.059342843 0.003942224 0.994382918
1305031128.511433 -0.040649518 0.106377840 0.156139567 -0.087427393 -0.059077568 0.003378255 0.994411826
1305031128.547399 -0.040286146 0.106252484 0.156345338 -0.087330267 -0.058740668 0.002737464 0.994442284
1305031128.579455 -0.039938349 0.103559591 0.156724662 -0.087805636 -0.058330894 0.002556623 0.994424999
1305031128.611395 -0.041566186 0.103872418 0.156045035 -0.086119436 -0.057724211 0.002647091 0.994607627
1305031128.647352 -0.042589515 0.103947237 0.155427441 -0.085509740 -0.058542725 0.002889128 0.994611740
1305031128.679282 -0.041714128 0.102435187 0.155398756 -0.085680962 -0.060327251 0.002445956 0.994491577
1305031128.711457 -0.040366098 0.102195360 0.155410886 -0.084558390 -0.060892638 0.001642147 0.994554818
1305031128.747363 -0.040743016 0.102841139 0.154666275 -0.083409518 -0.059677497 0.000523259 0.994726658
