1305031103.011215 -0.018070068 0.044238210 0.253408104 -0.046393890 -0.015504947 -0.003339938 0.998797297
1305031103.043227 -0.018973924 0.049840875 0.271494240 -0.046847362 -0.021471979 -0.000999045 0.998670757
1305031103.075319 -0.015889173 0.046668585 0.272460371 -0.048351213 -0.025152827 0.001194478 0.998512924
1305031103.111240 -0.017523535 0.054072149 0.283989698 -0.045493100 -0.024173526 0.002176165 0.998669744
1305031103.143318 -0.013083994 0.052751772 0.291786641 -0.049731322 -0.026640501 0.005422087 0.998392522
1305031103.175452 -0.013956201 0.059711456 0.297555536 -0.047904361 -0.024976037 0.005429438 0.998524845
1305031103.211220 -0.015874155 0.064215764 0.298755229 -0.051338892 -0.024047012 0.006276534 0.998372018
1305031103.243216 -0.014606260 0.066473112 0.305071384 -0.058417212 -0.024787601 0.010350504 0.997930765
1305031103.275370 -0.021993451 0.068066806 0.311994195 -0.067341477 -0.024392601 0.012297799 0.997355938
1305031103.311210 -0.021532312 0.062496170 0.316322476 -0.076258145 -0.034027644 0.012447965 0.996429563
1305031103.343223 -0.014105634 0.068211876 0.327923119 -0.074876785 -0.041733183 0.013634359 0.996225834
1305031103.375327 -0.012384951 0.067341529 0.328545898 -0.078621797 -0.040984474 0.015478628 0.995941401
1305031103.411260 -0.015515232 0.062637217 0.327548265 -0.081564121 -0.038715899 0.015696844 0.995792150
1305031103.443280 -0.017547205 0.061427988 0.323545873 -0.081055537 -0.040063884 0.014723844 0.995795190
1305031103.475274 -0.016133849 0.057705164 0.320334762 -0.081540011 -0.043549974 0.013226674 0.995630264
1305031103.511333 -0.015836347 0.053135533 0.314903200 -0.079845235 -0.045054670 0.010684741 0.995731235
1305031103.543444 -0.015339915 0.048004460 0.308157235 -0.076731957 -0.046390411 0.008958412 0.995931685
1305031103.575474 -0.017283088 0.046333965 0.298891425 -0.071849018 -0.046764608 0.008975133 0.996278226
1305031103.611223 -0.018560730 0.042469397 0.289791912 -0.069672488 -0.049314085 0.009843083 0.996301651
1305031103.643445 -0.017679691 0.038479205 0.280381829 -0.067269266 -0.053503789 0.010449361 0.996244490
1305031103.675523 -0.015013283 0.034871772 0.270480812 -0.064788394 -0.056761310 0.010860502 0.996224225
1305031103.711610 -0.013334695 0.031712126 0.260209620 -0.062372286 -0.057878289 0.010852079 0.996314228
1305031103.743326 -0.012274845 0.025841298 0.249846026 -0.060711190 -0.057574324 0.009646887 0.996446848
1305031103.775342 -0.011522230 0.024627548 0.237892017 -0.057232805 -0.057242963 0.006654014 0.996696234
1305031103.811242 -0.010402313 0.024135128 0.225528046 -0.056722898 -0.056368932 0.003755411 0.996790349
1305031103.843251 -0.014241945 0.024345975 0.212441012 -0.058828946 -0.054447912 0.000651763 0.996781886
1305031103.875361 -0.015906120 0.014695469 0.202848449 -0.066967987 -0.056781575 -0.002993213 0.996133566
1305031103.911221 -0.013794350 0.009008892 0.191287845 -0.066383451 -0.061324969 -0.004224251 0.995898962
1305031103.943211 -0.012078770 0.006531054 0.178324759 -0.064266600 -0.064263538 -0.004815106 0.995849848
1305031103.975373 -0.009029003 0.000192082 0.166570291 -0.063639700 -0.066976540 -0.005694281 0.995706618
1305031104.011232 -0.004584262 -0.006953530 0.155089736 -0.060996391 -0.068071917 -0.006719128 0.995791376
1305031104.043249 0.000004979 -0.008602792 0.142599776 -0.053488929 -0.066262536 -0.007974281 0.996335566
1305031104.075425 0.001387784 -0.008629562 0.130638003 -0.048971668 -0.061710343 -0.011062946 0.996830583
1305031104.111235 0.005415306 -0.014388639 0.119262107 -0.046901342 -0.056859329 -0.012170495 0.997205675
1305031104.143230 0.006247379 -0.018251419 0.107106507 -0.042509038 -0.051483117 -0.012758729 0.997687161
1305031104.175424 0.002856734 -0.018953539 0.094349340 -0.037457101 -0.046673752 -0.014381884 0.998104036
1305031104.211283 0.003878798 -0.022090960 0.083813824 -0.033490304 -0.044346143 -0.014115618 0.998354912
1305031104.243196 0.004124283 -0.024579255 0.075173713 -0.029492958 -0.041923556 -0.014366955 0.998582125
1305031104.275546 0.006137543 -0.025794992 0.064786777 -0.024945371 -0.039909732 -0.014944934 0.998780072
1305031104.311219 0.006745602 -0.027117001 0.054451231 -0.021205077 -0.036621161 -0.015028700 0.998991191
1305031104.343342 0.008212058 -0.026972989 0.044385768 -0.017713938 -0.032725584 -0.015182718 0.999192059
1305031104.375837 0.007027714 -0.026501786 0.035187162 -0.015194129 -0.027356369 -0.015336268 0.999392569
1305031104.411509 0.004277169 -0.026678912 0.026312919 -0.013523262 -0.022728270 -0.015063784 0.999536693
1305031104.443288 -0.000746381 -0.025334014 0.016952809 -0.012278550 -0.019780055 -0.014873544 0.999618292
1305031104.475456 -0.004666625 -0.026628131 0.008695752 -0.012617815 -0.020070329 -0.014535175 0.999613285
1305031104.511329 -0.004863558 -0.029850820 0.001270962 -0.012417375 -0.022764815 -0.012936253 0.999580026
1305031104.543368 -0.002085550 -0.032605719 -0.006811052 -0.009736151 -0.025671707 -0.012152514 0.999549150
1305031104.575343 0.004563812 -0.040142696 -0.014130323 -0.007178620 -0.027134269 -0.011504169 0.999539793
1305031104.611336 0.013222027 -0.052812107 -0.022645779 -0.001224281 -0.024917729 -0.009930026 0.999639452
1305031104.643243 0.014613729 -0.049183380 -0.033389110 0.012312883 -0.017304501 -0.009440175 0.999729872
1305031104.675525 0.016793856 -0.052981365 -0.042678133 0.022947136 -0.009583213 -0.007548167 0.999662220
1305031104.711277 0.015075544 -0.052224912 -0.061712239 0.038267065 -0.001188711 -0.005839702 0.999249756
1305031104.743280 0.016859712 -0.053892057 -0.071048230 0.050137889 0.005533174 -0.004115087 0.998718441
1305031104.775327 0.018637676 -0.048673283 -0.067802832 0.063292287 0.011711680 -0.002453508 0.997923315
1305031104.811465 0.022003327 -0.046000462 -0.071159393 0.074197456 0.017429067 0.000885971 0.997090876
1305031104.843258 0.020235009 -0.041713849 -0.075848274 0.083085306 0.024307594 0.003296865 0.996240437
1305031104.875350 0.015677724 -0.036908969 -0.088388890 0.089360073 0.029215923 0.005743333 0.995554209
1305031104.911534 0.016641403 -0.033363082 -0.089988157 0.092092872 0.029896598 0.007797216 0.995270967
1305031104.943262 0.016629912 -0.030655850 -0.088832557 0.093418136 0.030747475 0.008460392 0.995116115
1305031104.975202 0.015148504 -0.025790175 -0.085008152 0.092902653 0.030221883 0.009626735 0.995169878
1305031105.011290 0.016428662 -0.022162363 -0.079512849 0.088742547 0.029381284 0.010429012 0.995566547
1305031105.043373 0.016786935 -0.020758098 -0.075376712 0.082975283 0.028661534 0.008778700 0.996100664
1305031105.075320 0.016441194 -0.019922737 -0.066485114 0.076014318 0.027766729 0.006922827 0.996695995
1305031105.111299 0.012289508 -0.023339881 -0.056288853 0.069237016 0.027794292 0.005090059 0.997200012
1305031105.143106 0.009978222 -0.008733178 -0.043974023 0.066681109 0.025161928 0.003729269 0.997450054
1305031105.175159 0.008119626 -0.005137639 -0.032745548 0.053938005 0.021916397 0.000436096 0.998303652
1305031105.211268 0.002602246 -0.013857940 -0.020044776 0.039416179 0.019105490 -0.002790987 0.999036312
1305031105.243270 -0.002829519 -0.008825872 -0.008315146 0.032606352 0.014845153 -0.004664186 0.999347150
1305031105.275288 -0.006513162 -0.006881402 0.002634133 0.022530835 0.009030820 -0.006486861 0.999684334
1305031105.311290 -0.008792738 -0.009345006 0.015102130 0.011335892 0.001743464 -0.006900097 0.999910414
1305031105.343302 -0.009072229 -0.012302441 0.028188657 0.002196984 -0.005175822 -0.007166296 0.999958515
1305031105.375338 -0.009839586 -0.013458109 0.039844967 -0.001913465 -0.010335302 -0.006690130 0.999922395
1305031105.411286 -0.010459944 -0.007359112 0.050205704 -0.005932939 -0.015098571 -0.007390500 0.999841094
1305031105.443316 -0.013441800 -0.008919338 0.069751762 -0.012886872 -0.018540800 -0.008729523 0.999706924
1305031105.475280 -0.013694989 -0.008001890 0.081345342 -0.016372327 -0.022108331 -0.008379307 0.999586344
1305031105.511332 -0.012953350 -0.005746482 0.091598004 -0.020526668 -0.025063502 -0.008383298 0.999439895
1305031105.543282 -0.012507571 -0.007583729 0.105028547 -0.025600797 -0.026315315 -0.007333743 0.999298871
1305031105.575449 -0.014746359 -0.005316527 0.115934461 -0.027816717 -0.026881872 -0.007490972 0.999223411
1305031105.611378 -0.011273356 -0.009545072 0.121522404 -0.032754920 -0.029162245 -0.005605261 0.999022126
1305031105.643273 -0.013132460 -0.008041547 0.133295432 -0.033263803 -0.029113743 -0.002683126 0.999018908
1305031105.675166 -0.010557002 -0.005139298 0.145341843 -0.034402773 -0.030989282 -0.001715542 0.998925984
1305031105.711309 -0.006964938 -0.008465077 0.157961413 -0.035430867 -0.029961579 -0.001684783 0.998921514
1305031105.743312 -0.006711448 -0.003223316 0.168474346 -0.032645117 -0.026038123 -0.001023636 0.999127269
1305031105.775339 -0.005455083 -0.003922379 0.180897638 -0.033854764 -0.021834202 -0.001749386 0.999186695
1305031105.811283 -0.005696873 -0.000386721 0.194271371 -0.031392653 -0.016764704 -0.000812832 0.999366164
1305031105.843271 -0.004051785 0.000362116 0.205609933 -0.030515155 -0.013588264 0.000306773 0.999441862
1305031105.875337 -0.002269772 0.007302801 0.216965273 -0.028369052 -0.008926460 0.003391538 0.999551892
1305031105.911262 -0.001536787 0.010716362 0.229211226 -0.030749014 -0.005194735 0.007782662 0.999483347
1305031105.943272 -0.002159722 0.019552188 0.248773813 -0.030834317 -0.001849049 0.009856268 0.999474227
1305031105.975329 -0.002553675 0.023335762 0.259625316 -0.034863252 0.000392300 0.011444255 0.999326468
1305031106.011285 -0.001274876 0.025117204 0.268242210 -0.039226994 0.002272730 0.013115369 0.999141634
1305031106.043355 -0.002373239 0.027744798 0.278479427 -0.043881781 0.004657927 0.014129666 0.998925924
1305031106.075330 -0.002872234 0.031808309 0.288422912 -0.047354557 0.005263646 0.016064569 0.998735070
1305031106.111327 -0.005471505 0.037333272 0.297376484 -0.051410314 0.006251409 0.016536871 0.998521090
1305031106.143355 -0.006870494 0.038278684 0.306896150 -0.058949523 0.004825166 0.018465668 0.998078465
1305031106.175534 -0.007096956 0.039904922 0.315432549 -0.063058421 0.002850511 0.019648485 0.997812331
1305031106.211275 -0.008307984 0.039754994 0.323777646 -0.066946767 0.001592799 0.020021910 0.997554362
1305031106.243267 -0.008074604 0.041844260 0.322551727 -0.067110270 -0.000087081 0.024271144 0.997450292
1305031106.276385 -0.009040162 0.046578661 0.327306151 -0.067392863 -0.001578443 0.025271308 0.997405171
1305031106.311238 -0.008705900 0.049334507 0.332024693 -0.071081169 -0.003288449 0.028931463 0.997045457
1305031106.343258 -0.010790902 0.054256674 0.334416032 -0.075154915 -0.003530544 0.028837198 0.996748567
1305031106.375388 -0.007108952 0.062428374 0.355564117 -0.080935732 -0.006107288 0.021949969 0.996458888
1305031106.411320 -0.005663818 0.056769341 0.357890129 -0.089260206 -0.001687483 0.015974833 0.995878816
1305031106.443278 -0.010729168 0.052623279 0.357667565 -0.091312803 0.004269973 0.010821012 0.995754302
1305031106.475345 -0.012695918 0.050589759 0.354337573 -0.091220386 0.004039113 0.009485845 0.995777369
1305031106.511129 -0.013805459 0.046561293 0.348540217 -0.090604484 0.000911289 0.009735746 0.995838940
1305031106.543302 -0.011994909 0.044882230 0.340615034 -0.086934932 -0.004088788 0.008825651 0.996166468
1305031106.575282 -0.012486672 0.042768210 0.331905276 -0.083905734 -0.005579678 0.007462079 0.996430099
1305031106.611151 -0.014331825 0.042530864 0.322123766 -0.082689039 -0.007881135 0.004153402 0.996535599
1305031106.643207 -0.013867063 0.036325358 0.312739372 -0.084031992 -0.010828066 0.002133771 0.996401966
1305031106.675279 -0.017346855 0.033409733 0.298860013 -0.081633560 -0.012522841 0.001565300 0.996582508
1305031106.711508 -0.019140322 0.029528446 0.288020223 -0.083735570 -0.017645586 0.000364033 0.996331692
1305031106.743341 -0.019448431 0.027160611 0.274329185 -0.081778049 -0.024088392 0.000694044 0.996359229
1305031106.775390 -0.017216396 0.023786079 0.261242777 -0.081226945 -0.031016188 0.000852215 0.996212542
1305031106.811289 -0.015079770 0.024078330 0.247505784 -0.080298558 -0.035935979 0.000714791 0.996122599
1305031106.843416 -0.015745234 0.014563890 0.235405490 -0.083487973 -0.039461486 -0.000827289 0.995726764
1305031106.875905 -0.014442318 0.007049657 0.212962374 -0.079457074 -0.041139703 -0.004918978 0.995976865
1305031106.911243 -0.013777504 0.009107014 0.196681887 -0.073861063 -0.040583808 -0.009175465 0.996400118
1305031106.943439 -0.012642004 0.003461778 0.185758874 -0.073566526 -0.040123574 -0.013323497 0.996393800
1305031106.975547 -0.010753591 -0.007536486 0.162917271 -0.070314042 -0.038295351 -0.016242953 0.996657193
1305031107.011576 -0.011834893 -0.001796741 0.145219624 -0.060660675 -0.034888126 -0.019383382 0.997360229
1305031107.043281 -0.012653418 -0.007121233 0.139740959 -0.061704218 -0.032320689 -0.022407794 0.997319341
1305031107.075432 -0.015483407 -0.012376660 0.126664236 -0.057494637 -0.030547999 -0.023588175 0.997599483
1305031107.111229 -0.014591241 -0.011631946 0.112080678 -0.051774547 -0.031417694 -0.023896173 0.997878373
1305031107.143260 -0.011788704 -0.011528123 0.098870687 -0.049564842 -0.031217841 -0.023880357 0.997997224
1305031107.175399 -0.010643795 -0.021512967 0.081170723 -0.050233327 -0.029529475 -0.024550015 0.997998953
1305031107.211358 -0.009252787 -0.026240030 0.069298871 -0.044589546 -0.027391437 -0.026021153 0.998290718
1305031107.243378 -0.006218284 -0.026042063 0.057760108 -0.037868198 -0.025172533 -0.025907960 0.998629570
1305031107.275398 -0.003972208 -0.029803051 0.046779789 -0.032852851 -0.022178385 -0.026028834 0.998875022
1305031107.311226 -0.004371078 -0.033849519 0.036994107 -0.025830613 -0.018136626 -0.028023368 0.999108851
1305031107.343509 -0.001531284 -0.042255789 0.027355626 -0.016614510 -0.015084106 -0.028121518 0.999352574
1305031107.375413 0.001193109 -0.038265351 0.018077563 -0.006294561 -0.010683930 -0.027323861 0.999549747
1305031107.411271 0.004152028 -0.035684682 0.011800283 0.000921237 -0.006460431 -0.027530104 0.999599636
1305031107.443419 0.008284567 -0.033645295 0.007041283 0.006706667 -0.002860616 -0.026469599 0.999623060
1305031107.475377 0.010400767 -0.033513326 0.004819777 0.009793909 0.001427755 -0.025411557 0.999628067
1305031107.511352 0.011752477 -0.028440606 0.001601931 0.012598540 0.005097893 -0.024556637 0.999606073
1305031107.543605 0.014754729 -0.028346000 0.002262068 0.010157219 0.007221676 -0.022359068 0.999672294
1305031107.575454 0.015993543 -0.032670915 0.004161744 0.008870183 0.009324857 -0.020078881 0.999715567
1305031107.611271 0.018265521 -0.025780063 0.002859685 0.011086562 0.010440071 -0.018148946 0.999719262
1305031107.643323 0.019036546 -0.025730781 0.005360664 0.007564927 0.011759047 -0.017172409 0.999754786
1305031107.675568 0.018596973 -0.025416831 0.006970929 0.006292826 0.012481031 -0.016556121 0.999765217
1305031107.711307 0.017837804 -0.021711148 0.008151399 0.005787574 0.012493054 -0.015447156 0.999785900
1305031107.743538 0.014688736 -0.017747875 0.009755273 0.003357792 0.011988362 -0.015381432 0.999804139
1305031107.775802 0.014505236 -0.018725568 0.012169475 0.000126263 0.009306598 -0.016863938 0.999814451
1305031107.811596 0.016775124 -0.016486656 0.014182395 -0.001651942 0.006768556 -0.016393699 0.999841332
1305031107.843332 0.018531974 -0.016126715 0.016187577 -0.004278492 0.005933200 -0.017271645 0.999824047
1305031107.875358 0.023437379 -0.019232880 0.018429535 -0.005938788 0.005907958 -0.020374445 0.999757290
1305031107.911541 0.025433842 -0.019456603 0.020008529 -0.005069442 0.009128464 -0.022842512 0.999684572
1305031107.943122 0.031106602 -0.019483015 0.021916907 -0.003077911 0.011725756 -0.022618080 0.999670684
1305031107.975807 0.037338223 -0.021027790 0.024438018 -0.000973916 0.015570234 -0.022619026 0.999622405
1305031108.011320 0.045139801 -0.021146672 0.025202993 0.002729140 0.019824276 -0.024503447 0.999499440
1305031108.043418 0.060325835 -0.018325560 0.025635056 0.005679623 0.024039837 -0.020667383 0.999481201
1305031108.075352 0.065909103 -0.018972894 0.031914651 0.007090996 0.034255475 -0.016190056 0.999256790
1305031108.111378 0.070396446 -0.020173766 0.035077460 0.009532285 0.041041434 -0.016998464 0.998967350
1305031108.143334 0.080699340 -0.018550426 0.034530185 0.011710022 0.044148982 -0.015510240 0.998835921
1305031108.176058 0.086842060 -0.012847466 0.036005843 0.011389215 0.048778471 -0.012722336 0.998663664
1305031108.211475 0.099826284 -0.016576337 0.041294649 0.005337952 0.049160656 -0.013362397 0.998687267
1305031108.243347 0.113597393 -0.022759443 0.045297261 0.002724482 0.051087715 -0.015425119 0.998571336
1305031108.275358 0.119225278 -0.014589617 0.046835512 0.005401293 0.056402475 -0.014269331 0.998291492
1305031108.311332 0.124902517 -0.010678981 0.050082982 0.002441444 0.058463391 -0.013047707 0.998201311
1305031108.343278 0.140566140 -0.008578044 0.053292856 -0.002359158 0.055413272 -0.011453145 0.998395026
1305031108.375410 0.146738470 -0.007322593 0.056881681 -0.007413380 0.053484607 -0.006566236 0.998519540
1305031108.411361 0.160785079 -0.008358124 0.058779083 -0.012782359 0.048414398 -0.000661794 0.998745322
1305031108.443610 0.171503782 -0.006201842 0.061184723 -0.016526418 0.047027063 0.006196957 0.998737693
1305031108.475471 0.182356820 -0.011699693 0.062529922 -0.021294363 0.046395391 0.013146779 0.998609602
1305031108.511378 0.198194742 -0.017130379 0.065304086 -0.022585331 0.048321579 0.017867228 0.998416543
1305031108.543737 0.217040658 -0.022128332 0.064563684 -0.019701093 0.052600238 0.016135488 0.998290896
1305031108.575414 0.222781181 -0.012619000 0.065388516 -0.013513070 0.058783233 0.014191564 0.998078406
1305031108.611407 0.232983842 -0.010666295 0.068300426 -0.013368583 0.064617269 0.016807953 0.997678995
1305031108.643303 0.238804698 -0.006262515 0.069264442 -0.012130838 0.071440861 0.017953807 0.997209430
1305031108.675375 0.254519463 0.000562764 0.069907077 -0.012744477 0.074025340 0.023480291 0.996898472
1305031108.711411 0.258502483 -0.003173820 0.073669538 -0.018410971 0.083489127 0.026464565 0.995987058
1305031108.743502 0.261157900 -0.007625557 0.075224146 -0.021754129 0.090698764 0.026033811 0.995300353
1305031108.775493 0.272758991 -0.005200521 0.073511347 -0.021833431 0.092342660 0.029687811 0.995045125
1305031108.811244 0.272570908 -0.008595897 0.073711835 -0.024671827 0.097361304 0.033544332 0.994377613
1305031108.843264 0.274403036 -0.013913097 0.070896611 -0.025486533 0.097895674 0.039045978 0.994103730
1305031108.876515 0.275615126 -0.013523629 0.068787389 -0.023254406 0.094929546 0.045203041 0.994185209
1305031108.911364 0.276511282 -0.018578686 0.066693276 -0.021763580 0.091682933 0.050482132 0.994269669
1305031108.943243 0.272915661 -0.020855460 0.062273096 -0.017315805 0.088864662 0.051172819 0.994577646
1305031108.975268 0.271040052 -0.012142749 0.064477958 -0.011201743 0.082795002 0.047431190 0.995374203
1305031109.011269 0.271975219 -0.011296191 0.063850433 -0.011359742 0.078052953 0.046688978 0.995790541
1305031109.043277 0.266899973 -0.012172248 0.061278276 -0.010708824 0.076583102 0.043899316 0.996038795
1305031109.075410 0.260440320 -0.004731107 0.058578450 -0.009732066 0.073811807 0.039143261 0.996456206
1305031109.111282 0.253894687 -0.007278767 0.058469661 -0.014368781 0.072077751 0.036503512 0.996627212
1305031109.143334 0.237772107 -0.010490867 0.059253532 -0.015922939 0.071719415 0.033294521 0.996741831
1305031109.175464 0.230401516 -0.005378691 0.056131288 -0.014470999 0.064386405 0.029830411 0.997374117
1305031109.211379 0.224944159 0.005848378 0.053455509 -0.015860952 0.057921156 0.033475608 0.997633696
1305031109.243290 0.213848963 0.001787384 0.050843157 -0.025430646 0.055730131 0.039184984 0.997352481
1305031109.275308 0.195029274 -0.006482406 0.059587650 -0.030253187 0.054583091 0.041239075 0.997198462
1305031109.311329 0.180368766 -0.005311014 0.057553783 -0.027915502 0.047092468 0.041443489 0.997639954
1305031109.343248 0.166661978 0.001301365 0.054363519 -0.028458830 0.037126251 0.041278441 0.998052001
1305031109.375397 0.152003467 -0.004169485 0.054396160 -0.032964367 0.030646503 0.040187303 0.998177886
1305031109.411329 0.148558602 -0.001281167 0.051543027 -0.032221183 0.020946531 0.036775105 0.998584330
1305031109.443302 0.138306230 0.002391992 0.049605079 -0.034638032 0.015431251 0.031631894 0.998780012
1305031109.475363 0.128637269 0.001198963 0.051045369 -0.037580915 0.012662424 0.028629830 0.998803139
1305031109.511273 0.117151618 -0.002053421 0.050379466 -0.038184218 0.010471586 0.024272682 0.998920977
1305031109.543294 0.106483847 0.000205466 0.048370548 -0.034772221 0.008668341 0.022152016 0.999112129
1305031109.575362 0.093224384 0.001840831 0.046212651 -0.034058407 0.008959725 0.021838548 0.999141037
1305031109.611310 0.081403032 0.002714816 0.044699848 -0.034006812 0.007474787 0.019569155 0.999202073
1305031109.643229 0.071795590 0.004944553 0.043516174 -0.034095872 0.006058335 0.019310270 0.999213636
1305031109.675263 0.057351824 0.008742834 0.043016501 -0.035071809 0.006570837 0.021180937 0.999138713
1305031109.711312 0.044916239 0.010571520 0.042222138 -0.037655875 0.003710224 0.020512363 0.999073327
1305031109.743274 0.033488929 0.011663081 0.042743344 -0.041848406 0.000805094 0.019696422 0.998929441
1305031109.775277 0.023930294 0.010886451 0.044164188 -0.045133028 -0.001255065 0.020121958 0.998777509
1305031109.811371 0.010547507 0.013213703 0.044366442 -0.046600979 -0.001675356 0.018722605 0.998736680
1305031109.843296 -0.000154415 0.014072195 0.046059359 -0.049926464 -0.004581938 0.018264212 0.998575389
1305031109.875306 -0.015693342 0.016562231 0.049688548 -0.052686758 -0.006795323 0.016040115 0.998459101
1305031109.911265 -0.028193289 0.012433991 0.051637664 -0.055369891 -0.012039084 0.010832588 0.998334587
1305031109.943299 -0.037908155 0.020111788 0.051923841 -0.054851767 -0.015680563 0.007248935 0.998345077
1305031109.975258 -0.051952366 0.019605149 0.057224169 -0.059266448 -0.016907636 0.001896363 0.998097181
1305031110.011256 -0.063343659 0.021408014 0.058709249 -0.060905550 -0.019008068 -0.005365731 0.997948110
1305031110.043299 -0.072333053 0.021024883 0.061404455 -0.063841753 -0.020927338 -0.011838970 0.997670352
1305031110.075319 -0.086226292 0.024200337 0.063515842 -0.065046921 -0.020101978 -0.017107999 0.997533023
1305031110.111325 -0.099132404 0.025106564 0.066219881 -0.069317915 -0.020938508 -0.022415360 0.997122943
1305031110.143432 -0.110733554 0.020203553 0.069373660 -0.072341971 -0.024248250 -0.025693363 0.996753991
1305031110.175641 -0.120004207 0.028273998 0.069835432 -0.071200207 -0.027774425 -0.026974505 0.996710300
1305031110.211637 -0.130300179 0.025021128 0.071842000 -0.076160967 -0.030614220 -0.028790019 0.996209502
1305031110.243323 -0.140668362 0.023153262 0.073285870 -0.077051125 -0.034316689 -0.028321726 0.996033788
1305031110.279321 -0.146245316 0.021339741 0.074186347 -0.076190814 -0.039490227 -0.029242450 0.995881677
1305031110.311404 -0.156739995 0.022281758 0.073828287 -0.073374085 -0.042333037 -0.030861273 0.995927572
1305031110.343355 -0.168227360 0.025536196 0.073222935 -0.071446456 -0.046173017 -0.032124989 0.995857179
1305031110.379281 -0.179850116 0.027113620 0.074146278 -0.069940247 -0.050915413 -0.035738107 0.995609760
1305031110.411469 -0.191216245 0.034073662 0.072025105 -0.067536071 -0.056490950 -0.038442280 0.995374262
1305031110.443260 -0.200377271 0.034006294 0.071313486 -0.072592065 -0.062478099 -0.042185675 0.994508564
1305031110.479331 -0.212862894 0.033102766 0.073816955 -0.075532876 -0.068350866 -0.048253030 0.993627012
1305031110.511429 -0.223009914 0.033590253 0.072796702 -0.075908035 -0.075448953 -0.052004378 0.992895246
1305031110.543408 -0.231405362 0.038123742 0.071687639 -0.076379851 -0.082110278 -0.055574372 0.992136836
1305031110.579426 -0.259003252 0.041642785 0.066298261 -0.080568433 -0.081488758 -0.058881659 0.991665900
1305031110.611307 -0.264338136 0.034660853 0.068559267 -0.087346509 -0.086429939 -0.062477171 0.990453005
1305031110.643418 -0.253082782 0.034644198 0.074485101 -0.085082315 -0.094852604 -0.066607773 0.989609718
1305031110.679606 -0.259718090 0.042526521 0.072915696 -0.082701042 -0.096758306 -0.068711519 0.989483237
1305031110.711412 -0.264687538 0.038796604 0.073842533 -0.087699056 -0.098963633 -0.070141383 0.988734186
1305031110.743249 -0.269764245 0.038920350 0.075190209 -0.087895006 -0.100597426 -0.071819715 0.988431334
1305031110.779193 -0.290274233 0.038339525 0.068214715 -0.088988341 -0.096809708 -0.070150644 0.988831520
1305031110.811386 -0.294001848 0.039600864 0.068172731 -0.089235075 -0.096620038 -0.072292022 0.988673627
1305031110.843218 -0.296806604 0.039170004 0.068182230 -0.090977274 -0.098267190 -0.074571334 0.988183081
1305031110.879313 -0.294005036 0.038090594 0.068635955 -0.091348343 -0.101673879 -0.073730081 0.987867296
1305031110.911333 -0.294315726 0.040258326 0.068924516 -0.091280937 -0.102379754 -0.074778534 0.987721801
1305031110.943862 -0.289586335 0.040061757 0.069966182 -0.091347791 -0.105607696 -0.075407349 0.987327874
1305031110.979345 -0.277941644 0.042975090 0.071055286 -0.090303674 -0.107932366 -0.075445727 0.987169564
1305031111.011431 -0.268662632 0.040127128 0.073009521 -0.092972226 -0.105101362 -0.074390285 0.987307429
1305031111.043327 -0.264782846 0.040668774 0.072714917 -0.091797225 -0.098668210 -0.072059676 0.988253653
1305031111.079283 -0.261581421 0.046184748 0.073257461 -0.091488607 -0.094635725 -0.070488662 0.988789797
1305031111.111508 -0.254342437 0.041299641 0.075774312 -0.094675586 -0.092675582 -0.067301720 0.988897502
1305031111.143257 -0.244699121 0.038446665 0.076260880 -0.093838610 -0.090977766 -0.066089265 0.989216685
1305031111.179326 -0.227252096 0.038810804 0.078073598 -0.090944231 -0.090827867 -0.064752020 0.989589155
1305031111.211433 -0.217980146 0.038216393 0.075709179 -0.089573145 -0.082631372 -0.060896162 0.990676761
1305031111.243236 -0.219364643 0.034315601 0.074000403 -0.090260498 -0.075542212 -0.061869569 0.991119921
1305031111.279308 -0.196864873 0.034262966 0.082139626 -0.085296564 -0.079739399 -0.059256263 0.991390347
1305031111.311547 -0.192906365 0.035010274 0.071546480 -0.082040772 -0.071763024 -0.055516679 0.992490470
1305031111.343397 -0.194688290 0.036183648 0.068365142 -0.085387804 -0.070497155 -0.055554155 0.992296755
1305031111.379134 -0.172310293 0.025855778 0.076344311 -0.088110514 -0.078046530 -0.051288914 0.991723120
1305031111.411296 -0.169018492 0.028119849 0.070213042 -0.082579516 -0.075873911 -0.051148191 0.992374778
1305031111.443386 -0.150374860 0.033633113 0.080238104 -0.080198511 -0.084808506 -0.055830799 0.991594017
1305031111.479259 -0.117980413 0.028695442 0.089323729 -0.078423455 -0.087134361 -0.053514440 0.991662025
1305031111.511264 -0.113457471 0.028505143 0.084673420 -0.074057236 -0.073142909 -0.053591929 0.993123174
1305031111.543250 -0.098075517 0.022068268 0.085639149 -0.072576083 -0.069034308 -0.052526210 0.993583381
1305031111.579237 -0.083395496 0.025822720 0.082466483 -0.067037001 -0.060790420 -0.046689969 0.994801819
1305031111.611271 -0.087785028 0.021641178 0.073598467 -0.069958270 -0.049486313 -0.039898448 0.995522499
1305031111.643395 -0.052904174 0.010726062 0.079608254 -0.069990017 -0.058365691 -0.032442030 0.995310187
1305031111.679320 -0.036588550 0.021395171 0.084334314 -0.060760070 -0.052541815 -0.024041539 0.996478558
1305031111.711760 -0.024617977 0.021458833 0.084872440 -0.060429316 -0.044644248 -0.022333005 0.996923447
1305031111.743386 -0.004085271 0.016449561 0.085928112 -0.058195814 -0.035318565 -0.016626963 0.997541666
1305031111.779423 0.009603754 0.026542813 0.089111775 -0.050787028 -0.019020585 -0.012611007 0.998448730
1305031111.811406 0.016750865 0.016229959 0.087836020 -0.052043878 -0.004033226 -0.013874075 0.998540282
1305031111.843299 0.026436895 0.019160183 0.084862843 -0.046987616 0.006435657 -0.012259299 0.998799562
1305031111.879442 0.036194425 0.016850552 0.081696697 -0.048931915 0.013433074 -0.007839750 0.998681009
1305031111.911354 0.039421104 0.013282361 0.083716512 -0.048758138 0.015567719 -0.003319518 0.998683810
1305031111.943300 0.056645136 0.013723889 0.084109381 -0.047074061 0.009384586 0.006405492 0.998826802
1305031111.979449 0.075098857 0.015662752 0.085672624 -0.045468077 0.008927879 0.014560315 0.998819768
1305031112.011433 0.092809685 0.009249757 0.087236650 -0.046231855 0.013638802 0.014306989 0.998735130
1305031112.043270 0.106082551 0.012300328 0.087166458 -0.041113324 0.020771118 0.012374088 0.998861909
1305031112.079339 0.116519623 0.012697374 0.086073831 -0.038676515 0.032435667 0.011893939 0.998654366
1305031112.111423 0.114009500 0.012501312 0.082289971 -0.035673108 0.046028610 0.005498755 0.998287797
1305031112.144342 0.141482890 0.012071768 0.078817040 -0.035747401 0.044688281 -0.000706271 0.998360932
1305031112.179390 0.154272258 0.012931846 0.080862395 -0.037528452 0.056745298 -0.003582652 0.997676671
1305031112.211254 0.158101186 0.001648565 0.084141470 -0.041233759 0.068865433 -0.010062548 0.996722698
1305031112.243369 0.175753251 -0.003450609 0.082241133 -0.036192641 0.075927764 -0.013359888 0.996366680
1305031112.279353 0.179755628 -0.004562625 0.080988601 -0.031537935 0.083133735 -0.016975263 0.995894551
1305031112.311312 0.189776495 -0.004531176 0.086911544 -0.025006171 0.084837340 -0.018217918 0.995914340
1305031112.343323 0.197818652 -0.004131685 0.084835134 -0.018424755 0.085989721 -0.016257448 0.995992959
1305031112.379360 0.206270009 -0.003114611 0.083917290 -0.013850812 0.084857047 -0.012453713 0.996219039
1305031112.411442 0.236259773 0.002177777 0.083434567 -0.008647869 0.076483689 -0.006726783 0.997010648
1305031112.443391 0.247764722 -0.001693846 0.082680508 -0.007548221 0.074848875 -0.000395968 0.997166276
1305031112.479418 0.249724776 -0.003294037 0.081442788 -0.005170923 0.075929031 0.008576074 0.997062922
1305031112.511504 0.257930458 -0.004283382 0.080851763 -0.003176670 0.072374016 0.016446386 0.997236907
1305031112.543212 0.268232554 -0.005580164 0.080138251 -0.001327925 0.068422213 0.020146590 0.997452140
1305031112.579252 0.274116725 -0.004370101 0.080177523 0.001001820 0.066176370 0.025048632 0.997492969
1305031112.611261 0.280055434 0.001563106 0.078393310 0.002966354 0.065198421 0.032527518 0.997337639
1305031112.643246 0.288604677 0.000769237 0.078225911 -0.000191799 0.070792124 0.040225398 0.996679664
1305031112.679952 0.291127950 -0.000379665 0.078730360 -0.002716825 0.077288620 0.043141566 0.996071219
1305031112.711251 0.293855160 0.002262406 0.078787684 -0.003848189 0.081435420 0.044814244 0.995663166
1305031112.743245 0.296052307 0.012278193 0.079014674 -0.005536367 0.084575988 0.048681784 0.995211720
1305031112.779310 0.307327539 0.008453395 0.083268195 -0.014158181 0.086154543 0.050465025 0.994902134
1305031112.811310 0.296173275 0.003190262 0.083825208 -0.017940929 0.089292556 0.048254777 0.994674027
1305031112.843286 0.295337945 0.011674818 0.084328294 -0.017135758 0.083094627 0.047318082 0.995270133
1305031112.879421 0.294748366 0.011936299 0.085694931 -0.020686885 0.079358719 0.049500849 0.995401382
1305031112.911411 0.286384732 0.010126285 0.084625199 -0.023994712 0.077553980 0.051884402 0.995347977
1305031112.943321 0.280620813 0.008865400 0.084404498 -0.026047027 0.072354481 0.051145520 0.995726109
1305031112.979278 0.276439399 0.009651063 0.085019276 -0.026281340 0.066210151 0.048476789 0.996280849
1305031113.011353 0.270480424 0.012770065 0.083783053 -0.027190739 0.063298129 0.047838338 0.996476531
1305031113.043231 0.262374640 0.012159300 0.084632859 -0.031506781 0.062147785 0.045490824 0.996531785
1305031113.079251 0.249606729 0.002063294 0.085132450 -0.035452321 0.061472919 0.039369389 0.996701717
1305031113.111316 0.241209313 0.006954250 0.080950797 -0.031152716 0.055679534 0.034971520 0.997349620
1305031113.143306 0.233653426 0.014749036 0.080771774 -0.030674186 0.052197572 0.034168594 0.997580588
1305031113.179343 0.219543919 0.005117859 0.080432139 -0.036682289 0.052419253 0.034763522 0.997345567
1305031113.211259 0.203905985 0.001980749 0.075720035 -0.035841014 0.048599806 0.035469078 0.997544706
1305031113.243227 0.191586360 0.008660905 0.074379668 -0.035349477 0.042200081 0.036440190 0.997818470
1305031113.279312 0.178134456 0.000023761 0.076328784 -0.040354714 0.037647035 0.037776805 0.997761071
1305031113.311452 0.156834364 -0.009543901 0.077372074 -0.038446002 0.034121532 0.039902687 0.997880459
1305031113.343252 0.147026464 0.001512537 0.072609700 -0.029425317 0.022701345 0.039979912 0.998509109
1305031113.379312 0.119433947 0.003968791 0.074124478 -0.031723674 0.016550943 0.037287362 0.998663783
1305031113.411625 0.107477732 -0.007387407 0.074766263 -0.035053741 0.009659078 0.037052359 0.998651624
1305031113.443266 0.089267775 -0.001721479 0.074034400 -0.031469505 0.004479845 0.030928474 0.999016047
1305031113.479311 0.071943395 0.003686448 0.074382178 -0.032550883 -0.001235954 0.025851509 0.999134958
1305031113.511523 0.056831222 0.001247359 0.074433036 -0.036794689 -0.006444155 0.023716656 0.999020576
1305031113.543242 0.043739960 -0.003526661 0.075929493 -0.040223319 -0.012702913 0.020293878 0.998903811
1305031113.579301 0.032189742 0.000212274 0.075744480 -0.038889691 -0.017816138 0.016121687 0.998954594
1305031113.611268 0.020833677 -0.001628946 0.075381726 -0.042503066 -0.021084214 0.011265242 0.998810291
1305031113.643222 0.008600386 -0.000490754 0.075645521 -0.044412136 -0.021131746 0.007715404 0.998759985
1305031113.679288 -0.005413465 -0.001314700 0.075080663 -0.045537386 -0.019740669 0.003975047 0.998759627
1305031113.711931 -0.014807179 -0.003241183 0.075978205 -0.046483275 -0.020335758 -0.000538975 0.998711944
1305031113.743590 -0.025768341 -0.002303151 0.077020243 -0.045571208 -0.018007942 -0.005708540 0.998782456
1305031113.779320 -0.040347908 -0.002237661 0.076058000 -0.044117186 -0.014420573 -0.010609646 0.998865902
1305031113.811237 -0.052375346 0.000504659 0.075996861 -0.042092204 -0.013143312 -0.012371085 0.998950660
1305031113.843295 -0.063967094 0.002245226 0.076666400 -0.042410322 -0.011020405 -0.015931919 0.998912454
1305031113.879281 -0.078264140 -0.003806181 0.079641946 -0.042965502 -0.009873510 -0.020597652 0.998815417
1305031113.911290 -0.088428497 0.001236490 0.078524649 -0.038221017 -0.011404917 -0.020801133 0.998987675
1305031113.943291 -0.099642187 -0.001580851 0.079484999 -0.036989529 -0.009510631 -0.023205068 0.999000907
1305031113.979293 -0.111611128 0.000241510 0.080676429 -0.032910705 -0.007578709 -0.028921941 0.999010980
1305031114.011257 -0.127736434 0.002740132 0.081780359 -0.028983971 -0.005460994 -0.034117624 0.998982549
1305031114.043301 -0.144326761 0.002984387 0.081723139 -0.027718499 -0.006773935 -0.035666976 0.998956263
1305031114.079285 -0.156727940 0.004317753 0.082786709 -0.024561290 -0.012206293 -0.037195187 0.998931527
1305031114.111263 -0.167457208 0.007021088 0.081348762 -0.021795955 -0.017967591 -0.040164571 0.998793721
1305031114.143284 -0.177066267 0.006742403 0.083554760 -0.022073422 -0.023694735 -0.043359220 0.998534620
1305031114.179337 -0.185735613 0.003010782 0.084998332 -0.020759694 -0.026652860 -0.045583341 0.998389125
1305031114.211303 -0.198312476 0.012286615 0.084060952 -0.016192907 -0.026264191 -0.048134666 0.998364151
1305031114.243337 -0.213893563 0.012513410 0.087154880 -0.018440971 -0.027533775 -0.052717052 0.998059511
1305031114.279390 -0.230003878 0.011234338 0.085409291 -0.018997148 -0.031619642 -0.054214146 0.997847736
1305031114.311429 -0.239836693 0.013500061 0.086373046 -0.019656293 -0.039810173 -0.053465702 0.997582197
1305031114.343331 -0.245648071 0.011317367 0.086999021 -0.021580264 -0.046576999 -0.056485280 0.997082889
1305031114.379320 -0.251229048 0.011521097 0.091218457 -0.021270676 -0.050375074 -0.061596606 0.996602118
1305031114.411397 -0.264376789 0.013317283 0.091243252 -0.019568147 -0.050552290 -0.065724924 0.996364295
1305031114.443345 -0.275974542 0.014677910 0.091811016 -0.019542942 -0.053935416 -0.067098945 0.996095777
1305031114.479332 -0.287186205 0.011295301 0.090295918 -0.021190681 -0.060149603 -0.067443103 0.995682895
1305031114.511266 -0.292828262 0.014738910 0.090505138 -0.020656696 -0.068575993 -0.069718406 0.994992435
1305031114.543236 -0.294849634 0.012695199 0.092921078 -0.024289863 -0.073899955 -0.068900734 0.994586110
1305031114.579237 -0.297463417 0.011895732 0.095646970 -0.025638478 -0.075967155 -0.066070206 0.994588554
1305031114.611391 -0.304608166 0.013842371 0.093611039 -0.027627982 -0.075120114 -0.062940210 0.994802594
1305031114.644136 -0.312487751 0.012293768 0.094287932 -0.032897305 -0.076350421 -0.062339231 0.994586408
1305031114.679251 -0.316591740 0.008885382 0.095467925 -0.036657788 -0.082709812 -0.062734887 0.993921340
1305031114.711306 -0.316153944 0.006392369 0.096690148 -0.038025584 -0.088224113 -0.061767086 0.993456304
1305031114.743200 -0.323079765 0.005209106 0.096956089 -0.037431743 -0.089684397 -0.065083764 0.993136287
1305031114.779289 -0.321437359 0.005383473 0.095322818 -0.035135545 -0.091917604 -0.068215348 0.992805779
1305031114.811303 -0.320441484 0.008754714 0.094746582 -0.034102347 -0.091786742 -0.069281235 0.992780089
1305031114.843208 -0.319311410 0.007657032 0.093556143 -0.034657970 -0.092621170 -0.071818843 0.992502987
1305031114.879281 -0.315076590 0.010714006 0.093444660 -0.034216546 -0.093458533 -0.071219832 0.992482960
1305031114.912879 -0.312031806 0.013091565 0.092965424 -0.034631226 -0.093742967 -0.071596742 0.992414653
1305031114.943234 -0.302331418 0.016085796 0.094438031 -0.036178313 -0.095728070 -0.072871260 0.992077112
1305031114.979280 -0.296146303 0.018557366 0.095281102 -0.037644539 -0.093780898 -0.073238373 0.992181540
1305031115.011300 -0.297083557 0.027954817 0.100753754 -0.038719308 -0.091356419 -0.074808940 0.992249191
1305031115.043508 -0.286083907 0.023975417 0.105585247 -0.043854453 -0.090713471 -0.074773185 0.992097199
1305031115.079238 -0.275838614 0.027448308 0.105232999 -0.044075586 -0.088323049 -0.074982822 0.992287219
1305031115.111230 -0.260609955 0.029036267 0.112697795 -0.046653774 -0.086401008 -0.073715761 0.992433488
1305031115.143275 -0.245608404 0.022991307 0.112142682 -0.050320372 -0.079791576 -0.070234299 0.993060052
1305031115.179440 -0.242935210 0.026035575 0.113373719 -0.050688375 -0.073409230 -0.070109412 0.993542373
1305031115.211374 -0.225051373 0.020395415 0.120740861 -0.052857101 -0.074936889 -0.065663852 0.993619025
1305031115.243297 -0.211567044 0.016373796 0.123289101 -0.049683813 -0.070397817 -0.062753305 0.994302630
1305031115.279966 -0.199852437 0.023113182 0.123352557 -0.046239033 -0.067625523 -0.058725774 0.994907081
1305031115.311704 -0.175480634 0.017938003 0.136843100 -0.047732878 -0.068278193 -0.051132664 0.995211065
1305031115.343235 -0.162621230 0.022037588 0.134316832 -0.042305920 -0.058807787 -0.048113409 0.996211290
1305031115.379166 -0.164451897 0.028691307 0.129243672 -0.044578772 -0.049641151 -0.044252452 0.996789932
1305031115.411237 -0.139408290 0.021780336 0.130606115 -0.053466443 -0.059651688 -0.040455498 0.995965004
1305031115.443159 -0.117680989 0.022783305 0.136645213 -0.056196924 -0.064826377 -0.034621671 0.995711207
1305031115.479241 -0.103281170 0.022576820 0.135855466 -0.060796339 -0.064537965 -0.028157568 0.995663524
1305031115.511253 -0.087383002 0.024841387 0.153118059 -0.062185887 -0.065784208 -0.023511209 0.995616674
1305031115.543604 -0.066808879 0.026900893 0.156617582 -0.060412865 -0.055117425 -0.016812846 0.996508777
1305031115.579315 -0.056391601 0.024511218 0.153693616 -0.060784616 -0.041453015 -0.010984519 0.997229278
1305031115.611424 -0.030621372 0.019185513 0.150421828 -0.061958294 -0.038606655 -0.006275848 0.997312069
1305031115.643254 -0.013882110 0.017466512 0.150872007 -0.060946982 -0.032985870 0.001751875 0.997594237
1305031115.679241 -0.003022865 0.009343293 0.137896970 -0.063127913 -0.027249375 0.012722241 0.997552216
1305031115.711320 0.014502088 0.014296839 0.139935777 -0.060636949 -0.029209331 0.021984849 0.997490168
1305031115.743250 0.033049252 0.017854625 0.148183227 -0.058554433 -0.024195382 0.028537074 0.997582853
1305031115.779425 0.045092620 0.019954221 0.149150431 -0.055194009 -0.014131665 0.035009168 0.997761607
1305031115.811277 0.064925626 0.018960338 0.146285176 -0.056699257 -0.007689556 0.044400360 0.997373879
1305031115.843224 0.076136135 0.016743436 0.143404871 -0.059527863 0.003710141 0.051032607 0.996914387
1305031115.879198 0.088608027 0.007266445 0.138388172 -0.062365949 0.010304508 0.058567837 0.996280134
1305031115.911118 0.101739980 0.015898671 0.141671330 -0.056517847 0.012989611 0.064209856 0.996250033
1305031115.943311 0.114383116 0.017406739 0.141929165 -0.057342242 0.018876001 0.070514575 0.995682299
1305031115.980740 0.126648739 0.020743325 0.142701283 -0.057697408 0.023772804 0.076147713 0.995141923
1305031116.011379 0.144669041 0.023572478 0.144841105 -0.059615791 0.029306758 0.079345845 0.994631231
1305031116.043164 0.154099539 0.024468958 0.144901291 -0.062279642 0.043479882 0.080763996 0.993834972
1305031116.080030 0.161800951 0.031611733 0.145819992 -0.064196855 0.054513238 0.084095590 0.992892265
1305031116.111300 0.171083435 0.035337072 0.152970985 -0.069220357 0.064380080 0.087149151 0.991699934
1305031116.143441 0.181245282 0.030240186 0.153465360 -0.075689018 0.072288670 0.090309940 0.990398705
1305031116.179572 0.191190735 0.034373797 0.155323654 -0.076199301 0.076422900 0.092864528 0.989812791
1305031116.211299 0.200732768 0.034708057 0.157318175 -0.080669522 0.081738152 0.096113570 0.988723159
1305031116.243320 0.225128382 0.031176001 0.162206724 -0.085204788 0.084133156 0.100393072 0.987716019
1305031116.279385 0.236901224 0.037816066 0.159313053 -0.081645109 0.091145381 0.104342416 0.986984968
1305031116.311336 0.223862410 0.031424221 0.159153372 -0.088178515 0.107328251 0.105419219 0.984678626
1305031116.343292 0.229882568 0.023471035 0.160390928 -0.092324384 0.113357916 0.108461991 0.983291507
1305031116.379384 0.252422959 0.024544470 0.158840925 -0.086481638 0.110090673 0.109789900 0.984046280
1305031116.411333 0.255131096 0.027957298 0.152943641 -0.081660062 0.111375235 0.114176728 0.983814418
1305031116.443369 0.260382950 0.020852372 0.151908338 -0.088998474 0.112743579 0.122464076 0.982023776
1305031116.479850 0.260199249 0.018337410 0.149722025 -0.089497238 0.112775430 0.126369447 0.981479824
1305031116.511205 0.252772093 0.033609707 0.147487447 -0.078041516 0.113742158 0.124392666 0.982597947
1305031116.543262 0.250215560 0.026906002 0.143996730 -0.079604052 0.112856358 0.119436607 0.983189464
1305031116.579313 0.231213495 0.026608519 0.144201994 -0.079806373 0.117072903 0.114783809 0.983234227
1305031116.611261 0.213427827 0.021141961 0.143961653 -0.081040837 0.116339102 0.106687300 0.984131813
1305031116.643355 0.185552806 0.021477513 0.140334979 -0.078490004 0.113579758 0.097109333 0.985651433
1305031116.679281 0.197683752 0.028014297 0.140702233 -0.075446248 0.097370513 0.089936391 0.988300741
1305031116.711634 0.188335061 0.028887153 0.139035508 -0.074672572 0.091503657 0.080438696 0.989737689
1305031116.743291 0.171674401 0.028631838 0.137957722 -0.076319776 0.088661417 0.069084443 0.990727901
1305031116.779298 0.156802654 0.030962052 0.137002796 -0.077093408 0.084993444 0.059178162 0.991630316
1305031116.811318 0.136606634 0.027021820 0.136165902 -0.078228757 0.084351502 0.051345773 0.992032588
1305031116.846089 0.110628717 0.034914240 0.138074294 -0.072221212 0.080257222 0.042154294 0.993260205
1305031116.880165 0.085227370 0.035999067 0.139325127 -0.073524393 0.073427193 0.036174763 0.993928552
1305031116.912044 0.062371939 0.042803846 0.142342627 -0.069511630 0.066046044 0.032377057 0.994865716
1305031116.943296 0.050197415 0.043785673 0.139758721 -0.070370764 0.050762679 0.024690859 0.995922446
1305031116.979351 0.035351813 0.040461298 0.140493587 -0.071507178 0.038676471 0.013497328 0.996598542
1305031117.011382 0.020762868 0.044151835 0.140748441 -0.068825588 0.027788835 0.006383299 0.997221172
1305031117.043261 0.010558365 0.047458969 0.137408465 -0.068549260 0.015951699 0.001072037 0.997519612
1305031117.079520 -0.003070366 0.050578773 0.139177114 -0.069902740 0.005530864 -0.004831911 0.997526765
1305031117.111238 -0.014533012 0.053629603 0.140232280 -0.070822366 -0.004943660 -0.005225511 0.997462988
1305031117.143218 -0.016821695 0.054425344 0.139112949 -0.074083589 -0.019068895 -0.004624134 0.997058988
1305031117.179264 -0.023778133 0.051206768 0.132359028 -0.078958772 -0.028542150 -0.011827245 0.996398985
1305031117.211361 -0.030580198 0.050239492 0.126315460 -0.081266388 -0.034038309 -0.015528868 0.995989978
1305031117.243277 -0.031391565 0.053662393 0.124526776 -0.083831050 -0.037554462 -0.017201697 0.995623469
1305031117.279299 -0.031809870 0.051672306 0.126352668 -0.089084528 -0.037488602 -0.021983583 0.995075524
1305031117.311200 -0.036490090 0.050674118 0.128464535 -0.092533752 -0.034980275 -0.023827750 0.994809628
1305031117.343243 -0.038980387 0.046279199 0.129163250 -0.095324859 -0.034968011 -0.024878526 0.994520724
1305031117.379454 -0.039877027 0.042752285 0.129293129 -0.095091879 -0.035107143 -0.025203668 0.994529903
1305031117.411221 -0.042034693 0.037433445 0.129462898 -0.094703823 -0.036080703 -0.024327140 0.994553924
1305031117.443274 -0.041125841 0.034707211 0.128683522 -0.091738522 -0.038193736 -0.022893121 0.994787037
1305031117.479403 -0.041455679 0.028391689 0.128976509 -0.091032043 -0.039187338 -0.021359080 0.994847417
1305031117.511325 -0.040556453 0.019503990 0.129737124 -0.089617170 -0.041468207 -0.019579487 0.994920015
1305031117.544285 -0.042910941 0.016164387 0.128878489 -0.084019870 -0.041353963 -0.019462733 0.995415330
1305031117.579155 -0.044016648 0.010946914 0.129665732 -0.081321299 -0.042803980 -0.020796776 0.995551169
1305031117.611159 -0.046274684 0.005452206 0.131200686 -0.080218837 -0.043734383 -0.020351179 0.995609403
1305031117.643252 -0.046629108 -0.002950616 0.133617878 -0.079516180 -0.045973677 -0.019020852 0.995591164
1305031117.679262 -0.046491638 -0.007859500 0.135802224 -0.079038754 -0.049015220 -0.018169269 0.995499969
1305031117.711184 -0.045589138 -0.018135637 0.139797941 -0.081117891 -0.052099898 -0.015518641 0.995220900
1305031117.743184 -0.045373287 -0.027609587 0.143546358 -0.081798129 -0.054497834 -0.012309468 0.995081663
1305031117.779467 -0.045991171 -0.032296464 0.145716816 -0.080659904 -0.056710679 -0.010501077 0.995071650
1305031117.811320 -0.043776877 -0.044898540 0.150849953 -0.083568141 -0.059780579 -0.008380441 0.994672000
1305031117.843291 -0.038821064 -0.054886103 0.154260874 -0.082280055 -0.061360557 -0.006852340 0.994694889
1305031117.879451 -0.039981857 -0.061716653 0.157557249 -0.080779247 -0.057859812 -0.007089967 0.995025992
1305031117.911407 -0.042041980 -0.071814537 0.162453324 -0.080944411 -0.055652007 -0.007745644 0.995133638
1305031117.943253 -0.041412406 -0.077901177 0.165834576 -0.079338551 -0.053969845 -0.007531496 0.995357215
1305031117.979228 -0.044185340 -0.085359737 0.170134380 -0.080896899 -0.051666588 -0.008047737 0.995349884
1305031118.011228 -0.044348460 -0.098124981 0.176381648 -0.084380969 -0.051550012 -0.008597621 0.995062053
1305031118.043521 -0.044456683 -0.106260896 0.180940837 -0.083442010 -0.050330911 -0.008375185 0.995205522
1305031118.079334 -0.042821370 -0.115092121 0.184900135 -0.083918698 -0.049756948 -0.009836767 0.995180964
1305031118.111217 -0.040184613 -0.124310791 0.189494282 -0.083493128 -0.046557337 -0.010950960 0.995359957
1305031118.143256 -0.044924151 -0.131037816 0.192574650 -0.081404001 -0.040402252 -0.013255710 0.995773733
1305031118.179323 -0.044403456 -0.144975245 0.199029461 -0.083514318 -0.038153738 -0.014843307 0.995665252
1305031118.211202 -0.049494099 -0.153352231 0.201921895 -0.080400541 -0.034134377 -0.014275970 0.996075690
1305031118.243173 -0.050186828 -0.162986994 0.205005661 -0.078347884 -0.035268549 -0.014504923 0.996196449
1305031118.279194 -0.049029730 -0.172842145 0.209371001 -0.074987553 -0.036064394 -0.015391893 0.996413231
1305031118.311299 -0.049795531 -0.178393722 0.211121216 -0.068045303 -0.036042105 -0.014974356 0.996918499
1305031118.343324 -0.046387713 -0.183156207 0.215259209 -0.063602664 -0.036411878 -0.015280509 0.997193754
1305031118.379208 -0.051228441 -0.189400405 0.215638816 -0.059236161 -0.033037387 -0.017460516 0.997544348
1305031118.411296 -0.051064324 -0.194034129 0.224442035 -0.056255445 -0.035965446 -0.016285684 0.997635484
1305031118.445692 -0.049547028 -0.195767745 0.226410761 -0.055379812 -0.036403611 -0.013708860 0.997707307
1305031118.479285 -0.049000073 -0.198459268 0.229589850 -0.055240162 -0.037296992 -0.011190441 0.997713506
1305031118.511255 -0.047131404 -0.194935411 0.227651209 -0.051901456 -0.037765030 -0.010644478 0.997881114
1305031118.544414 -0.047465179 -0.190098926 0.226432338 -0.052048344 -0.036606282 -0.011755684 0.997904181
1305031118.579285 -0.043778375 -0.188425109 0.230911747 -0.054322284 -0.037288561 -0.010682040 0.997769773
1305031118.616142 -0.042703889 -0.183458894 0.229683593 -0.054094490 -0.035358522 -0.012942943 0.997825682
1305031118.645325 -0.044406567 -0.175283313 0.225847706 -0.053854659 -0.032296624 -0.015726913 0.997902453
1305031118.679295 -0.044866581 -0.168496445 0.219949499 -0.057396132 -0.030627551 -0.018219145 0.997715235
1305031118.711421 -0.045623500 -0.165040627 0.219569430 -0.058716789 -0.031063499 -0.021103546 0.997568071
1305031118.746770 -0.050288342 -0.157765090 0.218231574 -0.055821043 -0.031982295 -0.019815616 0.997731686
1305031118.779277 -0.047174707 -0.138272479 0.207190424 -0.055421624 -0.036065985 -0.019232845 0.997626066
1305031118.811221 -0.044424567 -0.139578521 0.207887039 -0.062594250 -0.039405514 -0.020870412 0.997042418
1305031118.846753 -0.040196776 -0.130968586 0.204085052 -0.058442850 -0.040744510 -0.019768532 0.997263014
1305031118.879208 -0.041091755 -0.109522037 0.193289742 -0.053176850 -0.037385255 -0.022345718 0.997634828
1305031118.911177 -0.042024810 -0.105189845 0.191022992 -0.057106789 -0.036178693 -0.024798239 0.997404099
1305031118.946974 -0.041354120 -0.093318254 0.184419096 -0.055162836 -0.035038054 -0.026500672 0.997510433
1305031118.979374 -0.043919709 -0.077860028 0.176940680 -0.054128569 -0.033024982 -0.030204207 0.997530520
1305031119.011363 -0.044255000 -0.068163089 0.172565758 -0.057546292 -0.033508316 -0.031993300 0.997267306
1305031119.047172 -0.045137275 -0.059986010 0.168161020 -0.059636962 -0.034070570 -0.032531995 0.997107983
1305031119.079223 -0.048837461 -0.049550846 0.162191868 -0.059349388 -0.035066158 -0.032577969 0.997089088
1305031119.111328 -0.049803331 -0.041126069 0.156436831 -0.059701722 -0.038299598 -0.031886306 0.996971488
1305031119.147616 -0.052713815 -0.028143371 0.149718776 -0.058214519 -0.040506322 -0.031013981 0.996999741
1305031119.179226 -0.050887000 -0.024539748 0.145531341 -0.060045306 -0.045537863 -0.030922072 0.996676803
1305031119.211364 -0.048367802 -0.013043029 0.138782278 -0.056475744 -0.048103333 -0.028642725 0.996833086
1305031119.247399 -0.048852727 -0.003158696 0.133986279 -0.055292889 -0.049191907 -0.027915835 0.996866882
1305031119.279212 -0.048609756 0.006833787 0.129421100 -0.054449290 -0.050179195 -0.028081482 0.996859431
1305031119.311212 -0.048726667 0.015045315 0.125378788 -0.054504916 -0.050595678 -0.025187243 0.996912718
1305031119.347741 -0.051623084 0.022132728 0.121336475 -0.053595807 -0.051158592 -0.023632837 0.996971309
1305031119.379239 -0.050156862 0.034947440 0.116419405 -0.051396556 -0.053769976 -0.022827670 0.996968448
1305031119.411484 -0.046007358 0.042758714 0.112950027 -0.052459463 -0.054998919 -0.022060312 0.996863306
1305031119.447706 -0.046447918 0.050830916 0.110523917 -0.052984525 -0.052302618 -0.022081099 0.996980190
1305031119.479267 -0.048011951 0.062011763 0.105829045 -0.050563265 -0.049579933 -0.022662789 0.997231960
1305031119.511240 -0.050180558 0.073230863 0.102783293 -0.050886001 -0.047715258 -0.022070259 0.997319758
1305031119.547382 -0.050494503 0.083843306 0.099848703 -0.051435743 -0.047660884 -0.020583646 0.997325957
1305031119.579559 -0.049397644 0.096372679 0.096130766 -0.052323069 -0.046720080 -0.020369604 0.997328758
1305031119.615017 -0.052520871 0.103856817 0.094492540 -0.056237929 -0.043581281 -0.020020565 0.997264802
1305031119.647903 -0.053275581 0.118032977 0.091413796 -0.056900978 -0.042905401 -0.018674046 0.997282684
1305031119.679208 -0.048631251 0.128922328 0.090467997 -0.060383338 -0.042689908 -0.020621955 0.997048736
1305031119.715232 -0.051408686 0.136915505 0.089723878 -0.066256858 -0.036907170 -0.018549858 0.996947229
1305031119.747193 -0.056740351 0.145205647 0.087752968 -0.069391347 -0.033498563 -0.013759262 0.996931970
1305031119.779169 -0.057952810 0.154403001 0.088205315 -0.071946017 -0.034885928 -0.011740168 0.996729076
1305031119.814537 -0.056480356 0.163573354 0.086315177 -0.073474750 -0.036342178 -0.007577130 0.996605873
1305031119.847429 -0.055976368 0.172881380 0.085691929 -0.075294763 -0.035598919 -0.003522246 0.996519446
1305031119.879214 -0.055304296 0.178185076 0.084959500 -0.076904461 -0.034261096 -0.003397875 0.996443868
1305031119.911401 -0.057450663 0.193593204 0.082015708 -0.073002040 -0.031467829 -0.002706073 0.996831536
1305031119.947392 -0.057865415 0.200146988 0.080857560 -0.077163994 -0.029758684 -0.002749356 0.996570408
1305031119.979537 -0.056275915 0.203998178 0.079251170 -0.080109671 -0.027269226 -0.003704856 0.996406078
1305031120.015264 -0.058310103 0.218150169 0.076641388 -0.080136292 -0.023277372 -0.001642590 0.996510744
1305031120.047290 -0.061833158 0.214995518 0.077749088 -0.090167128 -0.021256529 -0.001072903 0.995699167
1305031120.079418 -0.064824201 0.215877295 0.076857522 -0.091715291 -0.022044385 0.000931665 0.995540798
1305031120.115232 -0.064310603 0.219744503 0.076025516 -0.091919981 -0.024780108 0.003029236 0.995453417
1305031120.148157 -0.062885210 0.218398690 0.076102987 -0.094393536 -0.026002673 0.003471274 0.995189250
1305031120.179246 -0.061691303 0.212970167 0.076167144 -0.094852462 -0.025856953 0.006505283 0.995134234
1305031120.215249 -0.060069449 0.201332495 0.076703072 -0.094250590 -0.026660377 0.006499436 0.995170236
1305031120.248003 -0.061265454 0.203822255 0.077363268 -0.087562867 -0.026063686 0.004206020 0.995809078
1305031120.279430 -0.060264051 0.196103990 0.078709245 -0.085711516 -0.025701044 0.002296584 0.995985806
1305031120.315196 -0.059401315 0.184815228 0.080198750 -0.085357152 -0.025582561 0.000147125 0.996021926
1305031120.347787 -0.058762982 0.178506225 0.083007887 -0.081651077 -0.025486365 -0.001804755 0.996333420
1305031120.379437 -0.057929136 0.168279499 0.086274557 -0.081266321 -0.026049796 -0.002308360 0.996349275
1305031120.415445 -0.055305827 0.150483027 0.089950457 -0.079195499 -0.027825475 -0.002134746 0.996468425
1305031120.447417 -0.056482375 0.148576140 0.094515711 -0.069443099 -0.028068405 -0.002699442 0.997187316
1305031120.479432 -0.054617107 0.134510368 0.099047802 -0.069230609 -0.029632147 -0.001464153 0.997159421
1305031120.514819 -0.054956049 0.123551264 0.103959605 -0.063243240 -0.031674944 0.000310893 0.997495294
1305031120.547736 -0.054558717 0.114815339 0.108200237 -0.057153963 -0.035006210 0.002647315 0.997747958
1305031120.579551 -0.056923669 0.109385304 0.111727126 -0.052936219 -0.037746109 0.005430713 0.997869492
1305031120.615236 -0.053726681 0.097497813 0.117072478 -0.051352922 -0.043322068 0.007929269 0.997708976
1305031120.647354 -0.052229244 0.088794693 0.121439755 -0.046948623 -0.046605021 0.008236094 0.997775495
1305031120.679318 -0.049962547 0.080597498 0.125072137 -0.045052763 -0.048835702 0.009477929 0.997745216
1305031120.714522 -0.050643902 0.072885297 0.128922969 -0.042830393 -0.049051013 0.009776526 0.997829616
1305031120.747369 -0.051512353 0.063266627 0.132719412 -0.042479914 -0.050975621 0.010083173 0.997745097
1305031120.779894 -0.047510207 0.051768713 0.137055486 -0.041687191 -0.054608632 0.010197539 0.997585118
1305031120.814944 -0.049056269 0.047032654 0.139128849 -0.037885144 -0.054004431 0.009357807 0.997777879
1305031120.847921 -0.047460552 0.036279000 0.143303409 -0.039893735 -0.055725176 0.007614229 0.997619748
1305031120.883435 -0.044710375 0.025436539 0.146897539 -0.038646087 -0.056340419 0.006154967 0.997644424
1305031120.915444 -0.046253823 0.020364244 0.148239031 -0.036493864 -0.054243267 0.004101424 0.997852206
1305031120.947488 -0.045879915 0.009174586 0.151836947 -0.038007535 -0.054319263 0.002237551 0.997797489
1305031120.983366 -0.047593482 0.000229623 0.154631615 -0.037801113 -0.053695161 -0.000283744 0.997841597
1305031121.015019 -0.047705799 -0.009298737 0.157039165 -0.036791936 -0.054361906 -0.001337550 0.997842371
1305031121.047498 -0.048408300 -0.014048025 0.158404484 -0.035138290 -0.053925060 -0.002547002 0.997923315
1305031121.083099 -0.050301626 -0.027292326 0.160986766 -0.035813887 -0.054707348 -0.004275884 0.997850776
1305031121.114696 -0.048784677 -0.034818806 0.162521169 -0.033522874 -0.056608912 -0.003244474 0.997828186
1305031121.147331 -0.050672282 -0.042081222 0.164375469 -0.031406216 -0.056621555 -0.004339886 0.997892201
1305031121.183271 -0.051709801 -0.051307015 0.165416941 -0.030090816 -0.057561889 -0.005175020 0.997874916
1305031121.211420 -0.047881261 -0.062139872 0.168378055 -0.028836090 -0.058685824 -0.004893256 0.997847915
1305031121.247194 -0.051383175 -0.067147411 0.169950560 -0.026049484 -0.056240268 -0.005470697 0.998062372
1305031121.282876 -0.050904416 -0.078222044 0.173640206 -0.027306288 -0.058129467 -0.004364336 0.997925997
1305031121.313568 -0.050102353 -0.088440113 0.178297132 -0.025357444 -0.058703270 -0.003514906 0.997947156
1305031121.347517 -0.053654276 -0.094712578 0.178211153 -0.023019617 -0.058441781 -0.002781786 0.998021483
1305031121.383226 -0.050124366 -0.107973926 0.184198081 -0.023269573 -0.061353933 -0.002050096 0.997842669
1305031121.414318 -0.051082961 -0.113772184 0.186183676 -0.018146120 -0.060126882 -0.003421332 0.998019934
1305031121.447319 -0.051585089 -0.119395837 0.187351719 -0.016613876 -0.059460878 -0.002683899 0.998088777
1305031121.482964 -0.047504373 -0.132585019 0.194340423 -0.016811796 -0.059194740 -0.000872231 0.998104513
1305031121.514107 -0.053012721 -0.137339249 0.191911340 -0.012620030 -0.055384170 -0.000271393 0.998385310
1305031121.547270 -0.051295146 -0.143601373 0.196827754 -0.014028984 -0.056263477 0.000251075 0.998317361
1305031121.583204 -0.049989164 -0.154124200 0.202335849 -0.016405836 -0.055639006 -0.000329934 0.998316109
1305031121.614700 -0.052374169 -0.159959704 0.201465130 -0.014978056 -0.052702174 -0.002187878 0.998495519
1305031121.647183 -0.048676819 -0.167658359 0.205419973 -0.014903241 -0.050037194 -0.004696008 0.998625100
1305031121.683200 -0.053456068 -0.174945325 0.206822217 -0.017368555 -0.044835046 -0.006469466 0.998822451
1305031121.714520 -0.054949593 -0.181270942 0.209162697 -0.018159455 -0.043884266 -0.004786170 0.998860121
1305031121.747145 -0.057166152 -0.184102967 0.207646355 -0.019177170 -0.042466220 -0.005417979 0.998899162
1305031121.782835 -0.055820294 -0.191369906 0.211238772 -0.021567972 -0.042612631 -0.003022328 0.998854280
1305031121.811540 -0.053204123 -0.194618568 0.214048639 -0.022636889 -0.042344149 -0.000895877 0.998846233
1305031121.847335 -0.052527130 -0.200076446 0.218113884 -0.025623174 -0.041220769 0.002467234 0.998818398
1305031121.882060 -0.053154130 -0.202119634 0.218877792 -0.027929585 -0.040780466 0.008613124 0.998740554
1305031121.914931 -0.055032130 -0.203552410 0.218382314 -0.029825004 -0.041875403 0.010048919 0.998627007
1305031121.947288 -0.054262623 -0.202145502 0.219656855 -0.029215729 -0.044114053 0.009626790 0.998552799
1305031121.982926 -0.053803511 -0.196967185 0.218547150 -0.028238790 -0.043717664 0.009212481 0.998602271
1305031122.014256 -0.056189254 -0.194075644 0.214290261 -0.028706303 -0.042547893 0.006717485 0.998659372
1305031122.047306 -0.053318255 -0.191152573 0.215535700 -0.028219940 -0.045327701 0.003728272 0.998566568
1305031122.082959 -0.054696031 -0.182859927 0.212905839 -0.026216760 -0.045234185 -0.000517527 0.998632193
1305031122.114672 -0.053861395 -0.174175382 0.210408494 -0.024883576 -0.045696173 -0.003075398 0.998640656
1305031122.150725 -0.052079633 -0.166681394 0.207891986 -0.025454959 -0.046618070 -0.008232512 0.998554468
1305031122.183042 -0.050551571 -0.156675354 0.204568163 -0.023272252 -0.046082180 -0.012695159 0.998585820
1305031122.214959 -0.052338578 -0.135466412 0.197071224 -0.021860754 -0.043599132 -0.017781578 0.998651624
1305031122.251319 -0.053811885 -0.131366014 0.196527585 -0.028781975 -0.042694461 -0.021695573 0.998437822
1305031122.283560 -0.059318732 -0.117832579 0.188599303 -0.027748806 -0.041272189 -0.024714326 0.998456717
1305031122.314289 -0.064158618 -0.097759910 0.179510787 -0.029826507 -0.041342929 -0.030372558 0.998237789
1305031122.351327 -0.061727114 -0.091922939 0.179188028 -0.037545241 -0.044889580 -0.031128651 0.997800767
1305031122.382630 -0.061961249 -0.081386060 0.175198987 -0.042354535 -0.047275778 -0.030574944 0.997515023
1305031122.414997 -0.064587757 -0.074733973 0.171735168 -0.046537265 -0.050754432 -0.031400308 0.997132003
1305031122.451257 -0.064746633 -0.062015764 0.165930986 -0.047143668 -0.055339072 -0.029578177 0.996915340
1305031122.483360 -0.064909011 -0.054880887 0.161543518 -0.050828341 -0.060190342 -0.029907884 0.996443272
1305031122.515097 -0.061952420 -0.046087712 0.155674055 -0.052308977 -0.065007120 -0.030462099 0.996047139
1305031122.551490 -0.059579909 -0.035972763 0.149761468 -0.053364299 -0.066424660 -0.031791579 0.995856047
1305031122.583208 -0.058850907 -0.026899619 0.146214128 -0.054555189 -0.065514542 -0.033100918 0.995809197
1305031122.614980 -0.062740088 -0.018913373 0.142958000 -0.055132825 -0.064571641 -0.032774832 0.995849729
1305031122.648788 -0.063198827 -0.008664219 0.137341648 -0.053414870 -0.066146664 -0.031581566 0.995878577
1305031122.683402 -0.063434467 0.003077833 0.133190870 -0.051827636 -0.067333207 -0.030103624 0.995928705
1305031122.715208 -0.065774024 0.012097117 0.129489169 -0.051647443 -0.069235861 -0.027674684 0.995878041
1305031122.751298 -0.063831493 0.025297048 0.124146923 -0.050136246 -0.072169095 -0.027217831 0.995759606
1305031122.783423 -0.063023485 0.040107585 0.119965464 -0.051413313 -0.072457664 -0.027478434 0.995666385
1305031122.812555 -0.060968898 0.045899644 0.119110398 -0.057254270 -0.072578199 -0.028348835 0.995314360
1305031122.851418 -0.056241684 0.055676054 0.116924420 -0.058127288 -0.070436977 -0.030348288 0.995358646
1305031122.883754 -0.058060303 0.066403374 0.113937140 -0.060359314 -0.063419141 -0.029414801 0.995725632
1305031122.914571 -0.063808970 0.071539558 0.112705991 -0.064226069 -0.058804963 -0.029030694 0.995778203
1305031122.951341 -0.064453132 0.078823045 0.110752165 -0.064910464 -0.058012605 -0.028221153 0.995803595
1305031122.982815 -0.067455098 0.088981137 0.107464314 -0.065522626 -0.056844208 -0.024507403 0.995929182
1305031123.015450 -0.066106305 0.093721151 0.105715439 -0.068509251 -0.058605123 -0.021653948 0.995692253
1305031123.051827 -0.064729266 0.099702910 0.103883766 -0.068008877 -0.058589969 -0.020377818 0.995754361
1305031123.082975 -0.064610273 0.112009235 0.100523025 -0.065676078 -0.057783104 -0.017477097 0.996013224
1305031123.113873 -0.065281093 0.121741690 0.097901329 -0.067946993 -0.056303527 -0.015116695 0.995984256
1305031123.150822 -0.067106023 0.129758239 0.096654147 -0.070279777 -0.054760020 -0.015385886 0.995904267
1305031123.182155 -0.063678391 0.141672447 0.095198631 -0.070988432 -0.054360606 -0.014516762 0.995888948
1305031123.214704 -0.061902657 0.151145533 0.094273776 -0.074648775 -0.050542273 -0.014740234 0.995819151
1305031123.250618 -0.063635811 0.167479023 0.093209743 -0.076559536 -0.045862619 -0.015117250 0.995894969
1305031123.282347 -0.061612837 0.176451877 0.092348456 -0.084660180 -0.043589156 -0.012199653 0.995381236
1305031123.311327 -0.059804615 0.180992335 0.093488112 -0.091353826 -0.040586781 -0.012435973 0.994913340
1305031123.350481 -0.062265866 0.193675578 0.092244267 -0.093263254 -0.034815665 -0.011340545 0.994967937
1305031123.382255 -0.059864074 0.203466758 0.091682404 -0.096619003 -0.031126922 -0.007762061 0.994804323
1305031123.411363 -0.062446188 0.208483845 0.091727823 -0.100265175 -0.024964452 -0.006281232 0.994627714
1305031123.451255 -0.061635796 0.218766153 0.090173364 -0.100734085 -0.022989120 -0.004414017 0.994637966
1305031123.483594 -0.058554489 0.226163238 0.089102060 -0.104767442 -0.022571795 0.000474922 0.994240463
1305031123.511360 -0.060359217 0.231078565 0.088355258 -0.108294882 -0.019707080 0.003079267 0.993918657
1305031123.551513 -0.059415407 0.241988331 0.087038428 -0.107319728 -0.020033035 0.004945856 0.994010389
1305031123.579583 -0.056284610 0.248726070 0.086355031 -0.109493263 -0.021031242 0.008638200 0.993727505
1305031123.611335 -0.055714484 0.258470535 0.085303366 -0.108629815 -0.019595329 0.010070812 0.993838072
1305031123.652411 -0.053538855 0.264336795 0.084307015 -0.112774760 -0.018361572 0.009993384 0.993400633
1305031123.683753 -0.052142117 0.271415621 0.083169043 -0.115878016 -0.015198332 0.011068999 0.993085444
1305031123.711323 -0.050700262 0.277043164 0.082939953 -0.119831242 -0.012192662 0.012375772 0.992642224
1305031123.751723 -0.049306683 0.281016290 0.082035407 -0.122342497 -0.010660232 0.014226041 0.992328703
1305031123.783858 -0.051363233 0.284960717 0.080839805 -0.122911379 -0.009828968 0.015889965 0.992241800
1305031123.811608 -0.050666638 0.285467565 0.080424383 -0.124512233 -0.010264877 0.016604688 0.992026031
1305031123.851444 -0.048990265 0.287736297 0.079590216 -0.124602884 -0.011261486 0.019121004 0.991958499
1305031123.883786 -0.050476640 0.278798163 0.078008883 -0.129142389 -0.011708594 0.020231510 0.991350532
1305031123.911243 -0.048674230 0.275195032 0.077741802 -0.127032652 -0.013965036 0.019007972 0.991618097
1305031123.951442 -0.049901243 0.277811766 0.078444235 -0.124614902 -0.013863814 0.020508153 0.991896331
1305031123.983415 -0.051714689 0.264944822 0.078731455 -0.131510228 -0.014940767 0.022388769 0.990949333
1305031124.011302 -0.053005990 0.255764723 0.080550313 -0.128927678 -0.018233903 0.021739190 0.991247952
1305031124.051505 -0.052310269 0.257883757 0.082396418 -0.120735236 -0.021691814 0.021831673 0.992207587
1305031124.083837 -0.052007969 0.248795599 0.084918156 -0.121869698 -0.024581505 0.022664221 0.991982818
1305031124.111331 -0.050642394 0.234368324 0.087995991 -0.119846568 -0.028194997 0.022075493 0.992146432
1305031124.147446 -0.051286940 0.236407116 0.089969695 -0.110026523 -0.029321101 0.019613609 0.993302405
1305031124.182694 -0.050871275 0.225599051 0.093296312 -0.110988200 -0.030574126 0.017383430 0.993199170
1305031124.211396 -0.050488852 0.216547862 0.095831826 -0.105413385 -0.031943820 0.015725123 0.993790865
1305031124.249327 -0.051975846 0.209670678 0.098425455 -0.100075729 -0.032756824 0.015265036 0.994323313
1305031124.282545 -0.052276917 0.200938851 0.100204229 -0.100009561 -0.036946461 0.014488277 0.994194746
1305031124.311361 -0.048136387 0.185848236 0.103285991 -0.099530414 -0.042938758 0.014612203 0.994000256
1305031124.350354 -0.049282819 0.179951712 0.105793551 -0.093893170 -0.045745295 0.014293020 0.994428039
1305031124.382420 -0.047775574 0.167919919 0.106549300 -0.091631643 -0.048285786 0.012705380 0.994540453
1305031124.411439 -0.044901446 0.156492710 0.108590536 -0.087742463 -0.051099315 0.012493731 0.994753242
1305031124.450245 -0.046175431 0.147368968 0.109947421 -0.080374129 -0.051565997 0.009769976 0.995382130
1305031124.480099 -0.046915088 0.134816915 0.111275762 -0.075833529 -0.052299332 0.007583249 0.995719135
1305031124.511324 -0.048621178 0.127443314 0.112905189 -0.068260640 -0.053340297 0.005138534 0.996227324
1305031124.550437 -0.049158473 0.115878411 0.115663618 -0.065083429 -0.054939181 0.002337830 0.996363580
1305031124.579404 -0.049623832 0.103730828 0.118391737 -0.062292878 -0.057365309 -0.000191058 0.996407986
1305031124.611358 -0.050265476 0.093390375 0.121053830 -0.057224449 -0.059468687 -0.002196659 0.996586204
1305031124.651271 -0.049818166 0.084286548 0.124854453 -0.053860862 -0.062187381 -0.003522159 0.996603906
1305031124.679362 -0.047398612 0.071075313 0.129511833 -0.050859105 -0.065026589 -0.005604588 0.996570885
1305031124.711251 -0.046552684 0.060148310 0.131994262 -0.047326017 -0.065499835 -0.006867092 0.996706009
1305031124.749890 -0.047403518 0.047617815 0.136374012 -0.045960084 -0.065432414 -0.008810314 0.996759117
1305031124.779365 -0.048668295 0.035326775 0.140417546 -0.043334056 -0.066266842 -0.010005025 0.996810317
1305031124.811360 -0.048278015 0.026193876 0.144467980 -0.040953517 -0.067491643 -0.010400096 0.996824741
1305031124.850535 -0.048750330 0.012266133 0.150095284 -0.042120684 -0.068837449 -0.011197020 0.996675372
1305031124.879355 -0.044227291 -0.000386206 0.155771613 -0.040824763 -0.070580758 -0.011153395 0.996607900
1305031124.911448 -0.044591241 -0.006630367 0.159782425 -0.038360815 -0.067937195 -0.011350628 0.996887207
1305031124.950730 -0.044392206 -0.017275544 0.166552067 -0.041450758 -0.066934519 -0.011413202 0.996830642
1305031124.979438 -0.046353430 -0.036113314 0.174055770 -0.043069176 -0.065697290 -0.009839790 0.996861100
1305031125.011454 -0.049010739 -0.043921717 0.177578896 -0.037745360 -0.067427725 -0.008862686 0.996970534
1305031125.050763 -0.043397252 -0.049219683 0.180982038 -0.035388466 -0.071510859 -0.007140935 0.996786296
1305031125.079364 -0.044539735 -0.060537625 0.187403992 -0.037013404 -0.070350796 -0.004276489 0.996826231
1305031125.111364 -0.047310818 -0.071661294 0.190561697 -0.036476906 -0.070396192 -0.004223908 0.996843040
1305031125.151013 -0.045269154 -0.079084098 0.192985088 -0.032527998 -0.071286745 -0.005868508 0.996908069
1305031125.179353 -0.046303578 -0.081449918 0.194996491 -0.031670753 -0.068547606 -0.004844896 0.997133255
1305031125.211320 -0.048490457 -0.093581311 0.200250387 -0.035908110 -0.066860229 -0.005339930 0.997101724
1305031125.250632 -0.050592966 -0.105950713 0.203542337 -0.035133280 -0.066218533 -0.007838568 0.997155607
1305031125.279467 -0.050447896 -0.108681135 0.204823941 -0.031263899 -0.066351704 -0.008290049 0.997271895
1305031125.311493 -0.050401799 -0.119709581 0.209935546 -0.032381948 -0.065010764 -0.008023072 0.997326732
1305031125.348880 -0.053775743 -0.123427279 0.211053953 -0.027645940 -0.062813580 -0.011233225 0.997579038
1305031125.379401 -0.049312290 -0.126405314 0.217358962 -0.027134774 -0.062771000 -0.014468933 0.997554064
1305031125.411335 -0.049209356 -0.131092235 0.218778923 -0.027183922 -0.056380060 -0.015436455 0.997919858
1305031125.451195 -0.051912062 -0.137098581 0.221540421 -0.030385476 -0.050398685 -0.017789347 0.998108327
1305031125.479424 -0.051821351 -0.145935923 0.225102440 -0.030963613 -0.046782844 -0.019378442 0.998237014
1305031125.511316 -0.053045861 -0.145392239 0.223796695 -0.029573249 -0.042560995 -0.020227548 0.998451233
1305031125.551020 -0.052888542 -0.148612797 0.224053204 -0.030718310 -0.039403796 -0.022267113 0.998502851
1305031125.579308 -0.051711477 -0.149676546 0.227417529 -0.031938657 -0.036613103 -0.023756584 0.998536468
1305031125.611533 -0.054084621 -0.156837463 0.226379201 -0.032750532 -0.032418191 -0.024671778 0.998632908
1305031125.650575 -0.059763439 -0.160407200 0.220705569 -0.029089537 -0.030137917 -0.022321466 0.998872936
1305031125.679328 -0.063257836 -0.152262688 0.214448601 -0.023676502 -0.032996777 -0.021032507 0.998953581
1305031125.711443 -0.058978982 -0.153079808 0.214858979 -0.022873303 -0.040226568 -0.019067300 0.998746753
1305031125.751260 -0.057050463 -0.141608000 0.209550470 -0.016494788 -0.042810429 -0.017657690 0.998790979
1305031125.779348 -0.055315375 -0.134763539 0.207651973 -0.016376890 -0.044344064 -0.020327803 0.998675227
1305031125.811573 -0.053400241 -0.124824770 0.204031497 -0.014985157 -0.044195741 -0.021157537 0.998686433
1305031125.847412 -0.054130524 -0.118692495 0.201293007 -0.017335271 -0.042426355 -0.023166910 0.998680532
1305031125.879318 -0.057588391 -0.110769212 0.196128726 -0.017032839 -0.041800629 -0.024118256 0.998689592
1305031125.911305 -0.062226675 -0.097553998 0.190646932 -0.018924769 -0.043216769 -0.023008320 0.998621404
1305031125.947343 -0.065001883 -0.094633281 0.187107667 -0.023546843 -0.049041472 -0.020986252 0.998298526
1305031125.979324 -0.061665706 -0.082139224 0.183541507 -0.022967156 -0.057538364 -0.016553808 0.997941792
1305031126.011333 -0.057037689 -0.070418730 0.180497751 -0.024705058 -0.064377196 -0.016013341 0.997491241
1305031126.047324 -0.049954318 -0.057631046 0.178936586 -0.027069943 -0.067956813 -0.013966278 0.997223139
1305031126.079356 -0.049280316 -0.045051739 0.176035792 -0.030358072 -0.066416509 -0.013433378 0.997239590
1305031126.111370 -0.048402023 -0.036343865 0.175689057 -0.034301281 -0.065946318 -0.014256376 0.997131526
1305031126.147432 -0.048197187 -0.019960120 0.172232404 -0.035055298 -0.064607531 -0.011635122 0.997226954
1305031126.179384 -0.049100321 -0.007352892 0.171571776 -0.040880460 -0.064614192 -0.011625757 0.997004807
1305031126.211319 -0.045816299 0.000537995 0.170969918 -0.045942739 -0.066295810 -0.011188133 0.996678948
1305031126.247298 -0.044733535 0.016001817 0.167433202 -0.047162239 -0.065081723 -0.010827864 0.996705949
1305031126.279363 -0.042444766 0.027408957 0.165909797 -0.050921310 -0.064270727 -0.011504223 0.996566117
1305031126.311332 -0.041566428 0.042251684 0.163000986 -0.053372305 -0.061252199 -0.013131727 0.996607780
1305031126.347363 -0.043167390 0.051237077 0.161381155 -0.058030289 -0.056710377 -0.014816034 0.996592641
1305031126.379423 -0.045482628 0.062283739 0.158940390 -0.060882423 -0.052865241 -0.016250685 0.996611536
1305031126.411465 -0.046866920 0.074483208 0.155695230 -0.064155132 -0.050537087 -0.018147191 0.996494234
1305031126.447361 -0.046554577 0.081014045 0.154527843 -0.069261447 -0.049428951 -0.017456871 0.996220291
1305031126.479533 -0.048677959 0.089692019 0.150928900 -0.071239494 -0.048658092 -0.015058477 0.996157885
1305031126.511410 -0.048427373 0.103491217 0.147282183 -0.072631590 -0.050404727 -0.012706601 0.996003270
1305031126.547374 -0.045484986 0.112492420 0.145473137 -0.078130007 -0.051693432 -0.012421499 0.995524585
1305031126.579454 -0.042889696 0.120576225 0.144077629 -0.082132272 -0.050608385 -0.010778946 0.995277286
1305031126.611528 -0.043678984 0.128981948 0.142454848 -0.086806722 -0.048228234 -0.009337087 0.995013297
1305031126.647376 -0.041098736 0.131823018 0.142087653 -0.092088163 -0.047366377 -0.007432172 0.994595885
1305031126.679479 -0.040717792 0.137655824 0.139544860 -0.093632095 -0.045070041 -0.002905450 0.994581938
1305031126.711583 -0.040251292 0.144404799 0.137248412 -0.095684983 -0.043450568 0.000232306 0.994462848
1305031126.747316 -0.038622834 0.144459456 0.135614604 -0.098442972 -0.042156812 0.003129227 0.994244397
1305031126.779379 -0.038628586 0.152260676 0.133269116 -0.096311703 -0.040918563 0.006579414 0.994488060
1305031126.811602 -0.034995060 0.155211985 0.131915763 -0.096921302 -0.040130869 0.007184542 0.994456708
1305031126.847343 -0.034561343 0.159504145 0.129527137 -0.096511662 -0.036230952 0.007609469 0.994643092
1305031126.879357 -0.035236854 0.162022114 0.127950773 -0.096992373 -0.033768792 0.008166307 0.994678557
1305031126.911364 -0.032869522 0.162766352 0.126930535 -0.097474076 -0.032585289 0.007482281 0.994676352
1305031126.947437 -0.034288600 0.163821518 0.125160396 -0.098294817 -0.030710649 0.009328792 0.994639575
1305031126.979337 -0.034082144 0.162862524 0.124718383 -0.099112846 -0.031608090 0.010355772 0.994520128
1305031127.011371 -0.032690048 0.161332712 0.124174461 -0.098447882 -0.033070344 0.010661842 0.994535387
1305031127.047297 -0.032849669 0.163765788 0.123814821 -0.096395873 -0.033286981 0.011622739 0.994718432
1305031127.079299 -0.034141589 0.162563935 0.123624578 -0.097103976 -0.033088032 0.011730637 0.994654894
1305031127.111435 -0.036023181 0.159880996 0.123980336 -0.097576171 -0.034460697 0.012422710 0.994553685
1305031127.147307 -0.035473786 0.156703010 0.124853075 -0.097078346 -0.038294587 0.013168427 0.994452536
1305031127.179349 -0.035559695 0.156089604 0.124697417 -0.094777204 -0.041040272 0.012679315 0.994571388
1305031127.211700 -0.033613455 0.153916895 0.126016870 -0.094453834 -0.043398019 0.012761080 0.994500995
1305031127.247374 -0.033449441 0.149034172 0.126959786 -0.093778834 -0.043637842 0.011751054 0.994566798
1305031127.279465 -0.034302194 0.149035603 0.127514616 -0.090680957 -0.043571122 0.010780736 0.994867980
1305031127.311362 -0.035941016 0.146600008 0.129313171 -0.091028877 -0.043827049 0.009917757 0.994833946
1305031127.347356 -0.035176571 0.139500409 0.131728753 -0.091248080 -0.045969862 0.009449216 0.994721711
1305031127.379262 -0.035134874 0.139967293 0.132515237 -0.087698475 -0.047189109 0.009325032 0.994984984
1305031127.411371 -0.035973869 0.138881058 0.133869961 -0.087163031 -0.048067983 0.008552218 0.994996965
1305031127.447333 -0.036301676 0.133404240 0.136172622 -0.087828517 -0.049327038 0.008095224 0.994880617
1305031127.479362 -0.036219340 0.134238094 0.136743113 -0.085042804 -0.050631344 0.007538827 0.995061457
1305031127.511356 -0.037514642 0.133205831 0.138268843 -0.086061217 -0.051296785 0.006357653 0.994948089
1305031127.547348 -0.036411494 0.128153846 0.140484810 -0.087334082 -0.052866410 0.006310598 0.994755268
1305031127.579345 -0.037688486 0.129127696 0.141080245 -0.084693857 -0.052842766 0.005856479 0.994987547
1305031127.611271 -0.037806615 0.129999086 0.141622856 -0.084508672 -0.053416353 0.005700409 0.994973600
1305031127.647358 -0.036611795 0.126193315 0.143602431 -0.086681634 -0.054324437 0.007037356 0.994728923
1305031127.679298 -0.037034102 0.124734230 0.143993497 -0.085315362 -0.054655105 0.007794192 0.994823277
1305031127.711375 -0.039183535 0.127582133 0.143264517 -0.083337806 -0.054347005 0.007046791 0.995013356
1305031127.747304 -0.037132539 0.124532223 0.144698754 -0.085596070 -0.055914253 0.007409862 0.994732141
1305031127.779346 -0.037398823 0.120914876 0.145262212 -0.085752636 -0.055993959 0.007652156 0.994712353
1305031127.811829 -0.038848348 0.123022646 0.144568339 -0.083119914 -0.055683341 0.006410677 0.994961977
1305031127.847366 -0.038915232 0.121981069 0.144719586 -0.083704203 -0.055805653 0.005671612 0.994910657
1305031127.879380 -0.040193111 0.120942459 0.145064652 -0.083818689 -0.055609614 0.005032521 0.994915426
1305031127.911476 -0.041758142 0.121850744 0.145096496 -0.082822785 -0.055917013 0.004376145 0.994984686
1305031127.947366 -0.041396763 0.122791432 0.145827264 -0.083167188 -0.057038143 0.004776414 0.994890451
1305031127.979371 -0.041163534 0.121529564 0.147069991 -0.085136414 -0.058040269 0.004797822 0.994665861
1305031128.011427 -0.039655581 0.121752113 0.148944795 -0.086103268 -0.058847271 0.004608754 0.994536042
1305031128.047369 -0.038649201 0.119582728 0.151382193 -0.089092433 -0.058330800 0.005563826 0.994298279
1305031128.079334 -0.039332591 0.116430342 0.153047562 -0.089959599 -0.057702430 0.006484910 0.994251311
1305031128.111391 -0.038581088 0.115578048 0.154089794 -0.089518391 -0.058317922 0.007242557 0.994250000
1305031128.147418 -0.037469171 0.114991114 0.155385703 -0.090457805 -0.058916345 0.009283359 0.994112670
1305031128.179350 -0.036823034 0.110672370 0.157203019 -0.091167971 -0.059067488 0.010234099 0.994029522
1305031128.211447 -0.037328206 0.112348631 0.156833932 -0.088308483 -0.058896691 0.010578503 0.994294167
1305031128.247480 -0.038556300 0.113501906 0.156682402 -0.088006191 -0.058727112 0.010831500 0.994328260
1305031128.279336 -0.037924755 0.110292740 0.157711059 -0.089249969 -0.059326380 0.010680627 0.994183481
1305031128.311483 -0.038337059 0.111524701 0.157356292 -0.087320611 -0.059242591 0.010062985 0.994366169
1305031128.347423 -0.039283831 0.111313172 0.157209501 -0.087358072 -0.058924843 0.009236385 0.994389832
1305031128.379404 -0.039801873 0.110331140 0.157224655 -0.087761223 -0.059203573 0.007375258 0.994353294
1305031128.411337 -0.039484918 0.109418318 0.157387033 -0.087327763 -0.059452284 0.006432867 0.994383156
1305031128.447296 -0.040518761 0.109655157 0.156818748 -0.086653709 -0.059112292 0.005147942 0.994469881
1305031128.479296 -0.039969571 0.108607858 0.157104224 -0.087218277 -0.059761409 0.004090691 0.994386613
1305031128.511433 -0.040564045 0.108061880 0.156662151 -0.086831763 -0.059261303 0.003368912 0.994453132
1305031128.547399 -0.040382802 0.107672349 0.156896189 -0.086879410 -0.058812115 0.002719820 0.994477630
1305031128.579455 -0.039988033 0.105101205 0.157339975 -0.087257199 -0.058421362 0.002645237 0.994467735
1305031128.611395 -0.041624278 0.105049297 0.156661972 -0.085757807 -0.057835676 0.002732918 0.994632185
1305031128.647352 -0.042964578 0.105247214 0.156002373 -0.085065946 -0.058472645 0.002863241 0.994654000
1305031128.679282 -0.041795298 0.103822112 0.156015724 -0.085230462 -0.060412049 0.002607712 0.994524717
1305031128.711457 -0.040711015 0.103858516 0.155599564 -0.083981179 -0.060810447 0.001701517 0.994608641
1305031128.747363 -0.040728584 0.103919148 0.155263454 -0.083173923 -0.059841197 0.000775537 0.994736433
