1341840840.233363 0.070015132 0.035615947 0.002908574 -0.015026549 -0.011045796 -0.002558739 0.999822795
1341840840.269407 0.076484434 0.024560377 0.005822388 -0.021477988 -0.011788306 -0.000836750 0.999699473
1341840840.294570 0.078155644 0.023327945 0.006854940 -0.020229634 -0.011421244 -0.000824003 0.999729753
1341840840.330394 0.076739542 0.021465318 0.005066746 -0.018847844 -0.009658083 0.000770774 0.999775410
1341840840.362487 0.074754432 0.030217979 0.000470124 -0.014576521 -0.009058747 0.002748552 0.999848962
1341840840.394382 0.082778685 0.034227163 0.003653790 -0.016048973 -0.013139484 0.005241196 0.999771118
1341840840.430325 0.091868252 0.025943916 0.008893192 -0.019124445 -0.015320187 0.006779320 0.999676764
1341840840.462407 0.090001754 0.032976761 0.004354850 -0.014206340 -0.011797830 0.005921224 0.999811947
1341840840.494502 0.091985829 0.038768429 0.003681821 -0.015047756 -0.011566231 0.007143300 0.999794364
1341840840.530297 0.095102809 0.029543327 0.006195486 -0.020546453 -0.012312866 0.009031096 0.999672294
1341840840.562361 0.098781072 0.029211257 0.006224674 -0.019458551 -0.012917199 0.009768642 0.999679506
1341840840.598321 0.100221694 0.029692262 0.004123988 -0.019663794 -0.013308755 0.010625612 0.999661565
1341840840.630280 0.102553807 0.018128030 0.004681184 -0.023042029 -0.015860185 0.012826617 0.999526381
1341840840.662439 0.109249584 0.035076436 0.003806563 -0.013627513 -0.019478209 0.011853181 0.999647141
1341840840.698371 0.119795635 0.039308526 0.007066078 -0.013647640 -0.020380780 0.011295391 0.999635339
1341840840.730361 0.149812967 0.017664235 0.019387282 -0.023907000 -0.028226158 0.014728816 0.999207079
1341840840.762407 0.140932769 0.011921030 0.012510941 -0.022396181 -0.021778576 0.013581505 0.999419689
1341840840.798303 0.140111163 0.028505133 0.008803229 -0.014752007 -0.021406997 0.012529964 0.999583483
1341840840.830375 0.152473658 0.026673885 0.014511592 -0.017465644 -0.024103541 0.013152617 0.999470353
1341840840.866393 0.160109818 0.011680045 0.017259602 -0.021653203 -0.023251029 0.013591715 0.999402761
1341840840.898320 0.154286444 0.020026429 0.011058349 -0.014310204 -0.018326428 0.011217772 0.999666691
1341840840.930454 0.152612492 0.028581301 0.006531836 -0.012783561 -0.016240623 0.010165073 0.999734700
1341840840.966498 0.165578529 0.027331540 0.013783203 -0.016728129 -0.019206122 0.010384707 0.999621630
1341840840.998398 0.170680985 0.028023474 0.015299773 -0.015638987 -0.017836943 0.010004484 0.999668539
1341840841.034538 0.174467593 0.036631804 0.014950484 -0.012869372 -0.014753611 0.007255806 0.999782026
1341840841.066345 0.181454226 0.045750935 0.013071349 -0.013558017 -0.011335460 0.006665832 0.999821603
1341840841.098335 0.181851715 0.028962787 0.015271309 -0.026245341 -0.008392507 0.008450780 0.999584556
1341840841.134331 0.187348917 0.017486257 0.017921351 -0.028199028 -0.009991016 0.008886014 0.999512911
1341840841.166392 0.191990986 0.038469609 0.014694748 -0.017601494 -0.007617993 0.007579054 0.999787331
1341840841.198348 0.195042521 0.035546970 0.013579898 -0.022471411 -0.002603592 0.009264045 0.999701202
1341840841.234400 0.189289823 0.019027492 0.003984587 -0.027825348 0.004003149 0.011451942 0.999539196
1341840841.266296 0.191220313 0.019025749 0.000147256 -0.021847194 0.003228613 0.011369356 0.999691427
1341840841.302430 0.194671720 0.035781372 -0.002963247 -0.012949282 0.003205267 0.011808158 0.999841332
1341840841.334542 0.196390450 0.032924872 -0.004146004 -0.015317355 0.005132672 0.013530672 0.999777973
1341840841.366311 0.197661236 0.032930952 -0.005279725 -0.015012581 0.005517995 0.012857964 0.999789417
1341840841.402475 0.201229915 0.032275736 -0.007006321 -0.015162988 0.004317361 0.011909394 0.999804795
1341840841.434345 0.204525799 0.034405529 -0.007579645 -0.014818690 0.003787724 0.011149433 0.999820888
1341840841.466383 0.210340038 0.035477139 -0.007153997 -0.015682891 0.002599918 0.011365701 0.999809027
1341840841.502454 0.211116090 0.031897925 -0.007135984 -0.017550232 0.002818030 0.011223403 0.999779046
1341840841.534696 0.218020201 0.029086256 -0.007336828 -0.017606491 0.000111433 0.011715711 0.999776363
1341840841.570470 0.216176152 0.044062242 -0.012177873 -0.012199517 0.002300678 0.011978623 0.999851167
1341840841.602476 0.222505063 0.043752704 -0.006601255 -0.017022256 0.001115721 0.012806123 0.999772489
1341840841.634468 0.231317267 0.032900196 -0.002939195 -0.021357281 0.000070424 0.012075871 0.999698997
1341840841.671032 0.224416256 0.033586014 -0.009262335 -0.019311672 0.004889282 0.011285708 0.999737859
1341840841.702284 0.223687798 0.038021646 -0.011889976 -0.018457836 0.004061135 0.012985231 0.999737084
1341840841.734304 0.231216505 0.040902402 -0.008972277 -0.019467138 0.000486982 0.014596366 0.999703825
1341840841.770351 0.235813677 0.032939903 -0.006050211 -0.023227785 -0.001116246 0.016278146 0.999597073
1341840841.802313 0.228712872 0.028735127 -0.012765768 -0.024265155 0.000439218 0.019011967 0.999524653
1341840841.838370 0.229882583 0.019204777 -0.015737964 -0.027799133 -0.004931187 0.021804349 0.999363542
1341840841.870881 0.240967706 0.031167176 -0.011505650 -0.020198774 -0.016285047 0.017582359 0.999508739
1341840841.902346 0.253124326 0.052992091 -0.006892871 -0.012014023 -0.020263746 0.013601462 0.999629974
1341840841.938375 0.250649661 0.039618749 -0.007424402 -0.021557501 -0.013770107 0.013978438 0.999575019
1341840841.970352 0.240182385 0.028272243 -0.015418267 -0.027022814 -0.009813646 0.012709867 0.999505818
1341840842.006342 0.245991454 0.046138950 -0.009875643 -0.020450346 -0.015644725 0.010048291 0.999617934
1341840842.038475 0.256140888 0.047647007 -0.003069165 -0.021253368 -0.017943196 0.007397810 0.999585688
1341840842.070419 0.258819699 0.041688904 -0.007054918 -0.023139842 -0.014956539 0.006842156 0.999596953
1341840842.106404 0.249927640 0.037186369 -0.015466833 -0.025595913 -0.009710287 0.004904698 0.999613166
1341840842.138367 0.249893636 0.024803875 -0.014482073 -0.029252196 -0.012416729 0.003830475 0.999487579
1341840842.170410 0.261902004 0.031581972 -0.014809345 -0.021971611 -0.019892404 0.002303405 0.999558032
1341840842.206430 0.265019923 0.044010218 -0.016384926 -0.014526255 -0.019417347 -0.001783179 0.999704361
1341840842.238319 0.266507655 0.043711897 -0.017842526 -0.013111129 -0.017916875 -0.006858722 0.999729991
1341840842.274385 0.277454168 0.037045971 -0.018856488 -0.013821433 -0.019742465 -0.011004088 0.999648988
1341840842.306571 0.272951275 0.039282538 -0.021991534 -0.009601999 -0.014742084 -0.015439369 0.999725997
1341840842.338413 0.267459154 0.044666175 -0.031695478 -0.006653956 -0.012111341 -0.017414816 0.999752879
1341840842.374365 0.272100210 0.026401812 -0.032727934 -0.014246102 -0.016157318 -0.018420229 0.999598265
1341840842.406739 0.270789564 0.030964414 -0.031567257 -0.006158194 -0.018804660 -0.021897554 0.999564409
1341840842.438410 0.291080236 0.072868243 -0.027414070 0.010536322 -0.025033191 -0.025801949 0.999298036
1341840842.474299 0.311511129 0.067155063 -0.020625552 -0.001559619 -0.022847757 -0.029690325 0.999296784
1341840842.506377 0.289278567 0.046881851 -0.025976665 -0.009275754 0.000498183 -0.031017784 0.999475658
1341840842.542388 0.300985843 0.033322070 -0.023645800 0.001223145 0.007291409 -0.036231820 0.999316096
1341840842.574346 0.355961978 -0.018143922 0.002634718 -0.012640960 -0.013925079 -0.037312083 0.999126673
1341840842.606530 0.317822397 -0.087180406 -0.015933523 -0.042689592 0.006166186 -0.045532882 0.998031259
1341840842.642329 0.324942529 -0.092685200 -0.021491474 -0.043395709 0.004235288 -0.046625271 0.997960389
1341840842.674386 0.325739413 -0.094146535 -0.026144162 -0.039983328 0.002210398 -0.044637766 0.998200357
1341840842.706548 0.329925507 -0.094951458 -0.032422084 -0.039718501 -0.001623196 -0.052384946 0.997835457
1341840842.742312 0.329457104 -0.101805985 -0.045008432 -0.043982960 0.002067773 -0.049923278 0.997781992
1341840842.774261 0.325814247 -0.097196691 -0.036285773 -0.044523325 0.002748221 -0.051185250 0.997692466
1341840842.810490 0.327786893 -0.100300759 -0.037676148 -0.046468783 0.002015535 -0.049926121 0.997669280
1341840842.842296 0.328428060 -0.101178199 -0.042821884 -0.052864071 -0.001207941 -0.048597556 0.997417748
1341840842.874411 0.328031063 -0.099656329 -0.038179863 -0.055571880 -0.001325924 -0.050249487 0.997188509
1341840842.910377 0.327318758 -0.100222439 -0.035974115 -0.052164100 0.002661287 -0.049626790 0.997401118
1341840842.942647 0.328747541 -0.099875666 -0.040423829 -0.049701564 0.003141971 -0.049378902 0.997537792
1341840842.974535 0.331842989 -0.102096483 -0.045924678 -0.051773433 0.002878075 -0.054581322 0.997162044
1341840843.010449 0.326953709 -0.098358795 -0.030853439 -0.049509525 0.008891588 -0.058500212 0.997019291
1341840843.042429 0.328109443 -0.099928394 -0.037009086 -0.048694015 0.015903911 -0.048842389 0.997492015
1341840843.078385 0.332479566 -0.105655789 -0.053208999 -0.051466960 0.012698653 -0.042774670 0.997677445
1341840843.110373 0.335890740 -0.108559661 -0.058638018 -0.055007480 0.007088843 -0.048488423 0.997282743
1341840843.142285 0.328291148 -0.098119758 -0.039353792 -0.051227681 0.007205108 -0.047523774 0.997529626
1341840843.178476 0.326277673 -0.104649797 -0.050921045 -0.049417485 0.008062309 -0.051232476 0.997430801
1341840843.210589 0.325583518 -0.103991903 -0.049848393 -0.049111236 0.008287073 -0.049429018 0.997535050
1341840843.246317 0.327015311 -0.104045331 -0.053927720 -0.051088847 0.003066195 -0.053502977 0.997255206
1341840843.278543 0.329766601 -0.098648801 -0.050223976 -0.050355036 0.001286209 -0.050057419 0.997475326
1341840843.310587 0.330306858 -0.098888397 -0.046529248 -0.049172819 0.002092831 -0.052866299 0.997388005
1341840843.346529 0.332121640 -0.103198737 -0.057500184 -0.050497059 0.003270385 -0.049564078 0.997488201
1341840843.385053 0.333526492 -0.108596012 -0.066027090 -0.057096742 0.002088641 -0.052353639 0.996992826
1341840843.411509 0.334416270 -0.112949163 -0.062929153 -0.062252570 0.004332131 -0.053602573 0.996610582
1341840843.447220 0.334082454 -0.113504544 -0.058491163 -0.061952859 0.007248022 -0.049879856 0.996805608
1341840843.478671 0.332596272 -0.111326344 -0.057865351 -0.062585331 0.006776322 -0.050077543 0.996759474
1341840843.515039 0.331720233 -0.111821860 -0.051160417 -0.066142686 0.006354295 -0.058137000 0.996094823
1341840843.548527 0.330990523 -0.111882411 -0.046551317 -0.065782718 0.010811840 -0.057005826 0.996145606
1341840843.582569 0.330808610 -0.112121791 -0.043876719 -0.061228935 0.012620323 -0.056928676 0.996419013
1341840843.614798 0.330431283 -0.112703167 -0.042022619 -0.062508717 0.011758158 -0.057707366 0.996305287
1341840843.653429 0.330515951 -0.113719173 -0.042462450 -0.068231560 0.011459138 -0.058227178 0.995902956
1341840843.687928 0.330537230 -0.113638714 -0.042355739 -0.066184387 0.012894136 -0.059560686 0.995944738
1341840843.720258 0.330596894 -0.113689840 -0.042493787 -0.063753083 0.014244742 -0.062091615 0.995930374
1341840843.785505 0.330777526 -0.113770247 -0.043848861 -0.065843955 0.015584783 -0.063020758 0.995715857
1341840843.814703 0.330989122 -0.113402851 -0.045763783 -0.063913018 0.017230805 -0.063336283 0.995794535
1341840843.846439 0.331617713 -0.112875745 -0.050199769 -0.063450329 0.018838922 -0.061889898 0.995885968
1341840843.882429 0.332224250 -0.111870363 -0.054889336 -0.062197160 0.019631231 -0.064741582 0.995768368
1341840843.914321 0.332524121 -0.111209579 -0.056891404 -0.061220855 0.022601025 -0.067930691 0.995553434
1341840843.946316 0.332090795 -0.110443190 -0.054237951 -0.059325386 0.026991708 -0.068946905 0.995488942
1341840843.982401 0.331941038 -0.110019989 -0.053667687 -0.059854735 0.029231353 -0.067617737 0.995485187
1341840844.014387 0.331877768 -0.110093966 -0.053110138 -0.062370390 0.029711984 -0.068150230 0.995280206
1341840844.050399 0.331952929 -0.110100761 -0.053202488 -0.056384798 0.031137813 -0.072649613 0.995275438
1341840844.082349 0.332077295 -0.110470966 -0.053936869 -0.052049484 0.034374550 -0.075045660 0.995227277
1341840844.114393 0.332303852 -0.110840917 -0.055675209 -0.055049025 0.036194682 -0.072653286 0.995178878
1341840844.150523 0.332132965 -0.110625066 -0.054456569 -0.054907378 0.036607988 -0.075830042 0.994934618
1341840844.182299 0.332091898 -0.110507928 -0.054259934 -0.051544406 0.039493036 -0.079624474 0.994707704
1341840844.218448 0.332064956 -0.110501491 -0.053967670 -0.046805985 0.042826787 -0.081909277 0.994618475
1341840844.250566 0.332146674 -0.110613808 -0.054446891 -0.044715267 0.044513978 -0.081714749 0.994656563
1341840844.282274 0.332162112 -0.110647097 -0.054570988 -0.048418079 0.044095546 -0.080170833 0.994627535
1341840844.318322 0.332094342 -0.110546567 -0.054124683 -0.048028469 0.042750355 -0.080346026 0.994690955
1341840844.350432 0.332095295 -0.110548630 -0.054146297 -0.042839009 0.041444503 -0.084335245 0.994653046
1341840844.382375 0.332188696 -0.110754497 -0.054833874 -0.042128231 0.043671690 -0.090267465 0.994067311
1341840844.418837 0.332178921 -0.110780850 -0.054704681 -0.044929259 0.046359923 -0.087997735 0.994026423
1341840844.450418 0.332139969 -0.110698484 -0.054464735 -0.042651791 0.044266030 -0.084944047 0.994487703
1341840844.486330 0.332160413 -0.110697709 -0.054514594 -0.039486475 0.042113416 -0.090926893 0.994182885
1341840844.518335 0.332128614 -0.110710487 -0.054478273 -0.036290683 0.045698155 -0.097752824 0.993498385
1341840844.550458 0.332222939 -0.110751979 -0.054789029 -0.037416060 0.049607333 -0.095146827 0.993522167
1341840844.586351 0.332194537 -0.110712416 -0.054631587 -0.037617527 0.048305616 -0.092371739 0.993840516
1341840844.618382 0.332204074 -0.110718600 -0.054605544 -0.037549566 0.046567310 -0.093849704 0.993787587
1341840844.650334 0.332181156 -0.110710226 -0.054624319 -0.038195152 0.047476031 -0.096836038 0.993433416
1341840844.686320 0.332171440 -0.110681042 -0.054415118 -0.036738858 0.049210295 -0.098877162 0.993202865
1341840844.718495 0.332173437 -0.110701904 -0.054603413 -0.034252845 0.051211555 -0.101123631 0.992964327
1341840844.757582 0.332240611 -0.110770687 -0.054910637 -0.036274049 0.052804373 -0.100892857 0.992832601
1341840844.791011 0.332119375 -0.110661611 -0.054246843 -0.036518209 0.052686915 -0.100145154 0.992905557
1341840844.818394 0.332133979 -0.110655524 -0.054398507 -0.034049165 0.054035634 -0.103122227 0.992616057
1341840844.854307 0.332185447 -0.110710859 -0.054506369 -0.033776212 0.056686360 -0.104181878 0.992366850
1341840844.888045 0.332192600 -0.110732190 -0.054649770 -0.033994921 0.058560446 -0.101833507 0.992494285
1341840844.918612 0.332201123 -0.110724479 -0.054639220 -0.035984129 0.059223980 -0.101546884 0.992414176
1341840844.954718 0.332176715 -0.110696487 -0.054480359 -0.035973586 0.060588945 -0.103398047 0.992140949
1341840844.986719 0.332145989 -0.110691980 -0.054315891 -0.034915850 0.063242927 -0.105923124 0.991746664
1341840845.022279 0.332112014 -0.110663041 -0.054247744 -0.034326904 0.066734716 -0.106185175 0.991510391
1341840845.054280 0.332139313 -0.110626295 -0.054375533 -0.032916427 0.070224635 -0.103961706 0.991552830
1341840845.086344 0.332217485 -0.110724717 -0.054602593 -0.034686282 0.072433710 -0.103151768 0.991418123
1341840845.123640 0.332154214 -0.110688195 -0.054349765 -0.035632752 0.072387725 -0.103867605 0.991313219
1341840845.154408 0.332105130 -0.110678926 -0.054031391 -0.031635404 0.071780130 -0.107895821 0.991062701
1341840845.186393 0.332270473 -0.110752620 -0.054959279 -0.032416597 0.072502509 -0.106508844 0.991134942
1341840845.222296 0.332216382 -0.110721059 -0.054607138 -0.036905844 0.071428657 -0.100718036 0.991661131
1341840845.254440 0.332204908 -0.110666096 -0.054390308 -0.034011789 0.068905868 -0.105825633 0.991411150
1341840845.290376 0.332146019 -0.110691875 -0.054313242 -0.032459360 0.071819343 -0.112607881 0.990508854
1341840845.322289 0.332196802 -0.110755943 -0.054547552 -0.034459893 0.076255925 -0.110020176 0.990400493
1341840845.354494 0.332166970 -0.110668339 -0.054267701 -0.034384932 0.073827192 -0.104212344 0.991214931
1341840845.390309 0.332192689 -0.110663988 -0.054392677 -0.029072722 0.068137787 -0.110644810 0.991095185
1341840845.422339 0.332207143 -0.110713758 -0.054591205 -0.026426192 0.067420378 -0.116335176 0.990566611
1341840845.458335 0.332306385 -0.110684022 -0.054981664 -0.027850108 0.070035070 -0.120808139 0.989810526
1341840845.490264 0.332257897 -0.110626377 -0.054639556 -0.030161850 0.074644722 -0.121133313 0.989366055
1341840845.522343 0.332206249 -0.110663213 -0.054386891 -0.031284817 0.077258244 -0.115613505 0.989790857
1341840845.558310 0.332268983 -0.110711791 -0.054640051 -0.031915933 0.074075364 -0.111449920 0.990491331
1341840845.597232 0.332260996 -0.110691920 -0.054769680 -0.031039475 0.069656692 -0.112044521 0.990772665
1341840845.622577 0.332236737 -0.110657297 -0.054498740 -0.029159850 0.068288267 -0.117627665 0.990277767
1341840845.658634 0.332300127 -0.110746838 -0.055139713 -0.029606031 0.071938686 -0.121394478 0.989551246
1341840845.690353 0.332259566 -0.110781088 -0.054804880 -0.032201614 0.075306006 -0.122841597 0.989040911
1341840845.729069 0.332202733 -0.110723004 -0.054542515 -0.031518042 0.077841677 -0.124125943 0.988706231
1341840845.758375 0.332221210 -0.110780433 -0.054833822 -0.031627618 0.078745499 -0.120765187 0.989047348
1341840845.790466 0.332322776 -0.110798247 -0.055232354 -0.032265492 0.074749067 -0.119328082 0.989511132
1341840845.826375 0.332435071 -0.110839419 -0.055796154 -0.032703873 0.070815310 -0.125954956 0.988964617
1341840845.858782 0.332433283 -0.110540591 -0.055833410 -0.031538919 0.075065918 -0.135886043 0.987372994
1341840845.890417 0.332042992 -0.110698283 -0.053793903 -0.032250289 0.083240494 -0.132405907 0.987167478
1341840845.926383 0.332358003 -0.110881053 -0.055494089 -0.031173632 0.082943097 -0.131582439 0.987337172
1341840845.958390 0.332393467 -0.110885881 -0.055725474 -0.033392712 0.082747951 -0.134634376 0.986869454
1341840845.994269 0.332280487 -0.110725492 -0.054940574 -0.032473445 0.084680647 -0.134839162 0.986708164
1341840846.026558 0.332320064 -0.110862635 -0.055232104 -0.031403273 0.086179942 -0.133780226 0.986757159
1341840846.058807 0.332389355 -0.110959627 -0.055772156 -0.032997791 0.085762843 -0.133831114 0.986734569
1341840846.094265 0.332316041 -0.110840924 -0.055328216 -0.031594742 0.086128570 -0.138374418 0.986121833
1341840846.126378 0.332271725 -0.110930406 -0.055391137 -0.029337132 0.091668136 -0.143412828 0.984971583
1341840846.158446 0.332412750 -0.111009330 -0.055728674 -0.030328762 0.097167440 -0.139718175 0.984945416
1341840846.194427 0.332500130 -0.111106649 -0.056364182 -0.033571947 0.097896434 -0.136877850 0.985166848
1341840846.226385 0.332412332 -0.110992543 -0.055927597 -0.034222905 0.098449320 -0.138013750 0.984930813
1341840846.262497 0.332372606 -0.110878326 -0.055664942 -0.029394813 0.103033759 -0.139220446 0.984447896
1341840846.294419 0.332540154 -0.111124180 -0.056659795 -0.029766465 0.107889190 -0.136950612 0.984234929
1341840846.326478 0.332506895 -0.111127697 -0.056402057 -0.032679763 0.107498430 -0.133484125 0.984661400
1341840846.362426 0.332475811 -0.110990867 -0.056320660 -0.030611901 0.106994785 -0.138941884 0.984027565
1341840846.394323 0.332436830 -0.111116141 -0.056236297 -0.028826952 0.111924276 -0.141988665 0.983097792
1341840846.430454 0.332606614 -0.111230835 -0.057063006 -0.029988801 0.116170362 -0.139369592 0.982945204
1341840846.465291 0.332550853 -0.111222595 -0.056917161 -0.033687752 0.117104530 -0.138948992 0.982774079
1341840846.494473 0.332522869 -0.111207552 -0.056799777 -0.032867387 0.118377127 -0.141103834 0.982342243
1341840846.530439 0.332510352 -0.111106433 -0.056646742 -0.027671080 0.122464642 -0.141891152 0.981887817
1341840846.562569 0.332588196 -0.111187503 -0.057134070 -0.028075855 0.124789551 -0.138923243 0.982007980
1341840846.594486 0.332610428 -0.111211561 -0.057377182 -0.032483965 0.124100529 -0.138623595 0.982001662
1341840846.630509 0.332603395 -0.111154884 -0.057341307 -0.033546742 0.125977948 -0.143485218 0.981028080
1341840846.662363 0.332553327 -0.111230090 -0.057043970 -0.030332362 0.132788122 -0.148074061 0.979551613
1341840846.698323 0.332587719 -0.111151226 -0.057142176 -0.026192054 0.139253780 -0.147746176 0.978822470
1341840846.730390 0.332644492 -0.111160949 -0.057618257 -0.032859638 0.138961494 -0.145925954 0.978935897
1341840846.762470 0.332630545 -0.111178361 -0.057516627 -0.035449039 0.137835771 -0.147397175 0.978784323
1341840846.798363 0.332610965 -0.111174248 -0.057400703 -0.032729410 0.140729696 -0.150600031 0.977979302
1341840846.830356 0.332715005 -0.111185975 -0.057888296 -0.037165485 0.144102931 -0.150357231 0.977366745
1341840846.862350 0.332626104 -0.111160494 -0.057475545 -0.037746947 0.143475085 -0.150263190 0.977451324
1341840846.898489 0.332671434 -0.111175135 -0.057720624 -0.036916744 0.144863233 -0.156081513 0.976365924
1341840846.930380 0.332731485 -0.111086383 -0.058148760 -0.040018145 0.149474233 -0.159198120 0.975044549
1341840846.966358 0.332648575 -0.111154690 -0.057486892 -0.045982473 0.150444284 -0.151680157 0.975830555
1341840846.998844 0.332680851 -0.111149803 -0.057776183 -0.043794777 0.147623271 -0.153627202 0.976057410
1341840847.030411 0.332607806 -0.111226611 -0.057462167 -0.044226628 0.147602603 -0.159590960 0.975083709
1341840847.066359 0.332536429 -0.111286379 -0.056996956 -0.047593012 0.151547223 -0.160352767 0.974194705
1341840847.098410 0.332614511 -0.111223817 -0.057490651 -0.049822405 0.151841432 -0.155072674 0.974891961
1341840847.130366 0.332651377 -0.111160025 -0.057626627 -0.049118754 0.150162905 -0.157971650 0.974722207
1341840847.166401 0.332636029 -0.111175507 -0.057601411 -0.049657520 0.151547670 -0.159038156 0.974307060
1341840847.198307 0.332600921 -0.111180820 -0.057664301 -0.050901901 0.153591260 -0.155611828 0.974476159
1341840847.234496 0.332593828 -0.111227773 -0.057592455 -0.047531862 0.151886016 -0.156330436 0.974798501
1341840847.266747 0.332606077 -0.111241281 -0.057449356 -0.045884304 0.149025232 -0.158919141 0.974900424
1341840847.298356 0.332649261 -0.111195616 -0.057579946 -0.046226993 0.150548533 -0.160482705 0.974393904
1341840847.334573 0.332649887 -0.111194044 -0.057589784 -0.046679094 0.152656928 -0.158642024 0.974345744
1341840847.366405 0.332695931 -0.111144617 -0.057877570 -0.043309893 0.151792392 -0.158407196 0.974674523
1341840847.398361 0.332681954 -0.111156821 -0.057871219 -0.041828007 0.151216537 -0.163396493 0.974004924
1341840847.434625 0.332656831 -0.111153729 -0.057907168 -0.042436488 0.156009704 -0.166723952 0.972657800
1341840847.466370 0.332659066 -0.111176230 -0.057769191 -0.043922145 0.161035985 -0.163884312 0.972255230
1341840847.502590 0.332631260 -0.111172192 -0.057549901 -0.042963039 0.160504296 -0.161822751 0.972731173
1341840847.534309 0.332631469 -0.111166261 -0.057587340 -0.043438885 0.159229413 -0.164325044 0.972500026
1341840847.566354 0.332622588 -0.111174241 -0.057597451 -0.044703659 0.161553055 -0.164973095 0.971949637
1341840847.603337 0.332638294 -0.111202881 -0.057661865 -0.044125762 0.164500237 -0.163175628 0.971785128
1341840847.634465 0.332610369 -0.111206621 -0.057589259 -0.042185780 0.164613232 -0.163858563 0.971737206
1341840847.670420 0.332640439 -0.111174867 -0.057616267 -0.041944787 0.163735047 -0.163340852 0.971983135
1341840847.702420 0.332639754 -0.111169808 -0.057642557 -0.041964997 0.167333648 -0.163559094 0.971332490
1341840847.734342 0.332620084 -0.111171693 -0.057639118 -0.043660276 0.171689764 -0.162728176 0.970636904
1341840847.770464 0.332620174 -0.111212417 -0.057543464 -0.042221684 0.172119275 -0.164434716 0.970336795
1341840847.802407 0.332621038 -0.111213423 -0.057560932 -0.038460087 0.170637041 -0.165572166 0.970561504
1341840847.834306 0.332653314 -0.111179180 -0.057666183 -0.037373740 0.172919333 -0.170108572 0.969414890
1341840847.870532 0.332654268 -0.111208081 -0.057641290 -0.039360855 0.174912974 -0.164759427 0.969902337
1341840847.902485 0.332650214 -0.111167267 -0.057613377 -0.037185673 0.174363613 -0.162682846 0.970437467
1341840847.938405 0.332659334 -0.111162446 -0.057621133 -0.038230669 0.174082026 -0.165704906 0.969935954
1341840847.970339 0.332640111 -0.111180432 -0.057623751 -0.036949553 0.174692437 -0.167672008 0.969537735
1341840848.002312 0.332642615 -0.111167572 -0.057642333 -0.033662427 0.174542904 -0.169189304 0.969420791
1341840848.038354 0.332647651 -0.111164771 -0.057661790 -0.032398596 0.173196912 -0.169774264 0.969602942
1341840848.070743 0.332653791 -0.111176588 -0.057713304 -0.031609889 0.173327640 -0.170144111 0.969540775
1341840848.102909 0.332660377 -0.111163847 -0.057713069 -0.030912627 0.175922126 -0.170438066 0.969044209
1341840848.138432 0.332654387 -0.111162044 -0.057713807 -0.032101311 0.179063663 -0.170578703 0.968405187
1341840848.170385 0.332654178 -0.111154966 -0.057710253 -0.031919938 0.180119142 -0.171327084 0.968083262
1341840848.206548 0.332655132 -0.111165106 -0.057714894 -0.030575065 0.181175724 -0.170329183 0.968105614
1341840848.238651 0.332657278 -0.111158967 -0.057734013 -0.028232768 0.182081848 -0.169758126 0.968107045
1341840848.277372 0.332656026 -0.111167975 -0.057734840 -0.029433198 0.182594419 -0.169703007 0.967984438
1341840848.313384 0.332672745 -0.111160152 -0.057780035 -0.028002173 0.183240101 -0.172167063 0.967469633
1341840848.345285 0.332672834 -0.111153781 -0.057787962 -0.025667362 0.184237301 -0.172367230 0.967309356
1341840848.377729 0.332664788 -0.111151136 -0.057790816 -0.025346899 0.186507419 -0.172615930 0.966838300
1341840848.413434 0.332665741 -0.111149788 -0.057791710 -0.026258502 0.187883720 -0.173597544 0.966371596
1341840848.446614 0.332668453 -0.111163653 -0.057793595 -0.025376718 0.190074965 -0.173451349 0.965992868
1341840848.477376 0.332673222 -0.111161418 -0.057802051 -0.023752254 0.191891849 -0.170944139 0.966121852
1341840848.514358 0.332675517 -0.111153536 -0.057838656 -0.024789225 0.192892745 -0.169260651 0.966192901
1341840848.545352 0.332684785 -0.111163870 -0.057880215 -0.024953440 0.194094762 -0.173184618 0.965252101
1341840848.581630 0.332682937 -0.111169092 -0.057889275 -0.019711729 0.197896838 -0.178661481 0.963601768
1341840848.613497 0.332664549 -0.111124173 -0.057995610 -0.014630151 0.200137898 -0.172126308 0.964418650
1341840848.645345 0.332656085 -0.111171067 -0.057957947 -0.016523920 0.198990315 -0.168180257 0.965321302
1341840848.681427 0.332665622 -0.111213014 -0.057992369 -0.014322242 0.197938249 -0.170882627 0.965098202
1341840848.713310 0.332674891 -0.111168273 -0.058080129 -0.006777723 0.200905249 -0.172186285 0.964335561
1341840848.745404 0.332699031 -0.111130312 -0.058016583 -0.003264957 0.206150070 -0.172614947 0.963169575
1341840848.774529 0.332743049 -0.111145139 -0.058013692 -0.003392173 0.208034486 -0.166608855 0.963821352
1341840848.806548 0.332793117 -0.111144289 -0.057943843 -0.005695075 0.209342465 -0.162671819 0.964199722
1341840848.842443 0.332853496 -0.111153558 -0.057850383 -0.003889133 0.209303781 -0.163887650 0.964011252
1341840848.874427 0.332842767 -0.111129031 -0.057879187 0.001837304 0.209619343 -0.166561961 0.963490248
1341840848.910589 0.332804292 -0.111097202 -0.057952739 0.001922628 0.210992858 -0.169565395 0.962666035
1341840848.942390 0.332878590 -0.111144826 -0.057849318 0.000743182 0.212479964 -0.170797929 0.962122560
1341840848.974342 0.332898915 -0.111166582 -0.057790972 0.008277581 0.211672008 -0.171938494 0.962062180
1341840849.010480 0.332801998 -0.111145049 -0.057928972 0.010003191 0.210356072 -0.168394312 0.962960839
1341840849.042373 0.332810193 -0.111146852 -0.057916544 0.004828436 0.210532531 -0.170593187 0.962575018
1341840849.074269 0.332810402 -0.111145407 -0.057915390 0.008039360 0.213452891 -0.172223657 0.961619616
1341840849.110433 0.332838625 -0.111158080 -0.057875209 0.009393786 0.214351311 -0.173274264 0.961218655
1341840849.142356 0.332850069 -0.111155942 -0.057851732 0.011302768 0.213256553 -0.173024923 0.961486459
1341840849.178427 0.332842797 -0.111153483 -0.057863511 0.010983962 0.212528467 -0.174571022 0.961371899
1341840849.210439 0.332857132 -0.111157022 -0.057845242 0.012858806 0.212780282 -0.173884705 0.961417377
1341840849.242309 0.332833588 -0.111137077 -0.057891980 0.016802000 0.211994499 -0.174693018 0.961383581
1341840849.278391 0.332798064 -0.111141674 -0.057940438 0.012437729 0.213969275 -0.178509057 0.960310876
1341840849.310332 0.332806170 -0.111181535 -0.057910949 0.008239525 0.220816091 -0.181625232 0.958219528
1341840849.342402 0.332920432 -0.111227237 -0.057815596 0.014747207 0.229331657 -0.178506017 0.956726253
1341840849.378339 0.332934648 -0.111122362 -0.057787292 0.023516983 0.232827649 -0.176556990 0.956067920
1341840849.410390 0.332928836 -0.111088917 -0.057739876 0.019750686 0.233355924 -0.175381690 0.956240654
1341840849.446437 0.332957417 -0.111097679 -0.057659149 0.017474402 0.236301318 -0.180207223 0.954663157
1341840849.478425 0.332976431 -0.111126833 -0.057624750 0.020111157 0.242762804 -0.184388369 0.952188373
1341840849.512199 0.332975209 -0.111136682 -0.057620049 0.020292085 0.249649450 -0.182795107 0.950709879
1341840849.546449 0.332918763 -0.111090064 -0.057717778 0.017590752 0.255419195 -0.184844419 0.948833048
1341840849.578498 0.332933724 -0.111094512 -0.057691127 0.014831943 0.261009961 -0.185164675 0.947295010
1341840849.610692 0.332959116 -0.111097597 -0.057654366 0.017918775 0.265247971 -0.184070542 0.946277142
1341840849.646317 0.332935482 -0.111097060 -0.057691664 0.016848149 0.267279565 -0.182110384 0.946104407
1341840849.685647 0.332935274 -0.111104041 -0.057684973 0.009489818 0.270889550 -0.181710318 0.945256650
1341840849.714708 0.332943171 -0.111085825 -0.057685755 0.009628985 0.276083022 -0.181840762 0.943726301
1341840849.746347 0.332995743 -0.111089557 -0.057613276 0.011227963 0.279311419 -0.181747034 0.942776263
1341840849.778359 0.332944483 -0.111085936 -0.057696678 0.008213448 0.280321836 -0.182261780 0.942408025
1341840849.814323 0.333007544 -0.111091845 -0.057691410 0.006857375 0.280611575 -0.179506183 0.942861438
1341840849.846557 0.333090901 -0.111092448 -0.057641350 0.009212175 0.279179454 -0.179869071 0.943197310
1341840849.882256 0.333039433 -0.111105457 -0.057667166 0.008689745 0.279846430 -0.183252543 0.942352891
1341840849.921575 0.332974017 -0.111099191 -0.057710312 0.004182201 0.283900023 -0.182906404 0.941237748
1341840849.946362 0.333014369 -0.111137055 -0.057636619 0.002087672 0.285921305 -0.183995172 0.940420330
1341840849.982476 0.333019644 -0.111134753 -0.057616562 0.007525900 0.288911909 -0.184910119 0.939298451
1341840850.014371 0.332975686 -0.111102596 -0.057701416 0.008158721 0.290875435 -0.182552904 0.939148188
1341840850.046326 0.332971454 -0.111103505 -0.057705924 0.002564232 0.289544851 -0.180665940 0.939955831
1341840850.082415 0.332996339 -0.111126758 -0.057656787 0.000906435 0.289133459 -0.184901088 0.939261734
1341840850.121449 0.333007663 -0.111140616 -0.057619847 0.004155688 0.292589486 -0.186918452 0.937782288
1341840850.157539 0.332973063 -0.111144342 -0.057689451 0.002502860 0.293892294 -0.185983509 0.937566638
1341840850.189410 0.332970440 -0.111166097 -0.057679661 -0.001840067 0.292282611 -0.186393589 0.937989831
1341840850.221491 0.332976460 -0.111180350 -0.057666592 -0.001044371 0.292376369 -0.189965636 0.937244892
1341840850.257570 0.332950622 -0.111180700 -0.057705693 0.001533490 0.295668036 -0.193409756 0.935505629
1341840850.289374 0.332940459 -0.111178644 -0.057724193 0.000044516 0.298514664 -0.192676589 0.934753835
1341840850.314521 0.332958758 -0.111186042 -0.057705067 -0.003684131 0.297891766 -0.194013625 0.934668720
1341840850.350348 0.332954973 -0.111183196 -0.057709791 -0.005556447 0.299475342 -0.197902307 0.933337152
1341840850.382480 0.332953572 -0.111183822 -0.057702810 -0.005610661 0.303941488 -0.199159592 0.931624174
1341840850.418448 0.332939535 -0.111179791 -0.057723656 -0.004750994 0.304136783 -0.195916846 0.932252586
1341840850.450229 0.332943767 -0.111177921 -0.057720408 -0.006117233 0.302916527 -0.200482324 0.931671083
1341840850.482352 0.332953751 -0.111177646 -0.057711601 -0.006105192 0.308837771 -0.209428012 0.927750945
1341840850.518351 0.332948089 -0.111177251 -0.057726800 -0.004638899 0.317409664 -0.207709923 0.925249219
1341840850.550287 0.332909167 -0.111151904 -0.057776138 -0.002827989 0.317127854 -0.199745953 0.927104890
1341840850.582563 0.332943380 -0.111181967 -0.057707950 -0.002602261 0.310875803 -0.198804319 0.929422557
1341840850.618439 0.332958102 -0.111195400 -0.057668820 0.000480235 0.308202714 -0.203992635 0.929192066
1341840850.650443 0.332895637 -0.111168444 -0.057803020 -0.001948043 0.308106929 -0.210320234 0.927810192
1341840850.686406 0.332907915 -0.111177452 -0.057780638 -0.005870063 0.310548902 -0.206402808 0.927859247
1341840850.718516 0.332940102 -0.111169159 -0.057727307 -0.001881149 0.311017960 -0.202536345 0.928570569
1341840850.750308 0.332909018 -0.111125216 -0.057805136 0.000438553 0.309798449 -0.206720561 0.928057849
1341840850.786319 0.332884490 -0.111095987 -0.057862893 -0.000927680 0.310794532 -0.208854720 0.927246273
1341840850.818316 0.332893848 -0.111105837 -0.057833865 -0.002238228 0.314405859 -0.207786441 0.926266015
1341840850.854290 0.332916409 -0.111120969 -0.057792768 -0.002309984 0.317750096 -0.210767269 0.924449384
1341840850.886322 0.332908511 -0.111119874 -0.057805136 -0.003306511 0.322324038 -0.211170495 0.922769368
1341840850.918358 0.332920253 -0.111125827 -0.057782605 -0.003823313 0.325179189 -0.204726800 0.923217654
1341840850.954395 0.332918555 -0.111121081 -0.057790697 -0.001390042 0.324018180 -0.205078006 0.923554718
1341840850.986448 0.332915187 -0.111122079 -0.057793602 -0.000916446 0.324933112 -0.207089871 0.922784626
1341840851.018447 0.332915187 -0.111120917 -0.057794660 -0.001691820 0.327249676 -0.205496699 0.922320902
1341840851.054395 0.332920164 -0.111117952 -0.057788774 0.000416850 0.327419192 -0.204640880 0.922452450
1341840851.086362 0.332919866 -0.111120164 -0.057788983 0.000753610 0.327956021 -0.208117828 0.921483219
1341840851.122353 0.332924545 -0.111122727 -0.057778940 0.002050193 0.331081688 -0.207775876 0.920440078
1341840851.154293 0.332924843 -0.111122675 -0.057778433 0.004408974 0.332552612 -0.205640510 0.920381069
1341840851.186482 0.332922012 -0.111122578 -0.057782799 0.003740460 0.333029509 -0.207731649 0.919741750
1341840851.222499 0.332930207 -0.111122668 -0.057770699 0.004722927 0.334529281 -0.209322602 0.918831825
1341840851.254587 0.332934648 -0.111124367 -0.057761595 0.007144098 0.336418480 -0.210238487 0.917916834
1341840851.286786 0.332925022 -0.111123227 -0.057777300 0.007578787 0.337449223 -0.211732328 0.917191386
1341840851.322525 0.332923412 -0.111121967 -0.057781175 0.006157830 0.338114858 -0.213877469 0.916458845
1341840851.354461 0.332923383 -0.111121230 -0.057782486 0.006502628 0.339947999 -0.218011469 0.914802790
1341840851.390383 0.332922399 -0.111121632 -0.057783082 0.007739130 0.343239993 -0.221505299 0.912722170
1341840851.422373 0.332925379 -0.111121386 -0.057779327 0.010459253 0.344791293 -0.218305379 0.912881315
1341840851.454333 0.332926452 -0.111122131 -0.057778388 0.013660293 0.340568304 -0.215900406 0.914993763
1341840851.490328 0.332922995 -0.111121051 -0.057782516 0.012463020 0.338184595 -0.221799463 0.914483905
1341840851.522431 0.332929492 -0.111122094 -0.057770252 0.012903051 0.341612399 -0.226531386 0.912040591
1341840851.555777 0.332932770 -0.111121513 -0.057766199 0.018407531 0.344332337 -0.225905657 0.911077976
1341840851.590800 0.332916766 -0.111123756 -0.057791457 0.017411791 0.343599081 -0.226330027 0.911269009
1341840851.622401 0.332924962 -0.111123249 -0.057779163 0.014964193 0.344307691 -0.227724448 0.910697460
1341840851.658371 0.332932204 -0.111117944 -0.057769090 0.017962353 0.347306788 -0.230233133 0.908871889
1341840851.690446 0.332930833 -0.111118875 -0.057769060 0.019732930 0.350621670 -0.229996666 0.907621384
1341840851.722387 0.332933724 -0.111125141 -0.057763502 0.020633124 0.351272047 -0.228454337 0.907739401
1341840851.758379 0.332930088 -0.111125290 -0.057768077 0.021879727 0.351465255 -0.230259150 0.907179236
1341840851.790498 0.332933336 -0.111123711 -0.057764396 0.025508961 0.352483958 -0.231618568 0.906342745
1341840851.822502 0.332933247 -0.111123264 -0.057765558 0.027938036 0.352429509 -0.231760666 0.906255960
1341840851.858469 0.332928717 -0.111121461 -0.057773441 0.025905404 0.353680104 -0.231571913 0.905877292
1341840851.890382 0.332928479 -0.111124590 -0.057771727 0.024110766 0.357685298 -0.232684478 0.904067397
1341840851.926297 0.332929373 -0.111124806 -0.057770848 0.031229617 0.359819382 -0.232843474 0.902961075
1341840851.958364 0.332928360 -0.111124575 -0.057771727 0.031654868 0.360006750 -0.228979707 0.903859198
1341840851.990589 0.332929790 -0.111124597 -0.057768598 0.028566884 0.360199869 -0.230034426 0.903617263
1341840852.026374 0.332933068 -0.111126140 -0.057762742 0.030006438 0.363437355 -0.231450036 0.901911199
1341840852.058336 0.332935154 -0.111128032 -0.057756811 0.035923149 0.366495788 -0.227292448 0.901514530
1341840852.094404 0.332930684 -0.111126691 -0.057765439 0.035100907 0.365562081 -0.225912973 0.902272463
1341840852.126392 0.332932889 -0.111125067 -0.057764292 0.031299472 0.365629435 -0.229002178 0.901606083
1341840852.158516 0.332937181 -0.111127451 -0.057755873 0.031718638 0.370712191 -0.229427293 0.899405062
1341840852.194279 0.332935989 -0.111126631 -0.057756752 0.038898069 0.378085852 -0.230522782 0.895766318
1341840852.226380 0.332935870 -0.111128360 -0.057760566 0.038680453 0.377842635 -0.224676102 0.897362471
1341840852.258313 0.332939297 -0.111125737 -0.057751924 0.036526449 0.374903858 -0.223945186 0.898866773
1341840852.294500 0.332940578 -0.111128464 -0.057750583 0.037445825 0.375701725 -0.229675546 0.897047997
1341840852.326311 0.332940280 -0.111128598 -0.057750314 0.041876771 0.380654842 -0.232919812 0.893922031
1341840852.362368 0.332938552 -0.111127168 -0.057751998 0.039973889 0.385554880 -0.232362464 0.892052233
1341840852.394489 0.332941800 -0.111126900 -0.057747409 0.040263906 0.387705088 -0.228677630 0.892059445
1341840852.426307 0.332942247 -0.111127116 -0.057747066 0.043987665 0.389766663 -0.229037255 0.890892267
1341840852.462394 0.332941681 -0.111126617 -0.057747751 0.047251783 0.391605854 -0.228002265 0.890183747
1341840852.494557 0.332941383 -0.111126095 -0.057747513 0.047943998 0.393379003 -0.226736322 0.889688134
1341840852.526348 0.332941920 -0.111126445 -0.057746843 0.047996696 0.396959692 -0.224471539 0.888668597
1341840852.562305 0.332941771 -0.111126199 -0.057747141 0.048120908 0.400274426 -0.226113051 0.886756837
1341840852.594400 0.332941711 -0.111126386 -0.057747111 0.047091573 0.403106123 -0.221484482 0.886697471
1341840852.630345 0.332943320 -0.111127049 -0.057744876 0.047496635 0.403408825 -0.223040596 0.886147976
1341840852.663508 0.332943141 -0.111126453 -0.057745174 0.053050566 0.401987255 -0.223724425 0.886306524
1341840852.694654 0.332942486 -0.111126497 -0.057745740 0.052481316 0.400641650 -0.223117173 0.887102425
1341840852.732477 0.332942069 -0.111126363 -0.057746276 0.049215540 0.400189340 -0.223799571 0.887321830
1341840852.762455 0.332942307 -0.111125946 -0.057746992 0.047846790 0.400542557 -0.224268630 0.887118936
1341840852.794631 0.332943320 -0.111125566 -0.057745799 0.045483634 0.402917445 -0.226976022 0.885477662
1341840852.830583 0.332943499 -0.111126192 -0.057745233 0.046064381 0.405597538 -0.229521871 0.883565724
1341840852.862990 0.332944572 -0.111126080 -0.057744622 0.050507590 0.406607509 -0.233447462 0.881828547
1341840852.898597 0.332942665 -0.111125737 -0.057746738 0.047916487 0.407555401 -0.232519120 0.881780863
1341840852.930367 0.332943082 -0.111125633 -0.057746261 0.043295447 0.408983350 -0.229539424 0.882139325
1341840852.962482 0.332943797 -0.111125991 -0.057745129 0.045110133 0.408781588 -0.230454788 0.881903231
1341840852.998535 0.332943141 -0.111125812 -0.057745919 0.046891406 0.408862948 -0.233999103 0.880838633
1341840853.037588 0.332943350 -0.111125454 -0.057746172 0.045175087 0.410502046 -0.235614821 0.879734635
1341840853.066770 0.332943380 -0.111125059 -0.057746157 0.046512760 0.410559535 -0.235888854 0.879564583
1341840853.098354 0.332943112 -0.111125007 -0.057746544 0.047078516 0.410186350 -0.238800019 0.878922820
1341840853.131999 0.332942545 -0.111125112 -0.057747230 0.046142694 0.412168920 -0.239969790 0.877725542
1341840853.166530 0.332943380 -0.111125149 -0.057746679 0.047903661 0.413034141 -0.242748335 0.876459479
1341840853.198406 0.332942605 -0.111125201 -0.057747260 0.048559241 0.412774891 -0.244288877 0.876117468
1341840853.231726 0.332942069 -0.111125633 -0.057747662 0.043873966 0.413881689 -0.246111780 0.875331998
1341840853.266442 0.332941532 -0.111124545 -0.057748303 0.041195493 0.419239640 -0.245058045 0.873205364
1341840853.298516 0.332942814 -0.111124858 -0.057747602 0.046128172 0.419567406 -0.249149203 0.871642172
1341840853.334385 0.332941920 -0.111124933 -0.057748139 0.048849456 0.417259246 -0.251063138 0.872052610
1341840853.366351 0.332940876 -0.111124352 -0.057749197 0.044982392 0.417767227 -0.251616925 0.871857822
1341840853.398402 0.332941473 -0.111124717 -0.057748795 0.043900266 0.420687258 -0.252549738 0.870237648
1341840853.434335 0.332941175 -0.111124478 -0.057748884 0.044869259 0.422329038 -0.254272014 0.868890524
1341840853.466387 0.332941532 -0.111124367 -0.057748944 0.043312125 0.422484577 -0.255746067 0.868461132
1341840853.498430 0.332941651 -0.111124426 -0.057748899 0.042795293 0.423171461 -0.258412510 0.867362320
1341840853.534407 0.332941353 -0.111124277 -0.057749137 0.043921005 0.425951749 -0.259284556 0.865683317
1341840853.566451 0.332941443 -0.111124128 -0.057749271 0.043531124 0.427151054 -0.257926494 0.865517735
1341840853.602691 0.332941473 -0.111124218 -0.057749495 0.039042182 0.428453594 -0.254620701 0.866066694
1341840853.634832 0.332941711 -0.111124262 -0.057748973 0.036784668 0.431094378 -0.257816494 0.863906920
1341840853.666488 0.332941860 -0.111124553 -0.057748899 0.039446704 0.430851907 -0.260380626 0.863141060
1341840853.702424 0.332941234 -0.111124054 -0.057749614 0.039954085 0.429925948 -0.260578841 0.863519549
1341840853.734353 0.332941532 -0.111124322 -0.057749361 0.034448657 0.430514097 -0.259614080 0.863754272
1341840853.766467 0.332941592 -0.111124352 -0.057749167 0.034113910 0.431703031 -0.262268662 0.862371087
1341840853.802607 0.332941711 -0.111124121 -0.057749376 0.038118716 0.431990921 -0.265805423 0.860975206
1341840853.834576 0.332941115 -0.111123994 -0.057749912 0.035254516 0.433450282 -0.265457332 0.860471010
1341840853.870615 0.332941115 -0.111124091 -0.057749897 0.031120764 0.435613811 -0.267054647 0.859042466
1341840853.902573 0.332941830 -0.111124173 -0.057749495 0.030403124 0.437552780 -0.267352223 0.857989550
1341840853.940152 0.332941413 -0.111124039 -0.057749823 0.030926371 0.438152283 -0.267081022 0.857749283
1341840853.970342 0.332941353 -0.111123934 -0.057749942 0.028569844 0.438865423 -0.268379539 0.857060850
1341840854.002413 0.332942277 -0.111124121 -0.057749420 0.026799444 0.441313535 -0.270385742 0.855228424
1341840854.034566 0.332942128 -0.111124039 -0.057749420 0.028167346 0.445188761 -0.273929894 0.852042258
1341840854.070475 0.332941771 -0.111123800 -0.057749912 0.028781880 0.446483463 -0.274677247 0.851103127
1341840854.102373 0.332941294 -0.111123800 -0.057750136 0.027262704 0.446472973 -0.272138625 0.851973712
1341840854.138343 0.332941234 -0.111123651 -0.057750314 0.026450478 0.446439147 -0.273741305 0.851503432
1341840854.170475 0.332941592 -0.111123867 -0.057750121 0.028156539 0.448579460 -0.276074767 0.849568367
1341840854.202459 0.332941324 -0.111123830 -0.057750151 0.031663995 0.450300366 -0.274770826 0.848957002
1341840854.238384 0.332940936 -0.111123651 -0.057750717 0.030238351 0.448002398 -0.273717970 0.850563288
1341840854.270355 0.332941175 -0.111123733 -0.057750568 0.030160420 0.446003914 -0.275873393 0.850919902
1341840854.306367 0.332940757 -0.111123718 -0.057751358 0.034165207 0.446655333 -0.277077764 0.850035131
1341840854.338540 0.332940459 -0.111123659 -0.057751760 0.035168782 0.449793041 -0.276864499 0.848407626
1341840854.370427 0.332940668 -0.111123525 -0.057751328 0.033966195 0.449427068 -0.274928361 0.849279702
1341840854.406491 0.332940519 -0.111123621 -0.057751656 0.031772893 0.448490351 -0.274749964 0.849917233
1341840854.438402 0.332940847 -0.111123756 -0.057751283 0.033166613 0.449417561 -0.272134244 0.850215733
1341840854.470341 0.332940578 -0.111123584 -0.057751596 0.031963225 0.449510455 -0.272035122 0.850244403
1341840854.506442 0.332940876 -0.111123763 -0.057751209 0.028784731 0.448865592 -0.272555590 0.850531876
1341840854.538722 0.332941294 -0.111123532 -0.057751045 0.029546343 0.451362848 -0.274656802 0.848505855
1341840854.574331 0.332940966 -0.111123741 -0.057751402 0.028195459 0.456440628 -0.271776587 0.846761107
1341840854.606460 0.332940936 -0.111123718 -0.057751283 0.027428498 0.457268894 -0.272432595 0.846128464
1341840854.638476 0.332940876 -0.111123689 -0.057751417 0.027818035 0.456781119 -0.271851689 0.846565902
1341840854.674312 0.332940787 -0.111123741 -0.057751477 0.025742497 0.457915246 -0.269037366 0.846917868
1341840854.706362 0.332941294 -0.111123882 -0.057751164 0.025414575 0.458067894 -0.270281166 0.846449077
1341840854.738328 0.332940906 -0.111123599 -0.057751402 0.025588393 0.458911896 -0.275214523 0.844394505
1341840854.774384 0.332940757 -0.111123540 -0.057751551 0.025587752 0.460719198 -0.274950385 0.843495965
1341840854.806396 0.332941294 -0.111123547 -0.057751223 0.025278015 0.460655421 -0.274533838 0.843675733
1341840854.842383 0.332940757 -0.111123413 -0.057751641 0.024511792 0.461739928 -0.276393414 0.842497528
1341840854.874351 0.332940817 -0.111123890 -0.057751447 0.026992317 0.461186856 -0.279010803 0.841861665
1341840854.906375 0.332940727 -0.111123770 -0.057751745 0.031978834 0.457843423 -0.277919233 0.843870640
1341840854.942414 0.332940042 -0.111123599 -0.057752371 0.028126517 0.455827802 -0.278372079 0.844949067
1341840854.974632 0.332940102 -0.111123487 -0.057752430 0.025863815 0.456621349 -0.284368366 0.842592835
1341840855.006485 0.332940102 -0.111123547 -0.057752371 0.030872818 0.458314806 -0.288098574 0.840234280
1341840855.042409 0.332940817 -0.111123599 -0.057751462 0.031556003 0.457332730 -0.291718781 0.839494586
1341840855.074380 0.332938790 -0.111123048 -0.057753444 0.033514332 0.457515299 -0.289328277 0.840146244
