1341840840.133310 0.070536643 0.024546955 0.004996539 -0.016081849 -0.015991248 -0.004416095 0.999733031
1341840840.169494 0.062127434 0.024194101 0.008817236 -0.014722485 -0.010628518 -0.005824543 0.999818146
1341840840.201335 0.066726409 0.027538223 -0.000155847 -0.013317236 -0.012817342 -0.004305378 0.999819875
1341840840.233363 0.076581419 0.036990415 0.001807960 -0.013551600 -0.015418656 -0.002213286 0.999786854
1341840840.269407 0.077561989 0.023897473 0.005707241 -0.021204693 -0.013699539 -0.000640867 0.999681056
1341840840.294570 0.081552006 0.022419566 0.006301782 -0.020357469 -0.013694911 -0.000202675 0.999698937
1341840840.330394 0.078197360 0.032179005 0.009634044 -0.013561875 -0.011243755 -0.000564481 0.999844670
1341840840.362487 0.078667596 0.038955573 0.004051045 -0.010140810 -0.011738387 0.002082685 0.999877512
1341840840.394382 0.083937071 0.040589482 0.005706488 -0.012625477 -0.014507730 0.004152353 0.999806404
1341840840.430325 0.095537916 0.031823386 0.012204345 -0.016023563 -0.018038338 0.006363008 0.999688625
1341840840.462407 0.102622695 0.032891389 0.003644523 -0.013925161 -0.018602379 0.006948245 0.999705851
1341840840.494502 0.103862055 0.039790984 0.002608529 -0.014116223 -0.018093107 0.008368030 0.999701619
1341840840.530297 0.107792340 0.029907567 0.006273530 -0.020174496 -0.019270800 0.010440475 0.999556184
1341840840.562361 0.107772656 0.027669920 0.005303835 -0.019857250 -0.017997621 0.010671584 0.999583840
1341840840.598321 0.108074531 0.029324818 0.003726266 -0.019477312 -0.017954679 0.011562982 0.999582171
1341840840.630280 0.108952880 0.018753912 0.005036382 -0.022532713 -0.019903302 0.013764310 0.999453187
1341840840.662439 0.116462588 0.031713918 0.003738303 -0.014921972 -0.023932092 0.012692989 0.999521613
1341840840.698371 0.133767903 0.037820686 0.006461582 -0.014002923 -0.027956391 0.012936806 0.999427319
1341840840.730361 0.135481343 0.026501518 0.009818638 -0.018420598 -0.023467295 0.013193003 0.999467790
1341840840.762407 0.128827125 0.023219034 0.004196558 -0.015884995 -0.018160105 0.012087023 0.999635816
1341840840.798303 0.136032447 0.034248315 -0.000183174 -0.010745184 -0.021498039 0.011108888 0.999649405
1341840840.830375 0.153914973 0.047669958 0.008148244 -0.006254771 -0.027113739 0.012388909 0.999535978
1341840840.866393 0.157228470 0.019737309 0.009103794 -0.016465720 -0.024032764 0.011555448 0.999508739
1341840840.898320 0.151861802 0.027892763 0.002439834 -0.009288559 -0.019306326 0.009669455 0.999723732
1341840840.930454 0.151891723 0.040913228 -0.000974618 -0.005751695 -0.018065533 0.009054009 0.999779284
1341840840.966498 0.161655501 0.035264842 0.004555303 -0.011646595 -0.019577175 0.008947498 0.999700487
1341840840.998398 0.168754056 0.034180898 0.007503034 -0.011350364 -0.019198520 0.008240442 0.999717295
1341840841.034538 0.177836165 0.031565204 0.004929021 -0.013874629 -0.018446725 0.006465165 0.999712646
1341840841.066345 0.174812347 0.050879966 0.004081817 -0.009375269 -0.010714442 0.004570918 0.999888241
1341840841.098335 0.175364703 0.033287175 0.006554231 -0.022395801 -0.008002656 0.006345517 0.999697030
1341840841.134331 0.187363848 0.022745164 0.010948872 -0.024351422 -0.012517067 0.007412553 0.999597609
1341840841.166392 0.194344178 0.045603767 0.007381445 -0.012898680 -0.011169326 0.006315880 0.999834478
1341840841.198348 0.197021738 0.043623213 0.006621944 -0.017203789 -0.006063947 0.008029612 0.999801397
1341840841.234400 0.198390886 0.019362872 0.007317014 -0.027174488 -0.003908140 0.011339382 0.999558747
1341840841.266296 0.202834576 0.024259355 0.005405335 -0.018789280 -0.006147793 0.011084999 0.999743104
1341840841.302430 0.206961453 0.040614661 0.001976969 -0.010144737 -0.006393239 0.011798756 0.999858499
1341840841.334542 0.212674633 0.037537143 0.001317928 -0.012763514 -0.006341357 0.013754105 0.999803841
1341840841.366311 0.213255659 0.035351519 -0.001353145 -0.013432759 -0.005398950 0.012972514 0.999811053
1341840841.402475 0.213586986 0.032768641 -0.003852983 -0.014333364 -0.004993751 0.011590810 0.999817610
1341840841.434345 0.219946384 0.038985852 -0.002726938 -0.012223145 -0.007164757 0.011473925 0.999833763
1341840841.466383 0.222302660 0.041578166 -0.002782443 -0.012273911 -0.006824191 0.011094464 0.999839842
1341840841.502454 0.226516351 0.036190428 -0.002169426 -0.015035970 -0.008268721 0.011250954 0.999789476
1341840841.534696 0.229400322 0.035689879 -0.002502715 -0.014112662 -0.009206416 0.011509608 0.999791741
1341840841.570470 0.229665175 0.049388863 -0.008058731 -0.009316299 -0.007926055 0.012026524 0.999852836
1341840841.602476 0.239801839 0.048564412 -0.002242374 -0.014141246 -0.010762502 0.012390175 0.999765277
1341840841.634468 0.247236818 0.038565792 0.002131416 -0.018165583 -0.011322591 0.011814857 0.999701083
1341840841.671032 0.238060802 0.038081974 -0.004793888 -0.016565681 -0.005593903 0.010659328 0.999790311
1341840841.702284 0.237618878 0.043247946 -0.007395823 -0.015431831 -0.006499518 0.012279519 0.999784410
1341840841.734304 0.234941810 0.049789593 -0.006205927 -0.014300887 -0.005290444 0.012645123 0.999803782
1341840841.770351 0.247676983 0.038393673 -0.001564703 -0.020058181 -0.010670847 0.015277068 0.999625146
1341840841.802313 0.243303701 0.034815159 -0.006189511 -0.020833367 -0.010554865 0.018377246 0.999558330
1341840841.838370 0.236882716 0.029915044 -0.008145689 -0.022088971 -0.012991781 0.020196354 0.999467552
1341840841.870881 0.251288772 0.035070889 -0.004483800 -0.017506266 -0.026026042 0.016193597 0.999376774
1341840841.902346 0.271663219 0.065927632 0.003479403 -0.005154736 -0.034323458 0.013569075 0.999305367
1341840841.938375 0.263210118 0.048171818 0.000729589 -0.016831730 -0.024732888 0.013359373 0.999463081
1341840841.970352 0.251989037 0.036352810 -0.005766700 -0.022705719 -0.020382177 0.011605390 0.999467015
1341840842.006342 0.248686463 0.052533913 -0.006975384 -0.015975488 -0.021535475 0.007461891 0.999612570
1341840842.038475 0.263071924 0.052969966 0.001077646 -0.017493265 -0.026157705 0.005928714 0.999487162
1341840842.070419 0.262017101 0.048687421 -0.002060586 -0.018535180 -0.021441298 0.004305612 0.999589026
1341840842.106404 0.256090194 0.047683857 -0.007802519 -0.019631566 -0.017747147 0.002788623 0.999645889
1341840842.138367 0.264514089 0.031846967 -0.005562899 -0.025235824 -0.024574757 0.003324756 0.999373913
1341840842.170410 0.274689585 0.040041275 -0.005669154 -0.017175123 -0.031192532 0.000817726 0.999365509
1341840842.206430 0.276817888 0.049164340 -0.008414285 -0.010923932 -0.030250242 -0.002374275 0.999479830
1341840842.238319 0.281610012 0.050310466 -0.009183744 -0.008920311 -0.030255184 -0.007175762 0.999476612
1341840842.274385 0.287642956 0.047091957 -0.008013327 -0.008020037 -0.030253381 -0.012387460 0.999433339
1341840842.306571 0.284745544 0.044930637 -0.013186158 -0.005807273 -0.025743237 -0.015965350 0.999524236
1341840842.338413 0.277265668 0.049711183 -0.023376381 -0.002966601 -0.021939712 -0.018654928 0.999580860
1341840842.374365 0.281388521 0.042136770 -0.020880710 -0.006121762 -0.025982119 -0.019180922 0.999459624
1341840842.406739 0.286015183 0.041120350 -0.024486911 -0.000033685 -0.031014038 -0.022484237 0.999266028
1341840842.438410 0.289698720 0.068657205 -0.024696579 0.011542542 -0.030606017 -0.027763715 0.999079168
1341840842.474299 0.307780355 0.068857215 -0.001457414 0.002711626 -0.030973338 -0.022775576 0.999257028
1341840842.506377 0.311135799 0.034034263 -0.009111485 -0.013478393 -0.029981961 -0.016645759 0.999320924
1341840842.542388 0.313234955 0.033055641 -0.010971831 -0.012309647 -0.031450756 -0.019070689 0.999247491
1341840842.574346 0.313387334 0.033516526 -0.015010944 -0.012963365 -0.028472386 -0.021508902 0.999279082
1341840842.606530 0.315828890 0.031755857 -0.022018924 -0.013515125 -0.027870389 -0.020607626 0.999307692
1341840842.642329 0.316681147 0.031709496 -0.020482142 -0.014477894 -0.029002087 -0.020773595 0.999258578
1341840842.674386 0.316146135 0.031212889 -0.019901438 -0.015228801 -0.028174587 -0.018612541 0.999313653
1341840842.706548 0.316505432 0.031456493 -0.020795412 -0.013576235 -0.030592352 -0.025680680 0.999109745
1341840842.742312 0.315948725 0.032699257 -0.012860144 -0.013816919 -0.032604408 -0.023591343 0.999094307
1341840842.774261 0.313572496 0.034179918 -0.009981187 -0.013288828 -0.031269334 -0.020433733 0.999213755
1341840842.810490 0.312963992 0.034721296 -0.008819168 -0.012361824 -0.030564619 -0.022950148 0.999192834
1341840842.842296 0.312983781 0.035374656 -0.007788373 -0.010981902 -0.030599168 -0.022984380 0.999207079
1341840842.874411 0.312666178 0.035361502 -0.006962623 -0.013971079 -0.030703060 -0.025515048 0.999105155
1341840842.910377 0.312041640 0.035959564 -0.004753960 -0.008458207 -0.026876571 -0.025999440 0.999264777
1341840842.942647 0.312765926 0.035708904 -0.007035989 -0.006064598 -0.026336804 -0.029205507 0.999207973
1341840842.974535 0.312638521 0.035678431 -0.007617277 -0.007696848 -0.024302296 -0.032129873 0.999158561
1341840843.010449 0.313681871 0.034485526 -0.010118258 -0.004105957 -0.019235294 -0.037720215 0.999094725
1341840843.042429 0.312847435 0.036765035 -0.007837255 -0.004748140 -0.014075391 -0.026245525 0.999545157
1341840843.078385 0.313503534 0.036901847 -0.009674693 -0.005923393 -0.017539486 -0.020743113 0.999613404
1341840843.110373 0.314294338 0.037858598 -0.011821806 -0.008219263 -0.021795833 -0.025936225 0.999392211
1341840843.142285 0.306130201 0.036930937 -0.018537933 -0.010185068 -0.015367528 -0.026014196 0.999491513
1341840843.178476 0.314475447 0.034956694 -0.020236272 -0.014896524 -0.015789980 -0.018190673 0.999598861
1341840843.210589 0.314551562 0.034394063 -0.022717655 -0.018191306 -0.012611953 -0.011743246 0.999686003
1341840843.246317 0.313812315 0.034325644 -0.023292366 -0.018286956 -0.012792579 -0.019111529 0.999568284
1341840843.278543 0.314243227 0.034936570 -0.019460287 -0.017657155 -0.014955031 -0.024864919 0.999422967
1341840843.310587 0.310101062 0.034703773 -0.026313886 -0.014271799 -0.003803105 -0.019165026 0.999707222
1341840843.346529 0.310371011 0.034720138 -0.028376386 -0.013129243 -0.002322013 -0.016432261 0.999776065
1341840843.385053 0.310412794 0.034554910 -0.028075017 -0.019655414 -0.005055636 -0.018159421 0.999629080
1341840843.411509 0.310092866 0.034804281 -0.026213076 -0.022873277 -0.002468433 -0.018257469 0.999568582
1341840843.447220 0.310229540 0.034643903 -0.026970791 -0.022572767 0.001264795 -0.014179728 0.999643803
1341840843.478671 0.310430259 0.034113608 -0.027947575 -0.026138054 0.000558544 -0.014765842 0.999549091
1341840843.515039 0.310569555 0.034670852 -0.027309053 -0.028650781 0.000547242 -0.020500625 0.999379098
1341840843.548527 0.310265124 0.034819264 -0.025506712 -0.027297433 0.005404471 -0.021522747 0.999381006
1341840843.582569 0.310149103 0.034696002 -0.026417064 -0.022494346 0.007266361 -0.021207068 0.999495566
1341840843.614798 0.310383171 0.034865476 -0.028302282 -0.025261361 0.006481785 -0.022628600 0.999403715
1341840843.653429 0.310609847 0.034780569 -0.027224116 -0.029360233 0.006005442 -0.021854276 0.999311864
1341840843.687928 0.310124278 0.035439674 -0.024658965 -0.025797600 0.007459509 -0.023556331 0.999361753
1341840843.720258 0.310550839 0.034797877 -0.026868813 -0.024563780 0.009374640 -0.025080930 0.999339581
1341840843.785505 0.310561538 0.034875881 -0.026420508 -0.026224526 0.010350683 -0.025800187 0.999269485
1341840843.814703 0.313773870 0.034400880 -0.026148289 -0.024610607 0.010935025 -0.023870036 0.999352276
1341840843.846439 0.313968003 0.034237754 -0.026251271 -0.025075335 0.011542382 -0.022645365 0.999362409
1341840843.882429 0.313923478 0.034284674 -0.026502514 -0.024994614 0.012483794 -0.024442509 0.999310732
1341840843.914321 0.313875526 0.034463175 -0.025920395 -0.023670394 0.015299709 -0.028532524 0.999195457
1341840843.946316 0.313808262 0.034419652 -0.025838766 -0.022459317 0.020159876 -0.029304039 0.999114811
1341840843.982401 0.314014286 0.034176521 -0.026782174 -0.023975587 0.022359388 -0.027309887 0.999089301
1341840844.014387 0.313861281 0.034367409 -0.026093816 -0.025096584 0.022685759 -0.028877521 0.999010324
1341840844.050399 0.313681543 0.034540731 -0.024992242 -0.020701431 0.024557445 -0.031928759 0.998973966
1341840844.082349 0.313843668 0.034392271 -0.025929272 -0.015993508 0.028090196 -0.034089882 0.998895884
1341840844.114393 0.313962400 0.034332283 -0.026215015 -0.018584471 0.029408114 -0.031860176 0.998886764
1341840844.150523 0.313855469 0.034379266 -0.025888402 -0.019104354 0.029982341 -0.034736469 0.998763978
1341840844.182299 0.313715875 0.034681659 -0.024948291 -0.016073387 0.033121936 -0.037674788 0.998611689
1341840844.218448 0.313656569 0.034735098 -0.024287676 -0.011004450 0.036667779 -0.039886765 0.998470545
1341840844.250566 0.313946515 0.034278315 -0.025938846 -0.009642067 0.038302768 -0.040158819 0.998412371
1341840844.282274 0.314144373 0.034397822 -0.026475357 -0.012448828 0.037480563 -0.038592841 0.998474300
1341840844.318322 0.313899785 0.034482606 -0.025378224 -0.012831217 0.036391530 -0.037768371 0.998541236
1341840844.350432 0.313838243 0.034398761 -0.025406955 -0.007445401 0.035633959 -0.043076947 0.998408318
1341840844.382375 0.314094633 0.034408204 -0.026375163 -0.006531110 0.038154650 -0.047696244 0.998111546
1341840844.418837 0.315417469 0.034476843 -0.024701666 -0.008558745 0.039757051 -0.046093307 0.998108983
1341840844.450418 0.315401077 0.034369443 -0.024370795 -0.007099460 0.037465237 -0.043538395 0.998323798
1341840844.486330 0.315438360 0.034356609 -0.024765098 -0.003666377 0.035676755 -0.049332168 0.998138309
1341840844.518335 0.315466821 0.034475662 -0.024597591 -0.000565105 0.039510474 -0.054717384 0.997719705
1341840844.550458 0.319260180 0.034168139 -0.022833258 -0.002341919 0.041141953 -0.050365742 0.997880340
1341840844.586351 0.319275290 0.034142260 -0.022911614 -0.002667852 0.039652590 -0.048037104 0.998054624
1341840844.618382 0.314152598 0.034404915 -0.026165303 -0.001340015 0.040712308 -0.052705791 0.997778952
1341840844.650334 0.314168543 0.034394789 -0.026432563 -0.001977727 0.041788571 -0.055537038 0.997579813
1341840844.686320 0.315595269 0.034448441 -0.024548046 -0.001060182 0.043214120 -0.055718388 0.997510374
1341840844.718495 0.315673709 0.034397591 -0.024873739 0.001030790 0.045216240 -0.057224914 0.997336328
1341840844.757582 0.315618068 0.034411572 -0.025278803 -0.000639109 0.046500765 -0.058316771 0.997214317
1341840844.791011 0.315419167 0.034519389 -0.024335917 -0.000534048 0.046500962 -0.058117814 0.997226000
1341840844.818394 0.315784961 0.034341529 -0.025094822 0.001171540 0.047985103 -0.058843594 0.997112572
1341840844.854307 0.315723091 0.034468118 -0.024779815 0.001568272 0.050987251 -0.059247836 0.996939123
1341840844.888045 0.319367439 0.034192909 -0.022826089 0.000803049 0.050214026 -0.055655774 0.997186244
1341840844.918612 0.319327861 0.034195770 -0.022899225 -0.001081699 0.050969232 -0.055815391 0.997138739
1341840844.954718 0.315796822 0.034450542 -0.025425863 -0.000465576 0.054843523 -0.059050318 0.996747255
1341840844.986719 0.319355160 0.034251500 -0.022312988 -0.000792662 0.055024460 -0.058593962 0.996764004
1341840845.022279 0.319372088 0.034278009 -0.022080608 -0.000207493 0.058126297 -0.058682937 0.996582985
1341840845.054280 0.319276005 0.034183390 -0.022534128 0.000823202 0.062042259 -0.057934381 0.996390343
1341840845.086344 0.319558114 0.034132205 -0.023604773 -0.000579106 0.064144537 -0.055846516 0.996376634
1341840845.123640 0.319291085 0.034111086 -0.022749120 -0.001871617 0.064099386 -0.056632061 0.996333539
1341840845.154408 0.319298863 0.034116339 -0.022600200 0.002245701 0.063761137 -0.060264662 0.996141374
1341840845.186393 0.319837391 0.034146190 -0.024413675 0.001438316 0.064292274 -0.058981821 0.996185541
1341840845.222296 0.319495589 0.034167863 -0.023313344 -0.002822050 0.063016415 -0.053866770 0.996553719
1341840845.254440 0.319390774 0.034213401 -0.022818295 -0.000256806 0.060866151 -0.058214363 0.996446848
1341840845.290376 0.319589794 0.034390870 -0.022606606 0.001792898 0.063114464 -0.064076722 0.995945573
1341840845.322289 0.319466501 0.034147386 -0.023235790 -0.000154827 0.067977145 -0.062283635 0.995740831
1341840845.354494 0.319418103 0.034286872 -0.022484034 -0.000649715 0.065390274 -0.057248738 0.996215999
1341840845.390309 0.319560379 0.033919111 -0.022881988 0.003189748 0.060457673 -0.061507970 0.996268749
1341840845.422339 0.319551855 0.033945605 -0.023850681 0.007322660 0.060322717 -0.069027573 0.995762408
1341840845.458335 0.319609612 0.034180380 -0.023889113 0.006162814 0.063120864 -0.073591173 0.995269895
1341840845.490264 0.319328934 0.034044448 -0.022926372 0.002774157 0.067709900 -0.073973492 0.994955063
1341840845.522343 0.319504410 0.034168836 -0.022981705 0.002677693 0.069525957 -0.069189534 0.995174289
1341840845.558310 0.319479197 0.034049723 -0.023260018 0.001301986 0.066482268 -0.064131111 0.995723665
1341840845.597232 0.319481820 0.034088120 -0.023164522 0.002416776 0.061914824 -0.064614244 0.995984793
1341840845.622577 0.319768250 0.033945668 -0.024141703 0.004403962 0.060754642 -0.069140628 0.995745480
1341840845.658634 0.319908172 0.033895332 -0.024955116 0.003871785 0.064291909 -0.072992161 0.995250583
1341840845.690353 0.319908440 0.033742689 -0.024695074 0.001118717 0.067549989 -0.074845292 0.994903982
1341840845.729069 0.319608182 0.033895161 -0.023170969 0.001079340 0.069922373 -0.074889749 0.994736731
1341840845.758375 0.319803566 0.033942990 -0.024285777 0.002244515 0.070359096 -0.073176011 0.994831562
1341840845.790466 0.320271879 0.034049321 -0.025313035 0.001480245 0.066381618 -0.070122302 0.995326161
1341840845.826375 0.320102423 0.033827219 -0.025456842 0.000995704 0.063007876 -0.077743039 0.994979918
1341840845.858782 0.319683611 0.034125537 -0.023680018 0.001319418 0.067268588 -0.088471584 0.993803799
1341840845.890417 0.319623023 0.033854906 -0.023372428 0.000525750 0.075174950 -0.083886862 0.993635476
1341840845.926383 0.319981426 0.033974927 -0.025381694 0.002883434 0.075204819 -0.083375521 0.993672192
1341840845.958390 0.320056826 0.034033932 -0.025817689 0.001015185 0.074965201 -0.087532833 0.993336380
1341840845.994269 0.319851607 0.033952720 -0.024462933 0.000539586 0.077189177 -0.086220406 0.993281245
1341840846.026558 0.319827944 0.034314360 -0.024570024 0.003264782 0.078866638 -0.084593587 0.993284106
1341840846.058807 0.319835842 0.034561288 -0.024971543 0.002291512 0.078249827 -0.084875643 0.993311524
1341840846.094265 0.319954216 0.034262668 -0.025584046 0.002388309 0.079179302 -0.089198753 0.992858768
1341840846.126378 0.320003837 0.034030341 -0.025504727 0.004981650 0.084505171 -0.094226837 0.991945267
1341840846.158446 0.320280910 0.033992462 -0.026642313 0.003940105 0.090218730 -0.091042258 0.991744101
1341840846.194427 0.320456952 0.033747751 -0.027735975 0.001375052 0.090396911 -0.089054972 0.991915166
1341840846.226385 0.320231944 0.033877824 -0.026572233 0.000080610 0.090946898 -0.089823820 0.991796494
1341840846.262497 0.320092171 0.033998828 -0.025905084 0.003723606 0.095818378 -0.090985909 0.991224766
1341840846.294419 0.320132792 0.034062289 -0.026226040 0.004190048 0.100611269 -0.089057744 0.990923047
1341840846.326478 0.320231438 0.034188364 -0.026913188 0.003044953 0.099995360 -0.086468264 0.991218925
1341840846.362426 0.320370466 0.034317434 -0.027754817 0.003894082 0.100057520 -0.089882135 0.990905881
1341840846.394323 0.320366234 0.034590442 -0.027872346 0.006758319 0.105203375 -0.092667319 0.990100682
1341840846.430454 0.320286632 0.034740448 -0.027549546 0.006193211 0.109545201 -0.090617299 0.989823222
1341840846.465291 0.320251763 0.034702957 -0.027298275 0.002530172 0.109823406 -0.090141870 0.989851952
1341840846.494473 0.320210606 0.034842737 -0.027261037 0.002373891 0.111361429 -0.091525763 0.989553452
1341840846.530439 0.320075452 0.035008173 -0.027307026 0.007190725 0.115960732 -0.093265355 0.988839209
1341840846.562569 0.320561647 0.035003334 -0.029371366 0.007966598 0.118346147 -0.088657752 0.988974512
1341840846.594486 0.321027398 0.034438815 -0.031420112 0.003082234 0.116856761 -0.089745045 0.989080787
1341840846.630509 0.321723938 0.034495559 -0.034661725 0.000614705 0.118493527 -0.095658518 0.988336146
1341840846.662363 0.322585404 0.034965903 -0.040077519 0.005820195 0.126469016 -0.099368155 0.986963809
1341840846.698323 0.323590875 0.035939179 -0.046596121 0.007363714 0.132575199 -0.097858369 0.986302853
1341840846.730390 0.323444337 0.035862472 -0.046305638 0.001501825 0.132080227 -0.096975550 0.986482799
1341840846.762470 0.322435975 0.035567496 -0.039345868 -0.000328222 0.130864233 -0.099151865 0.986429632
1341840846.798363 0.321067721 0.035315081 -0.032495905 0.003828508 0.134986624 -0.106656916 0.985082865
1341840846.830356 0.322265267 0.036609687 -0.040538810 -0.001957226 0.137883574 -0.101319119 0.985250592
1341840846.862350 0.323195785 0.037162960 -0.045980915 -0.003360559 0.136761636 -0.100986570 0.985437274
1341840846.898489 0.323611319 0.037014727 -0.048612338 -0.003312920 0.138287440 -0.104690298 0.984837830
1341840846.930380 0.325251013 0.037251938 -0.057212513 -0.007109347 0.142650083 -0.109270617 0.983697295
1341840846.966358 0.325329512 0.037190668 -0.057727013 -0.012643294 0.143356532 -0.101140186 0.984408319
1341840846.998844 0.324640900 0.036959250 -0.053811237 -0.010268237 0.140593112 -0.102802679 0.984662235
1341840847.030411 0.325176924 0.037342966 -0.057255790 -0.009862507 0.140881732 -0.110691495 0.983769536
1341840847.066359 0.325260788 0.037217148 -0.057054542 -0.013630221 0.144098252 -0.109872326 0.983350396
1341840847.098410 0.325232238 0.037223384 -0.057104506 -0.014269961 0.144712225 -0.109101333 0.983336985
1341840847.130366 0.325362206 0.037440561 -0.058215860 -0.014437777 0.142983750 -0.109696686 0.983521104
1341840847.166401 0.325235516 0.037278123 -0.057614308 -0.015670437 0.144468203 -0.110291190 0.983218789
1341840847.198307 0.325243562 0.037276641 -0.057234038 -0.015986372 0.146461710 -0.108747356 0.983090758
1341840847.234496 0.325225413 0.037331782 -0.057154283 -0.011885615 0.144870400 -0.108924836 0.983364940
1341840847.266747 0.325371027 0.037401233 -0.058018558 -0.010647065 0.142174110 -0.109960981 0.983657360
1341840847.298356 0.325267076 0.037353948 -0.057792585 -0.012838422 0.143719733 -0.108350083 0.983585298
1341840847.334573 0.325262308 0.037290469 -0.057669934 -0.012462042 0.146145850 -0.109285988 0.983129025
1341840847.366405 0.325304300 0.037381135 -0.057652060 -0.009308862 0.145332381 -0.109991618 0.983205795
1341840847.398361 0.325291395 0.037339486 -0.057656024 -0.008931122 0.144482478 -0.111325853 0.983184397
1341840847.434625 0.325284451 0.037251066 -0.057553239 -0.010280301 0.149492130 -0.112969108 0.982234359
1341840847.466370 0.325300843 0.037262339 -0.058014635 -0.009939474 0.155084461 -0.115598150 0.981064260
1341840847.502590 0.325288057 0.037192095 -0.057532694 -0.009986287 0.153476700 -0.111409009 0.981801033
1341840847.534309 0.325310558 0.037311111 -0.057901759 -0.011189795 0.151966929 -0.112161212 0.981937230
1341840847.566354 0.325233728 0.037230089 -0.057881363 -0.012942175 0.154350251 -0.112240911 0.981534779
1341840847.603337 0.325272560 0.037224375 -0.057807017 -0.011145496 0.157530442 -0.111463718 0.981140018
1341840847.634465 0.325323641 0.037259348 -0.057667520 -0.009468361 0.157066718 -0.111428365 0.981235981
1341840847.670420 0.325303972 0.037232015 -0.057663213 -0.009644574 0.156741485 -0.111597508 0.981267095
1341840847.702420 0.325384170 0.037256856 -0.057554476 -0.010852708 0.160128847 -0.109593414 0.980933368
1341840847.734342 0.325362802 0.037333593 -0.057639338 -0.012646684 0.163283005 -0.107323855 0.980642796
1341840847.770464 0.325394988 0.037446048 -0.057610977 -0.010744612 0.163930520 -0.108521044 0.980425715
1341840847.802407 0.325362325 0.037797671 -0.057788912 -0.006042744 0.162956223 -0.110500179 0.980407298
1341840847.834306 0.325081617 0.038078230 -0.058360271 -0.006899790 0.165719032 -0.111180626 0.979861498
1341840847.870532 0.325231463 0.038186036 -0.058172282 -0.007723191 0.167075500 -0.109822750 0.979778111
1341840847.902485 0.325195044 0.038175635 -0.057912041 -0.005940177 0.167754591 -0.107982695 0.979878962
1341840847.938405 0.325105727 0.037852462 -0.057645388 -0.007924431 0.167519107 -0.109492086 0.979737759
1341840847.970339 0.325112820 0.037720181 -0.057200972 -0.006370036 0.166899517 -0.107625186 0.980061650
1341840848.002312 0.325223505 0.037174631 -0.057169579 -0.004987837 0.166020080 -0.106830545 0.980305910
1341840848.038354 0.325259954 0.036933180 -0.057312664 -0.004124693 0.165124625 -0.108498372 0.980277956
1341840848.070743 0.325339198 0.037104089 -0.057404350 -0.002992212 0.164012745 -0.106698811 0.980666220
1341840848.102909 0.325409234 0.037316810 -0.058004715 -0.002615317 0.167097524 -0.107175067 0.980094433
1341840848.138432 0.325155795 0.037148166 -0.057889838 -0.004917474 0.170545071 -0.107244194 0.979484022
1341840848.170385 0.325230539 0.037096158 -0.057721473 -0.005609610 0.171125174 -0.107166529 0.979387581
1341840848.206548 0.325316727 0.037109580 -0.057462122 -0.002478352 0.172522634 -0.107818067 0.979083776
1341840848.238651 0.325141102 0.037066795 -0.057689115 -0.001196636 0.174112096 -0.106604211 0.978937745
1341840848.277372 0.325241446 0.037445690 -0.058698945 -0.001793434 0.174060509 -0.105680816 0.979046106
1341840848.313384 0.326147258 0.037774697 -0.061110780 -0.000426010 0.174274847 -0.108716249 0.978677094
1341840848.345285 0.326384306 0.038637154 -0.063456252 0.002339010 0.175753430 -0.108119100 0.978476107
1341840848.377729 0.326064616 0.039710887 -0.063357294 0.002922752 0.177953839 -0.106779404 0.978223920
1341840848.413434 0.326244563 0.040400922 -0.065123789 0.001581407 0.179091752 -0.109490782 0.977719486
1341840848.446614 0.326435953 0.040788189 -0.065464184 0.003640736 0.181554735 -0.108292550 0.977393091
1341840848.477376 0.326199919 0.040993709 -0.065612867 0.005206316 0.183679432 -0.106379777 0.977199078
1341840848.514358 0.325886726 0.041431710 -0.065918297 0.003977053 0.184928298 -0.105883606 0.977023244
1341840848.545352 0.326097578 0.041569170 -0.065611653 0.003295268 0.186735168 -0.111003466 0.976113379
1341840848.581630 0.325970113 0.041785359 -0.065544851 0.008453629 0.191644713 -0.117246665 0.974399328
1341840848.613497 0.325881571 0.041969147 -0.065512985 0.009255026 0.193034202 -0.114872470 0.974400580
1341840848.645345 0.325800866 0.041827969 -0.065527022 0.009221311 0.192929447 -0.111265875 0.974840045
1341840848.681427 0.325721383 0.041742161 -0.065562002 0.012529773 0.193911359 -0.111404657 0.974592447
1341840848.713310 0.325482041 0.041740842 -0.066105634 0.016177347 0.198545635 -0.116028033 0.973064959
1341840848.745404 0.325222939 0.041852050 -0.066543728 0.020611854 0.204047054 -0.111654945 0.972354412
1341840848.774529 0.325129777 0.041758753 -0.066609979 0.019854508 0.205753267 -0.110454284 0.972147763
1341840848.806548 0.325272501 0.041507948 -0.066321842 0.017065296 0.207006335 -0.105581000 0.972476125
1341840848.842443 0.325612664 0.041304722 -0.065688893 0.018724827 0.207233086 -0.105693974 0.972384989
1341840848.874427 0.325447679 0.041608635 -0.066029072 0.023739373 0.207987040 -0.109578051 0.971684337
1341840848.910589 0.325288177 0.041713797 -0.066221654 0.022664556 0.209935948 -0.111310437 0.971093833
1341840848.942390 0.325486392 0.041806441 -0.065987334 0.023727562 0.211765751 -0.113720864 0.970391572
1341840848.974342 0.325613767 0.042090919 -0.065895110 0.033326186 0.211201862 -0.114771932 0.970108509
1341840849.010480 0.325452715 0.042309303 -0.066244140 0.035979781 0.208494470 -0.113574572 0.970740080
1341840849.042373 0.325306684 0.041786917 -0.066220529 0.028086714 0.208906069 -0.114147179 0.970844924
1341840849.074269 0.325390100 0.041768491 -0.066076905 0.029453423 0.211769611 -0.117219009 0.969817400
1341840849.110433 0.325396866 0.041817494 -0.066087008 0.033008859 0.213371575 -0.116240576 0.969469488
1341840849.142356 0.325443834 0.041801851 -0.066011965 0.035039257 0.212172404 -0.116453536 0.969635844
1341840849.178427 0.325323254 0.041824348 -0.066212729 0.034573156 0.211221933 -0.118276559 0.969639421
1341840849.210439 0.325404227 0.041820340 -0.066070929 0.036162499 0.211621568 -0.118378125 0.969481945
1341840849.242309 0.325352132 0.041812204 -0.066154227 0.039748702 0.211213976 -0.117196992 0.969573915
1341840849.278391 0.325024873 0.041831262 -0.066529632 0.036559295 0.213011786 -0.119280055 0.969051957
1341840849.310332 0.325171679 0.041878551 -0.066374227 0.032840528 0.219941258 -0.124743670 0.966946900
1341840849.342402 0.325355023 0.041814279 -0.066055410 0.038871724 0.230076194 -0.124226876 0.964428127
1341840849.378339 0.325249732 0.041820005 -0.066182442 0.044339962 0.233368695 -0.119984269 0.963938177
1341840849.410390 0.325105309 0.041734025 -0.066522531 0.040591575 0.231962949 -0.116463013 0.964874029
1341840849.446437 0.324994743 0.041708428 -0.066694096 0.039289068 0.234300435 -0.118595876 0.964103043
1341840849.478425 0.325033069 0.041692100 -0.066624686 0.043029789 0.241585776 -0.122522354 0.961651206
1341840849.512199 0.325529248 0.041462436 -0.065752447 0.042682242 0.248601794 -0.124270059 0.959652185
1341840849.546449 0.325524539 0.041518267 -0.065781765 0.037344683 0.253772587 -0.126226202 0.958265007
1341840849.578498 0.325527847 0.041606858 -0.065802827 0.034050822 0.258933783 -0.126859367 0.956922412
1341840849.610692 0.325380385 0.041862492 -0.066095591 0.038148899 0.263459772 -0.123464204 0.955976009
1341840849.646317 0.325407296 0.041806050 -0.066048205 0.036582880 0.265435547 -0.122127995 0.955662310
1341840849.685647 0.324978888 0.041877430 -0.066815771 0.029866435 0.268242717 -0.122689657 0.955039859
1341840849.714708 0.325187325 0.041652530 -0.066357747 0.027205046 0.274064600 -0.121771917 0.953582764
1341840849.746347 0.325374782 0.041440919 -0.066036887 0.029270159 0.277436137 -0.120770141 0.952673614
1341840849.778359 0.325496107 0.041293830 -0.065745994 0.026486134 0.279143929 -0.121021412 0.952224195
1341840849.814323 0.325298607 0.041352950 -0.066137195 0.023435643 0.280484349 -0.122101665 0.951772273
1341840849.846557 0.325414509 0.041477680 -0.065959506 0.025674550 0.281123489 -0.119908459 0.951804817
1341840849.882256 0.325456530 0.041831359 -0.065954901 0.027718177 0.280972332 -0.122409590 0.951473653
1341840849.921575 0.325417936 0.042046271 -0.066106550 0.022609744 0.283087611 -0.125528231 0.950574994
1341840849.946362 0.325638264 0.042058680 -0.065735430 0.021722332 0.285006821 -0.125113681 0.950076759
1341840849.982476 0.325789303 0.042083316 -0.065500729 0.026676588 0.287846565 -0.129404768 0.948518395
1341840850.014371 0.325511515 0.042069755 -0.065958776 0.026477979 0.289939106 -0.124625444 0.948526621
1341840850.046326 0.325230479 0.042016678 -0.066413186 0.020582294 0.288325161 -0.123238906 0.949345589
1341840850.082415 0.325772941 0.042068329 -0.065477133 0.020653164 0.288029641 -0.127049178 0.948931396
1341840850.121449 0.326444983 0.042161312 -0.064442746 0.023817901 0.291230142 -0.132284895 0.947163343
1341840850.157539 0.326532096 0.042173356 -0.064284034 0.022047160 0.293055326 -0.129883423 0.946975589
1341840850.189410 0.326628804 0.042190611 -0.064169809 0.018715644 0.291227221 -0.131126300 0.947439849
1341840850.221491 0.326807261 0.042283099 -0.064041361 0.019522883 0.291062504 -0.135236606 0.946896255
1341840850.257570 0.326667964 0.042259090 -0.064200222 0.021756994 0.294411659 -0.138570532 0.945328832
1341840850.289374 0.326580346 0.042194128 -0.064225703 0.020448271 0.297767967 -0.136625648 0.944589615
1341840850.314521 0.326425850 0.042165745 -0.064480647 0.017395120 0.297432661 -0.137072891 0.944691598
1341840850.350348 0.326535612 0.042174872 -0.064287096 0.014779126 0.298924774 -0.140240133 0.943799913
1341840850.382480 0.326559931 0.042175256 -0.064239360 0.014456235 0.302983612 -0.141767994 0.942281187
1341840850.418448 0.326576591 0.042193346 -0.064228021 0.015506784 0.303239256 -0.140132993 0.942426801
1341840850.450229 0.326572478 0.042192526 -0.064231344 0.013841664 0.302250415 -0.142979756 0.942342758
1341840850.482352 0.326539993 0.042216271 -0.064274102 0.014520493 0.306695670 -0.146820933 0.940303445
1341840850.518351 0.326365620 0.042432331 -0.064543322 0.015237455 0.317442268 -0.152362213 0.935833335
1341840850.550287 0.326450109 0.042246141 -0.064590648 0.014828702 0.315857142 -0.145912096 0.937402844
1341840850.582563 0.326477319 0.042259820 -0.064334139 0.017871806 0.309465140 -0.141626671 0.940135002
1341840850.618439 0.326428354 0.042348526 -0.064257331 0.021749703 0.307478726 -0.148878783 0.939584434
1341840850.650443 0.326104075 0.042677753 -0.064338177 0.023303872 0.310084105 -0.151361570 0.938293397
1341840850.686406 0.325684845 0.042768508 -0.064505741 0.018312974 0.312033057 -0.146510422 0.938527942
1341840850.718516 0.326510578 0.042498522 -0.064180702 0.018639036 0.310907662 -0.147305220 0.938770592
1341840850.750308 0.326429516 0.042511120 -0.064420439 0.020522390 0.309929103 -0.147992432 0.938946784
1341840850.786319 0.326222122 0.042432372 -0.064764321 0.014643452 0.311192751 -0.151097953 0.938143909
1341840850.818316 0.326067269 0.042432364 -0.064955257 0.013366316 0.314374983 -0.150974929 0.937121272
1341840850.854290 0.326121897 0.042439427 -0.064890340 0.014955557 0.317787021 -0.151748329 0.935820580
1341840850.886322 0.326227367 0.042431485 -0.064756766 0.012547157 0.322295457 -0.152470618 0.934195340
1341840850.918358 0.326233923 0.042431779 -0.064748749 0.012659435 0.324596077 -0.146542817 0.934345961
1341840850.954395 0.326252669 0.042430095 -0.064726017 0.015188772 0.323578656 -0.146891043 0.934606433
1341840850.986448 0.326249361 0.042433292 -0.064732388 0.014824120 0.324507445 -0.149583444 0.933862925
1341840851.018447 0.326233953 0.042429052 -0.064741619 0.014478867 0.326841652 -0.145780027 0.933655739
1341840851.054395 0.326255143 0.042429388 -0.064722799 0.016625538 0.326948643 -0.145440012 0.933635533
1341840851.086362 0.326250613 0.042432837 -0.064727537 0.016991150 0.327982366 -0.148426056 0.932796061
1341840851.122353 0.326240778 0.042431727 -0.064739704 0.017850542 0.330863535 -0.148638561 0.931728125
1341840851.154293 0.326259613 0.042427495 -0.064716466 0.020027610 0.332242966 -0.147142172 0.931430459
1341840851.186482 0.326267272 0.042428192 -0.064711623 0.019450532 0.332696855 -0.148021221 0.931141376
1341840851.222499 0.326264143 0.042431220 -0.064710975 0.020481298 0.334365875 -0.148570970 0.930433571
1341840851.254587 0.326270968 0.042425714 -0.064705268 0.021828871 0.336080998 -0.151555851 0.929302931
1341840851.286786 0.326270610 0.042427137 -0.064705417 0.022212872 0.337233663 -0.153008699 0.928637922
1341840851.322525 0.326269746 0.042426877 -0.064708143 0.021380519 0.337924808 -0.152543530 0.928482711
1341840851.354461 0.326276898 0.042426132 -0.064699858 0.020774812 0.340020627 -0.157159612 0.926960230
1341840851.390383 0.326271832 0.042426974 -0.064703614 0.022055060 0.343712866 -0.160133049 0.925058067
1341840851.422373 0.326298118 0.042424180 -0.064679869 0.024327682 0.345089734 -0.158056781 0.924845576
1341840851.454333 0.326285452 0.042425685 -0.064687133 0.029113427 0.341107517 -0.155165881 0.926672339
1341840851.490328 0.326285690 0.042424925 -0.064690717 0.027235702 0.339021504 -0.159626782 0.926737249
1341840851.522431 0.326287389 0.042423718 -0.064688206 0.026588222 0.341903150 -0.163000897 0.925108671
1341840851.555777 0.326290518 0.042422384 -0.064686216 0.031305131 0.345208466 -0.165593415 0.923271298
1341840851.590800 0.326272041 0.042424016 -0.064704038 0.031651177 0.344721735 -0.164098784 0.923708141
1341840851.622401 0.326276451 0.042423993 -0.064701937 0.028376188 0.345334768 -0.164723635 0.923474312
1341840851.658371 0.326298237 0.042420126 -0.064677887 0.029510049 0.348402053 -0.168167531 0.921664178
1341840851.690446 0.326291561 0.042421691 -0.064683683 0.032051053 0.351663262 -0.167037681 0.920545578
1341840851.722387 0.326301694 0.042422138 -0.064674884 0.033313006 0.352603912 -0.167095706 0.920130312
1341840851.758379 0.326307058 0.042417776 -0.064666502 0.034000043 0.352757663 -0.169632629 0.919581831
1341840851.790498 0.326311320 0.042418357 -0.064664498 0.037410025 0.354040176 -0.170967147 0.918709099
1341840851.822502 0.326299846 0.042421665 -0.064675942 0.040263414 0.354387760 -0.168984041 0.918821275
1341840851.858469 0.326293766 0.042418152 -0.064681761 0.036127843 0.355903596 -0.169546604 0.918303490
1341840851.890382 0.326315343 0.042412959 -0.064660966 0.035560682 0.359394670 -0.170935303 0.916707158
1341840851.926297 0.326311857 0.042417925 -0.064665690 0.042848453 0.361757159 -0.170899570 0.915472031
1341840851.958364 0.326297849 0.042422414 -0.064676531 0.043890685 0.362124830 -0.166537210 0.916081071
1341840851.990589 0.326309085 0.042420186 -0.064665347 0.040075354 0.362082213 -0.168012917 0.916003287
1341840852.026374 0.326317132 0.042417675 -0.064660244 0.041112151 0.365232021 -0.171069279 0.914139271
1341840852.058336 0.326306611 0.042419482 -0.064669222 0.046736270 0.367852688 -0.167447016 0.913488686
1341840852.094404 0.326306105 0.042420201 -0.064668939 0.046968326 0.367224693 -0.163346440 0.914471388
1341840852.126392 0.326321840 0.042418230 -0.064656332 0.042725880 0.367642611 -0.165999502 0.914033651
1341840852.158516 0.326318622 0.042413540 -0.064656228 0.040098760 0.373229027 -0.173682988 0.910453975
1341840852.194279 0.326328933 0.042407613 -0.064646803 0.045734864 0.379859000 -0.172398016 0.907686293
1341840852.226380 0.326317698 0.042419285 -0.064659618 0.049727641 0.380193889 -0.163368598 0.909005225
1341840852.258313 0.326329410 0.042416416 -0.064644411 0.046125248 0.376590401 -0.163464293 0.910676420
1341840852.294500 0.326334000 0.042413022 -0.064644217 0.046824679 0.378300577 -0.170498386 0.908639848
1341840852.326311 0.326325566 0.042410348 -0.064644329 0.048644807 0.384307474 -0.176310912 0.904906571
1341840852.362368 0.326325059 0.042416044 -0.064653590 0.047609080 0.387933850 -0.172073513 0.904229701
1341840852.394489 0.326346010 0.042409658 -0.064629853 0.046854276 0.389861256 -0.171892524 0.903474331
1341840852.426307 0.326348722 0.042411841 -0.064632848 0.050209709 0.392221123 -0.172300234 0.902194083
1341840852.462394 0.326332092 0.042413678 -0.064646460 0.053269610 0.394312441 -0.171253711 0.901305854
1341840852.494557 0.326333165 0.042413954 -0.064646527 0.052597433 0.396024793 -0.170292825 0.900776446
1341840852.526348 0.326336354 0.042410117 -0.064640060 0.051420841 0.399375379 -0.170028001 0.899414062
1341840852.562305 0.326330900 0.042413190 -0.064643532 0.052623253 0.402947277 -0.167891443 0.898151875
1341840852.594400 0.326331049 0.042415973 -0.064647444 0.051384754 0.405560613 -0.165692165 0.897455454
1341840852.630345 0.326337814 0.042413402 -0.064640790 0.052498363 0.405770034 -0.163959518 0.897614539
1341840852.663508 0.326338470 0.042412825 -0.064637825 0.057114344 0.404468924 -0.167986557 0.897175193
1341840852.694654 0.326330662 0.042412952 -0.064641953 0.057035837 0.403683335 -0.165952399 0.897912264
1341840852.732477 0.326332182 0.042414423 -0.064640447 0.055009268 0.402586967 -0.165155932 0.898677468
1341840852.762455 0.326331139 0.042413495 -0.064645000 0.052610654 0.403496921 -0.165516883 0.898346543
1341840852.794631 0.326350033 0.042409975 -0.064622633 0.049535412 0.405775785 -0.167610586 0.897105873
1341840852.830583 0.326345086 0.042406809 -0.064622134 0.050533488 0.408237308 -0.172474951 0.895008981
1341840852.862990 0.326339573 0.042412266 -0.064635374 0.054726511 0.409617484 -0.174580678 0.893722594
1341840852.898597 0.326331615 0.042414796 -0.064648487 0.051730059 0.410663575 -0.173076034 0.893713653
1341840852.930367 0.326332271 0.042412315 -0.064643599 0.046500307 0.411744982 -0.169711232 0.894148707
1341840852.962482 0.326347709 0.042407129 -0.064624943 0.048595950 0.411095887 -0.171475038 0.893999398
1341840852.998535 0.326330245 0.042414799 -0.064648442 0.050296016 0.412167698 -0.176541790 0.892424226
1341840853.037588 0.326329589 0.042413872 -0.064649515 0.048189189 0.413803756 -0.176384717 0.891814232
1341840853.066770 0.326334357 0.042410694 -0.064641967 0.049072009 0.413851023 -0.176504806 0.891720414
1341840853.098354 0.326317012 0.042412039 -0.064660087 0.049918506 0.414038658 -0.177539185 0.891380906
1341840853.131999 0.326316655 0.042413764 -0.064662308 0.047823913 0.416034579 -0.181920424 0.889681458
1341840853.166530 0.326327682 0.042411465 -0.064649500 0.049441285 0.417614311 -0.182603166 0.888712525
1341840853.198406 0.326308608 0.042418223 -0.064668253 0.051277746 0.417783350 -0.185371533 0.887955546
1341840853.231726 0.326277971 0.042427983 -0.064714298 0.047300629 0.418201327 -0.186506137 0.887741923
1341840853.266442 0.326298147 0.042415865 -0.064689972 0.042655114 0.422499806 -0.188078448 0.885607660
1341840853.298516 0.326306462 0.042417832 -0.064672291 0.046334825 0.425078064 -0.194799960 0.882731378
1341840853.334385 0.326280892 0.042418487 -0.064696543 0.049586046 0.423977524 -0.193621233 0.883343160
1341840853.366351 0.326246202 0.042421572 -0.064729273 0.043847281 0.424682528 -0.199100122 0.882089198
1341840853.398402 0.326255351 0.042411804 -0.064719833 0.042307265 0.427382290 -0.200516447 0.880538285
1341840853.434335 0.326233506 0.042413529 -0.064743198 0.043480650 0.428977638 -0.200575322 0.879691482
1341840853.466387 0.326233208 0.042417139 -0.064741492 0.041893683 0.429755032 -0.201553911 0.879165292
1341840853.498430 0.326246560 0.042417679 -0.064729869 0.040770900 0.430428684 -0.205114663 0.878064275
1341840853.534407 0.326251686 0.042418014 -0.064725101 0.041250594 0.433051050 -0.209922671 0.875612795
1341840853.566451 0.326214552 0.042419598 -0.064774394 0.040543180 0.434920549 -0.204513103 0.875999272
1341840853.602691 0.326229453 0.042417370 -0.064750075 0.034221601 0.436670125 -0.206844643 0.874850452
1341840853.634832 0.326227605 0.042421240 -0.064751759 0.032079536 0.438936412 -0.210638613 0.872890055
1341840853.666488 0.326238990 0.042421315 -0.064736120 0.035810929 0.438869864 -0.211645380 0.872534871
1341840853.702424 0.326210499 0.042414296 -0.064768240 0.035061184 0.438216358 -0.211110994 0.873023093
1341840853.734353 0.326203406 0.042414784 -0.064769462 0.028871233 0.439180106 -0.214068457 0.872044683
1341840853.766467 0.326231658 0.042417381 -0.064752571 0.029892897 0.439501822 -0.216833040 0.871164739
1341840853.802607 0.326214433 0.042418130 -0.064765878 0.032209411 0.440723568 -0.218391001 0.870075047
1341840853.834576 0.326201767 0.042422872 -0.064781524 0.028948080 0.441983461 -0.219047278 0.869385362
1341840853.870615 0.326208889 0.042421542 -0.064771093 0.025390401 0.443935663 -0.220643893 0.868097186
1341840853.902573 0.326218963 0.042417482 -0.064751178 0.023734672 0.446507782 -0.221426994 0.866624236
1341840853.940152 0.326207578 0.042422138 -0.064768322 0.023681844 0.447389066 -0.221400276 0.866177857
1341840853.970342 0.326200128 0.042427622 -0.064781636 0.020751979 0.448206902 -0.224493593 0.865033269
1341840854.002413 0.326216221 0.042424429 -0.064764932 0.018083265 0.451560438 -0.227649868 0.862520576
1341840854.034566 0.326214582 0.042424709 -0.064765111 0.019849310 0.454799771 -0.229213521 0.860362947
1341840854.070475 0.326199651 0.042421471 -0.064772666 0.020164927 0.456744313 -0.226362020 0.860080361
1341840854.102373 0.326209486 0.042414878 -0.064763725 0.018917277 0.456545621 -0.224346235 0.860742092
1341840854.138343 0.326209694 0.042425506 -0.064769499 0.018170996 0.456857085 -0.226861343 0.859933376
1341840854.170475 0.326203406 0.042433027 -0.064774781 0.019549415 0.459219217 -0.232331142 0.857180119
1341840854.202459 0.326206326 0.042427164 -0.064769447 0.022554729 0.461158067 -0.229140088 0.856924355
1341840854.238384 0.326199263 0.042426419 -0.064778291 0.020667786 0.459229827 -0.227314651 0.858492196
1341840854.270355 0.326210022 0.042425919 -0.064770728 0.021007428 0.457363248 -0.230981246 0.858501732
1341840854.306367 0.326203108 0.042426761 -0.064774081 0.022722472 0.459458560 -0.234279886 0.856442928
1341840854.338540 0.326198608 0.042422332 -0.064776935 0.022778245 0.462832481 -0.233023643 0.854966164
1341840854.370427 0.326196313 0.042424217 -0.064779535 0.021887036 0.462327749 -0.228516161 0.856477857
1341840854.406491 0.326201648 0.042422276 -0.064770490 0.020541737 0.462431252 -0.228521079 0.856454015
1341840854.438402 0.326198339 0.042421799 -0.064777136 0.020064041 0.463027835 -0.231324837 0.855389655
1341840854.470341 0.326199710 0.042420994 -0.064774871 0.018999787 0.462859839 -0.228105962 0.856368721
1341840854.506442 0.326191574 0.042428955 -0.064782627 0.015947122 0.462601811 -0.230892047 0.855823636
1341840854.538722 0.326189160 0.042435762 -0.064782180 0.015040888 0.466332823 -0.235580206 0.852531195
1341840854.574331 0.326191992 0.042429991 -0.064778112 0.013959927 0.470562071 -0.232944280 0.850948513
1341840854.606460 0.326198816 0.042428542 -0.064773135 0.014113882 0.471227795 -0.232112169 0.850804985
1341840854.638476 0.326194167 0.042430677 -0.064777568 0.013644607 0.470852107 -0.231737331 0.851122737
1341840854.674312 0.326192826 0.042434767 -0.064780451 0.011873236 0.471753716 -0.231053531 0.850835860
1341840854.706362 0.326198339 0.042434644 -0.064776309 0.012006368 0.472085387 -0.232998714 0.850119293
1341840854.738328 0.326192290 0.042435620 -0.064778432 0.011120979 0.473212928 -0.235134274 0.848915577
1341840854.774384 0.326191723 0.042435464 -0.064780824 0.011235145 0.474659801 -0.234467581 0.848290503
1341840854.806396 0.326190352 0.042434998 -0.064780913 0.009878215 0.475366116 -0.235515863 0.847621202
1341840854.842383 0.326194763 0.042435553 -0.064778015 0.009856764 0.476004571 -0.237619713 0.846675515
1341840854.874351 0.326196551 0.042435884 -0.064776510 0.014029829 0.475040555 -0.241024405 0.846195519
1341840854.906375 0.326191962 0.042436291 -0.064781003 0.018266555 0.472523332 -0.239950463 0.847827733
1341840854.942414 0.326185793 0.042435229 -0.064785153 0.012602416 0.470441103 -0.241992429 0.848508120
1341840854.974632 0.326186210 0.042439491 -0.064786032 0.012498879 0.470839977 -0.247195721 0.846786737
1341840855.006485 0.326186657 0.042437762 -0.064784691 0.016574202 0.473085225 -0.251903385 0.844073653
1341840855.042409 0.326187849 0.042438764 -0.064786941 0.017829020 0.472581953 -0.248572782 0.845316470
1341840855.074380 0.326189399 0.042441148 -0.064787768 0.008569061 0.474967837 -0.253106296 0.842774749
