1305031103.011215 -0.015280563 0.040313356 0.244043052 -0.048000418 -0.016748898 -0.002631546 0.998703420
1305031103.043227 -0.017557919 0.046533115 0.248557642 -0.046331849 -0.021560661 -0.001773594 0.998691797
1305031103.075319 -0.015826944 0.044281442 0.267426610 -0.049372971 -0.025743762 0.002000860 0.998446584
1305031103.111240 -0.014302355 0.049159277 0.272169054 -0.047365800 -0.026043298 0.003008609 0.998533487
1305031103.143318 -0.013745205 0.051451113 0.279914886 -0.048810702 -0.026657151 0.005112875 0.998439193
1305031103.175452 -0.015002127 0.056152396 0.285821378 -0.048188481 -0.024474984 0.004347675 0.998528898
1305031103.211220 -0.016026879 0.062204987 0.290301800 -0.050786857 -0.023834275 0.005394668 0.998410523
1305031103.243216 -0.017140217 0.063825607 0.295514137 -0.058004919 -0.022832274 0.008285337 0.998020768
1305031103.275370 -0.019582050 0.062491357 0.297790408 -0.069169573 -0.025086137 0.012690437 0.997208714
1305031103.311210 -0.022594672 0.060523063 0.291323692 -0.072306991 -0.032339599 0.010696896 0.996800601
1305031103.343223 -0.013092820 0.062779911 0.309719980 -0.075970516 -0.042701118 0.014218619 0.996093810
1305031103.375327 -0.011893038 0.062298194 0.310396463 -0.079429291 -0.041660354 0.015928902 0.995842218
1305031103.411260 -0.013181699 0.057190120 0.307885706 -0.083020858 -0.040089980 0.016919797 0.995597363
1305031103.443280 -0.014863159 0.055647526 0.304006487 -0.082948096 -0.041530363 0.016283523 0.995554984
1305031103.475274 -0.014428017 0.052267298 0.301175416 -0.083350092 -0.044406824 0.014798645 0.995420456
1305031103.511333 -0.013093171 0.048255395 0.296568662 -0.081552990 -0.046719894 0.012658405 0.995492876
1305031103.543444 -0.012044640 0.042650525 0.289829731 -0.078756623 -0.048220977 0.010423107 0.995672345
1305031103.575474 -0.012952743 0.039609063 0.279507697 -0.074600600 -0.048931636 0.010221495 0.995959818
1305031103.611223 -0.016786126 0.040787537 0.266644329 -0.068333134 -0.049742602 0.009765823 0.996373892
1305031103.643445 -0.016689580 0.037446745 0.257649273 -0.065487579 -0.053577289 0.009867270 0.996365130
1305031103.675523 -0.013632308 0.034607835 0.249459162 -0.062965773 -0.057375036 0.010754535 0.996307015
1305031103.711610 -0.010083133 0.027359163 0.244791970 -0.064242922 -0.059742723 0.012445189 0.996066689
1305031103.743326 -0.008390712 0.022157345 0.235518947 -0.062484413 -0.059841383 0.011584944 0.996182978
1305031103.775342 -0.008240853 0.021825222 0.223709658 -0.058135562 -0.059208583 0.008092177 0.996518493
1305031103.811242 -0.009299927 0.022687234 0.206113786 -0.055924077 -0.056888677 0.003172218 0.996807933
1305031103.843251 -0.013345937 0.023219984 0.192223787 -0.057362612 -0.054547500 0.000236863 0.996862113
1305031103.875361 -0.013918422 0.014745045 0.183104932 -0.065335728 -0.057336491 -0.002582090 0.996211350
1305031103.911221 -0.012902683 0.008100917 0.172693387 -0.065821961 -0.061347693 -0.004432234 0.995933890
1305031103.943211 -0.011835559 0.005693316 0.160526395 -0.063838482 -0.064013578 -0.005190471 0.995891571
1305031103.975373 -0.008827767 0.000527449 0.150305420 -0.062696189 -0.066796571 -0.006059329 0.995776415
1305031104.011232 -0.004412899 -0.004653130 0.141420275 -0.059337482 -0.068457216 -0.007102628 0.995862544
1305031104.043249 -0.001601957 -0.006108167 0.129188359 -0.051633108 -0.065825231 -0.009132833 0.996452510
1305031104.075425 0.000374248 -0.005933619 0.118807316 -0.046996430 -0.061877970 -0.011583389 0.996909380
1305031104.111235 0.003844847 -0.011136857 0.109513730 -0.044817060 -0.056997180 -0.012934580 0.997283995
1305031104.143230 0.002492222 -0.015277351 0.095660590 -0.040458240 -0.050220642 -0.014127105 0.997818351
1305031104.175424 0.001530088 -0.016701484 0.083947100 -0.036005020 -0.046503145 -0.015042418 0.998155713
1305031104.211283 0.001908762 -0.021282827 0.072442457 -0.032705996 -0.043624397 -0.014941201 0.998400688
1305031104.243196 0.003294041 -0.022050204 0.063291490 -0.027640831 -0.041941874 -0.014816881 0.998627722
1305031104.275546 0.004141815 -0.023408290 0.052950084 -0.023055138 -0.039394014 -0.015728328 0.998833895
1305031104.311219 0.004500254 -0.025072601 0.042841453 -0.019518971 -0.035961155 -0.016029671 0.999033928
1305031104.343342 0.005765294 -0.024515577 0.033942290 -0.015796263 -0.032161172 -0.016596839 0.999220073
1305031104.375837 0.008965606 -0.029123301 0.030914070 -0.016631877 -0.028533353 -0.014439859 0.999350131
1305031104.411509 0.006203349 -0.029027540 0.021637274 -0.014781516 -0.023702588 -0.014307553 0.999507368
1305031104.443288 0.000621968 -0.027443897 0.011731358 -0.013267668 -0.020278327 -0.014342993 0.999603450
1305031104.475456 -0.003648097 -0.030278839 0.002169555 -0.014571066 -0.020040212 -0.014089781 0.999593675
1305031104.511329 -0.003902943 -0.032162815 -0.003949098 -0.013949619 -0.022750886 -0.012820238 0.999561608
1305031104.543368 -0.001877258 -0.033680901 -0.011417835 -0.010742248 -0.025384067 -0.012056596 0.999547362
1305031104.575343 0.004866616 -0.039554760 -0.015330082 -0.008114656 -0.027687665 -0.010135951 0.999532282
1305031104.611336 0.010884452 -0.043469671 -0.016881660 0.000937196 -0.025448445 -0.008121418 0.999642730
1305031104.643243 0.014501138 -0.045158502 -0.027701089 0.012122690 -0.018663416 -0.007669657 0.999722898
1305031104.675525 0.016499544 -0.051040005 -0.037762199 0.021741852 -0.010786867 -0.006597649 0.999683678
1305031104.711277 0.013371795 -0.046203487 -0.043976214 0.035893030 -0.001915080 -0.005235054 0.999340057
1305031104.743280 0.012980254 -0.041776039 -0.050747581 0.050528564 0.005732048 -0.002644916 0.998702645
1305031104.775327 0.017758459 -0.047777746 -0.062256359 0.061797969 0.011405346 0.000068459 0.998023510
1305031104.811465 0.020206168 -0.046718836 -0.071634077 0.072227001 0.017612536 0.002804514 0.997228742
1305031104.843258 0.018097986 -0.038024019 -0.075742751 0.083369583 0.024825575 0.004129549 0.996200860
1305031104.875350 0.014336538 -0.035449900 -0.078693628 0.088732079 0.028871434 0.006320334 0.995616913
1305031104.911534 0.016514160 -0.032124605 -0.079701148 0.091404341 0.029111262 0.008727266 0.995350003
1305031104.943262 0.015573926 -0.031091813 -0.079451956 0.092291467 0.030304378 0.009163992 0.995228589
1305031104.975202 0.013386318 -0.024414461 -0.076994501 0.092855915 0.030218434 0.009382618 0.995176673
1305031105.011290 0.014194550 -0.021271121 -0.072149448 0.088596672 0.029571911 0.010405219 0.995574117
1305031105.043373 0.014183920 -0.021363761 -0.068565361 0.082129374 0.029054875 0.008488009 0.996161878
1305031105.075320 0.011904786 -0.018878646 -0.057515040 0.075651251 0.028803676 0.006760494 0.996695340
1305031105.111299 0.009615345 -0.019180687 -0.048841555 0.069879808 0.028316252 0.005304974 0.997139335
1305031105.143106 0.007027042 -0.013950331 -0.041665770 0.064527437 0.026104545 0.002547891 0.997571170
1305031105.175159 0.004873813 -0.007926908 -0.030288186 0.052793611 0.022984916 -0.000202124 0.998340845
1305031105.211268 0.002885461 -0.014946780 -0.019081671 0.038518779 0.018898828 -0.002155614 0.999076843
1305031105.243270 -0.003361022 -0.010895655 -0.010703032 0.031564713 0.015544884 -0.004973991 0.999368429
1305031105.275288 -0.005840267 -0.007561794 0.000152995 0.021853685 0.009424299 -0.005690714 0.999700546
1305031105.311290 -0.008406857 -0.010993666 0.010038473 0.010327144 0.002407140 -0.006971447 0.999919534
1305031105.343302 -0.008205860 -0.014610701 0.025372310 0.000672074 -0.005243957 -0.007380218 0.999958754
1305031105.375338 -0.009954328 -0.014190515 0.036304954 -0.002647367 -0.009911482 -0.007349887 0.999920368
1305031105.411286 -0.010463596 -0.007798314 0.046816904 -0.006433283 -0.014856876 -0.007853180 0.999838114
1305031105.443316 -0.011282947 -0.011229360 0.059451845 -0.014384770 -0.019004596 -0.008411052 0.999680519
1305031105.475280 -0.012973938 -0.008783092 0.069546014 -0.016841121 -0.021785803 -0.008686502 0.999583066
1305031105.511332 -0.012016559 -0.007147111 0.081118621 -0.021307604 -0.025197748 -0.008485523 0.999419332
1305031105.543282 -0.011284531 -0.007979936 0.093736485 -0.025945839 -0.026637992 -0.007225048 0.999282241
1305031105.575449 -0.011423323 -0.006923963 0.103610441 -0.028905729 -0.028129986 -0.006604002 0.999164402
1305031105.611378 -0.012180818 -0.006793919 0.117184542 -0.031376824 -0.028944192 -0.006592441 0.999066710
1305031105.643273 -0.013081882 -0.006105441 0.127408549 -0.032190003 -0.029287038 -0.003835230 0.999045253
1305031105.675166 -0.010955283 -0.003208600 0.139430210 -0.033313140 -0.031202016 -0.002596184 0.998954415
1305031105.711309 -0.007411282 -0.006073591 0.150524437 -0.034294736 -0.030319396 -0.002518674 0.998948574
1305031105.743312 -0.007563818 -0.000154441 0.160031691 -0.030721534 -0.026121363 -0.002445014 0.999183595
1305031105.775339 -0.005252460 -0.001548538 0.169934884 -0.032554969 -0.022492260 -0.002511868 0.999213696
1305031105.811283 -0.006717359 0.000399385 0.180611715 -0.030810546 -0.016739881 -0.001764936 0.999383509
1305031105.843271 -0.004692806 0.002448889 0.191921964 -0.029102499 -0.013880550 -0.000757705 0.999479771
1305031105.875337 -0.003439883 0.008201320 0.202064306 -0.027072122 -0.008919447 0.001858033 0.999591947
1305031105.911262 -0.003081631 0.011434603 0.212541774 -0.029245911 -0.005018224 0.006540258 0.999538243
1305031105.943272 -0.002355780 0.014796183 0.221248865 -0.031799078 -0.002094025 0.009351950 0.999448359
1305031105.975329 -0.003331690 0.018906329 0.232243776 -0.035384275 0.000542590 0.010531100 0.999318123
1305031106.011285 -0.002982452 0.022015421 0.241239011 -0.039343812 0.002824704 0.012134392 0.999148071
1305031106.043355 -0.003301157 0.025895840 0.250619799 -0.043097846 0.004824733 0.013098977 0.998973370
1305031106.075330 -0.003776607 0.028881803 0.259455681 -0.046972770 0.005522320 0.015337534 0.998763144
1305031106.111327 -0.003591736 0.035478637 0.268993109 -0.050009422 0.004680121 0.016725613 0.998597741
1305031106.143355 -0.005306914 0.036744490 0.278109789 -0.057259485 0.003610810 0.018731579 0.998177052
1305031106.175534 -0.006896001 0.039270308 0.287320554 -0.060390126 0.002268245 0.019133788 0.997988880
1305031106.211275 -0.007229528 0.039516788 0.295309395 -0.064000480 0.000332031 0.019687040 0.997755587
1305031106.243267 -0.007537698 0.041671321 0.300885528 -0.064023025 -0.001451113 0.023572907 0.997668922
1305031106.276385 -0.007981365 0.045907628 0.305758655 -0.064447507 -0.003259845 0.024969291 0.997603357
1305031106.311238 -0.008535786 0.048769712 0.309500009 -0.067574590 -0.004310170 0.028044844 0.997310698
1305031106.343258 -0.009620057 0.054239195 0.311008006 -0.071352661 -0.005068820 0.028845344 0.997021079
1305031106.375388 -0.005010552 0.057499345 0.315131992 -0.078532487 -0.008021942 0.022621647 0.996622562
1305031106.411320 -0.008094355 0.053313773 0.317744166 -0.085888676 -0.000369923 0.014163299 0.996204019
1305031106.443278 -0.007612770 0.043622978 0.292062253 -0.090699486 0.003428130 0.010878676 0.995813012
1305031106.475345 -0.009502711 0.041417953 0.289405316 -0.091102511 0.003301601 0.009472372 0.995791018
1305031106.511129 -0.011429958 0.037386708 0.285243422 -0.090541460 0.000875819 0.009069315 0.995851040
1305031106.543302 -0.011525504 0.042177089 0.302226305 -0.084106803 -0.004207319 0.008296409 0.996413291
1305031106.575282 -0.009724203 0.034035273 0.270397902 -0.084215745 -0.005842857 0.007845910 0.996399522
1305031106.611151 -0.012288128 0.034190197 0.260865867 -0.082722671 -0.007204992 0.004480809 0.996536493
1305031106.643207 -0.011130248 0.027322007 0.252714485 -0.084967688 -0.010810361 0.002311263 0.996322393
1305031106.675279 -0.016461812 0.032002561 0.263641536 -0.079611078 -0.011911340 0.001404200 0.996753812
1305031106.711508 -0.018229173 0.028577495 0.253430694 -0.081716508 -0.016850190 0.000488650 0.996513069
1305031106.743341 -0.017865531 0.025188483 0.241632462 -0.080760866 -0.023780091 0.001002381 0.996449292
1305031106.775390 -0.015791565 0.021582304 0.229108319 -0.080587342 -0.030655509 0.000902823 0.996275604
1305031106.811289 -0.017656446 0.022137035 0.217936099 -0.079340659 -0.033269040 -0.000346373 0.996292174
1305031106.843416 -0.013297487 0.011539154 0.190837398 -0.083676592 -0.038727563 -0.000767864 0.995739818
1305031106.875905 -0.013635036 0.008641599 0.193943337 -0.077783749 -0.041441176 -0.005059453 0.996095717
1305031106.911243 -0.013893360 0.009625131 0.179333165 -0.072853528 -0.040528994 -0.009654609 0.996472061
1305031106.943439 -0.013217180 0.003500253 0.167931750 -0.072672412 -0.039824396 -0.013800680 0.996464908
1305031106.975547 -0.011076211 -0.002805248 0.154755294 -0.067784309 -0.038564358 -0.016844101 0.996812105
1305031107.011576 -0.012740165 0.000904724 0.138223633 -0.058883227 -0.034793336 -0.020887226 0.997439682
1305031107.043281 -0.012644830 -0.005497141 0.127831250 -0.060837317 -0.032387596 -0.022870228 0.997359931
1305031107.075432 -0.013845127 -0.011694771 0.114129141 -0.057358868 -0.031090461 -0.023605524 0.997590125
1305031107.111229 -0.013391345 -0.012014263 0.100286759 -0.052238662 -0.031663436 -0.023981526 0.997844398
1305031107.143260 -0.011189407 -0.012370666 0.089716613 -0.050117344 -0.031590272 -0.024555204 0.997941554
1305031107.175399 -0.009861452 -0.019291183 0.080301680 -0.049863808 -0.030297251 -0.024952937 0.997984469
1305031107.211358 -0.006902754 -0.023757804 0.069927059 -0.044330530 -0.029016616 -0.026110042 0.998254001
1305031107.243378 -0.006208685 -0.022197999 0.059165440 -0.037008129 -0.025725564 -0.026049044 0.998644114
1305031107.275398 -0.004592283 -0.026837166 0.049901441 -0.032548834 -0.022722444 -0.026473610 0.998861074
1305031107.311226 -0.003131344 -0.031207003 0.040762108 -0.026190409 -0.019405965 -0.027101727 0.999101043
1305031107.343509 -0.000196573 -0.033858586 0.031936526 -0.014927388 -0.016227307 -0.026710575 0.999400020
1305031107.375413 0.001101776 -0.028364170 0.020120118 -0.004775239 -0.011254439 -0.027046183 0.999559402
1305031107.411271 0.002273542 -0.027788436 0.014707302 0.002314243 -0.006490537 -0.028140888 0.999580204
1305031107.443419 0.007335750 -0.031050034 0.010731547 0.006522985 -0.003393791 -0.026859961 0.999612153
1305031107.475377 0.008245360 -0.031550616 0.007023205 0.009559056 0.001604366 -0.026103050 0.999612212
1305031107.511352 0.009864962 -0.027243854 0.003922211 0.012195096 0.005037496 -0.025571413 0.999585927
1305031107.543605 0.012848331 -0.028449994 0.003414134 0.009192890 0.007242457 -0.023308553 0.999659836
1305031107.575454 0.015717175 -0.032798775 0.005230183 0.007596537 0.008556936 -0.020351117 0.999727428
1305031107.611271 0.016175486 -0.025989499 0.003726463 0.010207142 0.010475860 -0.019080618 0.999710917
1305031107.643323 0.016004240 -0.025503254 0.005706290 0.006797338 0.012250188 -0.017941434 0.999740899
1305031107.675568 0.016222814 -0.025580706 0.007287145 0.005438733 0.012635438 -0.017618623 0.999750137
1305031107.711307 0.015488928 -0.022199258 0.008385424 0.004989389 0.012678696 -0.016710300 0.999767542
1305031107.743538 0.013615250 -0.019660411 0.008349225 0.001918224 0.012011947 -0.015615480 0.999804080
1305031107.775802 0.012373359 -0.018843204 0.011368512 -0.000482743 0.009686318 -0.017553005 0.999798894
1305031107.811596 0.015266831 -0.017911363 0.012805975 -0.002785979 0.006699780 -0.017107354 0.999827325
1305031107.843332 0.016611755 -0.016076280 0.015293631 -0.004820094 0.005896324 -0.017687317 0.999814570
1305031107.875358 0.020624544 -0.018012637 0.018293712 -0.005981590 0.005811716 -0.021287838 0.999738634
1305031107.911541 0.023327349 -0.018905111 0.020215772 -0.005457578 0.008631058 -0.023672486 0.999667585
1305031107.943122 0.027708208 -0.018395834 0.023052819 -0.003181670 0.011586854 -0.023636136 0.999648392
1305031107.975807 0.035406686 -0.019243861 0.027037935 -0.000946318 0.014470858 -0.022995755 0.999630392
1305031108.011320 0.040904861 -0.018695209 0.026437039 0.003059108 0.019359449 -0.024901770 0.999497771
1305031108.043418 0.048479743 -0.018356392 0.025444813 0.004996178 0.024394702 -0.023656063 0.999409974
1305031108.075352 0.061514638 -0.018949000 0.031419046 0.006514832 0.032963872 -0.017190943 0.999287426
1305031108.111378 0.065038309 -0.020320660 0.032600097 0.008798088 0.040179212 -0.017736239 0.998996317
1305031108.143334 0.073028147 -0.017070729 0.031692956 0.011566507 0.042178646 -0.016897056 0.998900235
1305031108.176058 0.082794331 -0.012959012 0.033516597 0.010967003 0.046190575 -0.012654833 0.998792291
1305031108.211475 0.092775717 -0.014095630 0.038479000 0.005815593 0.047159966 -0.013127895 0.998784125
1305031108.243347 0.105279431 -0.020748341 0.040586405 0.002784068 0.048941169 -0.015400955 0.998679042
1305031108.275358 0.107396722 -0.014034039 0.042070862 0.005101399 0.055559073 -0.014846060 0.998331964
1305031108.311332 0.114524707 -0.012328740 0.043000169 0.001407464 0.057129551 -0.013342846 0.998276591
1305031108.343278 0.121185593 -0.010415992 0.046227783 -0.003675177 0.056251302 -0.011668368 0.998341680
1305031108.375410 0.127303377 -0.007524262 0.050763950 -0.007952615 0.053779945 -0.006318834 0.998501122
1305031108.411361 0.138700753 -0.006795082 0.054515578 -0.012563999 0.049027644 -0.000125408 0.998718381
1305031108.443610 0.145593405 -0.008003946 0.055880111 -0.017835457 0.049036834 0.005574655 0.998622179
1305031108.475471 0.159324750 -0.010602410 0.056850068 -0.021518366 0.046274655 0.013055501 0.998611629
1305031108.511378 0.175284639 -0.012663743 0.059956681 -0.021622807 0.047033504 0.018511387 0.998487651
1305031108.543737 0.186336607 -0.015123786 0.061480325 -0.018273605 0.053144675 0.017290996 0.998269856
1305031108.575414 0.194688603 -0.008917294 0.058004901 -0.012778428 0.058382418 0.015849862 0.998086631
1305031108.611407 0.213300422 -0.004255946 0.063674390 -0.010786244 0.059458736 0.017433085 0.998020232
1305031108.643303 0.201608092 -0.000974899 0.061880767 -0.010113430 0.068865225 0.018785829 0.997397780
1305031108.675375 0.216256186 0.002655849 0.061884370 -0.011842955 0.071728855 0.023254784 0.997082710
1305031108.711411 0.218610853 0.002445032 0.067186393 -0.015987581 0.081245385 0.027414609 0.996188760
1305031108.743502 0.220271423 -0.000618205 0.068909898 -0.018873695 0.088298745 0.027014602 0.995548725
1305031108.775493 0.229852304 0.001903656 0.067481682 -0.018870931 0.090112038 0.030596664 0.995282590
1305031108.811244 0.230932683 0.000160869 0.068450615 -0.021158854 0.094650887 0.035472535 0.994653285
1305031108.843264 0.230912149 -0.001215633 0.068892270 -0.020438982 0.095340408 0.040933069 0.994392693
1305031108.876515 0.234124467 -0.002335822 0.064673439 -0.018946130 0.091860168 0.046990789 0.994482100
1305031108.911364 0.233691335 -0.008045277 0.062800184 -0.018219234 0.088925943 0.051520951 0.994538009
1305031108.943243 0.227625698 -0.009211306 0.062389117 -0.013546739 0.087456487 0.050367299 0.994801998
1305031108.975268 0.227927446 -0.003681896 0.055221893 -0.007823180 0.080248974 0.050363421 0.995470941
1305031109.011269 0.228072733 -0.003768329 0.054928951 -0.008424235 0.075588264 0.048874989 0.995904922
1305031109.043277 0.222585604 -0.003231038 0.052896399 -0.007136160 0.075061105 0.046892606 0.996050179
1305031109.075410 0.214578032 0.001000176 0.052958630 -0.007562448 0.073254131 0.041198242 0.996433318
1305031109.111282 0.211545750 -0.000454471 0.051489048 -0.011554803 0.070117548 0.039545219 0.996687591
1305031109.143334 0.194988206 -0.003718068 0.051139861 -0.013689372 0.072019659 0.035361435 0.996682167
1305031109.175464 0.189974874 -0.000308317 0.048110891 -0.012504643 0.064033039 0.032733303 0.997332394
1305031109.211379 0.183428511 0.008917083 0.049033549 -0.014240938 0.058203503 0.036079615 0.997550905
1305031109.243290 0.172526777 0.005403024 0.049449496 -0.024431095 0.056500118 0.040157329 0.997295439
1305031109.275308 0.164746925 -0.001366527 0.047767509 -0.028617231 0.052512079 0.044312704 0.997226119
1305031109.311329 0.153038874 -0.000159101 0.046919838 -0.025651235 0.044052433 0.043708667 0.997742951
1305031109.343248 0.142637879 -0.000266956 0.046502430 -0.029017171 0.035037339 0.040541500 0.998141646
1305031109.375397 0.139539242 -0.001604241 0.046522167 -0.031912833 0.026185010 0.041691996 0.998277366
1305031109.411329 0.130846724 0.000778338 0.043801963 -0.031582195 0.018730579 0.038332406 0.998590171
1305031109.443302 0.121741802 0.003858204 0.044368386 -0.033973619 0.013457604 0.032443456 0.998805344
1305031109.475363 0.113294497 0.001899171 0.044284683 -0.037431486 0.010591531 0.028653396 0.998832166
1305031109.511273 0.102474391 -0.000481203 0.043338045 -0.037594508 0.008627115 0.024628762 0.998952270
1305031109.543294 0.092667222 0.000714260 0.042013604 -0.034470286 0.007096172 0.022189420 0.999134183
1305031109.575362 0.082859032 0.001399458 0.039989676 -0.034340378 0.006715640 0.022089792 0.999143481
1305031109.611310 0.070901096 0.002850205 0.038395286 -0.033827979 0.006455765 0.019768186 0.999211311
1305031109.643229 0.062541902 0.005368458 0.038042959 -0.033306543 0.004859261 0.018682664 0.999258757
1305031109.675263 0.049566478 0.006154591 0.035778657 -0.035525620 0.006050261 0.020582501 0.999138474
1305031109.711312 0.040213384 0.009541613 0.033845577 -0.037214775 0.002761531 0.020098928 0.999101341
1305031109.743274 0.029612413 0.009289004 0.035248011 -0.041956887 0.000235725 0.019323222 0.998932540
1305031109.775277 0.022461537 0.008624393 0.037308555 -0.045214862 -0.002246411 0.019677438 0.998780966
1305031109.811371 0.009277089 0.009816451 0.035578452 -0.047111161 -0.001427471 0.018523552 0.998716891
1305031109.843296 -0.001518477 0.010526718 0.036064923 -0.050229434 -0.003339893 0.017024579 0.998587012
1305031109.875306 -0.013406606 0.011031216 0.036011700 -0.054045189 -0.005606298 0.016046980 0.998393774
1305031109.911265 -0.021752685 0.010131860 0.042458747 -0.055534732 -0.012720925 0.011046991 0.998314619
1305031109.943299 -0.032538664 0.016100496 0.040786024 -0.055013627 -0.014707863 0.007063934 0.998352289
1305031109.975258 -0.043131389 0.015882773 0.046191785 -0.059492793 -0.016775478 0.002266587 0.998085201
1305031110.011256 -0.052377217 0.016751766 0.048880715 -0.061649274 -0.019287990 -0.004594566 0.997900903
1305031110.043299 -0.061692849 0.016214628 0.049675174 -0.064476632 -0.020047972 -0.011859084 0.997647345
1305031110.075319 -0.072102927 0.018998904 0.050883822 -0.065553583 -0.019740619 -0.017244337 0.997504711
1305031110.111325 -0.081940562 0.020359462 0.054186329 -0.069715112 -0.021285674 -0.021589054 0.997106135
1305031110.143432 -0.095296808 0.015290998 0.054389071 -0.073040657 -0.022591751 -0.025853854 0.996737778
1305031110.175641 -0.102191947 0.021285506 0.055513076 -0.072341517 -0.026783051 -0.026814615 0.996659577
1305031110.211637 -0.111051962 0.018797269 0.057490960 -0.077143922 -0.029486582 -0.028813813 0.996167183
1305031110.243323 -0.119641505 0.015712038 0.057990395 -0.078955606 -0.033320799 -0.028212639 0.995921552
1305031110.279321 -0.125714675 0.017852219 0.059481353 -0.076106548 -0.037676442 -0.029206621 0.995959461
1305031110.311404 -0.135571286 0.016313821 0.058306418 -0.074414164 -0.040068354 -0.031025946 0.995938957
1305031110.343355 -0.144247979 0.019066738 0.057394631 -0.072553247 -0.044277016 -0.031746168 0.995875359
1305031110.379281 -0.157134086 0.017737832 0.054439772 -0.072452366 -0.046859108 -0.035066046 0.995653212
1305031110.411469 -0.164240271 0.023399122 0.053667508 -0.070247464 -0.053591438 -0.037192319 0.995394409
1305031110.443260 -0.175745741 0.027984386 0.055607453 -0.072961338 -0.057696868 -0.040478356 0.994841337
1305031110.479331 -0.187081546 0.026732666 0.056106225 -0.076029852 -0.063161187 -0.046965756 0.993994176
1305031110.511429 -0.194022343 0.025777191 0.056593679 -0.077180803 -0.071269736 -0.051235046 0.993145823
1305031110.543408 -0.200849384 0.030441578 0.055759735 -0.077149116 -0.077856705 -0.053861830 0.992514610
1305031110.579426 -0.207985908 0.034887150 0.057222128 -0.080240287 -0.083884679 -0.058625747 0.991507888
1305031110.611307 -0.214104727 0.030843910 0.060853969 -0.086051695 -0.087921746 -0.062146820 0.990455747
1305031110.643418 -0.221506447 0.027511366 0.059391912 -0.086142525 -0.089592472 -0.065545216 0.990079045
1305031110.679606 -0.226313606 0.036602542 0.058285166 -0.082357652 -0.092044093 -0.067827620 0.990022480
1305031110.711412 -0.230469018 0.032883808 0.058926810 -0.087572187 -0.094132110 -0.069176354 0.989285052
1305031110.743249 -0.234606504 0.032939214 0.060956031 -0.087987952 -0.095809340 -0.070538178 0.988990963
1305031110.779193 -0.235235751 0.034462173 0.059841409 -0.087331846 -0.098505706 -0.071088210 0.988744736
1305031110.811386 -0.237636507 0.032443780 0.057698682 -0.089025594 -0.097280204 -0.072197959 0.988634646
1305031110.843218 -0.240939796 0.031614751 0.057851750 -0.091059811 -0.098543949 -0.074717611 0.988136888
1305031110.879313 -0.238787562 0.030848933 0.057870623 -0.091375656 -0.101796530 -0.074441545 0.987798810
1305031110.911333 -0.238427177 0.033985365 0.059355505 -0.090520106 -0.102889597 -0.074673846 0.987746775
1305031110.943862 -0.234356731 0.032668013 0.058962390 -0.091203623 -0.106105447 -0.075816706 0.987256467
1305031110.979345 -0.225299820 0.034078803 0.058714669 -0.090691559 -0.108124286 -0.075587146 0.987102211
1305031111.011431 -0.216876477 0.031287573 0.060523216 -0.093601115 -0.105606854 -0.074717693 0.987169325
1305031111.043327 -0.212665841 0.032979280 0.060473781 -0.091656908 -0.099840298 -0.072631091 0.988107085
1305031111.079283 -0.209278584 0.037534513 0.060658675 -0.091401286 -0.096071959 -0.070288345 0.988673627
1305031111.111508 -0.201867253 0.031803641 0.062275462 -0.095424272 -0.094773270 -0.067346416 0.988623619
1305031111.143257 -0.194975138 0.030749988 0.063078173 -0.093912989 -0.092460908 -0.066116698 0.989070237
1305031111.179326 -0.181985751 0.029843096 0.062118970 -0.091716819 -0.091587648 -0.066242322 0.989349127
1305031111.211433 -0.173354477 0.029599292 0.061037406 -0.089931451 -0.083613820 -0.062669285 0.990451217
1305031111.243236 -0.171356425 0.027991241 0.063190304 -0.089865096 -0.078643836 -0.062824428 0.990854442
1305031111.279308 -0.156096324 0.023328835 0.063940987 -0.087345682 -0.080748245 -0.060556535 0.991051614
1305031111.311547 -0.153123960 0.027928684 0.059659820 -0.082091898 -0.073147215 -0.057234455 0.992287576
1305031111.343397 -0.149010867 0.029401492 0.060217299 -0.084903926 -0.074534304 -0.057093333 0.991955817
1305031111.379134 -0.134568751 0.021511162 0.064100862 -0.087395914 -0.079733521 -0.053428359 0.991539180
1305031111.411296 -0.130281642 0.024542537 0.061919641 -0.081274621 -0.078729086 -0.052706603 0.992178500
1305031111.443386 -0.116761550 0.026053488 0.066017956 -0.080537431 -0.086209655 -0.057547748 0.991347492
1305031111.479259 -0.090452991 0.026570957 0.074398190 -0.076284155 -0.088623010 -0.055308241 0.991598547
1305031111.511264 -0.082779147 0.022745427 0.072011411 -0.073692597 -0.076267190 -0.054773070 0.992850780
1305031111.543250 -0.071986213 0.021428268 0.074339859 -0.070275329 -0.071086496 -0.052971434 0.993580461
1305031111.579237 -0.059210230 0.024022432 0.072079219 -0.065036297 -0.062984727 -0.047579512 0.994755983
1305031111.611271 -0.064140037 0.019556724 0.063994087 -0.068294972 -0.052463878 -0.041451301 0.995422065
1305031111.643395 -0.046369493 0.011798462 0.069157645 -0.068171009 -0.057878785 -0.033723503 0.995422244
1305031111.679320 -0.029966891 0.017931102 0.067065664 -0.060384382 -0.052730087 -0.025062190 0.996466339
1305031111.711760 -0.021680450 0.016941801 0.067357108 -0.060278710 -0.044136114 -0.023973549 0.996917129
1305031111.743386 -0.001642119 0.016397465 0.076438680 -0.056198042 -0.038582347 -0.019089444 0.997491241
1305031111.779423 0.018804070 0.010267563 0.070812702 -0.056088544 -0.025612421 -0.016443439 0.997961760
1305031111.811406 0.019298445 0.012239244 0.073068328 -0.052260637 -0.007432641 -0.015322933 0.998488247
1305031111.843299 0.018821230 0.014324198 0.067802615 -0.047152963 0.007484265 -0.014988196 0.998747170
1305031111.879442 0.029867509 0.016952854 0.069852240 -0.046740919 0.012823644 -0.009484785 0.998779714
1305031111.911354 0.029207982 0.013291605 0.068892032 -0.046958320 0.017111789 -0.005380389 0.998735785
1305031111.943300 0.043636177 0.012733214 0.069883063 -0.045584790 0.010692212 0.004526546 0.998892963
1305031111.979449 0.062402826 0.017246306 0.074253649 -0.042126719 0.007942940 0.010758584 0.999022782
1305031112.011433 0.067993760 0.014081054 0.073207311 -0.041317821 0.017585739 0.009883597 0.998942375
1305031112.043270 0.080116034 0.012783302 0.072520986 -0.038598519 0.024109833 0.008747080 0.998925626
1305031112.079339 0.098469973 0.007332924 0.068755656 -0.039614473 0.031129191 0.008953247 0.998689890
1305031112.111423 0.098045245 0.009523798 0.069831014 -0.036189139 0.043524530 0.006071643 0.998378217
1305031112.144342 0.112488963 0.012923655 0.069763824 -0.033775650 0.045531280 0.000107774 0.998391747
1305031112.179390 0.121683091 0.010429823 0.070568815 -0.037385449 0.058016047 -0.004138359 0.997606814
1305031112.211254 0.130805209 0.006105655 0.073718280 -0.038739644 0.067354575 -0.008788682 0.996937990
1305031112.243369 0.139298186 0.001400851 0.073830754 -0.034803793 0.076871797 -0.012739373 0.996351898
1305031112.279353 0.147080123 0.002684841 0.074714266 -0.028766995 0.083276503 -0.015549942 0.995989799
1305031112.311312 0.154529512 -0.000569802 0.076296881 -0.023876766 0.085536212 -0.017535798 0.995894551
1305031112.343323 0.162272468 0.000287132 0.074730687 -0.016605569 0.085581861 -0.015585143 0.996070802
1305031112.379360 0.171039239 0.001002337 0.073761880 -0.011990358 0.084150031 -0.011846083 0.996310532
1305031112.411442 0.181473970 0.001827562 0.072520480 -0.009185761 0.080782957 -0.007187678 0.996663451
1305031112.443391 0.190977663 -0.000575508 0.072559796 -0.007586477 0.079195529 -0.000618538 0.996830046
1305031112.479418 0.195712715 -0.000589235 0.071526848 -0.004440438 0.078831770 0.008904606 0.996838272
1305031112.511504 0.201762334 -0.000952720 0.071384273 -0.002481047 0.075700723 0.016372260 0.996993065
1305031112.543212 0.209053189 -0.001899417 0.070276357 -0.000339750 0.072147511 0.020499548 0.997183204
1305031112.579252 0.215764672 -0.000697393 0.070466682 0.002112995 0.068969823 0.025868282 0.997281075
1305031112.611261 0.229258999 0.003115820 0.069911517 0.003623967 0.065771244 0.032314066 0.997304797
1305031112.643246 0.236304522 0.003335954 0.069220647 0.001004532 0.071355797 0.040336311 0.996634483
1305031112.679952 0.235878214 0.001937201 0.071115732 -0.001955422 0.079376034 0.042458765 0.995938182
1305031112.711251 0.239923805 0.004181741 0.069323018 -0.003040568 0.082497142 0.045063674 0.995567322
1305031112.743245 0.258007139 0.018954553 0.074920431 -0.000883608 0.078355707 0.048141874 0.995761991
1305031112.779310 0.255219787 0.013041680 0.076136194 -0.011313575 0.083974756 0.050264101 0.995135069
1305031112.811310 0.247306809 0.010851143 0.076521531 -0.013925050 0.086411335 0.049073640 0.994952738
1305031112.843286 0.247365400 0.016593577 0.076508321 -0.013870006 0.079805516 0.047983553 0.995558262
1305031112.879421 0.246392339 0.016990824 0.077506810 -0.017283624 0.076382712 0.050097611 0.995669186
1305031112.911411 0.238243341 0.018371820 0.078380384 -0.019215588 0.075072162 0.052106921 0.995630324
1305031112.943321 0.233107552 0.015073394 0.077458501 -0.022451421 0.070340939 0.051286664 0.995950699
1305031112.979278 0.229641244 0.013235157 0.076206416 -0.023974026 0.064249776 0.048139922 0.996483684
1305031113.011353 0.228878975 0.020409014 0.075414725 -0.022184223 0.058735125 0.049671754 0.996790230
1305031113.043231 0.219703585 0.017582946 0.075105086 -0.027737197 0.059033748 0.046487998 0.996787131
1305031113.079251 0.201922923 0.003713145 0.072568469 -0.034081411 0.060601842 0.039834909 0.996784329
1305031113.111316 0.194209829 0.007517322 0.069111750 -0.030033950 0.054885153 0.034567852 0.997442067
1305031113.143306 0.187585160 0.012384568 0.069235027 -0.030563636 0.051865455 0.032498438 0.997657120
1305031113.179343 0.176413968 0.005775067 0.069293760 -0.035730049 0.051897533 0.033841386 0.997439086
1305031113.211259 0.166015670 0.005482208 0.066180728 -0.033812046 0.047169972 0.035798106 0.997672379
1305031113.243227 0.157598734 0.011480017 0.065824710 -0.033365019 0.040788990 0.036738068 0.997934520
1305031113.279312 0.149975821 0.008320943 0.068209827 -0.036198113 0.034612101 0.038525317 0.998001754
1305031113.311452 0.134041294 0.001924234 0.065658890 -0.033545073 0.030225547 0.043086346 0.998050451
1305031113.343252 0.119140670 0.005513136 0.062181227 -0.027839236 0.022329824 0.041698657 0.998492658
1305031113.379312 0.106891096 0.002260934 0.061010465 -0.032337718 0.014017057 0.036688417 0.998705029
1305031113.411625 0.096463844 -0.001524782 0.063340127 -0.032654699 0.006488516 0.038200654 0.998715281
1305031113.443266 0.079780020 -0.000634622 0.059583850 -0.030878561 0.002850776 0.032347802 0.998995483
1305031113.479311 0.065525226 0.001106482 0.059907481 -0.033220112 -0.003052972 0.025179667 0.999126136
1305031113.511523 0.052579593 -0.001135190 0.060888954 -0.038144179 -0.008154079 0.023258515 0.998968244
1305031113.543242 0.038868327 -0.005007284 0.061037827 -0.041131888 -0.012786206 0.020139368 0.998868883
1305031113.579301 0.027359935 -0.002751684 0.059327759 -0.040159605 -0.017405054 0.015566807 0.998920381
1305031113.611268 0.016894782 -0.000483016 0.060849793 -0.041667562 -0.020381441 0.010858193 0.998864591
1305031113.643222 0.008347116 -0.000753656 0.062853537 -0.044583928 -0.021649977 0.007660361 0.998741627
1305031113.679288 -0.002834705 -0.001995551 0.063200980 -0.046225574 -0.020651953 0.004446066 0.998707592
1305031113.711931 -0.011509656 -0.002737705 0.064792141 -0.046619095 -0.020901149 -0.000292543 0.998694003
1305031113.743590 -0.020740358 -0.001302769 0.063351341 -0.045229718 -0.018307710 -0.005449960 0.998793960
1305031113.779320 -0.033918221 -0.002420438 0.063636325 -0.044505358 -0.014270028 -0.010059418 0.998856544
1305031113.811237 -0.043886207 -0.000199556 0.064031042 -0.042562511 -0.013168384 -0.011692300 0.998938560
1305031113.843295 -0.054252964 0.001011493 0.064286910 -0.043017834 -0.010564374 -0.015038756 0.998905241
1305031113.879281 -0.067381121 -0.006305302 0.064333700 -0.044590868 -0.008408166 -0.020238264 0.998764932
1305031113.911290 -0.075457938 -0.000210588 0.064848118 -0.038808644 -0.010252461 -0.020282112 0.998988211
1305031113.943291 -0.082892716 -0.002592959 0.065264821 -0.037785646 -0.009210032 -0.022388808 0.998992562
1305031113.979293 -0.095637344 -0.002458848 0.064607397 -0.034424335 -0.005916807 -0.027957417 0.998998642
1305031114.011257 -0.109737858 -0.001780806 0.063574344 -0.031173337 -0.003136970 -0.033204958 0.998957396
1305031114.043301 -0.124936812 -0.000563568 0.064093024 -0.029231332 -0.003590084 -0.036086943 0.998914599
1305031114.079285 -0.136812463 -0.000784411 0.064641222 -0.027167981 -0.008255159 -0.036028210 0.998947322
1305031114.111263 -0.144941419 0.004509903 0.065350562 -0.022630887 -0.014569439 -0.039360322 0.998862505
1305031114.143284 -0.154159293 0.003458119 0.067822486 -0.023417687 -0.019724967 -0.042172235 0.998641074
1305031114.179337 -0.162528530 -0.001460875 0.068199195 -0.022985687 -0.022164961 -0.045284785 0.998463631
1305031114.211303 -0.174926504 0.009124186 0.068034202 -0.017021073 -0.020861166 -0.047756106 0.998496056
1305031114.243337 -0.190376684 0.005101489 0.066983119 -0.021501612 -0.020551585 -0.050995383 0.998255849
1305031114.279390 -0.204394460 0.006183125 0.067213498 -0.020940883 -0.024617355 -0.052797843 0.998082101
1305031114.311429 -0.212820128 0.007814134 0.068844497 -0.021811951 -0.033060629 -0.052968666 0.997810364
1305031114.343331 -0.214401364 0.008973125 0.072261855 -0.022210775 -0.041745920 -0.054715782 0.997381628
1305031114.379320 -0.221997723 0.006644315 0.073023275 -0.023212023 -0.043476176 -0.059422262 0.997015536
1305031114.411397 -0.233573243 0.007023790 0.073640764 -0.022129072 -0.043394063 -0.064029671 0.996758461
1305031114.443345 -0.244877785 0.010082729 0.074893117 -0.021120768 -0.045846350 -0.065814957 0.996554255
1305031114.479332 -0.261740565 0.013192724 0.081413940 -0.019907122 -0.049876414 -0.067921974 0.996244311
1305031114.511266 -0.263123572 0.015436685 0.081601925 -0.019613383 -0.059978399 -0.069314085 0.995597064
1305031114.543236 -0.260719657 0.007583555 0.076928407 -0.026333077 -0.066235647 -0.068117082 0.995127857
1305031114.579237 -0.264194310 0.006300250 0.077888325 -0.027860636 -0.067224875 -0.064456530 0.995263755
1305031114.611391 -0.269239128 0.007934132 0.076879896 -0.029754918 -0.067233056 -0.061968796 0.995366395
1305031114.644136 -0.276484102 0.007577712 0.078720912 -0.034618553 -0.068074018 -0.061172832 0.995201170
1305031114.679251 -0.280861437 0.004607129 0.079466410 -0.038616911 -0.073814154 -0.062251870 0.994577765
1305031114.711306 -0.280108869 0.002331993 0.079522088 -0.039964736 -0.079684779 -0.061319817 0.994129300
1305031114.743200 -0.283274770 0.006389684 0.087398320 -0.036692891 -0.083341770 -0.065013453 0.993720770
1305031114.779289 -0.282137454 0.006788968 0.086107269 -0.034274463 -0.085398711 -0.068460986 0.993400931
1305031114.811303 -0.280750662 0.009601796 0.085730106 -0.033166956 -0.085668154 -0.068836816 0.993389368
1305031114.843208 -0.278952062 0.008667546 0.085386038 -0.033800736 -0.086918794 -0.071500838 0.993071139
1305031114.879281 -0.275472462 0.011506183 0.084454298 -0.033036295 -0.087789223 -0.071094036 0.993049502
1305031114.912879 -0.271266580 0.013628365 0.084436327 -0.033346154 -0.088925585 -0.071259052 0.992926180
1305031114.943234 -0.264252335 0.016116191 0.083876804 -0.035039756 -0.090253465 -0.072535962 0.992655575
1305031114.979280 -0.257448077 0.020073283 0.085684523 -0.035440166 -0.089126103 -0.073171467 0.992696583
1305031115.011300 -0.250437051 0.023530226 0.085419774 -0.038429148 -0.088946067 -0.074118398 0.992531240
1305031115.043508 -0.240772128 0.018054273 0.088322744 -0.044774178 -0.088685207 -0.074216560 0.992281258
1305031115.079238 -0.233194545 0.022568246 0.089147702 -0.044282172 -0.085822344 -0.074830569 0.992508948
1305031115.111230 -0.214363545 0.021530602 0.090920173 -0.047970243 -0.086986847 -0.072511964 0.992408276
1305031115.143275 -0.207450300 0.019082742 0.094699241 -0.050489340 -0.077650584 -0.070234172 0.993221223
1305031115.179440 -0.205814764 0.023140345 0.096354477 -0.049877975 -0.071119465 -0.070469886 0.993724406
1305031115.211374 -0.189541399 0.015730903 0.099822126 -0.053498305 -0.072873175 -0.067084342 0.993643343
1305031115.243297 -0.178757384 0.014373119 0.104517065 -0.049028277 -0.068270005 -0.063343808 0.994446039
1305031115.279966 -0.165876299 0.019750159 0.105920129 -0.045625899 -0.067535050 -0.059098717 0.994919419
1305031115.311704 -0.145781860 0.014178211 0.113175720 -0.047802214 -0.066914171 -0.052520759 0.995228112
1305031115.343235 -0.131265059 0.017493173 0.113008842 -0.042115793 -0.059981484 -0.049276214 0.996092558
1305031115.379166 -0.134975880 0.024733894 0.110040911 -0.043898419 -0.049747482 -0.044845127 0.996788323
1305031115.411237 -0.121500395 0.021759963 0.116522565 -0.051238988 -0.058314823 -0.041935969 0.996100068
1305031115.443159 -0.099731192 0.021657966 0.119898543 -0.054421619 -0.065203056 -0.036033977 0.995735109
1305031115.479241 -0.094459511 0.020895608 0.118725993 -0.059114162 -0.061652314 -0.030073665 0.995891571
1305031115.511253 -0.068856940 0.015967544 0.125354052 -0.064164497 -0.067396089 -0.026045641 0.995320201
1305031115.543604 -0.045454752 0.020677302 0.133729100 -0.060587704 -0.059956029 -0.019393336 0.996171772
1305031115.579315 -0.037525423 0.022514414 0.135481313 -0.058840580 -0.046128687 -0.013705691 0.997106850
1305031115.611424 -0.026199942 0.020710733 0.132707551 -0.058434114 -0.040008485 -0.008549385 0.997452557
1305031115.643254 -0.011821430 0.018861972 0.131122321 -0.057598326 -0.034286924 -0.001743847 0.997749388
1305031115.679241 -0.001674138 0.015742436 0.128004476 -0.057855293 -0.030419491 0.010490055 0.997806251
1305031115.711320 0.014385729 0.013811709 0.121923335 -0.058588985 -0.031503335 0.018966647 0.997604668
1305031115.743250 0.031410776 0.013584926 0.124151848 -0.058528360 -0.027206972 0.025318248 0.997593701
1305031115.779425 0.043443017 0.012971936 0.122169882 -0.056960955 -0.017870536 0.033710446 0.997647107
1305031115.811277 0.058367938 0.014470544 0.121768102 -0.056213688 -0.010759911 0.040717606 0.997530103
1305031115.843224 0.068799958 0.012146964 0.118041314 -0.059929881 0.000644060 0.049075201 0.996995270
1305031115.879198 0.077961527 0.007346793 0.116331458 -0.061916266 0.007354696 0.058688663 0.996327221
1305031115.911118 0.089471087 0.011801741 0.117984526 -0.057406332 0.009675301 0.063009597 0.996313512
1305031115.943311 0.099360220 0.014394968 0.119731605 -0.057405442 0.016270833 0.069373094 0.995804787
1305031115.980740 0.111118980 0.016752981 0.120305739 -0.057999253 0.020926984 0.074738085 0.995295107
1305031116.011379 0.123116016 0.014470089 0.120189056 -0.062232014 0.029304609 0.078067079 0.994572222
1305031116.043164 0.138976485 0.020389142 0.123469442 -0.062838674 0.036906276 0.080435559 0.994092226
1305031116.080030 0.143917888 0.025627505 0.127010897 -0.065536767 0.049175534 0.085257493 0.992984295
1305031116.111300 0.156064987 0.032721907 0.126283035 -0.067243628 0.058106914 0.088158637 0.992134035
1305031116.143441 0.158844262 0.031040667 0.130665943 -0.072267786 0.069370054 0.091420978 0.990760982
1305031116.179572 0.163845092 0.031133773 0.132169485 -0.074906304 0.076312274 0.093637682 0.989847183
1305031116.211299 0.177164584 0.030159311 0.134305671 -0.080765978 0.077849016 0.097116947 0.988931119
1305031116.243320 0.189829960 0.025938110 0.137032598 -0.085952394 0.081059016 0.100042582 0.987943888
1305031116.279385 0.196606919 0.027346458 0.135770515 -0.085522443 0.090323143 0.102775134 0.986896634
1305031116.311336 0.202684835 0.034541816 0.139234319 -0.084422238 0.098809622 0.107468091 0.985677540
1305031116.343292 0.211740360 0.027535256 0.139868274 -0.089504436 0.102173381 0.111778282 0.984405994
1305031116.379384 0.208307847 0.025309402 0.140140295 -0.084746435 0.110215306 0.110809572 0.984069049
1305031116.411333 0.210584775 0.026190501 0.136456981 -0.081415974 0.111623757 0.114266008 0.983796120
1305031116.443369 0.211151749 0.031436119 0.131728068 -0.080012865 0.113512434 0.123741262 0.982548177
1305031116.479850 0.208644614 0.029662922 0.131920695 -0.080353692 0.116868101 0.128244594 0.981549025
1305031116.511205 0.206814915 0.028182335 0.129740566 -0.079199277 0.115571126 0.123929359 0.982350409
1305031116.543262 0.203123719 0.030125825 0.126549527 -0.075325608 0.115012400 0.119606659 0.983256042
1305031116.579313 0.199542955 0.030096060 0.123288803 -0.075980000 0.110768825 0.118276328 0.983853638
1305031116.611261 0.181804359 0.023174319 0.121659532 -0.078211233 0.112754643 0.108891591 0.984536409
1305031116.643355 0.173853189 0.025381707 0.119676381 -0.074928179 0.104176253 0.100144871 0.986663103
1305031116.679281 0.167588994 0.023251476 0.118900709 -0.076348953 0.094687000 0.090562552 0.988434970
1305031116.711634 0.151963383 0.023281375 0.116665870 -0.075297870 0.093419068 0.080958277 0.989468932
1305031116.743291 0.137478173 0.028327234 0.116895735 -0.073527902 0.090897016 0.069501586 0.990707278
1305031116.779298 0.127703890 0.026387166 0.115840897 -0.076962091 0.085904248 0.059927650 0.991517007
1305031116.811318 0.107343629 0.023909729 0.117483318 -0.077828243 0.088104621 0.050815821 0.991765141
1305031116.846089 0.090629444 0.021657741 0.109536342 -0.076786563 0.080600537 0.043874413 0.992815375
1305031116.880165 0.081919298 0.023610435 0.110296883 -0.077238820 0.067914993 0.036589511 0.994023621
1305031116.912044 0.062216036 0.020604361 0.107979625 -0.078157745 0.061334141 0.032444004 0.994523406
1305031116.943296 0.053409375 0.020648504 0.106981434 -0.079603717 0.045534361 0.025285667 0.995464981
1305031116.979351 0.026986716 0.028831568 0.104932383 -0.073631614 0.041725188 0.013151755 0.996325433
1305031117.011382 0.018933775 0.029832020 0.102320142 -0.071879275 0.027598757 0.004098371 0.997022986
1305031117.043261 0.012293287 0.032873373 0.103214450 -0.071742497 0.014505075 0.000017585 0.997317731
1305031117.079520 0.000071887 0.032672554 0.094799615 -0.074618019 0.007064829 -0.006547192 0.997165680
1305031117.111238 -0.011606997 0.029247900 0.090779752 -0.078922808 -0.002895118 -0.008054958 0.996843994
1305031117.143218 -0.018837970 0.037360914 0.094722226 -0.077667437 -0.014343268 -0.008318527 0.996841431
1305031117.179264 -0.024442153 0.043590277 0.104511082 -0.077692106 -0.025590442 -0.013332560 0.996559739
1305031117.211361 -0.028057439 0.044140648 0.103385814 -0.079688430 -0.032201607 -0.015791979 0.996174395
1305031117.243277 -0.028316949 0.048341628 0.104036838 -0.081499882 -0.036142543 -0.017068591 0.995871544
1305031117.279299 -0.027239114 0.048050232 0.108217373 -0.086271711 -0.037597913 -0.021544605 0.995328784
1305031117.311200 -0.031268150 0.045801420 0.109041803 -0.090451546 -0.034779128 -0.023142600 0.995024264
1305031117.343243 -0.031202940 0.037781965 0.106221519 -0.095381334 -0.035390828 -0.024126552 0.994518876
1305031117.379454 -0.032679901 0.034120996 0.105977356 -0.095546596 -0.035111327 -0.024776319 0.994496942
1305031117.411221 -0.035009678 0.028524363 0.106087655 -0.095638841 -0.035805766 -0.023885367 0.994485080
1305031117.443274 -0.033861682 0.027415875 0.105562590 -0.092227355 -0.038200289 -0.022660466 0.994746864
1305031117.479403 -0.035925489 0.024464916 0.106464513 -0.090198420 -0.038213544 -0.021427590 0.994959712
1305031117.511325 -0.036273956 0.018772507 0.107363217 -0.087682709 -0.039791949 -0.020047354 0.995151460
1305031117.544285 -0.036539376 0.014021955 0.105933659 -0.083441742 -0.040609535 -0.018809078 0.995507181
1305031117.579155 -0.037349552 0.009671655 0.106398173 -0.080787130 -0.042066604 -0.020431316 0.995633662
1305031117.611159 -0.038510099 0.004301623 0.109226339 -0.080204248 -0.043673489 -0.019894106 0.995622456
1305031117.643252 -0.039023109 -0.002671918 0.110887498 -0.079462349 -0.045719255 -0.018650642 0.995614231
1305031117.679262 -0.039180432 -0.007371914 0.111875162 -0.079281896 -0.048398349 -0.018155534 0.995511115
1305031117.711184 -0.038686495 -0.014430724 0.116047792 -0.080682471 -0.051559757 -0.015706064 0.995281458
1305031117.743184 -0.038521565 -0.020643922 0.119586252 -0.080497779 -0.054042038 -0.012696036 0.995207727
1305031117.779467 -0.039209124 -0.025447302 0.120416477 -0.079978019 -0.055936929 -0.010880487 0.995166421
1305031117.811320 -0.036220510 -0.037084218 0.125023052 -0.083577164 -0.059732258 -0.008679599 0.994671583
1305031117.843291 -0.032803304 -0.041995816 0.129744321 -0.080728874 -0.061407100 -0.006925531 0.994818628
1305031117.879451 -0.032513030 -0.047598116 0.132317632 -0.079270735 -0.058597252 -0.007253985 0.995102942
1305031117.911407 -0.034730025 -0.056335602 0.136699632 -0.079601191 -0.056057379 -0.007438514 0.995221496
1305031117.943253 -0.033192500 -0.062793210 0.139225587 -0.078888372 -0.055029627 -0.007359314 0.995336235
1305031117.979228 -0.036672063 -0.067624532 0.141063094 -0.079768509 -0.051626679 -0.007942995 0.995443940
1305031118.011228 -0.035749812 -0.077495016 0.147409707 -0.082789384 -0.052249618 -0.008347701 0.995161414
1305031118.043521 -0.037026875 -0.084773600 0.149223864 -0.082041368 -0.050251119 -0.008365746 0.995326102
1305031118.079334 -0.035769518 -0.089254424 0.153763264 -0.081111185 -0.049871519 -0.009372627 0.995412469
1305031118.111217 -0.032172795 -0.099657066 0.159674540 -0.082800969 -0.047782715 -0.010250891 0.995367110
1305031118.143256 -0.035522554 -0.105998822 0.160915151 -0.081224397 -0.041568484 -0.012228761 0.995753527
1305031118.179323 -0.034408595 -0.114605993 0.166126668 -0.081627920 -0.039816301 -0.013975344 0.995769143
1305031118.211202 -0.039395183 -0.124982744 0.166992992 -0.079868995 -0.034799494 -0.013061680 0.996112108
1305031118.243173 -0.041445784 -0.131400749 0.169040576 -0.076677121 -0.035013393 -0.013562454 0.996348739
1305031118.279194 -0.040684238 -0.145169973 0.173228398 -0.076309003 -0.035966747 -0.015286424 0.996318042
1305031118.311299 -0.040389117 -0.150770739 0.173940450 -0.069922999 -0.036391784 -0.014865229 0.996777534
1305031118.343324 -0.037344404 -0.148173213 0.178686038 -0.062171530 -0.036981035 -0.014542371 0.997274101
1305031118.379208 -0.039538454 -0.153994650 0.179664686 -0.058374856 -0.034565318 -0.016275365 0.997563422
1305031118.411296 -0.040491275 -0.160012454 0.182016432 -0.057439245 -0.036224414 -0.015880603 0.997565210
1305031118.445692 -0.039411727 -0.161086589 0.185609624 -0.056622908 -0.036896341 -0.012673846 0.997633159
1305031118.479285 -0.040037449 -0.163826585 0.187107757 -0.056389775 -0.037011422 -0.010734918 0.997664869
1305031118.511255 -0.037106369 -0.161371663 0.187703907 -0.053467579 -0.038414132 -0.009214952 0.997787893
1305031118.544414 -0.035231989 -0.157003582 0.186585873 -0.053585045 -0.038365562 -0.009530911 0.997780502
1305031118.579285 -0.033843726 -0.154356018 0.188511014 -0.055056427 -0.038033277 -0.009426829 0.997714102
1305031118.616142 -0.032409914 -0.149946451 0.187214583 -0.054682940 -0.036380038 -0.011590857 0.997773468
1305031118.645325 -0.033678856 -0.143463746 0.185075089 -0.054677952 -0.033502344 -0.013892218 0.997845113
1305031118.679295 -0.034154214 -0.139784098 0.183066487 -0.058271836 -0.032195445 -0.015930591 0.997654259
1305031118.711421 -0.037647121 -0.138988048 0.180904761 -0.060324058 -0.030786341 -0.019715801 0.997509122
1305031118.746770 -0.041712094 -0.130140424 0.176998407 -0.056860749 -0.031432115 -0.019326247 0.997700036
1305031118.779277 -0.038554858 -0.113904640 0.171814054 -0.055342454 -0.036412463 -0.018318880 0.997635067
1305031118.811221 -0.037332974 -0.115469098 0.172235608 -0.062659137 -0.039166316 -0.020822464 0.997048736
1305031118.846753 -0.034358893 -0.107600152 0.170351684 -0.058080129 -0.040465638 -0.019757058 0.997295797
1305031118.879208 -0.031677797 -0.092018425 0.159073427 -0.054024555 -0.038732551 -0.020718619 0.997573018
1305031118.911177 -0.034147918 -0.087761626 0.158427954 -0.057674218 -0.036599293 -0.023928113 0.997377396
1305031118.946974 -0.033367787 -0.075949647 0.153865576 -0.054759711 -0.035655227 -0.025092836 0.997547209
1305031118.979374 -0.035335511 -0.063878380 0.147956073 -0.054040268 -0.033835970 -0.029292837 0.997535348
1305031119.011363 -0.036090173 -0.056119166 0.143334940 -0.057513308 -0.033794533 -0.031352594 0.997279882
1305031119.047172 -0.038361602 -0.048631806 0.139235154 -0.059075542 -0.033422545 -0.032371689 0.997168541
1305031119.079223 -0.041886639 -0.041312844 0.132508233 -0.059328228 -0.033873640 -0.032878175 0.997121751
1305031119.111328 -0.041857071 -0.033612240 0.129089713 -0.059268169 -0.037873443 -0.032291889 0.997000575
1305031119.147616 -0.043738645 -0.023512103 0.123194829 -0.058146339 -0.040220004 -0.031179661 0.997010112
1305031119.179226 -0.043586485 -0.020021996 0.119364075 -0.059787884 -0.044633012 -0.031093039 0.996727884
1305031119.211364 -0.041497584 -0.010955340 0.114534073 -0.056241516 -0.047301069 -0.029720230 0.996853173
1305031119.247399 -0.041849397 -0.002581052 0.110393435 -0.055151358 -0.048367590 -0.028388502 0.996901691
1305031119.279212 -0.041363716 0.005219609 0.106528364 -0.054606173 -0.049479052 -0.028672399 0.996869028
1305031119.311212 -0.042600662 0.012393505 0.102546617 -0.054200210 -0.049104720 -0.026381619 0.996972919
1305031119.347741 -0.043414347 0.017553674 0.099743642 -0.053971525 -0.050676476 -0.023843313 0.996970654
1305031119.379239 -0.042261697 0.029397262 0.096102886 -0.051038478 -0.053315066 -0.023207523 0.997002482
1305031119.411484 -0.040170960 0.037084796 0.095678777 -0.051286928 -0.054241884 -0.022528118 0.996955335
1305031119.447706 -0.040613152 0.043376129 0.092478409 -0.052096650 -0.051300194 -0.022623556 0.997066915
1305031119.479267 -0.040520579 0.054441378 0.090314165 -0.048531767 -0.049589191 -0.022331364 0.997339904
1305031119.511240 -0.042149935 0.062556475 0.087932616 -0.049442057 -0.047888916 -0.021871982 0.997388482
1305031119.547382 -0.042695880 0.072426572 0.085538253 -0.049551886 -0.047672786 -0.019989047 0.997432888
1305031119.579559 -0.040539797 0.083604455 0.082336083 -0.049889863 -0.047378950 -0.019533996 0.997439027
1305031119.615017 -0.042520709 0.087936074 0.080807783 -0.054925565 -0.044446163 -0.019479118 0.997310519
1305031119.647903 -0.044677854 0.100735418 0.078621559 -0.054824188 -0.043060072 -0.018501133 0.997395515
1305031119.679208 -0.041188430 0.112480015 0.078042112 -0.056797817 -0.042665437 -0.020227611 0.997268498
1305031119.715232 -0.042319268 0.116884656 0.077747487 -0.063941292 -0.037739974 -0.017398903 0.997088015
1305031119.747193 -0.047054052 0.123840101 0.075419605 -0.066959016 -0.033899382 -0.012919930 0.997096002
1305031119.779169 -0.047488589 0.130592912 0.075148374 -0.069684364 -0.035481889 -0.010631885 0.996881187
1305031119.814537 -0.046215195 0.137909025 0.073948056 -0.071138084 -0.037113439 -0.007016666 0.996751070
1305031119.847429 -0.045052081 0.144927710 0.073606990 -0.073618248 -0.036886081 -0.001974746 0.996602178
1305031119.879214 -0.044404492 0.147988960 0.073026188 -0.075315304 -0.035574872 -0.001656912 0.996523619
1305031119.911401 -0.047716472 0.160692692 0.069883406 -0.071015768 -0.031526882 -0.002579157 0.996973515
1305031119.947392 -0.046963543 0.165420651 0.068289980 -0.075707003 -0.030360470 -0.002209024 0.996665359
1305031119.979537 -0.045943193 0.170560256 0.067356192 -0.077418625 -0.027803592 -0.003096367 0.996606112
1305031120.015264 -0.049603108 0.182601079 0.066410884 -0.076879658 -0.022635045 -0.001689702 0.996782005
1305031120.047290 -0.051617194 0.178233281 0.065258488 -0.088685557 -0.020973600 -0.000369276 0.995838761
1305031120.079418 -0.051971678 0.178767487 0.064721167 -0.090341553 -0.023121655 0.002211005 0.995639920
1305031120.115232 -0.052714854 0.183626756 0.064119391 -0.089390136 -0.025046065 0.003988253 0.995673716
1305031120.148157 -0.051412225 0.178620622 0.065365553 -0.093950965 -0.026515754 0.004467796 0.995213628
1305031120.179246 -0.050007638 0.174287260 0.065317810 -0.094293810 -0.026531490 0.007645129 0.995161474
1305031120.215249 -0.050108980 0.169483513 0.065657914 -0.091018960 -0.026562333 0.007348850 0.995467722
1305031120.248003 -0.049041655 0.171277136 0.066284701 -0.085495092 -0.027577993 0.006093943 0.995938182
1305031120.279430 -0.049644262 0.166300029 0.067276821 -0.082682148 -0.026322143 0.003700858 0.996221423
1305031120.315196 -0.050571479 0.159482539 0.068327919 -0.081167735 -0.025170369 0.001844370 0.996380866
1305031120.347787 -0.048334338 0.148386881 0.071070708 -0.079688087 -0.025765719 -0.001197865 0.996486068
1305031120.379437 -0.048472632 0.143977016 0.073583260 -0.077796504 -0.026130809 -0.001355308 0.996625841
1305031120.415445 -0.045944870 0.131130755 0.076897144 -0.074312434 -0.028140703 -0.001009787 0.996837378
1305031120.447417 -0.047523320 0.128336981 0.079190359 -0.065670423 -0.027791452 -0.001310648 0.997453392
1305031120.479432 -0.046441935 0.117022753 0.084221765 -0.065224968 -0.029220520 -0.001111842 0.997442007
1305031120.514819 -0.045172442 0.107385054 0.087713823 -0.059728377 -0.031982444 0.001562754 0.997700930
1305031120.547736 -0.045099128 0.100652814 0.090271488 -0.053489450 -0.035001867 0.003636147 0.997948110
1305031120.579551 -0.047034375 0.093959302 0.092078097 -0.050683558 -0.037628375 0.006449134 0.997984827
1305031120.615236 -0.045764066 0.083145276 0.097575098 -0.049331393 -0.042739008 0.008654568 0.997830093
1305031120.647354 -0.045274027 0.077775612 0.100667320 -0.043802116 -0.045586079 0.008278164 0.997965336
1305031120.679318 -0.041712400 0.067539960 0.104273826 -0.044138610 -0.048682623 0.009530062 0.997793078
1305031120.714522 -0.041818105 0.060886934 0.107421272 -0.042263404 -0.049064998 0.010347228 0.997847378
1305031120.747369 -0.042284053 0.051806144 0.110145107 -0.042606711 -0.051015530 0.010515939 0.997733176
1305031120.779894 -0.038671345 0.043346722 0.115374394 -0.041325737 -0.055090405 0.011031399 0.997564793
1305031120.814944 -0.039918829 0.039006189 0.116066597 -0.037727293 -0.054462440 0.009886323 0.997753859
1305031120.847921 -0.039320502 0.030457664 0.119391799 -0.039522383 -0.055771414 0.008099178 0.997628152
1305031120.883435 -0.036786422 0.022016291 0.122834228 -0.038038883 -0.056754418 0.006523794 0.997641921
1305031120.915444 -0.037830766 0.016654722 0.123494133 -0.036530968 -0.054606453 0.004753683 0.997828126
1305031120.947488 -0.038085025 0.008908521 0.126218170 -0.037159249 -0.054334126 0.002625955 0.997827709
1305031120.983366 -0.039207757 0.001339566 0.128594264 -0.037109241 -0.053904593 0.000025400 0.997856319
1305031121.015019 -0.038911879 -0.007277098 0.130338758 -0.036621753 -0.054658048 -0.000858053 0.997832954
1305031121.047498 -0.039961766 -0.012046964 0.130322278 -0.035592645 -0.053860463 -0.002089810 0.997911751
1305031121.083099 -0.040588059 -0.022753656 0.132509768 -0.036261633 -0.054912545 -0.003185256 0.997827411
1305031121.114696 -0.040794935 -0.028411677 0.133636951 -0.033548586 -0.056155194 -0.003124861 0.997853339
1305031121.147331 -0.041690573 -0.034171082 0.135092705 -0.031569775 -0.056600157 -0.003751076 0.997890651
1305031121.183271 -0.041613795 -0.042037200 0.136672378 -0.030473061 -0.058109310 -0.004336687 0.997835636
1305031121.211420 -0.038211688 -0.049500570 0.140530765 -0.028648471 -0.059562717 -0.004031794 0.997805238
1305031121.247194 -0.041438289 -0.054231882 0.140786082 -0.026115058 -0.056768991 -0.005195063 0.998032212
1305031121.282876 -0.042874031 -0.062863842 0.143578753 -0.026933910 -0.057564866 -0.004704120 0.997967303
1305031121.313568 -0.041029416 -0.072068766 0.146109909 -0.025361851 -0.058520760 -0.003235012 0.997958720
1305031121.347517 -0.044760026 -0.077017769 0.147797167 -0.023102228 -0.058197197 -0.002861097 0.998033643
1305031121.383226 -0.040224146 -0.086055681 0.153722361 -0.022659635 -0.062103901 -0.001736482 0.997810900
1305031121.414318 -0.041951977 -0.091193207 0.154283628 -0.017566148 -0.060164314 -0.002783365 0.998030007
1305031121.447319 -0.041425459 -0.096570022 0.155504718 -0.016260156 -0.059964899 -0.001981904 0.998066068
1305031121.482964 -0.038711593 -0.106545217 0.162003368 -0.016046818 -0.059679352 -0.000131045 0.998088598
1305031121.514107 -0.043713085 -0.109621912 0.160006344 -0.011381137 -0.055532612 -0.000609059 0.998391807
1305031121.547270 -0.041990183 -0.116088174 0.161829963 -0.013901642 -0.056298815 0.000910567 0.998316765
1305031121.583204 -0.041118301 -0.126208007 0.165163845 -0.017082486 -0.055398706 0.000047995 0.998318195
1305031121.614700 -0.041207008 -0.133155629 0.167090461 -0.016428722 -0.053597074 -0.001349713 0.998426616
1305031121.647183 -0.039490886 -0.134607702 0.170159146 -0.014326130 -0.050433666 -0.003480827 0.998618603
1305031121.683200 -0.044469159 -0.141656801 0.170429394 -0.017374102 -0.044488128 -0.005873184 0.998841524
1305031121.714520 -0.046949908 -0.147736892 0.171256676 -0.018171882 -0.042832077 -0.005035460 0.998904347
1305031121.747145 -0.045836300 -0.151744142 0.173805982 -0.020092340 -0.043099429 -0.004636717 0.998857975
1305031121.782835 -0.044413663 -0.157311216 0.176216006 -0.022336056 -0.043363333 -0.002447938 0.998806655
1305031121.811540 -0.042500123 -0.159182817 0.179286271 -0.023047864 -0.043069508 -0.000016912 0.998806179
1305031121.847335 -0.045030747 -0.160190448 0.178489089 -0.024959574 -0.040110096 0.003016669 0.998878896
1305031121.882060 -0.045470554 -0.163409695 0.178747281 -0.027992271 -0.039603714 0.008975456 0.998782933
1305031121.914931 -0.045930870 -0.164735883 0.178122595 -0.030123774 -0.041222658 0.010798428 0.998637378
1305031121.947288 -0.042880803 -0.164112374 0.181428850 -0.029161841 -0.044821680 0.010594988 0.998513043
1305031121.982926 -0.041682474 -0.160552859 0.181001320 -0.028499318 -0.044858415 0.010314212 0.998533487
1305031122.014256 -0.045601800 -0.158742636 0.178032026 -0.029745413 -0.042987954 0.007568331 0.998604000
1305031122.047306 -0.043677524 -0.152633920 0.177187547 -0.027377330 -0.045375954 0.004484975 0.998584688
1305031122.082959 -0.043822512 -0.147740170 0.175646901 -0.026427774 -0.045743570 0.000809338 0.998603225
1305031122.114672 -0.044144981 -0.140594989 0.172015846 -0.024819262 -0.045647420 -0.002341477 0.998646498
1305031122.150725 -0.042476028 -0.133283973 0.171515778 -0.024738550 -0.046838906 -0.007439137 0.998568356
1305031122.183042 -0.042760588 -0.125509188 0.168802127 -0.021506978 -0.045511525 -0.012680568 0.998651743
1305031122.214959 -0.044837121 -0.109394655 0.161620453 -0.020552093 -0.042835183 -0.019057283 0.998688936
1305031122.251319 -0.044427957 -0.106944062 0.161447436 -0.029170424 -0.042644601 -0.021256581 0.998438120
1305031122.283560 -0.045531482 -0.097201906 0.156407014 -0.028002122 -0.042778153 -0.023334147 0.998419464
1305031122.314289 -0.045905799 -0.083031215 0.148994416 -0.031860769 -0.044841032 -0.027319906 0.998112142
1305031122.351327 -0.045796111 -0.076757267 0.149436817 -0.038088758 -0.047394440 -0.030103408 0.997695744
1305031122.382630 -0.049014814 -0.069502816 0.143431991 -0.043152023 -0.047862958 -0.031116616 0.997436106
1305031122.414997 -0.052418578 -0.062458374 0.141887352 -0.047411691 -0.051157087 -0.030710628 0.997091711
1305031122.451257 -0.053756688 -0.052711532 0.136511087 -0.048171625 -0.054963384 -0.029521368 0.996888638
1305031122.483360 -0.052852876 -0.045633025 0.133364767 -0.051330078 -0.060483344 -0.029461486 0.996413052
1305031122.515097 -0.050517064 -0.037810534 0.129611373 -0.052297611 -0.065423146 -0.030324547 0.996024668
1305031122.551490 -0.048003715 -0.028735248 0.125823304 -0.052885715 -0.067286395 -0.032055378 0.995815277
1305031122.583208 -0.049108334 -0.021471487 0.122561544 -0.054021455 -0.065363750 -0.033577874 0.995832205
1305031122.614980 -0.054003872 -0.015163274 0.117199369 -0.054763068 -0.062997513 -0.033561345 0.995944738
1305031122.648788 -0.053909004 -0.005853893 0.113046840 -0.052463487 -0.064935602 -0.032494813 0.995979428
1305031122.683402 -0.053557273 0.002084420 0.109446965 -0.051621307 -0.066371076 -0.030881178 0.995980144
1305031122.715208 -0.056325283 0.009673919 0.105607599 -0.051445466 -0.067707039 -0.028084511 0.995982111
1305031122.751298 -0.054457843 0.022010719 0.103588529 -0.048972219 -0.071208626 -0.027917167 0.995867312
1305031122.783423 -0.053780280 0.035500485 0.099691555 -0.049339451 -0.071534380 -0.028080115 0.995821238
1305031122.812555 -0.051568355 0.040196009 0.098490983 -0.055337187 -0.071832277 -0.028701421 0.995466769
1305031122.851418 -0.045572869 0.048671249 0.099073455 -0.056198347 -0.071234815 -0.029913532 0.995425820
1305031122.883754 -0.048882701 0.058913559 0.095580228 -0.057329331 -0.063029610 -0.029468462 0.995927811
1305031122.914571 -0.053090256 0.061404876 0.094102427 -0.062533535 -0.058603510 -0.028350888 0.995917380
1305031122.951341 -0.053045370 0.067218207 0.093055032 -0.063145310 -0.058131289 -0.027508065 0.995930076
1305031122.982815 -0.055614583 0.076809779 0.089829296 -0.062893614 -0.056777641 -0.024302471 0.996107459
1305031123.015450 -0.054537285 0.079969004 0.088003308 -0.066365413 -0.058488779 -0.021276882 0.995852351
1305031123.051827 -0.054185275 0.084177710 0.086482659 -0.066262968 -0.058221851 -0.020349476 0.995894253
1305031123.082975 -0.055290312 0.095371455 0.083700895 -0.063175596 -0.056617495 -0.018157575 0.996229708
1305031123.113873 -0.055308141 0.103318252 0.081810161 -0.065407477 -0.055544212 -0.015568924 0.996189892
1305031123.150822 -0.056375161 0.109065302 0.080593824 -0.068194248 -0.054231681 -0.015273642 0.996079922
1305031123.182155 -0.052673765 0.120040432 0.079274423 -0.068197750 -0.054333970 -0.014726119 0.996082366
1305031123.214704 -0.052018851 0.127788007 0.079147197 -0.071808636 -0.049996302 -0.015181884 0.996048868
1305031123.250618 -0.053770788 0.139419481 0.077654004 -0.074526675 -0.045326382 -0.016664308 0.996048987
1305031123.282347 -0.053009015 0.147813156 0.077960007 -0.081600934 -0.042421691 -0.013922154 0.995664537
1305031123.311327 -0.051756050 0.152428895 0.077705055 -0.087970503 -0.039081536 -0.012572030 0.995276749
1305031123.350481 -0.051543634 0.159380987 0.077527210 -0.092354760 -0.034797620 -0.012191485 0.995043278
1305031123.382255 -0.050191090 0.169651061 0.076553360 -0.094220348 -0.030699927 -0.008227158 0.995043874
1305031123.411363 -0.051424012 0.175080046 0.075280473 -0.097065546 -0.024989873 -0.006465997 0.994943202
1305031123.451255 -0.052764762 0.183088496 0.074887037 -0.097604193 -0.021726547 -0.005237639 0.994974315
1305031123.483594 -0.051359009 0.191829756 0.073962279 -0.099666789 -0.020520477 -0.000516276 0.994809091
1305031123.511360 -0.049263552 0.194296449 0.073512673 -0.104460835 -0.020093502 0.002182492 0.994323611
1305031123.551513 -0.048954140 0.202530235 0.073086999 -0.103852607 -0.020161843 0.004153105 0.994379640
1305031123.579583 -0.048023727 0.205554619 0.072202474 -0.107450917 -0.020121349 0.007879437 0.993975520
1305031123.611335 -0.046123087 0.213085786 0.070436716 -0.107112370 -0.019428136 0.009132059 0.994015098
1305031123.652411 -0.044460930 0.222349182 0.070740052 -0.108117335 -0.018279510 0.009543792 0.993924201
1305031123.683753 -0.043286242 0.226493582 0.069914654 -0.112230524 -0.015151441 0.010667367 0.993509352
1305031123.711323 -0.044721462 0.235464841 0.070110425 -0.115397982 -0.010315372 0.010278483 0.993212581
1305031123.751723 -0.044618882 0.234971359 0.069297999 -0.121025294 -0.008112664 0.012167634 0.992541671
1305031123.783858 -0.044900540 0.236781657 0.068165258 -0.122631744 -0.008335975 0.013631070 0.992323577
1305031123.811608 -0.045491345 0.237218425 0.067088023 -0.124193572 -0.007929416 0.014729692 0.992116988
1305031123.851444 -0.045187455 0.237958357 0.066813983 -0.125031352 -0.008246405 0.017098626 0.991971135
1305031123.883786 -0.045339189 0.233257189 0.066188559 -0.127616569 -0.009329533 0.018005867 0.991616249
1305031123.911243 -0.045733336 0.233035564 0.066242948 -0.123598285 -0.010578608 0.017206116 0.992126763
1305031123.951442 -0.046073042 0.231574520 0.065976605 -0.123889759 -0.010762091 0.018355418 0.992067814
1305031123.983415 -0.046535760 0.224739969 0.066923603 -0.128140882 -0.012648503 0.020458629 0.991464198
1305031124.011302 -0.045123357 0.215710536 0.068044707 -0.126196027 -0.017578384 0.020291755 0.991641939
1305031124.051505 -0.046466913 0.216650411 0.069270253 -0.118912436 -0.019761601 0.019928889 0.992507994
1305031124.083837 -0.047424775 0.211787432 0.071180075 -0.118170403 -0.021983849 0.020762473 0.992532849
1305031124.111331 -0.044647977 0.202149898 0.074264996 -0.113895878 -0.026840435 0.019659363 0.992935479
1305031124.147446 -0.043969005 0.198276654 0.075978070 -0.108535916 -0.028628929 0.018251147 0.993512571
1305031124.182694 -0.043988105 0.190954208 0.077697136 -0.106343552 -0.029777694 0.017317936 0.993732572
1305031124.211396 -0.042477831 0.182663351 0.081250921 -0.102663115 -0.031913336 0.014802871 0.994093895
1305031124.249327 -0.044117067 0.176225811 0.081365287 -0.098246202 -0.032201868 0.014453592 0.994535983
1305031124.282545 -0.045004819 0.170716524 0.083186775 -0.095818527 -0.035838649 0.014244172 0.994651437
1305031124.311361 -0.041111946 0.158843040 0.086844370 -0.096533410 -0.042479504 0.014513345 0.994316936
1305031124.350354 -0.043221917 0.153867021 0.087916277 -0.090553798 -0.044348616 0.013108529 0.994817257
1305031124.382420 -0.041807830 0.143094838 0.090262420 -0.089471780 -0.047340892 0.011614023 0.994795859
1305031124.411439 -0.041606545 0.131953716 0.091996625 -0.086620398 -0.048824456 0.010824683 0.994985402
1305031124.450245 -0.040447719 0.124027021 0.093545154 -0.079997540 -0.050789863 0.008710763 0.995462179
1305031124.480099 -0.039699264 0.112429567 0.095149547 -0.076049864 -0.052465364 0.006852604 0.995699167
1305031124.511324 -0.041173659 0.107675001 0.096213460 -0.067770556 -0.053318448 0.004393569 0.996265531
1305031124.550437 -0.042307887 0.098710746 0.096927904 -0.064417012 -0.054415450 0.001617952 0.996437073
1305031124.579404 -0.043228008 0.088561185 0.099103630 -0.061471306 -0.056362815 -0.001023139 0.996515691
1305031124.611358 -0.041025274 0.077715181 0.102642670 -0.058096599 -0.060431052 -0.002647367 0.996476710
1305031124.651271 -0.042085208 0.069960505 0.104185209 -0.052799873 -0.061662029 -0.003493264 0.996693432
1305031124.679362 -0.039912570 0.056611799 0.108087942 -0.051421911 -0.064682983 -0.005435596 0.996565282
1305031124.711251 -0.038231067 0.049422521 0.110249527 -0.046863325 -0.065686278 -0.006984396 0.996714771
1305031124.749890 -0.038878724 0.038364060 0.113266841 -0.046004068 -0.065541327 -0.008696185 0.996750891
1305031124.779365 -0.039582994 0.028665205 0.116478227 -0.043339167 -0.066550642 -0.009198236 0.996798933
1305031124.811360 -0.039146878 0.020264290 0.119858697 -0.041464269 -0.067896925 -0.009817851 0.996782005
1305031124.850535 -0.039705966 0.009852394 0.124787547 -0.042144295 -0.069140188 -0.010503171 0.996661007
1305031124.879355 -0.035344113 -0.001068657 0.130246401 -0.041283097 -0.071485698 -0.010492917 0.996531665
1305031124.911448 -0.035944648 -0.006091693 0.132624283 -0.038803793 -0.068550088 -0.010548799 0.996836901
1305031124.950730 -0.036050420 -0.013714774 0.138180465 -0.041304391 -0.067444362 -0.011055788 0.996806383
1305031124.979438 -0.038015705 -0.029087139 0.143627003 -0.042866670 -0.065792263 -0.009415533 0.996867657
1305031125.011454 -0.040187463 -0.036130518 0.146150574 -0.037900738 -0.067340121 -0.008487635 0.996973813
1305031125.050763 -0.037182957 -0.039019309 0.149050772 -0.034625761 -0.070840657 -0.007499466 0.996858299
1305031125.079364 -0.038220558 -0.048263893 0.152663618 -0.036426451 -0.069252446 -0.004602669 0.996923268
1305031125.111364 -0.037526656 -0.058034874 0.157162353 -0.036641002 -0.071188033 -0.002966612 0.996785283
1305031125.151013 -0.036077857 -0.064323276 0.159200028 -0.032755140 -0.072150387 -0.004970477 0.996843398
1305031125.179353 -0.038183011 -0.065797314 0.160662949 -0.031366166 -0.068617843 -0.004618983 0.997139096
1305031125.211320 -0.040481344 -0.076556414 0.165363446 -0.036210716 -0.066590101 -0.005073040 0.997110248
1305031125.250632 -0.042621680 -0.088068865 0.167942464 -0.035734497 -0.065740719 -0.007688130 0.997167051
1305031125.279467 -0.042546652 -0.088700853 0.169767201 -0.031142257 -0.066043518 -0.008151268 0.997297347
1305031125.311493 -0.041931354 -0.098802775 0.173314944 -0.032981843 -0.064781308 -0.007688715 0.997324646
1305031125.348880 -0.044380434 -0.101138845 0.173313156 -0.027853949 -0.062629089 -0.010874119 0.997588813
1305031125.379401 -0.041141853 -0.103793956 0.178271443 -0.027411701 -0.062452938 -0.014721711 0.997562766
1305031125.411335 -0.041414708 -0.106722623 0.181106910 -0.027013633 -0.056090318 -0.015364751 0.997941911
1305031125.451195 -0.042232394 -0.112456046 0.183018625 -0.030910037 -0.050740048 -0.016924726 0.998089969
1305031125.479424 -0.042660240 -0.118464671 0.185598627 -0.030661881 -0.046784062 -0.019035464 0.998252809
1305031125.511316 -0.043362614 -0.118570648 0.185024574 -0.029490581 -0.042728934 -0.019339265 0.998464048
1305031125.551020 -0.042962953 -0.121531807 0.186598569 -0.031030353 -0.039971396 -0.021143747 0.998495042
1305031125.579308 -0.041255973 -0.121697828 0.189169616 -0.031915788 -0.037540283 -0.022814726 0.998524725
1305031125.611533 -0.043715112 -0.127678931 0.187267780 -0.032965466 -0.032815326 -0.023549974 0.998640001
1305031125.650575 -0.051719554 -0.134435862 0.183921352 -0.030604759 -0.028957458 -0.022082444 0.998867929
1305031125.679328 -0.053428497 -0.126687378 0.179741919 -0.024296002 -0.032713436 -0.021310223 0.998942137
1305031125.711443 -0.049926385 -0.128572643 0.179398462 -0.024061838 -0.039854027 -0.019507213 0.998725295
1305031125.751260 -0.047341079 -0.117290527 0.176008999 -0.016679469 -0.043015722 -0.017295277 0.998785377
1305031125.779348 -0.046477597 -0.113735810 0.173364833 -0.017603699 -0.044211306 -0.020372065 0.998659313
1305031125.811573 -0.045106493 -0.105165824 0.170382142 -0.015983902 -0.043907244 -0.021169366 0.998683393
1305031125.847412 -0.045430258 -0.100030594 0.167763516 -0.018276317 -0.042323876 -0.023214268 0.998667002
1305031125.879318 -0.047994394 -0.094630167 0.162465945 -0.018514831 -0.041635070 -0.023981025 0.998673439
1305031125.911305 -0.051326081 -0.083123647 0.158485591 -0.020353617 -0.043304045 -0.022792736 0.998594522
1305031125.947343 -0.053695839 -0.080438815 0.155633837 -0.024773525 -0.048936378 -0.020708898 0.998279870
1305031125.979324 -0.052580379 -0.070531361 0.151627317 -0.024104035 -0.056551289 -0.017064072 0.997962832
1305031126.011333 -0.048378944 -0.060047399 0.150699958 -0.025155924 -0.063814767 -0.017163722 0.997496963
1305031126.047324 -0.043448459 -0.049259394 0.149229363 -0.027539046 -0.067169808 -0.014510390 0.997255921
1305031126.079356 -0.040858880 -0.035642713 0.147675157 -0.029251480 -0.066778779 -0.014107671 0.997239113
1305031126.111370 -0.040731166 -0.028496638 0.148506969 -0.033069745 -0.066023670 -0.015660776 0.997146904
1305031126.147432 -0.040909164 -0.014363604 0.144806951 -0.033330157 -0.064419292 -0.013053240 0.997280717
1305031126.179384 -0.040938936 -0.002644375 0.142878562 -0.038593967 -0.064479068 -0.012170720 0.997098207
1305031126.211319 -0.039102219 0.002562325 0.143343091 -0.044241756 -0.065867178 -0.012273854 0.996771574
1305031126.247298 -0.037571635 0.016494315 0.140793830 -0.044861149 -0.065184429 -0.011453572 0.996798515
1305031126.279363 -0.035879463 0.024505481 0.139025107 -0.049487807 -0.064184800 -0.012251517 0.996634901
1305031126.311332 -0.034788050 0.036645621 0.135824427 -0.051953256 -0.061265212 -0.014025104 0.996669829
1305031126.347363 -0.034509152 0.043412805 0.135635108 -0.057225350 -0.057782263 -0.014900422 0.996576369
1305031126.379423 -0.037365794 0.052924968 0.132970095 -0.059665006 -0.053287357 -0.016785406 0.996653795
1305031126.411465 -0.038504414 0.062793612 0.131083459 -0.062815472 -0.051000278 -0.019172082 0.996536791
1305031126.447361 -0.038773302 0.069827460 0.128996491 -0.067065455 -0.049423285 -0.018267022 0.996356308
1305031126.479533 -0.040502410 0.074112915 0.126026630 -0.070955090 -0.048614416 -0.015260691 0.996177256
1305031126.511410 -0.041101936 0.086550675 0.122749403 -0.071553983 -0.049845278 -0.013979780 0.996092379
1305031126.547374 -0.038009293 0.096013516 0.122705527 -0.075786985 -0.051832411 -0.013010696 0.995690942
1305031126.579454 -0.037702657 0.103059828 0.121455505 -0.079545893 -0.049557973 -0.011123117 0.995536387
1305031126.611528 -0.038183730 0.109290548 0.119116507 -0.084668949 -0.047194906 -0.010019355 0.995240331
1305031126.647376 -0.035582002 0.111700408 0.119279087 -0.089796707 -0.046741620 -0.007979196 0.994830668
1305031126.679479 -0.036998045 0.117787026 0.116856150 -0.090607531 -0.043231677 -0.003932889 0.994940102
1305031126.711583 -0.036483273 0.122843623 0.114493556 -0.092893265 -0.041639846 -0.000916981 0.994804561
1305031126.747316 -0.033122826 0.122882769 0.114718795 -0.095708400 -0.041851815 0.002171249 0.994526803
1305031126.779379 -0.033565484 0.128686726 0.112343423 -0.093998432 -0.040331535 0.005159356 0.994741678
1305031126.811602 -0.030612513 0.131509572 0.110727355 -0.094430737 -0.039440792 0.006191562 0.994730592
1305031126.847343 -0.029397286 0.133662641 0.108924344 -0.095043108 -0.036130447 0.007112456 0.994791865
1305031126.879357 -0.029185297 0.136860669 0.107695259 -0.094742328 -0.034081455 0.007614764 0.994889140
1305031126.911364 -0.028517600 0.137368008 0.106392756 -0.095349945 -0.031944975 0.006852179 0.994907498
1305031126.947437 -0.029557571 0.138837069 0.104784563 -0.095710695 -0.030166870 0.008316282 0.994917214
1305031126.979337 -0.029169897 0.137686998 0.104242705 -0.096897379 -0.031162653 0.009812640 0.994758010
1305031127.011371 -0.028775783 0.137829378 0.103829965 -0.095346205 -0.032260515 0.010291740 0.994868100
1305031127.047297 -0.028655550 0.138346702 0.103402726 -0.094162025 -0.032598045 0.011339254 0.994958460
1305031127.079299 -0.029223271 0.137504667 0.103406921 -0.094849400 -0.032672185 0.011358011 0.994890511
1305031127.111435 -0.031369016 0.135140330 0.102918804 -0.095314309 -0.033553995 0.012063347 0.994808435
1305031127.147307 -0.031352129 0.132229626 0.103807062 -0.095040590 -0.037191350 0.012713050 0.994697213
1305031127.179349 -0.031548269 0.132054463 0.104037188 -0.092510566 -0.039823674 0.012208565 0.994840086
1305031127.211700 -0.029133786 0.130410641 0.105536684 -0.092279062 -0.042759523 0.012403384 0.994737327
1305031127.247374 -0.028619081 0.126225397 0.107022911 -0.091646098 -0.043395936 0.011453335 0.994779646
1305031127.279465 -0.029604442 0.125699684 0.107009932 -0.088984430 -0.043010779 0.010469127 0.995048881
1305031127.311362 -0.031044263 0.124289170 0.108673200 -0.088937096 -0.043299399 0.009516314 0.995050132
1305031127.347356 -0.030637145 0.118709266 0.110761650 -0.088876814 -0.045333065 0.008750112 0.994971991
1305031127.379262 -0.030633520 0.118900687 0.111476272 -0.085404709 -0.046573151 0.008890928 0.995217562
1305031127.411371 -0.031242287 0.117226541 0.112030491 -0.085539445 -0.047381070 0.008292344 0.995172977
1305031127.447333 -0.031264223 0.112502538 0.114518225 -0.086330041 -0.048890918 0.008116153 0.995033145
1305031127.479362 -0.032641433 0.114326701 0.114037275 -0.082674101 -0.049106620 0.006796365 0.995342851
1305031127.511356 -0.033209383 0.113745153 0.115687720 -0.083564609 -0.050111238 0.005878326 0.995224237
1305031127.547348 -0.032426737 0.109568536 0.117886335 -0.084940486 -0.051710904 0.005708036 0.995026886
1305031127.579345 -0.032805640 0.109908342 0.117635623 -0.082632616 -0.051977810 0.005731422 0.995207131
1305031127.611271 -0.032938492 0.110704459 0.118332885 -0.082331002 -0.052518133 0.005319241 0.995206058
1305031127.647358 -0.031831719 0.108063534 0.120448522 -0.084213302 -0.053572781 0.006823982 0.994983137
1305031127.679298 -0.032942399 0.106736466 0.120717607 -0.082896352 -0.053461503 0.007380755 0.995095730
1305031127.711375 -0.033113375 0.108339965 0.120132491 -0.081392191 -0.054090910 0.006971284 0.995188832
1305031127.747304 -0.032447182 0.106427789 0.121472307 -0.083220556 -0.055029977 0.007163014 0.994984806
1305031127.779346 -0.032495938 0.103570677 0.122013748 -0.083374843 -0.055251703 0.007470394 0.994957328
1305031127.811829 -0.033439320 0.105318777 0.121005386 -0.080777131 -0.055056453 0.006211709 0.995191038
1305031127.847366 -0.033828296 0.104697391 0.120759331 -0.081127614 -0.054924961 0.005209643 0.995175540
1305031127.879380 -0.034710575 0.102728926 0.120944791 -0.081981167 -0.054910712 0.004966519 0.995107651
1305031127.911476 -0.035185512 0.103882886 0.121713378 -0.080915660 -0.055742122 0.004364002 0.995151460
1305031127.947366 -0.035699110 0.104279779 0.121916160 -0.081325792 -0.056331232 0.004517986 0.995084167
1305031127.979371 -0.035338998 0.103829801 0.123536572 -0.082985610 -0.057476606 0.004736470 0.994880617
1305031128.011427 -0.033443861 0.103199407 0.124778792 -0.084369071 -0.058657870 0.004475686 0.994696498
1305031128.047369 -0.033683427 0.102085046 0.127430215 -0.086904347 -0.057624474 0.005121253 0.994535446
1305031128.079334 -0.033477463 0.099662803 0.128571972 -0.087759733 -0.057420053 0.006412069 0.994464695
1305031128.111391 -0.033496253 0.099108927 0.128992930 -0.087076783 -0.057580665 0.006898900 0.994512200
1305031128.147418 -0.033023149 0.098412178 0.130213574 -0.088025287 -0.057952721 0.008439479 0.994395196
1305031128.179350 -0.031351876 0.095105253 0.132342279 -0.088764824 -0.058883835 0.009992404 0.994260311
1305031128.211447 -0.032160617 0.095694654 0.131722733 -0.086394526 -0.058424909 0.010198944 0.994494081
1305031128.247480 -0.032385193 0.096809268 0.131231487 -0.086122721 -0.058623359 0.010711178 0.994500577
1305031128.279336 -0.031841345 0.094538718 0.132768184 -0.087066025 -0.059427172 0.010582423 0.994372129
1305031128.311483 -0.032529388 0.095596798 0.132099211 -0.085168421 -0.058998670 0.010166982 0.994566321
1305031128.347423 -0.033006012 0.095159836 0.131547689 -0.085357629 -0.058844205 0.009097249 0.994569540
1305031128.379404 -0.032986604 0.094475970 0.132681757 -0.085792638 -0.059596330 0.007580161 0.994500101
1305031128.411337 -0.033430379 0.092774771 0.131688833 -0.085869089 -0.059184182 0.006344798 0.994526744
1305031128.447296 -0.034823161 0.093412086 0.131088316 -0.084922478 -0.058538739 0.005163749 0.994653046
1305031128.479296 -0.034881260 0.092970520 0.131656498 -0.085136868 -0.058895752 0.004016602 0.994618952
1305031128.511433 -0.034004986 0.092046186 0.132109568 -0.085156597 -0.059397347 0.003246992 0.994590223
1305031128.547399 -0.034727365 0.092075370 0.131513268 -0.084926367 -0.058259692 0.002571420 0.994679213
1305031128.579455 -0.033957027 0.089978434 0.132346496 -0.085331775 -0.058156319 0.002658536 0.994650304
1305031128.611395 -0.035337832 0.089270003 0.131312072 -0.084188864 -0.057499554 0.002458934 0.994786382
1305031128.647352 -0.036236316 0.089428879 0.130471736 -0.083611101 -0.058233790 0.002942812 0.994791090
1305031128.679282 -0.035312191 0.088372983 0.130720422 -0.083644062 -0.060200393 0.002526912 0.994672418
1305031128.711457 -0.034539692 0.088372581 0.131009549 -0.082310826 -0.060681716 0.001633802 0.994756222
1305031128.747363 -0.034977198 0.089041017 0.130498752 -0.081166558 -0.059380278 0.000457276 0.994930029
