1305031103.011215 -0.014782807 0.040267479 0.220862865 -0.044678509 -0.016128905 -0.003378254 0.998865485
1305031103.043227 -0.015247276 0.042660274 0.229673654 -0.046251979 -0.022133483 -0.000883419 0.998684168
1305031103.075319 -0.015826944 0.044281442 0.267426610 -0.049372971 -0.025743762 0.002000860 0.998446584
1305031103.111240 -0.014302355 0.049159277 0.272169054 -0.047365800 -0.026043298 0.003008609 0.998533487
1305031103.143318 -0.013911607 0.051465854 0.279743165 -0.048772901 -0.026516223 0.005085949 0.998444915
1305031103.175452 -0.015210587 0.056157641 0.285578191 -0.048130341 -0.024341034 0.004292407 0.998535216
1305031103.211220 -0.016112376 0.062336475 0.290142357 -0.050654136 -0.023769593 0.005408851 0.998418748
1305031103.243216 -0.017191002 0.063979827 0.295358628 -0.057847068 -0.022798024 0.008295994 0.998030603
1305031103.275370 -0.019022955 0.061892420 0.274347275 -0.065882571 -0.024410626 0.011678264 0.997460425
1305031103.311210 -0.017431729 0.059357472 0.281010807 -0.073169790 -0.035172619 0.012824296 0.996616602
1305031103.343223 -0.012361605 0.062168956 0.286596060 -0.072760388 -0.042238824 0.013473054 0.996363521
1305031103.375327 -0.010809226 0.061583757 0.287276447 -0.076322868 -0.041450333 0.015284859 0.996103942
1305031103.411260 -0.012674472 0.056679137 0.284542710 -0.079708055 -0.039389361 0.016148694 0.995908797
1305031103.443280 -0.014501904 0.055016398 0.280632645 -0.079705618 -0.040720340 0.015431897 0.995866835
1305031103.475274 -0.013402647 0.051285528 0.277700365 -0.080450773 -0.044089716 0.014027221 0.995684206
1305031103.511333 -0.012590085 0.047755264 0.273440808 -0.078342229 -0.046108887 0.011895309 0.995788634
1305031103.543444 -0.011923222 0.042261798 0.266425490 -0.075493664 -0.047390968 0.009488631 0.995974243
1305031103.575474 -0.014198989 0.040854424 0.256866038 -0.070415154 -0.047454190 0.009385519 0.996344209
1305031103.611223 -0.014133722 0.036255673 0.248756021 -0.068963632 -0.050613962 0.010697270 0.996276975
1305031103.643445 -0.013616307 0.032848291 0.240380257 -0.066274762 -0.054764669 0.011378149 0.996232390
1305031103.675523 -0.010955442 0.029651348 0.231452301 -0.063758194 -0.058175132 0.011877793 0.996197462
1305031103.711610 -0.010837399 0.026857389 0.221720263 -0.061147925 -0.058547750 0.011011021 0.996349275
1305031103.743326 -0.008077070 0.021568893 0.212224945 -0.059486322 -0.059233315 0.010140160 0.996418595
1305031103.775342 -0.008556712 0.020347895 0.199875742 -0.055634532 -0.058079761 0.006594366 0.996738732
1305031103.811242 -0.007924986 0.018786412 0.187771216 -0.055628736 -0.056826979 0.003105673 0.996828198
1305031103.843251 -0.010267835 0.019678030 0.174837425 -0.057474181 -0.055428945 0.000814257 0.996806741
1305031103.875361 -0.010969923 0.011166998 0.166191533 -0.065433614 -0.058150206 -0.002022906 0.996159077
1305031103.911221 -0.009298952 0.004505234 0.156228140 -0.066219859 -0.062547036 -0.003180128 0.995837688
1305031103.943211 -0.008151472 0.002528995 0.143973023 -0.063976191 -0.065254889 -0.004023481 0.995807528
1305031103.975373 -0.006074547 -0.002262702 0.134001911 -0.062657490 -0.067508854 -0.004925352 0.995737076
1305031104.011232 -0.000623057 -0.007400884 0.124995828 -0.059274521 -0.069657579 -0.005660179 0.995792270
1305031104.043249 0.002248296 -0.008566937 0.112275459 -0.051023889 -0.067091912 -0.007681095 0.996411681
1305031104.075425 0.003942932 -0.008291118 0.100833975 -0.046352454 -0.062734738 -0.011019696 0.996892393
1305031104.111235 0.008813359 -0.013893089 0.092284799 -0.044599503 -0.058661308 -0.011546551 0.997214317
1305031104.143230 0.007630398 -0.017710919 0.079319768 -0.040266950 -0.052086998 -0.012434623 0.997752964
1305031104.175424 0.005800672 -0.019864161 0.065916330 -0.035969023 -0.047609754 -0.013662757 0.998124659
1305031104.211283 0.006653592 -0.024150807 0.055473845 -0.032571506 -0.045166705 -0.013655323 0.998354971
1305031104.243196 0.007292140 -0.024713499 0.045713700 -0.027287537 -0.043025289 -0.013965561 0.998603642
1305031104.275546 0.008131066 -0.026480712 0.035641141 -0.023009647 -0.040546846 -0.014684846 0.998804748
1305031104.311219 0.009955188 -0.028714180 0.026335042 -0.019905003 -0.037853476 -0.014554040 0.998979032
1305031104.343342 0.011809784 -0.028638914 0.016765790 -0.016387565 -0.034161489 -0.014890805 0.999171019
1305031104.375837 0.010663178 -0.029575970 0.007325642 -0.014602697 -0.028614543 -0.014662026 0.999376297
1305031104.411509 0.007317305 -0.030101797 -0.001750625 -0.012984131 -0.023519712 -0.014857081 0.999528646
1305031104.443288 0.002714379 -0.027136981 -0.005128645 -0.011849234 -0.020676415 -0.014340870 0.999613106
1305031104.475456 0.000312644 -0.028624447 -0.013730716 -0.012501881 -0.021376118 -0.013529740 0.999601781
1305031104.511329 -0.002134252 -0.032076266 -0.003035399 -0.013848419 -0.023630008 -0.012146085 0.999551058
1305031104.543368 -0.000171229 -0.034093779 -0.010717716 -0.010919059 -0.026163433 -0.011025408 0.999537230
1305031104.575343 0.004850609 -0.036883105 -0.014792116 -0.006922289 -0.027672881 -0.010199677 0.999541044
1305031104.611336 0.012273967 -0.045808654 -0.021424456 -0.000414913 -0.025387459 -0.007767173 0.999647439
1305031104.643243 0.014002683 -0.042747620 -0.029560773 0.013141589 -0.018180536 -0.007272269 0.999721944
1305031104.675525 0.016732970 -0.048054647 -0.037254829 0.022203552 -0.010879098 -0.005983841 0.999676347
1305031104.711277 0.015073863 -0.048644889 -0.048651431 0.036949895 -0.002323941 -0.004670091 0.999303520
1305031104.743280 0.017345633 -0.044645291 -0.055557381 0.050931711 0.004242363 -0.001700435 0.998691678
1305031104.775327 0.018310208 -0.044667553 -0.061095472 0.062819317 0.011276635 0.000939181 0.997960746
1305031104.811465 0.018109383 -0.040833622 -0.068182640 0.074662551 0.018231826 0.002161251 0.997039855
1305031104.843258 0.017296441 -0.035237953 -0.074169576 0.084320359 0.025017515 0.004419022 0.996114790
1305031104.875350 0.012952825 -0.030949015 -0.078757703 0.090627506 0.029440876 0.006246708 0.995429993
1305031104.911534 0.014207639 -0.028951477 -0.079406701 0.092809394 0.029999530 0.008266279 0.995197535
1305031104.943262 0.015507128 -0.026737474 -0.077546090 0.093932599 0.030221904 0.009610335 0.995073318
1305031104.975202 0.013967711 -0.022126932 -0.075649083 0.093653455 0.029952461 0.009842769 0.995105505
1305031105.011290 0.015437870 -0.020129349 -0.070858032 0.088836692 0.028992658 0.010767148 0.995565951
1305031105.043373 0.016227204 -0.018923057 -0.065890238 0.082981348 0.028085094 0.009691366 0.996108115
1305031105.075320 0.013869394 -0.019329406 -0.058217704 0.075526774 0.027966686 0.007024457 0.996726751
1305031105.111299 0.011537425 -0.019500408 -0.047864389 0.069766253 0.027394900 0.005392857 0.997172534
1305031105.143106 0.008477677 -0.010838305 -0.039591972 0.065319940 0.025263906 0.003568868 0.997538090
1305031105.175159 0.006209563 -0.003512686 -0.027794313 0.054440089 0.022220889 0.000276830 0.998269737
1305031105.211268 0.002685638 -0.010967757 -0.016166929 0.040145952 0.018860001 -0.001637218 0.999014497
1305031105.243270 -0.001383658 -0.010212967 -0.007194543 0.031033874 0.014344250 -0.003364893 0.999409735
1305031105.275288 -0.005132701 -0.006521916 0.004106715 0.021592213 0.008853165 -0.004284679 0.999718487
1305031105.311290 -0.006955137 -0.008564250 0.014634677 0.010777290 0.001381403 -0.005472762 0.999925971
1305031105.343302 -0.006913422 -0.013278341 0.026723765 0.001238638 -0.005933749 -0.006540630 0.999960244
1305031105.375338 -0.008188149 -0.012647178 0.037083309 -0.001921386 -0.010746993 -0.006334141 0.999920368
1305031105.411286 -0.009841867 -0.008329758 0.046831280 -0.006558601 -0.015134249 -0.007453811 0.999836206
1305031105.443316 -0.010117633 -0.010576510 0.060336709 -0.014144426 -0.019669194 -0.007714878 0.999676704
1305031105.475280 -0.011557293 -0.009287071 0.071271971 -0.017234037 -0.022765659 -0.008054207 0.999559820
1305031105.511332 -0.010137519 -0.006224890 0.083017752 -0.021010865 -0.026313707 -0.007717763 0.999403119
1305031105.543282 -0.009888443 -0.007609848 0.095937677 -0.025934892 -0.027524713 -0.006342079 0.999264479
1305031105.575449 -0.011445683 -0.006034002 0.106271215 -0.028537488 -0.028357888 -0.006545897 0.999168932
1305031105.611378 -0.009974990 -0.006538956 0.119705617 -0.031534534 -0.030309891 -0.005486931 0.999027908
1305031105.643273 -0.012435638 -0.005217950 0.129207283 -0.031956650 -0.029653348 -0.002924785 0.999044955
1305031105.675166 -0.009445295 -0.003426958 0.141168147 -0.033755995 -0.032147694 -0.001784602 0.998911321
1305031105.711309 -0.005780263 -0.003854970 0.154785916 -0.033256181 -0.031492528 -0.001831488 0.998948872
1305031105.743312 -0.005905492 -0.000384202 0.161316857 -0.030952882 -0.027368221 -0.002199644 0.999143660
1305031105.775339 -0.002872967 -0.001246954 0.174298540 -0.032457575 -0.023988672 -0.001928483 0.999183357
1305031105.811283 -0.004218724 0.000752377 0.185654968 -0.030709608 -0.018408410 -0.000969057 0.999358356
1305031105.843271 -0.002714291 0.002031482 0.195954457 -0.029504627 -0.015069626 -0.000158679 0.999451041
1305031105.875337 -0.001511514 0.007374283 0.203994945 -0.027657606 -0.010405783 0.001958744 0.999561369
1305031105.911262 -0.001405301 0.010444690 0.214933962 -0.030140698 -0.006321677 0.006658410 0.999503493
1305031105.943272 -0.000338736 0.013714044 0.209263161 -0.030468734 -0.002504923 0.008678385 0.999494910
1305031105.975329 -0.000264803 0.017338477 0.219592974 -0.034571934 -0.000444138 0.010508894 0.999346852
1305031106.011285 0.000601907 0.020121075 0.229034677 -0.038826335 0.001382057 0.012293162 0.999169409
1305031106.043355 -0.001165187 0.023030607 0.238227934 -0.043191057 0.004387107 0.013140793 0.998970807
1305031106.075330 -0.001827432 0.026898338 0.247277394 -0.046568412 0.005204809 0.015355989 0.998783529
1305031106.111327 -0.003908194 0.032268472 0.254966617 -0.050492555 0.006036039 0.016020548 0.998577714
1305031106.143355 -0.005168691 0.033710897 0.264677137 -0.057615992 0.004601102 0.018049890 0.998165011
1305031106.175534 -0.005945806 0.034883145 0.271977335 -0.061901100 0.002988780 0.018776506 0.997901201
1305031106.211275 -0.006840501 0.035083231 0.280279160 -0.065630876 0.001486781 0.019119408 0.997659683
1305031106.243267 -0.007510283 0.037710786 0.286104709 -0.065128818 0.000059463 0.022624511 0.997620344
1305031106.276385 -0.008067505 0.042287242 0.290835112 -0.065273777 -0.001728188 0.023733351 0.997583628
1305031106.311238 -0.007688261 0.045104858 0.294913739 -0.068774663 -0.003588341 0.027321490 0.997251570
1305031106.343258 -0.009920616 0.050202087 0.296278536 -0.072422624 -0.003433819 0.027674377 0.996984124
1305031106.375388 -0.005299023 0.051974848 0.298403740 -0.080999359 -0.006092871 0.021021927 0.996473789
1305031106.411320 -0.004560746 0.046085879 0.302153885 -0.090115719 -0.001456962 0.015287749 0.995812893
1305031106.443278 -0.008165810 0.044426776 0.301319361 -0.090638980 0.004063586 0.010755676 0.995817423
1305031106.475345 -0.011062128 0.042124279 0.297771037 -0.090808384 0.004743709 0.008523991 0.995820642
1305031106.511129 -0.010548606 0.037843153 0.293182641 -0.090571091 0.000518532 0.009875128 0.995840907
1305031106.543302 -0.009227478 0.035895910 0.285780758 -0.087233163 -0.004379428 0.008799830 0.996139407
1305031106.575282 -0.012021646 0.033398923 0.270973265 -0.084738955 -0.004072181 0.007194280 0.996368885
1305031106.611151 -0.012695234 0.032538842 0.261735648 -0.084160559 -0.007008262 0.004823291 0.996415913
1305031106.643207 -0.011826683 0.027095923 0.259602338 -0.084797062 -0.010452455 0.001675688 0.996342003
1305031106.675279 -0.013335394 0.026118131 0.247940272 -0.082109153 -0.013027084 0.002001924 0.996536195
1305031106.711508 -0.016115792 0.022925682 0.237827331 -0.083988085 -0.017316839 0.000630833 0.996316075
1305031106.743341 -0.016028723 0.019327402 0.226001725 -0.083007805 -0.024024842 0.001348034 0.996258318
1305031106.775390 -0.014704662 0.016468225 0.213630319 -0.082189314 -0.030434163 0.001124358 0.996151328
1305031106.811289 -0.014473780 0.017660737 0.202093899 -0.081420779 -0.034243211 -0.000029471 0.996091366
1305031106.843416 -0.013627867 0.008971184 0.190035045 -0.083830312 -0.038632832 -0.000480183 0.995730758
1305031106.875905 -0.011304222 0.005300114 0.177549481 -0.078322776 -0.041756567 -0.003884804 0.996045589
1305031106.911243 -0.010859602 0.006821821 0.163921922 -0.073142849 -0.041480534 -0.008558246 0.996421695
1305031106.943439 -0.010277431 0.000910785 0.152552322 -0.072733030 -0.040666439 -0.012803376 0.996439755
1305031106.975547 -0.008994924 -0.005278388 0.140342176 -0.067890853 -0.039032925 -0.016065059 0.996799469
1305031107.011576 -0.010708455 -0.001922371 0.122960322 -0.059123192 -0.035194661 -0.020162452 0.997426331
1305031107.043281 -0.010002153 -0.007338769 0.112543926 -0.060714662 -0.033167046 -0.021912349 0.997363269
1305031107.075432 -0.010823861 -0.012276190 0.113259129 -0.058125149 -0.032530140 -0.022039479 0.997535765
1305031107.111229 -0.009931058 -0.012180484 0.099721104 -0.052631918 -0.033508528 -0.022723764 0.997792900
1305031107.143260 -0.009534426 -0.014564043 0.073926568 -0.050227523 -0.031701125 -0.023254843 0.997963667
1305031107.175399 -0.008863863 -0.021210335 0.065112270 -0.049881656 -0.030174743 -0.023872200 0.998013794
1305031107.211358 -0.004400131 -0.022917394 0.070700563 -0.044170488 -0.030392578 -0.025159195 0.998244584
1305031107.243378 -0.003841408 -0.020976283 0.060336176 -0.036633532 -0.027119784 -0.025167821 0.998643637
1305031107.275398 -0.001229658 -0.026120501 0.050901525 -0.032469839 -0.024475809 -0.025467811 0.998848379
1305031107.311226 -0.002873248 -0.027431233 0.040563960 -0.025228662 -0.019787656 -0.027330756 0.999112070
1305031107.343509 0.001018315 -0.031010747 0.031952169 -0.014497931 -0.017112825 -0.026460789 0.999398232
1305031107.375413 0.002459116 -0.027192881 0.022756543 -0.004180961 -0.012295731 -0.026607985 0.999561608
1305031107.411271 0.004112101 -0.029880721 0.016809799 0.001591935 -0.007526513 -0.027787549 0.999584258
1305031107.443419 0.005997795 -0.027853169 0.010296978 0.007506952 -0.002958619 -0.027174316 0.999598145
1305031107.475377 0.008438960 -0.028547516 0.008032594 0.010278029 0.001186493 -0.025849363 0.999612272
1305031107.511352 0.009221422 -0.024840755 0.003902982 0.012862707 0.005148546 -0.025683403 0.999574125
1305031107.543605 0.012069720 -0.026308347 0.004703931 0.009616470 0.007202803 -0.023328070 0.999655664
1305031107.575454 0.014803201 -0.030512212 0.005436929 0.008064739 0.008686366 -0.020514263 0.999719262
1305031107.611271 0.016293319 -0.024312995 0.004214174 0.010435409 0.010005612 -0.018881219 0.999717176
1305031107.643323 0.016204206 -0.023537353 0.005633012 0.007260587 0.011768760 -0.018045301 0.999741554
1305031107.675568 0.016046947 -0.023195622 0.007920031 0.006052626 0.012286785 -0.017180409 0.999758601
1305031107.711307 0.015362552 -0.019392762 0.009509943 0.005789370 0.012280558 -0.016392751 0.999773443
1305031107.743538 0.013625752 -0.017216802 0.009178159 0.002621107 0.011515178 -0.015525955 0.999809742
1305031107.775802 0.012976811 -0.016957471 0.011909715 -0.000078302 0.009051045 -0.017036999 0.999813855
1305031107.811596 0.014244682 -0.015984006 0.013128221 -0.002227021 0.006758224 -0.017071467 0.999828935
1305031107.843332 0.016369484 -0.014052216 0.015503184 -0.004222495 0.005592549 -0.017328097 0.999825299
1305031107.875358 0.019877965 -0.015477759 0.018763814 -0.005347480 0.005563732 -0.020780426 0.999754250
1305031107.911541 0.023913026 -0.016307099 0.021669038 -0.004707207 0.007804573 -0.022718454 0.999700367
1305031107.943122 0.028177293 -0.017497873 0.023989702 -0.003155840 0.010712467 -0.023129316 0.999670088
1305031107.975807 0.034200162 -0.017730610 0.025288727 -0.000722815 0.014333737 -0.022493308 0.999643981
1305031108.011320 0.040070869 -0.018398264 0.024341332 0.002780657 0.019049855 -0.024643634 0.999510884
1305031108.043418 0.049731441 -0.016214257 0.026092498 0.005940140 0.024625629 -0.022234222 0.999431789
1305031108.075352 0.057852868 -0.017708944 0.028147738 0.006618216 0.033502687 -0.016853629 0.999274611
1305031108.111378 0.061633840 -0.018737726 0.029658549 0.009073083 0.040565405 -0.017420318 0.998983800
1305031108.143334 0.076285429 -0.017570214 0.031381179 0.011401064 0.040913165 -0.017119445 0.998950958
1305031108.176058 0.077902883 -0.009470978 0.034544386 0.012037328 0.046708677 -0.011656603 0.998767972
1305031108.211475 0.085104525 -0.011073085 0.037334025 0.006582438 0.048795383 -0.012972991 0.998702824
1305031108.243347 0.099824481 -0.014609084 0.043365620 0.004884416 0.049602356 -0.013705071 0.998663068
1305031108.275358 0.105952770 -0.009668736 0.044035852 0.006620257 0.054803230 -0.013092998 0.998389363
1305031108.311332 0.117792517 -0.005410620 0.049026664 0.004516966 0.054411110 -0.013333638 0.998419404
1305031108.343278 0.116141692 -0.006707272 0.047091410 -0.002455885 0.056320798 -0.010234980 0.998357236
1305031108.375410 0.123613738 -0.004296118 0.051997926 -0.006777951 0.053315733 -0.005454851 0.998539805
1305031108.411361 0.133701280 -0.004834509 0.054348480 -0.012026602 0.048808742 0.000431973 0.998735666
1305031108.443610 0.142766267 -0.002071275 0.056593463 -0.015360371 0.047302198 0.007555878 0.998733938
1305031108.475471 0.153595984 -0.006014667 0.057679325 -0.019696418 0.045963839 0.014142323 0.998648763
1305031108.511378 0.173477188 -0.008853477 0.059671618 -0.020074463 0.044341572 0.018161226 0.998649597
1305031108.543737 0.186758876 -0.013909705 0.059413888 -0.017760836 0.049728822 0.016609583 0.998466671
1305031108.575414 0.194185287 -0.005705570 0.058510192 -0.011285308 0.055020191 0.015988752 0.998293459
1305031108.611407 0.204894438 -0.005052169 0.060784496 -0.011465871 0.060178649 0.017031305 0.997976422
1305031108.643303 0.213076472 -0.002840701 0.060394879 -0.010834863 0.065628812 0.018678680 0.997610450
1305031108.675375 0.226659611 0.001430173 0.060290743 -0.012138125 0.068476692 0.022657525 0.997321546
1305031108.711411 0.231820896 -0.000736584 0.062181320 -0.017125268 0.077240288 0.027633248 0.996482372
1305031108.743502 0.237316668 -0.002047115 0.062362272 -0.019004269 0.082050793 0.028920745 0.996027172
1305031108.775493 0.243597269 -0.000526578 0.062386658 -0.019700436 0.085433580 0.030990293 0.995666921
1305031108.811244 0.242138326 -0.003770428 0.063959405 -0.023018116 0.091174766 0.034601416 0.994967401
1305031108.843264 0.244347736 -0.005575767 0.062070597 -0.022357240 0.091138817 0.041011687 0.994742095
1305031108.876515 0.245046139 -0.005466688 0.060292173 -0.020346250 0.088404976 0.047004513 0.994766891
1305031108.911364 0.246047199 -0.011067729 0.058793075 -0.019549010 0.085081071 0.051677555 0.994840920
1305031108.943243 0.240966633 -0.013260031 0.056336638 -0.015508127 0.083505109 0.051418651 0.995059073
1305031108.975268 0.230018541 -0.004115409 0.059677176 -0.008569756 0.081811592 0.050495185 0.995330930
1305031109.011269 0.230710387 -0.004005576 0.058537759 -0.008949767 0.076953173 0.049412195 0.995769322
1305031109.043277 0.234575480 -0.006910690 0.050564505 -0.009042200 0.071596831 0.046568550 0.996304929
1305031109.075410 0.221337855 0.001176222 0.053225633 -0.007612160 0.072530784 0.041644000 0.996467352
1305031109.111282 0.216445297 -0.000447653 0.052895211 -0.011818748 0.070455439 0.039241344 0.996672750
1305031109.143334 0.207669780 -0.000784208 0.054939356 -0.012168885 0.068091683 0.035579283 0.996970177
1305031109.175464 0.201452330 0.004423738 0.053435545 -0.010193908 0.060673069 0.032758635 0.997567892
1305031109.211379 0.196992934 0.012997723 0.052017998 -0.012218100 0.054503348 0.035815500 0.997796237
1305031109.243290 0.187036723 0.009902664 0.055972941 -0.022250779 0.052606463 0.039980978 0.997566521
1305031109.275308 0.169827104 -0.000384912 0.052948155 -0.028208612 0.052574307 0.044160169 0.997241259
1305031109.311329 0.160945654 0.002211145 0.050423387 -0.024673425 0.043189395 0.044374645 0.997775912
1305031109.343248 0.149257943 0.006256779 0.050503645 -0.026074924 0.034041818 0.042525243 0.998174727
1305031109.375397 0.140258878 0.004921031 0.053494517 -0.028832003 0.025381267 0.042749878 0.998347104
1305031109.411329 0.129541352 0.007063723 0.052042555 -0.028517623 0.019446760 0.039025594 0.998641849
1305031109.443302 0.126276001 0.006045466 0.045268271 -0.032937627 0.010976946 0.032510508 0.998868227
1305031109.475363 0.115790002 0.003649427 0.045981850 -0.036580309 0.009488258 0.029108969 0.998861611
1305031109.511273 0.105405107 -0.000127866 0.044458125 -0.037586320 0.007735411 0.024719410 0.998957634
1305031109.543294 0.095741883 0.002077811 0.043043531 -0.033839229 0.005875619 0.022255270 0.999162197
1305031109.575362 0.085220121 0.003678740 0.041289795 -0.033185661 0.005982143 0.022049470 0.999188066
1305031109.611310 0.073330760 0.004029817 0.039006706 -0.033238262 0.005540622 0.019740084 0.999237120
1305031109.643229 0.064134225 0.005285212 0.037882563 -0.033437416 0.004249192 0.018785739 0.999255180
1305031109.675263 0.051139332 0.007770779 0.036474381 -0.035035610 0.005208192 0.021154044 0.999148548
1305031109.711312 0.038931116 0.009576207 0.033701178 -0.037143912 0.003418139 0.020222245 0.999099433
1305031109.743274 0.029903974 0.010521899 0.034884598 -0.041382335 0.000104379 0.019595465 0.998951197
1305031109.775277 0.022888323 0.009070165 0.036996439 -0.045155689 -0.002330584 0.019919466 0.998778641
1305031109.811371 0.011543375 0.010463417 0.036424182 -0.047076885 -0.002660034 0.019205326 0.998703122
1305031109.843296 -0.000967222 0.010958103 0.036909413 -0.050367825 -0.003780114 0.018087009 0.998559773
1305031109.875306 -0.013968562 0.010692481 0.034870330 -0.054379761 -0.005426076 0.016445972 0.998370171
1305031109.911265 -0.023310984 0.009470958 0.040808011 -0.055859253 -0.011842967 0.011305221 0.998304427
1305031109.943299 -0.033333097 0.017256480 0.042507343 -0.054652322 -0.014570402 0.007778620 0.998368859
1305031109.975258 -0.045310907 0.016243307 0.045262627 -0.059514727 -0.015860939 0.002080626 0.998099267
1305031110.011256 -0.053803179 0.016257044 0.048470695 -0.062104829 -0.019039838 -0.004717273 0.997876883
1305031110.043299 -0.063299648 0.017169015 0.050851651 -0.064357400 -0.020007037 -0.011162295 0.997663915
1305031110.075319 -0.074185349 0.019531125 0.051529732 -0.065482788 -0.019260181 -0.016519621 0.997531056
1305031110.111325 -0.085574120 0.021244448 0.055044092 -0.069443636 -0.020126430 -0.021250300 0.997156382
1305031110.143432 -0.096482657 0.017538434 0.056779876 -0.072162807 -0.022713535 -0.024928875 0.996822536
1305031110.175641 -0.101978481 0.022501376 0.057565842 -0.071971968 -0.027529294 -0.025989953 0.996687889
1305031110.211637 -0.112572186 0.020496249 0.058964953 -0.076578714 -0.029672407 -0.027622983 0.996239007
1305031110.243323 -0.122486815 0.019060256 0.060018495 -0.077393077 -0.032724991 -0.027933497 0.996071815
1305031110.279321 -0.128758088 0.019813085 0.061557449 -0.075265795 -0.036949277 -0.028513815 0.996070623
1305031110.311404 -0.139207244 0.021036137 0.062694773 -0.072165176 -0.039249055 -0.030137662 0.996164382
1305031110.343355 -0.148294747 0.020952923 0.059763469 -0.071779132 -0.043243378 -0.031417463 0.995987296
1305031110.379281 -0.158102170 0.021364020 0.057228625 -0.070811212 -0.047858164 -0.034170352 0.995754838
1305031110.411469 -0.166900203 0.026560545 0.058394484 -0.068753213 -0.054191288 -0.037770469 0.995444477
1305031110.443260 -0.176021039 0.030484639 0.058773734 -0.071777105 -0.059427362 -0.040090270 0.994841278
1305031110.479331 -0.186221883 0.027985118 0.059362449 -0.075372793 -0.065471247 -0.046441291 0.993919313
1305031110.511429 -0.197204471 0.029934276 0.060592853 -0.075194962 -0.071406737 -0.050588962 0.993321478
1305031110.543408 -0.204030186 0.034948975 0.060748562 -0.075039625 -0.078049362 -0.053275790 0.992692828
1305031110.579426 -0.209418431 0.036904391 0.060566060 -0.079343744 -0.084896058 -0.057664610 0.991550326
1305031110.611307 -0.214740604 0.032427847 0.063005045 -0.085375518 -0.089510828 -0.061779171 0.990394950
1305031110.643418 -0.221173197 0.030008348 0.062566116 -0.084840536 -0.091793716 -0.065549634 0.989989519
1305031110.679606 -0.226430938 0.038066901 0.061609261 -0.081587940 -0.094102949 -0.067060374 0.989944935
1305031110.711412 -0.232328027 0.035187017 0.062758923 -0.086485513 -0.095125720 -0.069311224 0.989276171
1305031110.743249 -0.236997455 0.034808196 0.063432217 -0.087046571 -0.096543223 -0.070785254 0.988985240
1305031110.779193 -0.237868130 0.034479417 0.061815679 -0.087350152 -0.099173836 -0.071258657 0.988664091
1305031110.811386 -0.241522789 0.035481378 0.061653033 -0.087746322 -0.098574586 -0.072857507 0.988572419
1305031110.843218 -0.244245604 0.036393017 0.062376577 -0.088813081 -0.100084700 -0.075016439 0.988163829
1305031110.879313 -0.241573185 0.034289047 0.061277110 -0.089889824 -0.103611924 -0.074839555 0.987716258
1305031110.911333 -0.242034256 0.036853772 0.062366307 -0.089275733 -0.104240306 -0.075070135 0.987688303
1305031110.943862 -0.238995433 0.035008848 0.061240822 -0.090171516 -0.106453381 -0.074977838 0.987377882
1305031110.979345 -0.229269311 0.036719110 0.061357096 -0.089528099 -0.108643807 -0.075110748 0.987187743
1305031111.011431 -0.221393123 0.035667639 0.063777208 -0.091548160 -0.105921403 -0.074097387 0.987374902
1305031111.043327 -0.216811866 0.035965994 0.064514160 -0.090447217 -0.100352608 -0.072300881 0.988190889
1305031111.079283 -0.213702917 0.039914481 0.063335568 -0.090511486 -0.096378468 -0.070371710 0.988719702
1305031111.111508 -0.205774888 0.035046827 0.065630741 -0.094015688 -0.095278077 -0.067194752 0.988720417
1305031111.143257 -0.199025273 0.033200543 0.066114679 -0.092975035 -0.092952937 -0.065784566 0.989134848
1305031111.179326 -0.192255706 0.034978017 0.066077083 -0.089500315 -0.088635638 -0.064792044 0.989916861
1305031111.211433 -0.183033586 0.035284091 0.065965496 -0.087494947 -0.081072502 -0.061228715 0.990970731
1305031111.243236 -0.182707325 0.034363806 0.067619383 -0.087093115 -0.075011171 -0.061025862 0.991495788
1305031111.279308 -0.162028551 0.028394017 0.069372743 -0.085181169 -0.080280460 -0.059859138 0.991320372
1305031111.311547 -0.157792687 0.032221690 0.064589739 -0.080188587 -0.073234409 -0.056285683 0.992491066
1305031111.343397 -0.154705524 0.032677948 0.062523603 -0.083590783 -0.073509134 -0.056034438 0.992204189
1305031111.379134 -0.138194785 0.025195993 0.068207487 -0.085727401 -0.080188364 -0.052390426 0.991703510
1305031111.411296 -0.135510147 0.027416419 0.064084455 -0.080199495 -0.078083567 -0.051445846 0.992383122
1305031111.443386 -0.120884404 0.029686082 0.068931572 -0.079097599 -0.086044878 -0.055462468 0.991596580
1305031111.479259 -0.093674183 0.026122540 0.076153144 -0.076758780 -0.089125790 -0.055190098 0.991523445
1305031111.511264 -0.085228398 0.019226419 0.067721814 -0.075641505 -0.075793304 -0.055147883 0.992719710
1305031111.543250 -0.074880555 0.016707778 0.070704356 -0.072884634 -0.070236601 -0.053571947 0.993420660
1305031111.579237 -0.063068204 0.019155243 0.067003101 -0.067553170 -0.061527684 -0.047876228 0.994665205
1305031111.611271 -0.062083330 0.015905686 0.062109619 -0.070349365 -0.052821480 -0.041522596 0.995257139
1305031111.643395 -0.041101500 0.008570055 0.072242051 -0.069641612 -0.060117852 -0.034266032 0.995169163
1305031111.679320 -0.023767678 0.014662703 0.069024608 -0.062011201 -0.055686258 -0.025133332 0.996203780
1305031111.711760 -0.011992335 0.014186404 0.072141409 -0.061773594 -0.048774481 -0.023819165 0.996613145
1305031111.743386 0.008293139 0.011975881 0.080152735 -0.058231104 -0.042374901 -0.019694762 0.997208893
1305031111.779423 0.011837437 0.013351495 0.075110875 -0.054614231 -0.021646064 -0.015438124 0.998153508
1305031111.811406 0.011875181 0.014324633 0.073542722 -0.051242631 -0.003190786 -0.014810273 0.998571336
1305031111.843299 0.028042335 0.012437468 0.074159443 -0.048811086 0.002973464 -0.013660579 0.998710155
1305031111.879442 0.033531718 0.015427383 0.072045028 -0.048116587 0.011691725 -0.008973858 0.998732984
1305031111.911354 0.036173511 0.011312939 0.073261268 -0.048881829 0.014035842 -0.002899888 0.998701751
1305031111.943300 0.051076617 0.014180431 0.074926101 -0.045761108 0.007512360 0.006768525 0.998901248
1305031111.979449 0.064951517 0.010804839 0.071875706 -0.046211559 0.006601326 0.012674597 0.998829424
1305031112.011433 0.071499787 0.009580504 0.070445754 -0.044420291 0.016329963 0.011988745 0.998807490
1305031112.043270 0.084495716 0.007008752 0.065697901 -0.041646067 0.022702085 0.008577578 0.998837650
1305031112.079339 0.104112133 0.007149173 0.067670122 -0.039798971 0.029253010 0.009579579 0.998733461
1305031112.111423 0.102882899 0.008400023 0.068318009 -0.036571775 0.042275321 0.005296651 0.998422384
1305031112.144342 0.119155526 0.010746691 0.067333952 -0.034892868 0.043554030 -0.001106157 0.998440921
1305031112.179390 0.134706885 0.015361282 0.070973814 -0.034883976 0.053488795 -0.003262006 0.997953594
1305031112.211254 0.137039050 0.004234198 0.072853588 -0.039491691 0.066137709 -0.008984094 0.996988237
1305031112.243369 0.147093266 0.002067528 0.074046314 -0.034060888 0.075113177 -0.013126728 0.996506751
1305031112.279353 0.150672033 0.003458931 0.074629314 -0.028089024 0.082834437 -0.016340576 0.996033370
1305031112.311312 0.158909291 -0.001648392 0.077547029 -0.024433903 0.085560046 -0.016571745 0.995895505
1305031112.343323 0.165135458 0.001482448 0.077363074 -0.016408741 0.086641945 -0.015172354 0.995988786
1305031112.379360 0.172497690 0.001140447 0.077076793 -0.012237279 0.085048020 -0.011656739 0.996233463
1305031112.411442 0.183491156 0.001963198 0.075224772 -0.009378721 0.081829593 -0.006428482 0.996581435
1305031112.443391 0.194164738 -0.000832373 0.074892998 -0.007916340 0.079724580 0.000206499 0.996785462
1305031112.479418 0.199051797 0.000363909 0.074499235 -0.004117816 0.079303309 0.010052451 0.996791363
1305031112.511504 0.211019725 -0.000629854 0.066744730 -0.001635657 0.069700830 0.018374696 0.997397363
1305031112.543212 0.218633056 -0.001382216 0.066477820 0.000503410 0.066251650 0.022361817 0.997552216
1305031112.579252 0.217780843 0.000046735 0.073806010 0.002279708 0.070505001 0.027243884 0.997136712
1305031112.611261 0.230909422 0.004028452 0.073939458 0.003717356 0.067596093 0.033082429 0.997157216
1305031112.643246 0.248608425 0.004206548 0.063111238 0.001951228 0.064323932 0.043256812 0.996989250
1305031112.679952 0.249631003 0.003690404 0.064917020 -0.000479701 0.071444862 0.045761794 0.996394098
1305031112.711251 0.251713455 0.008186842 0.067411393 -0.000687861 0.075084083 0.047813777 0.996029973
1305031112.743245 0.257266551 0.019029928 0.065664098 -0.000408236 0.075866871 0.053648062 0.995673597
1305031112.779310 0.251537174 0.010905309 0.069538228 -0.011991607 0.083022162 0.053667694 0.995029271
1305031112.811310 0.240020588 0.006433309 0.070610791 -0.015964879 0.087381698 0.050817378 0.994749784
1305031112.843286 0.239434749 0.012426341 0.070890397 -0.015805136 0.081038959 0.049474232 0.995356798
1305031112.879421 0.240846306 0.013962320 0.071171999 -0.018626707 0.076377027 0.052779730 0.995506823
1305031112.911411 0.232558340 0.012146946 0.070890114 -0.022243360 0.075330317 0.054138027 0.995439410
1305031112.943321 0.227805376 0.011848737 0.072028272 -0.023811316 0.070106998 0.053679142 0.995809495
1305031112.979278 0.226109311 0.013047874 0.071649343 -0.023725353 0.063036561 0.052018691 0.996372223
1305031113.011353 0.220224366 0.012113227 0.068629876 -0.026182195 0.061028510 0.050670143 0.996505141
1305031113.043231 0.213307127 0.012525109 0.068967439 -0.029975371 0.059961922 0.048826475 0.996555030
1305031113.079251 0.201132178 0.002283902 0.068797886 -0.034840718 0.060511351 0.041890383 0.996679366
1305031113.111316 0.194618881 0.005999734 0.064502865 -0.030712374 0.054071065 0.036852960 0.997384071
1305031113.143306 0.187932223 0.011969540 0.065573521 -0.030697126 0.050688252 0.035328157 0.997617304
1305031113.179343 0.177164569 0.003919380 0.065430500 -0.036872793 0.050965570 0.035434134 0.997390270
1305031113.211259 0.164257631 0.002791963 0.063632131 -0.035339482 0.047421433 0.036136806 0.997595310
1305031113.243227 0.143140614 0.004146683 0.062481463 -0.037466463 0.047749780 0.037259355 0.997460783
1305031113.279312 0.134898826 -0.001376722 0.064540759 -0.041596934 0.042128224 0.038511064 0.997502804
1305031113.311452 0.120432094 -0.004236600 0.062655084 -0.036813971 0.036594771 0.044344690 0.997666836
1305031113.343252 0.104042508 0.001436584 0.060951792 -0.030268218 0.029515395 0.041981682 0.998223543
1305031113.379312 0.096723437 0.000863750 0.059595209 -0.033047318 0.019266171 0.036798507 0.998590291
1305031113.411625 0.087689377 -0.005495801 0.060719464 -0.035111256 0.010960937 0.038593177 0.998577774
1305031113.443266 0.071552068 0.000700938 0.059416965 -0.030464532 0.007038778 0.033124596 0.998962045
1305031113.479311 0.063541599 0.001220470 0.059323672 -0.033323422 -0.001868545 0.026231337 0.999098599
1305031113.511523 0.050625756 -0.003542285 0.055001743 -0.039247785 -0.006339422 0.023810232 0.998925686
1305031113.543242 0.038434193 -0.005250246 0.060576029 -0.041386787 -0.012444219 0.021051686 0.998843908
1305031113.579301 0.027525019 -0.002310656 0.060035795 -0.040044740 -0.017559612 0.016261177 0.998911262
1305031113.611268 0.018582875 -0.001229301 0.062616050 -0.042337086 -0.021443283 0.011712796 0.998804569
1305031113.643222 0.008423613 -0.000624698 0.063242853 -0.044506062 -0.021780252 0.007836631 0.998740911
1305031113.679288 -0.004074458 -0.001457723 0.063110702 -0.045843590 -0.019992309 0.004410168 0.998738825
1305031113.711931 -0.012114210 -0.002644293 0.063515410 -0.046582203 -0.020568714 0.000208258 0.998702645
1305031113.743590 -0.020096621 -0.001741164 0.063282385 -0.045714565 -0.018638868 -0.004696480 0.998769581
1305031113.779320 -0.032083672 -0.003233632 0.063867867 -0.045174249 -0.015413493 -0.009267181 0.998817205
1305031113.811237 -0.042971376 -0.000732305 0.063588925 -0.042870268 -0.013569728 -0.011550176 0.998921692
1305031113.843295 -0.052592117 0.000398462 0.063932970 -0.043371443 -0.011349046 -0.014810204 0.998884737
1305031113.879281 -0.067356698 -0.005906503 0.065300241 -0.044393279 -0.008950411 -0.019919904 0.998775423
1305031113.911290 -0.074789472 -0.000094282 0.065913878 -0.038752019 -0.011240820 -0.019964060 0.998986185
1305031113.943291 -0.079283483 -0.000977440 0.067164607 -0.036929779 -0.011259349 -0.022436637 0.999002516
1305031113.979293 -0.091101773 -0.000649364 0.066410244 -0.033491910 -0.008499607 -0.027684083 0.999019325
1305031114.011257 -0.103738442 0.000023534 0.065455265 -0.030045155 -0.006512978 -0.033100970 0.998979092
1305031114.043301 -0.124890678 -0.000185234 0.065543026 -0.028957054 -0.004533414 -0.036170710 0.998915732
1305031114.079285 -0.130921468 -0.000543289 0.065502971 -0.026725588 -0.011809181 -0.036949053 0.998889923
1305031114.111263 -0.138471484 0.003535589 0.066848963 -0.022952154 -0.018421009 -0.039744947 0.998776376
1305031114.143284 -0.147333175 0.003826619 0.068630919 -0.023043675 -0.023666810 -0.042811390 0.998537004
1305031114.179337 -0.154657513 -0.000045751 0.069091737 -0.022109063 -0.026367040 -0.044944372 0.998396695
1305031114.211303 -0.164948538 0.008576768 0.068418287 -0.017165016 -0.026031274 -0.047174547 0.998399854
1305031114.243337 -0.178709000 0.008690432 0.070043638 -0.019429034 -0.026590765 -0.051604211 0.998124421
1305031114.279390 -0.198561624 0.008290024 0.069493890 -0.019756854 -0.027698610 -0.053229466 0.998002529
1305031114.311429 -0.204161018 0.009823513 0.072059639 -0.020588107 -0.037523635 -0.052674301 0.997694075
1305031114.343331 -0.201675981 0.010150399 0.074210197 -0.021279747 -0.048193265 -0.055986945 0.997040570
1305031114.379320 -0.215035081 0.007221684 0.073636055 -0.022688519 -0.047171611 -0.059840549 0.996834576
1305031114.411397 -0.224581763 0.007265665 0.073730201 -0.021867111 -0.048246097 -0.064047255 0.996540070
1305031114.443345 -0.236969918 0.011712685 0.076488048 -0.020050632 -0.050180502 -0.066723689 0.996307075
1305031114.479332 -0.246674061 0.010072827 0.076851860 -0.021114072 -0.056295607 -0.067742661 0.995889485
1305031114.511266 -0.249100775 0.012823748 0.077615507 -0.020533253 -0.066072740 -0.069747068 0.995162368
1305031114.543236 -0.249835238 0.008816684 0.077979974 -0.025243822 -0.071785919 -0.068485625 0.994745851
1305031114.579237 -0.254026443 0.008391232 0.079554439 -0.026631670 -0.072563842 -0.064704739 0.994906247
1305031114.611391 -0.258355439 0.010929285 0.079034448 -0.027952846 -0.073101662 -0.062327623 0.994982421
1305031114.644136 -0.264525503 0.010622120 0.081425980 -0.032766171 -0.074457556 -0.061877571 0.994763076
1305031114.679251 -0.268930107 0.008434691 0.082307458 -0.036293607 -0.080106132 -0.062543139 0.994159997
1305031114.711306 -0.268864781 0.004953153 0.082348011 -0.038337018 -0.085649863 -0.061645314 0.993677139
1305031114.743200 -0.268733025 0.002395365 0.080913104 -0.038502470 -0.089504682 -0.065021671 0.993115604
1305031114.779289 -0.266594857 0.003765356 0.079876915 -0.035529733 -0.092095867 -0.068325415 0.992767632
1305031114.811303 -0.265638888 0.006242885 0.079333335 -0.034671932 -0.092165194 -0.069270439 0.992726028
1305031114.843208 -0.257015646 0.007541046 0.080637813 -0.033907510 -0.095266871 -0.071009651 0.992336690
1305031114.879281 -0.252218068 0.009258299 0.078767367 -0.033768360 -0.096853383 -0.069832392 0.992271423
1305031114.912879 -0.250657499 0.012019211 0.079862013 -0.033789955 -0.096621059 -0.070703730 0.992231607
1305031114.943234 -0.243114918 0.013990934 0.080260038 -0.035692379 -0.098251864 -0.072400726 0.991882443
1305031114.979280 -0.237660646 0.016312093 0.081272148 -0.036900532 -0.096551709 -0.072837874 0.991973162
1305031115.011300 -0.230993077 0.020098001 0.081936404 -0.039712109 -0.096364170 -0.073594905 0.991826952
1305031115.043508 -0.221885979 0.014629805 0.085183457 -0.046036478 -0.095715217 -0.073705353 0.991608202
1305031115.079238 -0.214198112 0.019201053 0.086392686 -0.045384843 -0.092916206 -0.074067272 0.991877437
1305031115.111230 -0.202482834 0.017531715 0.086431518 -0.049661782 -0.090714686 -0.072195075 0.992014289
1305031115.143275 -0.193157747 0.017098341 0.091674186 -0.051209386 -0.082695231 -0.070257135 0.992775440
1305031115.179440 -0.189633742 0.019414507 0.093335316 -0.051511057 -0.076701939 -0.069843143 0.993270040
1305031115.211374 -0.173310280 0.014183566 0.099442199 -0.053956375 -0.078677811 -0.066170886 0.993237078
1305031115.243297 -0.158002555 0.010782031 0.101688214 -0.050612230 -0.075714134 -0.062533587 0.993878901
1305031115.279966 -0.146457508 0.016539229 0.102851078 -0.046943851 -0.073908247 -0.058740418 0.994426191
1305031115.311704 -0.128975198 0.009714137 0.109851480 -0.049911462 -0.072571501 -0.052494176 0.994729400
1305031115.343235 -0.116648659 0.013335684 0.109137185 -0.044245966 -0.064153060 -0.047878224 0.995808423
1305031115.379166 -0.119188271 0.021606818 0.106519520 -0.045334619 -0.054616164 -0.043964539 0.996508420
1305031115.411237 -0.105617687 0.018326219 0.113332003 -0.053015418 -0.063085452 -0.040758774 0.995765209
1305031115.443159 -0.085392118 0.017202048 0.116941728 -0.056772936 -0.068904288 -0.034720272 0.995401204
1305031115.479241 -0.073823906 0.019308221 0.117178775 -0.060074117 -0.068276472 -0.029048458 0.995432377
1305031115.511253 -0.055775367 0.014816841 0.122778319 -0.065086491 -0.070506483 -0.024263820 0.995089829
1305031115.543604 -0.036166415 0.015289243 0.127312079 -0.063953884 -0.061018161 -0.017676100 0.995928824
1305031115.579315 -0.031521693 0.015232882 0.126036197 -0.063098989 -0.045242816 -0.012342036 0.996904850
1305031115.611424 -0.021103181 0.013091521 0.123708412 -0.062930033 -0.038142007 -0.007615917 0.997259736
1305031115.643254 -0.009210325 0.010746079 0.123450369 -0.062721834 -0.031799514 0.001401372 0.997523367
1305031115.679241 -0.000806995 0.009809772 0.120405182 -0.061485205 -0.027264290 0.012237960 0.997660518
1305031115.711320 0.007447494 0.011958726 0.119397737 -0.059624989 -0.026070694 0.019871529 0.997682452
1305031115.743250 0.024886012 0.011462899 0.122097336 -0.059909943 -0.021753168 0.027237048 0.997594953
1305031115.779425 0.030996580 0.011520987 0.119150721 -0.057374436 -0.010092088 0.033548415 0.997737825
1305031115.811277 0.047658671 0.012603881 0.118840769 -0.057023697 -0.003626166 0.041246466 0.997513831
1305031115.843224 0.066912562 0.009420750 0.116326086 -0.061837189 0.001222949 0.049741335 0.996845245
1305031115.879198 0.076016113 0.006278985 0.115846083 -0.062851556 0.007840713 0.059030261 0.996244788
1305031115.911118 0.085756347 0.009210079 0.115836114 -0.058951531 0.011489304 0.063361235 0.996181726
1305031115.943311 0.096154138 0.010862798 0.115789033 -0.059433959 0.017894208 0.069780365 0.995629489
1305031115.980740 0.105749510 0.013779566 0.116930164 -0.059842207 0.023335246 0.075787060 0.995053113
1305031116.011379 0.116700314 0.014194680 0.115720987 -0.062272329 0.031948864 0.077889793 0.994502187
1305031116.043164 0.132929921 0.016373359 0.117405199 -0.064998634 0.040290110 0.080637984 0.993805528
1305031116.080030 0.135591090 0.019154342 0.117158502 -0.068879493 0.053934798 0.087013617 0.992358446
1305031116.111300 0.144311324 0.022522990 0.122934327 -0.073482126 0.063159265 0.087566204 0.991435051
1305031116.143441 0.150047556 0.018569618 0.123810329 -0.079867430 0.072673254 0.092177406 0.989870250
1305031116.179572 0.157163739 0.019228712 0.124269642 -0.082078703 0.077759072 0.093527958 0.989175975
1305031116.211299 0.160881385 0.022762250 0.126920357 -0.084136032 0.085872807 0.096019872 0.988092661
1305031116.243320 0.174127236 0.016287470 0.128341094 -0.090829901 0.088931635 0.099862143 0.986847878
1305031116.279385 0.178128362 0.018017028 0.130227700 -0.090479836 0.100431345 0.101730011 0.985585093
1305031116.311336 0.190736011 0.028688060 0.131307632 -0.086351320 0.103535227 0.105634674 0.985223413
1305031116.343292 0.198894516 0.020698421 0.131705612 -0.091978289 0.107587308 0.109976150 0.983803928
1305031116.379384 0.200056225 0.017247174 0.129504368 -0.088081673 0.112496525 0.109829843 0.983627737
1305031116.411333 0.201469287 0.018680379 0.126437619 -0.084367782 0.114721052 0.113911048 0.983232081
1305031116.443369 0.200954929 0.027866231 0.123925038 -0.080485098 0.116746552 0.122908585 0.982235134
1305031116.479850 0.199222028 0.018169295 0.124482058 -0.086490609 0.119969606 0.126353577 0.980898261
1305031116.511205 0.197712421 0.021578737 0.122228771 -0.081875861 0.118165322 0.122731119 0.981972694
1305031116.543262 0.191886067 0.019847203 0.120117210 -0.080685809 0.119525664 0.117984630 0.982488155
1305031116.579313 0.186791897 0.017386466 0.116820976 -0.082749948 0.116542563 0.114947736 0.983034730
1305031116.611261 0.170293421 0.015481830 0.116965771 -0.082284711 0.117333442 0.108248927 0.983739913
1305031116.643355 0.162397072 0.017291795 0.115196154 -0.079479054 0.108296208 0.098545790 0.986024201
1305031116.679281 0.160195798 0.019405102 0.112331361 -0.077570684 0.095963724 0.090893805 0.988186240
1305031116.711634 0.145131126 0.016186742 0.112329960 -0.079363272 0.095587857 0.080040962 0.989018619
1305031116.743291 0.134343177 0.017242730 0.111860119 -0.080392368 0.090434447 0.068619579 0.990277767
1305031116.779298 0.114534959 0.018816106 0.111031495 -0.081287228 0.092374325 0.060192604 0.990573645
1305031116.811318 0.094171509 0.019831441 0.111836143 -0.079568230 0.094577149 0.051762220 0.990981698
1305031116.846089 0.089949548 0.017552219 0.107949510 -0.079232819 0.080551893 0.042918302 0.992668927
1305031116.880165 0.081154741 0.018741870 0.108124048 -0.080161743 0.068152145 0.037207808 0.993752956
1305031116.912044 0.062008068 0.020009464 0.106109649 -0.078315198 0.061091337 0.030990850 0.994572341
1305031116.943296 0.044200581 0.023126870 0.104185186 -0.077084959 0.050770275 0.023397464 0.995456100
1305031116.979351 0.031010810 0.021166654 0.103144459 -0.078181632 0.039334964 0.012239697 0.996087611
1305031117.011382 0.023032725 0.022984993 0.103508681 -0.076483794 0.025046110 0.005318405 0.996742010
1305031117.043261 0.023514472 0.029447705 0.102045022 -0.073597386 0.012296796 -0.000741151 0.997211993
1305031117.079520 0.017155435 0.028171565 0.096653938 -0.077023156 0.000985593 -0.007127812 0.997003376
1305031117.111238 0.005627571 0.031829238 0.099474646 -0.077579156 -0.009710070 -0.007793441 0.996908486
1305031117.143218 -0.002952950 0.038640678 0.102432594 -0.077320844 -0.020089613 -0.007708568 0.996774077
1305031117.179264 -0.007572529 0.037891366 0.100544997 -0.080817170 -0.029850537 -0.013224762 0.996194124
1305031117.211361 -0.033358801 0.038650833 0.100404769 -0.082768053 -0.028404778 -0.015243148 0.996047318
1305031117.243277 -0.026822321 0.044952661 0.104149856 -0.083715737 -0.037164479 -0.017028965 0.995650768
1305031117.279299 -0.024863509 0.042474322 0.106144592 -0.089710243 -0.038704336 -0.021266852 0.994988322
1305031117.311200 -0.028488362 0.040127333 0.106995106 -0.093947887 -0.036297910 -0.022661721 0.994657040
1305031117.343243 -0.031614393 0.037272748 0.108079359 -0.096107937 -0.035638105 -0.024071394 0.994441450
1305031117.379454 -0.032832660 0.034280490 0.108196080 -0.095888212 -0.035340849 -0.024561321 0.994461238
1305031117.411221 -0.034901388 0.030702364 0.108636647 -0.094967917 -0.036356796 -0.023680441 0.994534314
1305031117.443274 -0.033662006 0.028090330 0.108075000 -0.092300355 -0.038725957 -0.022354187 0.994726717
1305031117.479403 -0.034516104 0.023278711 0.108207628 -0.091204487 -0.039402004 -0.020738896 0.994836211
1305031117.511325 -0.033829767 0.016124640 0.108123459 -0.089573234 -0.041494180 -0.018738227 0.994939089
1305031117.544285 -0.037349842 0.012097952 0.107048266 -0.084818885 -0.040376481 -0.019078860 0.995395124
1305031117.579155 -0.037249871 0.008426019 0.107753940 -0.081738658 -0.042484742 -0.020227285 0.995542407
1305031117.611159 -0.037980188 0.003423703 0.109191693 -0.080965951 -0.044169538 -0.019714547 0.995542526
1305031117.643252 -0.038457748 -0.002018251 0.110854492 -0.079248436 -0.046101701 -0.018804559 0.995610714
1305031117.679262 -0.038024113 -0.006526213 0.112714812 -0.079048187 -0.049264748 -0.017937347 0.995491147
1305031117.711184 -0.036595691 -0.014592282 0.116433330 -0.080906220 -0.052844718 -0.014986428 0.995207012
1305031117.743184 -0.036772538 -0.022322180 0.119138703 -0.081561215 -0.054947361 -0.011612609 0.995084763
1305031117.779467 -0.037316043 -0.025177881 0.121496610 -0.080005564 -0.057232305 -0.009793608 0.995101869
1305031117.811320 -0.035743669 -0.034765676 0.126763999 -0.082402565 -0.060247779 -0.007562747 0.994747639
1305031117.843291 -0.031984158 -0.042092837 0.131247759 -0.080616862 -0.062032759 -0.006266435 0.994793236
1305031117.879451 -0.032382317 -0.046794303 0.133476526 -0.078721471 -0.058887865 -0.006413834 0.995135188
1305031117.911407 -0.034267619 -0.056430168 0.136977434 -0.079498149 -0.056297541 -0.006695512 0.995221496
1305031117.943253 -0.033605099 -0.061620392 0.139730170 -0.077887051 -0.054882765 -0.006494761 0.995429218
1305031117.979228 -0.036447156 -0.067001410 0.142582357 -0.079277031 -0.051967043 -0.007165128 0.995471358
1305031118.011228 -0.034837261 -0.077797063 0.148629874 -0.082814567 -0.052816745 -0.006991031 0.995139778
1305031118.043521 -0.035084058 -0.084443130 0.151683375 -0.081885964 -0.051519215 -0.006941949 0.995285034
1305031118.079334 -0.033235271 -0.090290643 0.156431898 -0.081617787 -0.051486891 -0.008170646 0.995299399
1305031118.111217 -0.031508166 -0.097586676 0.160427570 -0.081087269 -0.048073221 -0.009011699 0.995506227
1305031118.143256 -0.034918852 -0.104547516 0.162390709 -0.079695202 -0.041919287 -0.011278815 0.995873630
1305031118.179323 -0.034650240 -0.113159761 0.167621061 -0.080035321 -0.039731901 -0.013008685 0.995914936
1305031118.211202 -0.038765933 -0.121655874 0.168828502 -0.077493615 -0.035284057 -0.012405850 0.996291041
1305031118.243173 -0.038783483 -0.130067721 0.172681987 -0.075425856 -0.036763083 -0.011290099 0.996409535
1305031118.279194 -0.037492745 -0.139372095 0.176365823 -0.073002331 -0.037703291 -0.012047573 0.996546030
1305031118.311299 -0.039427448 -0.145712271 0.178762153 -0.066698469 -0.037407685 -0.012959110 0.996987462
1305031118.343324 -0.037136540 -0.147792161 0.182482854 -0.061214931 -0.037529737 -0.013378901 0.997329056
1305031118.379208 -0.040610380 -0.154023379 0.183112353 -0.057573475 -0.034383830 -0.015247263 0.997632504
1305031118.411296 -0.041316807 -0.155981004 0.182848841 -0.054244492 -0.035974257 -0.015295804 0.997762203
1305031118.445692 -0.039215930 -0.156813487 0.185519040 -0.053025417 -0.036852423 -0.012024666 0.997840464
1305031118.479285 -0.039633851 -0.159789041 0.187130436 -0.052985057 -0.037189648 -0.010079626 0.997851670
1305031118.511255 -0.037204079 -0.156530976 0.187800542 -0.049587917 -0.038409531 -0.008985247 0.997990489
1305031118.544414 -0.037396040 -0.151301205 0.188374028 -0.049221314 -0.037512366 -0.009517852 0.998037815
1305031118.579285 -0.035882391 -0.149833888 0.188180506 -0.051082909 -0.036923334 -0.010104973 0.997960448
1305031118.616142 -0.033993229 -0.145801380 0.188059106 -0.051177699 -0.035636585 -0.011755955 0.997984290
1305031118.645325 -0.035636317 -0.138436854 0.185652062 -0.050581388 -0.032546069 -0.014784734 0.998080015
1305031118.679295 -0.036606941 -0.135549977 0.183182195 -0.054557581 -0.030910084 -0.016857490 0.997889757
1305031118.711421 -0.038164411 -0.135771394 0.180223167 -0.057310432 -0.030366246 -0.020292383 0.997688115
1305031118.746770 -0.040949211 -0.126009732 0.177359670 -0.053650424 -0.031855300 -0.019449232 0.997861981
1305031118.779277 -0.037607439 -0.110784926 0.173770204 -0.053225670 -0.037115719 -0.017564384 0.997737944
1305031118.811221 -0.036722817 -0.112101786 0.173402756 -0.060362477 -0.039444383 -0.019848151 0.997199357
1305031118.846753 -0.033376593 -0.104938202 0.170421302 -0.056461185 -0.040781371 -0.018834762 0.997393727
1305031118.879208 -0.032797620 -0.090595275 0.159048483 -0.053032443 -0.037971761 -0.021497712 0.997639000
1305031118.911177 -0.034425024 -0.086257458 0.158288777 -0.056524847 -0.036330663 -0.024206936 0.997446299
1305031118.946974 -0.034530826 -0.077402085 0.152700305 -0.055079844 -0.034837291 -0.025589211 0.997545898
1305031118.979374 -0.034112416 -0.063748151 0.148629770 -0.053966023 -0.034454163 -0.028709909 0.997535110
1305031119.011363 -0.036364652 -0.054941755 0.144943520 -0.056840565 -0.033778794 -0.031207409 0.997323513
1305031119.047172 -0.037420578 -0.048501387 0.140756726 -0.059069838 -0.034092426 -0.031608194 0.997170687
1305031119.079223 -0.042986326 -0.039943062 0.133207425 -0.058500703 -0.033520665 -0.033081774 0.997175813
1305031119.111328 -0.042664692 -0.033129543 0.128603041 -0.058850732 -0.037387919 -0.032511573 0.997036457
1305031119.147616 -0.045617912 -0.022930697 0.123224527 -0.057860643 -0.039391883 -0.031217461 0.997058630
1305031119.179226 -0.042267818 -0.020956028 0.120648704 -0.060422711 -0.045514576 -0.030567225 0.996666014
1305031119.211364 -0.040286582 -0.010997818 0.115701489 -0.056523331 -0.048056647 -0.028643392 0.996832609
1305031119.247399 -0.040646903 -0.002829876 0.111786142 -0.055432681 -0.049224857 -0.028033515 0.996854186
1305031119.279212 -0.040328559 0.005289717 0.108034737 -0.054845739 -0.050253246 -0.028004706 0.996836126
1305031119.311212 -0.042346798 0.012116275 0.103931583 -0.054625336 -0.049527269 -0.025789989 0.996944308
1305031119.347741 -0.043364368 0.017622091 0.100582100 -0.054025598 -0.050823141 -0.023885692 0.996959269
1305031119.379239 -0.041946866 0.027786139 0.097539902 -0.052211057 -0.053763319 -0.022815663 0.996926785
1305031119.411484 -0.038651265 0.034693353 0.095200263 -0.053010322 -0.055015385 -0.021799032 0.996838987
1305031119.447706 -0.038020167 0.040092051 0.092953444 -0.054387372 -0.052857954 -0.021801395 0.996881485
1305031119.479267 -0.039098144 0.050023485 0.089199953 -0.051511381 -0.050256304 -0.022463504 0.997154057
1305031119.511240 -0.041191839 0.057792615 0.086233549 -0.052635800 -0.048173901 -0.022250433 0.997202933
1305031119.547382 -0.040367879 0.066014506 0.083593503 -0.053660713 -0.048658155 -0.020340575 0.997165561
1305031119.579559 -0.038546916 0.079558976 0.081194326 -0.052416790 -0.048419107 -0.019686105 0.997256517
1305031119.615017 -0.040934827 0.084272839 0.080169521 -0.057280932 -0.045216408 -0.019411026 0.997144699
1305031119.647903 -0.042140510 0.094535120 0.077418372 -0.058426566 -0.044279050 -0.018703669 0.997133851
1305031119.679208 -0.037735455 0.104182407 0.077216223 -0.061760988 -0.044643160 -0.020220393 0.996886969
1305031119.715232 -0.039401554 0.111143380 0.076005369 -0.067317896 -0.039309725 -0.017595557 0.996801615
1305031119.747193 -0.043817893 0.117204785 0.073516130 -0.071048781 -0.035466701 -0.013147686 0.996755362
1305031119.779169 -0.044746388 0.123216137 0.074135512 -0.074027643 -0.036966972 -0.011123198 0.996508718
1305031119.814537 -0.042513326 0.129887566 0.073754929 -0.076156437 -0.039294258 -0.006864724 0.996297657
1305031119.847429 -0.042219054 0.137617230 0.072106875 -0.078126043 -0.038309574 -0.002428694 0.996204197
1305031119.879214 -0.042478412 0.140275761 0.071684361 -0.079998136 -0.036372643 -0.002303015 0.996128559
1305031119.911401 -0.044880912 0.153230309 0.068981335 -0.075696789 -0.033142962 -0.002156165 0.996577561
1305031119.947392 -0.044662602 0.157578990 0.067758620 -0.080705807 -0.031723727 -0.001900790 0.996231198
1305031119.979537 -0.044332009 0.162768885 0.066507109 -0.082240954 -0.028730990 -0.003026722 0.996193647
1305031120.015264 -0.046078786 0.174301758 0.065124400 -0.082201198 -0.024666971 -0.001305417 0.996309638
1305031120.047290 -0.049632553 0.169777527 0.064638160 -0.093848310 -0.022065129 -0.000189561 0.995341897
1305031120.079418 -0.049750488 0.169855133 0.063095599 -0.095841311 -0.024186997 0.002436328 0.995099723
1305031120.115232 -0.051129326 0.170916557 0.062005602 -0.097336493 -0.025662063 0.003609121 0.994914055
1305031120.148157 -0.049280275 0.166802645 0.062862813 -0.101385593 -0.027426243 0.004223264 0.994460106
1305031120.179246 -0.047884040 0.162494496 0.063298792 -0.101811066 -0.027507566 0.007217216 0.994397163
1305031120.215249 -0.047812495 0.159329638 0.064127840 -0.097320974 -0.027666928 0.006995040 0.994843841
1305031120.248003 -0.047331359 0.156977996 0.064533666 -0.093231805 -0.027984193 0.005091872 0.995238066
1305031120.279430 -0.045575526 0.154333040 0.067356631 -0.088961661 -0.028455906 0.003786033 0.995621264
1305031120.315196 -0.045566462 0.147578031 0.068047248 -0.087528773 -0.027880512 0.001824968 0.995770097
1305031120.347787 -0.045977291 0.142182782 0.069919266 -0.083630413 -0.027045796 -0.000724902 0.996129513
1305031120.379437 -0.044578485 0.132569298 0.073331781 -0.084163688 -0.028234301 -0.000741021 0.996051550
1305031120.415445 -0.042159345 0.120457597 0.076724492 -0.080197483 -0.030175943 -0.000660416 0.996321917
1305031120.447417 -0.044067476 0.118318349 0.078771725 -0.071051009 -0.029612163 -0.001565536 0.997031808
1305031120.479432 -0.043337360 0.107049815 0.083247259 -0.070749439 -0.030758988 -0.001061447 0.997019172
1305031120.514819 -0.044651814 0.099112615 0.086828858 -0.064087920 -0.031825364 0.001340215 0.997435749
1305031120.547736 -0.042814825 0.091904886 0.089797027 -0.058142535 -0.036115441 0.003014171 0.997650266
1305031120.579551 -0.044968612 0.084606029 0.091564648 -0.055535220 -0.038566433 0.006196627 0.997692406
1305031120.615236 -0.043696329 0.076569416 0.096496575 -0.053051427 -0.043427702 0.008523646 0.997610629
1305031120.647354 -0.042275209 0.070517324 0.099716589 -0.048153855 -0.046822604 0.008757681 0.997703433
1305031120.679318 -0.040467549 0.065790489 0.103407077 -0.045228567 -0.049156476 0.009709304 0.997719347
1305031120.714522 -0.040019490 0.058273748 0.106538408 -0.043901987 -0.049924098 0.010833801 0.997728884
1305031120.747369 -0.040585682 0.051544987 0.109062277 -0.042882487 -0.051754043 0.010927465 0.997678936
1305031120.779894 -0.037462205 0.042561311 0.113906235 -0.041809522 -0.055603091 0.011577941 0.997510076
1305031120.814944 -0.038322236 0.037732709 0.115540557 -0.038728461 -0.055192638 0.010712082 0.997666895
1305031120.847921 -0.038326882 0.031199083 0.117856920 -0.039353441 -0.056113847 0.009041930 0.997607529
1305031120.883435 -0.036330141 0.023449522 0.121350668 -0.037460644 -0.056701530 0.006958632 0.997663915
1305031120.915444 -0.037469443 0.018361606 0.122271419 -0.035707265 -0.054634634 0.004885544 0.997855783
1305031120.947488 -0.036250047 0.010232729 0.124697044 -0.036739513 -0.055071410 0.003369604 0.997800589
1305031120.983366 -0.037889287 0.002854680 0.126496390 -0.036635511 -0.054310661 0.000800320 0.997851491
1305031121.015019 -0.038520865 -0.004614861 0.128157362 -0.035358772 -0.054594714 -0.000687836 0.997882128
1305031121.047498 -0.038753234 -0.007843377 0.129941598 -0.033549905 -0.054504465 -0.001280060 0.997948885
1305031121.083099 -0.040091328 -0.019251809 0.131281435 -0.034480736 -0.055162247 -0.003084180 0.997877121
1305031121.114696 -0.039453663 -0.023960914 0.133138046 -0.031436440 -0.056905434 -0.002099777 0.997882366
1305031121.147331 -0.041071106 -0.029814787 0.133505479 -0.029260665 -0.056676667 -0.003193016 0.997958601
1305031121.183271 -0.040743917 -0.037638698 0.135233209 -0.028196735 -0.058397900 -0.003714046 0.997888207
1305031121.211420 -0.037509993 -0.044854499 0.138140172 -0.026347699 -0.059644792 -0.003577391 0.997865498
1305031121.247194 -0.040906504 -0.049300425 0.138661861 -0.023608211 -0.056751005 -0.004615901 0.998098552
1305031121.282876 -0.040230181 -0.061689522 0.142221197 -0.026727820 -0.058724202 -0.003127100 0.997911453
1305031121.313568 -0.039077729 -0.070255935 0.144536510 -0.024791326 -0.059316941 -0.002060920 0.997929156
1305031121.347517 -0.041652180 -0.075728700 0.146056563 -0.022761352 -0.059528098 -0.001579836 0.997965872
1305031121.383226 -0.038614556 -0.083692074 0.150654793 -0.021575989 -0.062414821 -0.000428837 0.997816980
1305031121.414318 -0.039102115 -0.089813977 0.151703402 -0.017022485 -0.061094575 -0.001755013 0.997985303
1305031121.447319 -0.038968220 -0.095473364 0.153837964 -0.015943645 -0.060983535 -0.001034305 0.998010874
1305031121.482964 -0.036894374 -0.105360165 0.159280449 -0.015661852 -0.060179338 0.001035727 0.998064160
1305031121.514107 -0.040934376 -0.106597647 0.158428431 -0.010277550 -0.056579951 0.001365585 0.998344243
1305031121.547270 -0.039229307 -0.112796903 0.161554277 -0.012749171 -0.057570402 0.002852728 0.998255968
1305031121.583204 -0.038504422 -0.122490495 0.164546132 -0.015444038 -0.056531508 0.001846502 0.998279631
1305031121.614700 -0.037619133 -0.128044650 0.166945949 -0.014384883 -0.055181723 0.001170086 0.998372018
1305031121.647183 -0.037006184 -0.130403981 0.169324130 -0.012647212 -0.051440127 -0.001201737 0.998595297
1305031121.683200 -0.040188640 -0.136511996 0.170161322 -0.015388018 -0.046406623 -0.002567405 0.998800814
1305031121.714520 -0.042348683 -0.143404648 0.170896202 -0.016753692 -0.044833105 -0.001743541 0.998852491
1305031121.747145 -0.044358328 -0.147401139 0.169576243 -0.018957989 -0.043459885 -0.003439530 0.998869359
1305031121.782835 -0.043348946 -0.153062671 0.172395229 -0.021315999 -0.043629274 -0.000947980 0.998819888
1305031121.811540 -0.041465759 -0.154999584 0.174686909 -0.021867208 -0.043135531 0.001052192 0.998829365
1305031121.847335 -0.041864846 -0.157424256 0.178611487 -0.023962963 -0.041710321 0.005174653 0.998828948
1305031121.882060 -0.042602785 -0.160290122 0.178041339 -0.026799735 -0.040937617 0.011239767 0.998739004
1305031121.914931 -0.043601010 -0.161153242 0.178420648 -0.028761981 -0.042394985 0.013087402 0.998601079
1305031121.947288 -0.041167103 -0.160058454 0.180608511 -0.028202724 -0.045592837 0.013152059 0.998475313
1305031121.982926 -0.039583985 -0.155857474 0.180266693 -0.027260555 -0.045944151 0.012817943 0.998489738
1305031122.014256 -0.043699458 -0.154415131 0.175090984 -0.028015727 -0.043574855 0.008914674 0.998617470
1305031122.047306 -0.043454915 -0.149683878 0.173127472 -0.026160832 -0.045064740 0.005046866 0.998628736
1305031122.082959 -0.042450622 -0.145194083 0.172014639 -0.025463190 -0.045943432 0.001575718 0.998618186
1305031122.114672 -0.042820521 -0.136796027 0.167868569 -0.023058059 -0.045799475 -0.001957343 0.998682559
1305031122.150725 -0.041573994 -0.130137473 0.166719258 -0.023248233 -0.046751611 -0.007382911 0.998608708
1305031122.183042 -0.040715199 -0.121832952 0.164775595 -0.020931572 -0.046131201 -0.011931719 0.998644769
1305031122.214959 -0.041373145 -0.108394943 0.160254791 -0.020939011 -0.044270836 -0.016690085 0.998660684
1305031122.251319 -0.044490695 -0.105691023 0.158682659 -0.028256483 -0.042111889 -0.020841101 0.998495758
1305031122.283560 -0.043984585 -0.092720844 0.155324116 -0.026714088 -0.043596145 -0.021744987 0.998455226
1305031122.314289 -0.047509193 -0.077454343 0.147846684 -0.029528154 -0.044082731 -0.027391357 0.998215675
1305031122.351327 -0.045465562 -0.072616130 0.149157867 -0.036951970 -0.047792554 -0.029444071 0.997739196
1305031122.382630 -0.048887003 -0.064277641 0.142205656 -0.041433010 -0.048031684 -0.030572638 0.997517705
1305031122.414997 -0.049456801 -0.059587300 0.139850914 -0.046312399 -0.052338757 -0.030564891 0.997086585
1305031122.451257 -0.052466184 -0.049782604 0.134728640 -0.046946328 -0.055368934 -0.029163169 0.996935248
1305031122.483360 -0.051599205 -0.044763591 0.131089523 -0.051104590 -0.060791742 -0.028974611 0.996420145
1305031122.515097 -0.050559845 -0.036143556 0.127136096 -0.051632941 -0.064981803 -0.030153697 0.996093452
1305031122.551490 -0.047420382 -0.027736118 0.123937920 -0.052579436 -0.067286059 -0.031700183 0.995842874
1305031122.583208 -0.047299806 -0.020188402 0.120168313 -0.053733177 -0.065969162 -0.033167899 0.995821595
1305031122.614980 -0.051725559 -0.014131968 0.115934551 -0.054526474 -0.064036123 -0.032977320 0.995911002
1305031122.648788 -0.051929906 -0.006072971 0.111772135 -0.052856915 -0.065787889 -0.032122534 0.995914757
1305031122.683402 -0.051373705 0.001726609 0.108272471 -0.052194074 -0.067351036 -0.030345714 0.995900989
1305031122.715208 -0.054404326 0.009380143 0.104770951 -0.051840909 -0.068591684 -0.028038310 0.995902359
1305031122.751298 -0.051919628 0.022116844 0.102019168 -0.049266674 -0.072316788 -0.027329605 0.995789230
1305031122.783423 -0.050428439 0.032363363 0.098896816 -0.051411584 -0.073289290 -0.027717240 0.995598972
1305031122.812555 -0.048669934 0.037339874 0.097733028 -0.057309620 -0.073341280 -0.028245976 0.995258152
1305031122.851418 -0.042668849 0.046808727 0.098382160 -0.057322871 -0.072586223 -0.030029677 0.995260537
1305031122.883754 -0.045824774 0.054945868 0.094542250 -0.059664231 -0.064556040 -0.029461512 0.995693088
1305031122.914571 -0.051653847 0.057129655 0.093122102 -0.064727455 -0.059200648 -0.029473985 0.995709240
1305031122.951341 -0.050331287 0.062090341 0.091929972 -0.065901436 -0.059335630 -0.028059050 0.995665073
1305031122.982815 -0.052793294 0.070916943 0.088545434 -0.066193916 -0.058060408 -0.024552057 0.995813489
1305031123.015450 -0.052071601 0.074228473 0.087417960 -0.069515504 -0.059598308 -0.021364380 0.995569766
1305031123.051827 -0.050202958 0.078307152 0.085707977 -0.069576152 -0.060149036 -0.019756587 0.995565653
1305031123.082975 -0.050794557 0.088664912 0.083045289 -0.066901028 -0.058931511 -0.017440259 0.995864987
1305031123.113873 -0.051580630 0.097043216 0.080730274 -0.068856195 -0.057377867 -0.015363618 0.995856702
1305031123.150822 -0.052763924 0.101630241 0.080187559 -0.072288021 -0.056055471 -0.015011017 0.995694160
1305031123.182155 -0.048865929 0.111736037 0.079063565 -0.072730131 -0.056418259 -0.014550537 0.995648324
1305031123.214704 -0.047305569 0.119288698 0.077984475 -0.076556429 -0.052607525 -0.014333053 0.995573223
1305031123.250618 -0.049637876 0.131537706 0.076598555 -0.078988686 -0.047400903 -0.015303964 0.995630324
1305031123.282347 -0.048144817 0.136859536 0.076571524 -0.088022657 -0.045080572 -0.013029355 0.995012581
1305031123.311327 -0.047584396 0.143030018 0.076634370 -0.093278661 -0.041351378 -0.011758736 0.994711459
1305031123.350481 -0.049475644 0.148015037 0.075242564 -0.098470360 -0.035510734 -0.012250178 0.994430721
1305031123.382255 -0.048885234 0.156692460 0.074464634 -0.101579666 -0.030825585 -0.007937428 0.994318008
1305031123.411363 -0.048391297 0.159400731 0.074571297 -0.106003456 -0.026431629 -0.006684043 0.993991911
1305031123.451255 -0.049456794 0.166333646 0.072996520 -0.107275933 -0.023197332 -0.005161312 0.993945181
1305031123.483594 -0.048066154 0.175881431 0.072261803 -0.108604699 -0.022024358 -0.001005011 0.993840516
1305031123.511360 -0.046503931 0.180204332 0.072390363 -0.112148054 -0.021187996 0.001953068 0.993463695
1305031123.551513 -0.048164617 0.189120874 0.070962057 -0.110966638 -0.020021349 0.004009344 0.993614376
1305031123.579583 -0.045790572 0.191856280 0.070281088 -0.114789434 -0.020823633 0.007369283 0.993144214
1305031123.611335 -0.044036508 0.197002560 0.068399951 -0.115964308 -0.020075779 0.008975994 0.993009925
1305031123.652411 -0.041874234 0.204561144 0.068088204 -0.118052222 -0.019171573 0.009040806 0.992781103
1305031123.683753 -0.039697248 0.210623190 0.067482948 -0.120841891 -0.016813476 0.010193152 0.992477059
1305031123.711323 -0.040098153 0.214283228 0.066650942 -0.125518709 -0.012576181 0.011404001 0.991945982
1305031123.751723 -0.039549641 0.214132607 0.065860979 -0.130826607 -0.010704738 0.013130172 0.991260529
1305031123.783858 -0.039710209 0.216253325 0.064293958 -0.132212117 -0.010800010 0.014603477 0.991055012
1305031123.811608 -0.040435765 0.217137396 0.064375684 -0.133448124 -0.010485938 0.016120277 0.990869224
1305031123.851444 -0.039054561 0.216688022 0.063453987 -0.135157600 -0.011294126 0.017950224 0.990597129
1305031123.883786 -0.039625399 0.210208043 0.062746689 -0.139170945 -0.012139357 0.019043062 0.990010798
1305031123.911243 -0.038841013 0.216162965 0.063831069 -0.130232036 -0.014549109 0.019794745 0.991179168
1305031123.951442 -0.037534337 0.216367662 0.064174935 -0.129169643 -0.015892293 0.020602765 0.991281092
1305031123.983415 -0.040624682 0.206616938 0.063609965 -0.136246189 -0.015645148 0.021573508 0.990316510
1305031124.011302 -0.039258443 0.200850993 0.065075442 -0.132082641 -0.020651828 0.021299584 0.990794659
1305031124.051505 -0.039721183 0.200104028 0.067056865 -0.125495210 -0.023527097 0.022341682 0.991563559
1305031124.083837 -0.039131679 0.194383562 0.069121420 -0.125564873 -0.026784288 0.023031287 0.991456330
1305031124.111331 -0.040917035 0.181548923 0.071366400 -0.124537051 -0.028394751 0.021051358 0.991585135
1305031124.147446 -0.041733127 0.182133377 0.073155969 -0.115906917 -0.029202459 0.019109791 0.992646813
1305031124.182694 -0.043417953 0.179651842 0.076456219 -0.112386286 -0.029410861 0.017194659 0.993080378
1305031124.211396 -0.035883129 0.168250352 0.079107195 -0.108671673 -0.035665009 0.016363356 0.993302941
1305031124.249327 -0.038300287 0.161198482 0.080498204 -0.104803577 -0.035355441 0.015885526 0.993737340
1305031124.282545 -0.043948893 0.156627551 0.080998555 -0.103972241 -0.035728373 0.014220218 0.993836522
1305031124.311361 -0.040624000 0.147147462 0.084272064 -0.101441443 -0.042036213 0.014874010 0.993841708
1305031124.350354 -0.040975764 0.140932143 0.085889384 -0.096606411 -0.045087263 0.014100390 0.994200945
1305031124.382420 -0.037918363 0.133792877 0.087968424 -0.093123183 -0.049142662 0.012764530 0.994359195
1305031124.411439 -0.038058609 0.124628320 0.089828633 -0.089049540 -0.050483920 0.012274628 0.994671285
1305031124.450245 -0.037707318 0.116282292 0.090990029 -0.082586363 -0.051812664 0.010208816 0.995183766
1305031124.480099 -0.038721509 0.107821360 0.092373982 -0.076519497 -0.052330870 0.007901610 0.995662510
1305031124.511324 -0.038459186 0.100490473 0.094035000 -0.070038676 -0.054416988 0.005600621 0.996043146
1305031124.550437 -0.038698118 0.090984799 0.094881222 -0.067145713 -0.055955086 0.003100208 0.996168077
1305031124.579404 -0.039868407 0.083100595 0.097404987 -0.063051537 -0.057898648 0.000687047 0.996329129
1305031124.611358 -0.038606443 0.073477067 0.099758595 -0.058790393 -0.061142128 -0.001144431 0.996395528
1305031124.651271 -0.040947836 0.065856338 0.102011442 -0.054853465 -0.062014211 -0.003833554 0.996559381
1305031124.679362 -0.038452953 0.055055216 0.106922477 -0.052217536 -0.065333202 -0.004893911 0.996484339
1305031124.711251 -0.038092289 0.047001828 0.108636811 -0.048054524 -0.065507255 -0.006806571 0.996671081
1305031124.749890 -0.037786305 0.035756499 0.112009503 -0.047501501 -0.065996125 -0.008385869 0.996653318
1305031124.779365 -0.037675641 0.027173681 0.115192607 -0.044330761 -0.067485683 -0.008903906 0.996695161
1305031124.811360 -0.037407536 0.018833946 0.118921377 -0.042647999 -0.068713255 -0.009244689 0.996681571
1305031124.850535 -0.038442820 0.008393036 0.122719295 -0.043359775 -0.069481760 -0.009920217 0.996591091
1305031124.879355 -0.034149118 -0.001297805 0.128332511 -0.041763112 -0.071864128 -0.009776013 0.996491790
1305031124.911448 -0.034549706 -0.006194864 0.131226286 -0.039209098 -0.069033884 -0.010119206 0.996792138
1305031124.950730 -0.034409080 -0.015039542 0.137785941 -0.042576268 -0.068189830 -0.009836078 0.996714950
1305031124.979438 -0.035658173 -0.028903103 0.141779900 -0.043180659 -0.066730350 -0.008221720 0.996802330
1305031125.011454 -0.037487488 -0.035614781 0.144660801 -0.038131859 -0.068667710 -0.007441006 0.996882796
1305031125.050763 -0.034950413 -0.038194261 0.147349507 -0.034643345 -0.071737640 -0.006679824 0.996799350
1305031125.079364 -0.035675362 -0.047665477 0.151429579 -0.036619972 -0.070356771 -0.003901487 0.996841848
1305031125.111364 -0.035650644 -0.057829272 0.155672029 -0.036842998 -0.071889155 -0.002359345 0.996729136
1305031125.151013 -0.034330405 -0.063620515 0.157005638 -0.032646880 -0.072687790 -0.004633112 0.996809542
1305031125.179353 -0.035989866 -0.063134581 0.159709468 -0.030657066 -0.069589272 -0.003160658 0.997099519
1305031125.211320 -0.038322583 -0.074528567 0.164131880 -0.035720956 -0.067531921 -0.003801812 0.997070193
1305031125.250632 -0.039656043 -0.084252439 0.166477397 -0.034689642 -0.067005686 -0.006111445 0.997130632
1305031125.279467 -0.039457217 -0.084887385 0.168140978 -0.030073261 -0.067433797 -0.006629641 0.997248352
1305031125.311493 -0.039282307 -0.094213858 0.171795458 -0.031405177 -0.066098660 -0.006597150 0.997296929
1305031125.348880 -0.042200953 -0.096700378 0.171459481 -0.026397014 -0.063562423 -0.009649941 0.997582018
1305031125.379401 -0.038817659 -0.100987829 0.174010962 -0.027011169 -0.063169874 -0.013739305 0.997542560
1305031125.411335 -0.038901716 -0.104758061 0.176206991 -0.027055070 -0.056668479 -0.014213668 0.997925162
1305031125.451195 -0.040662058 -0.110257156 0.177903935 -0.030632297 -0.050934687 -0.016636439 0.998093486
1305031125.479424 -0.040728141 -0.117288254 0.180338621 -0.031237720 -0.047066569 -0.017938254 0.998242080
1305031125.511316 -0.041477911 -0.116501004 0.180325150 -0.029495314 -0.043098222 -0.018794443 0.998458505
1305031125.551020 -0.041468382 -0.119039230 0.181745693 -0.030681280 -0.040078584 -0.020524723 0.998514473
1305031125.579308 -0.040103644 -0.119926289 0.182616696 -0.032020807 -0.037255622 -0.022309575 0.998543441
1305031125.611533 -0.042162485 -0.125341356 0.181854695 -0.032681506 -0.032906909 -0.023167849 0.998655260
1305031125.650575 -0.046348095 -0.126302302 0.177549586 -0.027941601 -0.030902419 -0.020707302 0.998917162
1305031125.679328 -0.048508734 -0.119658366 0.173740953 -0.022365650 -0.034387704 -0.018921796 0.998979092
1305031125.711443 -0.044982992 -0.122301586 0.172843486 -0.022607069 -0.041350365 -0.017384199 0.998737633
1305031125.751260 -0.042694956 -0.111196123 0.169772074 -0.015157355 -0.044559393 -0.015515623 0.998771250
1305031125.779348 -0.042140897 -0.105952106 0.168172061 -0.015214071 -0.045653079 -0.018360434 0.998672724
1305031125.811573 -0.040527541 -0.098161884 0.165146247 -0.013941649 -0.045439720 -0.019051516 0.998688102
1305031125.847412 -0.041406244 -0.093608111 0.161957815 -0.016457299 -0.043506965 -0.021545576 0.998685181
1305031125.879318 -0.044934969 -0.089594193 0.157370359 -0.017397854 -0.042402994 -0.022753643 0.998689950
1305031125.911305 -0.047912855 -0.078403570 0.153896138 -0.019196920 -0.044297323 -0.021296354 0.998606861
1305031125.947343 -0.048902873 -0.075775363 0.150504842 -0.023608213 -0.050691463 -0.018925617 0.998255908
1305031125.979324 -0.047716063 -0.065805987 0.147560522 -0.022739071 -0.058408733 -0.015976690 0.997905850
1305031126.011333 -0.044353820 -0.058377564 0.146181285 -0.025338680 -0.065236442 -0.016241498 0.997415841
1305031126.047324 -0.039699994 -0.047037043 0.144317955 -0.027243372 -0.068303719 -0.014637465 0.997185111
1305031126.079356 -0.038589418 -0.036023896 0.143311873 -0.030093219 -0.067513883 -0.013560727 0.997172177
1305031126.111370 -0.037596382 -0.028005665 0.143896461 -0.033617571 -0.067287087 -0.014348986 0.997063935
1305031126.147432 -0.036531731 -0.015812112 0.140913397 -0.034723200 -0.066363297 -0.011877942 0.997120380
1305031126.179384 -0.038477451 -0.004843386 0.138618216 -0.040256955 -0.065447897 -0.011793107 0.996973872
1305031126.211319 -0.036638305 0.001153104 0.138103902 -0.045348465 -0.066616192 -0.011910099 0.996676445
1305031126.247298 -0.034567706 0.012689025 0.135989815 -0.047211394 -0.066302896 -0.011035284 0.996620893
1305031126.279363 -0.033572488 0.021939013 0.134977490 -0.050968789 -0.064919971 -0.011519314 0.996521354
1305031126.311332 -0.032034840 0.031915184 0.131503865 -0.054681890 -0.062435653 -0.013582664 0.996457279
1305031126.347363 -0.033599794 0.039804243 0.130201072 -0.058909841 -0.057671320 -0.015307532 0.996478438
1305031126.379423 -0.035163477 0.048143581 0.127532959 -0.062071517 -0.053873911 -0.016507328 0.996479928
1305031126.411465 -0.035064165 0.057718311 0.126243189 -0.065511569 -0.052513219 -0.017630834 0.996313095
1305031126.447361 -0.037156738 0.062758498 0.124319375 -0.070620559 -0.049695566 -0.017795742 0.996105611
1305031126.479533 -0.038292397 0.068802536 0.122013167 -0.073448263 -0.049531650 -0.014461217 0.995963275
1305031126.511410 -0.039059587 0.080243915 0.119528703 -0.074317493 -0.050873470 -0.013166942 0.995849073
1305031126.547374 -0.034416109 0.087380692 0.119151339 -0.080279328 -0.053658865 -0.011410826 0.995261669
1305031126.579454 -0.034639470 0.094196945 0.117491521 -0.083892472 -0.051087499 -0.010245361 0.995111644
1305031126.611528 -0.033583380 0.100454941 0.115905233 -0.088962838 -0.049746599 -0.008458795 0.994755924
1305031126.647376 -0.032034919 0.102661565 0.116401494 -0.094308011 -0.048721746 -0.006491647 0.994328976
1305031126.679479 -0.032349486 0.106124632 0.113513738 -0.096454561 -0.045731165 -0.002523139 0.994283080
1305031126.711583 -0.031868637 0.112042546 0.111531287 -0.098228358 -0.044171147 0.000487140 0.994183004
1305031126.747316 -0.029704511 0.112536028 0.110999048 -0.100668266 -0.043497175 0.003591720 0.993962288
1305031126.779379 -0.029424194 0.117973223 0.108592123 -0.099192820 -0.042389687 0.006963880 0.994140565
1305031126.811602 -0.026278108 0.120712027 0.107483327 -0.099578969 -0.041738294 0.007900125 0.994122505
1305031126.847343 -0.026469175 0.123380117 0.105469316 -0.099640943 -0.037519947 0.008078957 0.994282961
1305031126.879357 -0.026154835 0.125438616 0.104033172 -0.100084603 -0.035562139 0.008647474 0.994305611
1305031126.911364 -0.025059290 0.126361668 0.103035979 -0.100419879 -0.033801608 0.008166120 0.994337261
1305031126.947437 -0.026179753 0.128113329 0.101378173 -0.100525163 -0.031949196 0.009707980 0.994374037
1305031126.979337 -0.025799233 0.126374558 0.101528533 -0.102051526 -0.033046175 0.011036343 0.994168818
1305031127.011371 -0.025767349 0.126289159 0.100707427 -0.100542039 -0.033720341 0.011072886 0.994299591
1305031127.047297 -0.025052056 0.127110943 0.100880496 -0.099268876 -0.034552783 0.012191924 0.994385779
1305031127.079299 -0.025583060 0.126427948 0.100589387 -0.099828668 -0.034580711 0.012247007 0.994328141
1305031127.111435 -0.027445670 0.124261416 0.100061730 -0.100312203 -0.035624154 0.013101470 0.994231761
1305031127.147307 -0.027457044 0.120818011 0.100566193 -0.100491375 -0.039143138 0.013944398 0.994069815
1305031127.179349 -0.027831590 0.121010758 0.100893073 -0.097675763 -0.041686501 0.013368791 0.994254947
1305031127.211700 -0.026101410 0.119683176 0.102575712 -0.097183727 -0.044318695 0.013144472 0.994192362
1305031127.247374 -0.025916561 0.115908608 0.103820905 -0.096368022 -0.044620007 0.012181015 0.994270504
1305031127.279465 -0.027133200 0.116070494 0.103684634 -0.093180977 -0.044053882 0.011272622 0.994610250
1305031127.311362 -0.027898690 0.113431737 0.105089605 -0.094107732 -0.044736840 0.010608972 0.994499743
1305031127.347356 -0.027601253 0.108571969 0.107015885 -0.093690909 -0.046656396 0.009918440 0.994458079
1305031127.379262 -0.027575098 0.109282926 0.107495725 -0.089929491 -0.047908138 0.009825018 0.994746685
1305031127.411371 -0.028342117 0.108214498 0.108712502 -0.089588955 -0.048635069 0.009181060 0.994748294
1305031127.447333 -0.028616853 0.103531368 0.111017644 -0.090334430 -0.050009418 0.008677581 0.994617224
1305031127.479362 -0.029305067 0.105049685 0.111139014 -0.086987749 -0.050784584 0.007768824 0.994883776
1305031127.511356 -0.030314226 0.104681142 0.112011753 -0.087657668 -0.051330555 0.006482169 0.994806170
1305031127.547348 -0.029431839 0.100306980 0.114497364 -0.089250505 -0.053075228 0.006612767 0.994572043
1305031127.579345 -0.030044559 0.101038247 0.114827402 -0.086643189 -0.053357411 0.006400471 0.994788885
1305031127.611271 -0.029965548 0.101503536 0.115076080 -0.086615443 -0.053925388 0.006223232 0.994761825
1305031127.647358 -0.029128173 0.098584920 0.116726145 -0.088652909 -0.054784033 0.007536574 0.994526327
1305031127.679298 -0.030024583 0.097475961 0.116806366 -0.087329164 -0.054760523 0.008384361 0.994637907
1305031127.711375 -0.030787684 0.099582136 0.116184667 -0.085429966 -0.055022027 0.007593675 0.994794786
1305031127.747304 -0.029196694 0.097220801 0.117692441 -0.087727025 -0.056593060 0.007981033 0.994503617
1305031127.779346 -0.030305859 0.095093966 0.118150771 -0.087217197 -0.056100775 0.008000721 0.994576216
1305031127.811829 -0.031135360 0.096307456 0.117353991 -0.084888771 -0.056034565 0.006663883 0.994791269
1305031127.847366 -0.030823058 0.096020527 0.117685392 -0.085139513 -0.056498244 0.006023623 0.994747639
1305031127.879380 -0.031833142 0.094714060 0.117736697 -0.085583523 -0.056207743 0.005390270 0.994729638
1305031127.911476 -0.033052064 0.094885074 0.117540166 -0.085033357 -0.056487579 0.004884837 0.994763613
1305031127.947366 -0.032976776 0.095611326 0.117964625 -0.085369967 -0.057424739 0.005227556 0.994679391
1305031127.979371 -0.033283245 0.095279679 0.118902192 -0.086754806 -0.058019042 0.004891188 0.994526744
1305031128.011427 -0.031311616 0.094464734 0.120897554 -0.088408194 -0.059541743 0.004865721 0.994291246
1305031128.047369 -0.030818790 0.093694694 0.123131514 -0.090856671 -0.058854721 0.006002520 0.994105220
1305031128.079334 -0.031759098 0.091570996 0.124102004 -0.091305174 -0.057858955 0.006705287 0.994118094
1305031128.111391 -0.031590283 0.090721458 0.124990396 -0.090938702 -0.058191251 0.007472972 0.994126797
1305031128.147418 -0.030458387 0.090928480 0.126277238 -0.091385372 -0.059062321 0.009231730 0.994019687
1305031128.179350 -0.028994933 0.086647719 0.127955988 -0.092815131 -0.059842676 0.010681805 0.993825972
1305031128.211447 -0.029806554 0.087859660 0.127279475 -0.090153791 -0.059228767 0.010959993 0.994104683
1305031128.247480 -0.030130984 0.088648260 0.127089798 -0.089953542 -0.059518199 0.011373281 0.994100869
1305031128.279336 -0.029075818 0.085990347 0.128209352 -0.091300458 -0.060615096 0.011397076 0.993911564
1305031128.311483 -0.030441223 0.087211728 0.127420813 -0.089100599 -0.059645582 0.010663933 0.994177938
1305031128.347423 -0.031594276 0.087085105 0.126913249 -0.089073710 -0.059121236 0.009469274 0.994223773
1305031128.379404 -0.031108920 0.086534061 0.127941325 -0.089451998 -0.060115580 0.008127005 0.994142056
1305031128.411337 -0.032069795 0.085693911 0.127427459 -0.088930719 -0.059450109 0.006633483 0.994239926
1305031128.447296 -0.032157313 0.085518666 0.127305895 -0.088572912 -0.059653398 0.005358855 0.994267344
1305031128.479296 -0.032711782 0.084653080 0.127486661 -0.088987470 -0.059631187 0.004195733 0.994237304
1305031128.511433 -0.032075763 0.084130563 0.127420604 -0.088754088 -0.059913766 0.003715370 0.994243026
1305031128.547399 -0.031911369 0.083643906 0.127238899 -0.088891581 -0.059389025 0.003251725 0.994263887
1305031128.579455 -0.032001786 0.082186311 0.127642184 -0.088868640 -0.058749244 0.002849120 0.994305134
1305031128.611395 -0.032988459 0.081991188 0.126789898 -0.087534904 -0.058359876 0.002997459 0.994445920
1305031128.647352 -0.033819221 0.081574142 0.125961408 -0.087388031 -0.059107482 0.003689759 0.994412422
1305031128.679282 -0.034308944 0.081021957 0.126366749 -0.086830944 -0.060185526 0.002715838 0.994399667
1305031128.711457 -0.032342158 0.080856487 0.126769006 -0.085770644 -0.061403673 0.002059358 0.994418800
1305031128.747363 -0.031847276 0.080726728 0.126740783 -0.085132159 -0.060699210 0.001215795 0.994518280
