1341840840.133310 0.060106605 0.030442305 0.007794068 -0.013557622 -0.010944438 -0.006192519 0.999829054
1341840840.169494 0.063246109 0.015480578 0.003150843 -0.018817006 -0.010677505 -0.004814758 0.999754310
1341840840.201335 0.056661975 0.033279356 0.003449714 -0.010808295 -0.007941543 -0.006273420 0.999890387
1341840840.233363 0.069435798 0.036257148 0.000961709 -0.014167985 -0.011541511 -0.002155591 0.999830723
1341840840.269407 0.069329560 0.030744789 0.007651641 -0.018154645 -0.009583177 -0.002456496 0.999786258
1341840840.294570 0.072054245 0.029416008 0.008246034 -0.017189220 -0.009048274 -0.002312578 0.999808609
1341840840.330394 0.082479313 0.018488580 0.002911623 -0.020141998 -0.012305223 0.001361608 0.999720454
1341840840.362487 0.079574689 0.027644733 -0.001856618 -0.015607172 -0.011194350 0.003167089 0.999810517
1341840840.394382 0.083120421 0.030231033 0.000262472 -0.017764496 -0.013472294 0.006394131 0.999731004
1341840840.430325 0.092824288 0.021814803 0.005559827 -0.021002674 -0.016027508 0.007953065 0.999619305
1341840840.462407 0.098415919 0.030306365 0.001645340 -0.015447181 -0.015581621 0.007016566 0.999734640
1341840840.494502 0.097142570 0.032813087 0.000157252 -0.017665448 -0.013829588 0.008000487 0.999716282
1341840840.530297 0.102655917 0.027412154 0.004394096 -0.021578353 -0.015762348 0.009988965 0.999592960
1341840840.562361 0.106482573 0.026234142 0.004016338 -0.020834988 -0.016444132 0.010849752 0.999588788
1341840840.598321 0.105872467 0.027102757 0.001560209 -0.020802092 -0.015881199 0.011426211 0.999592185
1341840840.630280 0.108810782 0.015508831 0.002148941 -0.024393426 -0.018684654 0.014022722 0.999429464
1341840840.662439 0.115188204 0.030240888 0.001367172 -0.015891863 -0.022285365 0.012895868 0.999542117
1341840840.698371 0.129838347 0.037605327 0.004241480 -0.014388086 -0.024906034 0.012352853 0.999509931
1341840840.730361 0.135845050 0.024474971 0.007014760 -0.019826204 -0.022293951 0.013587807 0.999462485
1341840840.762407 0.124738082 0.020669492 0.002038225 -0.017232865 -0.015168411 0.011999372 0.999664426
1341840840.798303 0.127831116 0.033312060 -0.002611213 -0.011485472 -0.016334096 0.011047366 0.999739587
1341840840.830375 0.139681861 0.032502078 0.002942598 -0.013667892 -0.018891489 0.011605686 0.999660730
1341840840.866393 0.145529374 0.020297745 0.004725927 -0.016474791 -0.017111765 0.011586367 0.999650657
1341840840.898320 0.137696952 0.028352888 -0.000533146 -0.009295030 -0.011482609 0.009586164 0.999844909
1341840840.930454 0.145812005 0.041723967 -0.002830903 -0.005755763 -0.013758214 0.009297706 0.999845505
1341840840.966498 0.154319033 0.033112764 0.002143631 -0.012966618 -0.014499278 0.009136737 0.999769032
1341840840.998398 0.159182876 0.030728238 0.001928699 -0.013251401 -0.012982626 0.008964401 0.999787688
1341840841.034538 0.168874457 0.044572908 0.002743918 -0.008193217 -0.012517152 0.005989289 0.999870181
1341840841.066345 0.171240851 0.051123217 0.000159103 -0.009624154 -0.007354400 0.005148272 0.999913394
1341840841.098335 0.167924732 0.034385413 0.001601134 -0.022216337 -0.002569605 0.006523782 0.999728620
1341840841.134331 0.173628792 0.020553244 0.002404427 -0.025554571 -0.003984954 0.007704338 0.999635756
1341840841.166392 0.184978202 0.043551505 0.001458319 -0.014163238 -0.004836963 0.006409327 0.999867439
1341840841.198348 0.193636343 0.041686837 0.002101596 -0.018568687 -0.002307322 0.008633954 0.999787629
1341840841.234400 0.195964828 0.020734342 0.001827615 -0.026859695 -0.000517304 0.011799770 0.999569416
1341840841.266296 0.197007269 0.021870583 -0.001980956 -0.020218188 -0.000897431 0.011561424 0.999728322
1341840841.302430 0.202570811 0.035344284 -0.004946413 -0.013083260 -0.001869342 0.012701723 0.999831975
1341840841.334542 0.204936773 0.034061100 -0.006224214 -0.014674869 -0.000220636 0.014359890 0.999789178
1341840841.366311 0.205485687 0.032493424 -0.007365217 -0.015070394 0.000593135 0.013745055 0.999791801
1341840841.402475 0.208111122 0.032243095 -0.009316853 -0.014971259 -0.000152415 0.012703699 0.999807179
1341840841.434345 0.210523635 0.036837846 -0.010129581 -0.013559164 -0.000258242 0.012205372 0.999833524
1341840841.466383 0.213026747 0.037593774 -0.009109167 -0.014391148 0.000004020 0.011551908 0.999829710
1341840841.502454 0.218811780 0.032036752 -0.008628277 -0.017322892 -0.002173318 0.011969946 0.999775946
1341840841.534696 0.222206771 0.030922057 -0.009137788 -0.016593952 -0.003201026 0.012204204 0.999782681
1341840841.570470 0.222633526 0.044735521 -0.013861325 -0.011866984 -0.002143678 0.012989225 0.999842942
1341840841.602476 0.231001005 0.042372119 -0.009151250 -0.017358828 -0.004006012 0.013052454 0.999756098
1341840841.634468 0.238879636 0.033128820 -0.004465130 -0.021025859 -0.004729577 0.012418222 0.999690652
1341840841.671032 0.231182188 0.033004452 -0.011104229 -0.019434538 0.000451374 0.011577326 0.999743998
1341840841.702284 0.232214659 0.039226636 -0.012477113 -0.017802488 -0.001372471 0.013384574 0.999750972
1341840841.734304 0.238949448 0.039207801 -0.010482421 -0.019994019 -0.004419168 0.014533927 0.999684691
1341840841.770351 0.241766572 0.032137364 -0.008560272 -0.023369608 -0.005084984 0.016583357 0.999576390
1341840841.802313 0.233010888 0.027923815 -0.015254018 -0.024289794 -0.002808714 0.018833956 0.999523580
1341840841.838370 0.230883583 0.018521534 -0.017782897 -0.027701041 -0.007157227 0.021461397 0.999360204
1341840841.870881 0.243419647 0.031489745 -0.012582614 -0.019475924 -0.019295802 0.017408548 0.999472499
1341840841.902346 0.258162439 0.056128029 -0.006619617 -0.009941286 -0.024692081 0.013449152 0.999555230
1341840841.938375 0.256783634 0.043736834 -0.006021613 -0.019338150 -0.018768147 0.014338567 0.999534011
1341840841.970352 0.243415177 0.032195292 -0.014537232 -0.025009528 -0.013412911 0.012705297 0.999516487
1341840842.006342 0.250316262 0.043073691 -0.012455535 -0.021114612 -0.019429648 0.009917476 0.999539077
1341840842.038475 0.264034539 0.044929516 -0.004580192 -0.021987265 -0.023668181 0.008198064 0.999444425
1341840842.070419 0.258616179 0.042279139 -0.008382237 -0.022108736 -0.016953619 0.005877829 0.999594510
1341840842.106404 0.253088892 0.041327570 -0.014344690 -0.023142096 -0.013265356 0.004622512 0.999633491
1341840842.138367 0.254545510 0.024522640 -0.015174140 -0.028958926 -0.016614633 0.003933795 0.999434769
1341840842.170410 0.266593844 0.034172945 -0.014351948 -0.020295829 -0.024214469 0.001780418 0.999499202
1341840842.206430 0.270404279 0.040588602 -0.017347803 -0.015425318 -0.024014849 -0.001515054 0.999591470
1341840842.238319 0.273988426 0.041887715 -0.018674191 -0.013442640 -0.023517745 -0.005912989 0.999615550
1341840842.274385 0.283278435 0.039083719 -0.018602828 -0.012431236 -0.024667010 -0.011029443 0.999557555
1341840842.306571 0.276656657 0.038272001 -0.023136642 -0.009452811 -0.018598100 -0.015186687 0.999666989
1341840842.338413 0.270738035 0.044015151 -0.032192100 -0.006360102 -0.015802693 -0.016995171 0.999710441
1341840842.374365 0.276146770 0.030955052 -0.031574886 -0.012005067 -0.020218251 -0.018259060 0.999556780
1341840842.406739 0.277453184 0.033923905 -0.030414693 -0.004360324 -0.024075892 -0.021184795 0.999476135
1341840842.438410 0.288445920 0.067450687 -0.029737066 0.009367655 -0.026702169 -0.025863636 0.999264896
1341840842.474299 0.341586262 0.112829305 -0.009875126 0.022078542 -0.040563036 -0.025237264 0.998614132
1341840842.542388 0.360223144 0.118851416 0.019250818 0.021519255 -0.053536668 -0.012713783 0.998253047
1341840842.574346 0.348281384 0.116872862 0.004988179 0.020342657 -0.046424750 -0.013422876 0.998624444
1341840842.606530 0.345564187 0.087026335 0.004645413 0.007443914 -0.045098383 -0.023720728 0.998673141
1341840842.642329 0.376675516 0.080161043 0.017790407 0.004334001 -0.059659880 -0.021819243 0.997970819
1341840842.674386 0.387334913 0.088994645 0.025198445 0.010257067 -0.065416001 -0.023130534 0.997537196
1341840842.706548 0.397749573 0.099670373 0.037403926 0.013665983 -0.071876720 -0.020374468 0.997111738
1341840842.810490 0.389092475 0.102558397 0.039135449 0.017317284 -0.067500338 -0.026463365 0.997217894
1341840842.842296 0.373288721 0.107144155 0.042794086 0.017349456 -0.060267590 -0.028022518 0.997637987
1341840842.874411 0.382384777 0.097394034 0.045579437 0.010901350 -0.064714678 -0.021864111 0.997604668
1341840842.942647 0.376818061 0.094394743 0.044337608 0.010793898 -0.061934754 -0.027192259 0.997651339
1341840842.974535 0.377443761 0.093837276 0.042668082 0.010103325 -0.061215706 -0.026170090 0.997730255
1341840843.010449 0.385692388 0.102281094 0.047847223 0.017502820 -0.064206906 -0.031317491 0.997291505
1341840843.042429 0.404548287 0.109933577 0.053676009 0.017747167 -0.071411736 -0.023017569 0.997023404
1341840843.078385 0.452389657 0.102174111 0.067470372 0.010400563 -0.094376996 -0.017303741 0.995331824
1341840843.110373 0.465333998 0.100697272 0.063489735 0.008672397 -0.098408200 -0.014268773 0.995006025
1341840843.178476 0.463800073 0.098502159 0.067158528 0.006938467 -0.099058442 -0.012504050 0.994978845
1341840843.210589 0.465717018 0.083180539 0.065627031 -0.001169044 -0.099480376 -0.012068467 0.994965672
1341840843.246317 0.463405311 0.088037483 0.067312293 0.000466539 -0.099728175 -0.011445411 0.994948804
1341840843.346529 0.459230512 0.119259976 0.079872243 0.014571421 -0.100083984 -0.005680311 0.994856060
1341840843.411509 0.461183488 0.119012818 0.073811054 0.014435304 -0.100450017 -0.006958339 0.994813025
1341840843.447220 0.470417261 0.093268298 0.055024154 0.002008000 -0.098977834 -0.006858486 0.995063961
1341840843.478671 0.467030168 0.104569435 0.052956380 0.007186469 -0.097394846 -0.009241275 0.995176971
1341840843.515039 0.466824412 0.110621318 0.063929826 0.007005434 -0.099693857 -0.014021805 0.994894683
1341840843.548527 0.463158041 0.112288319 0.076192491 0.007033078 -0.095457099 -0.012597816 0.995328963
1341840843.582569 0.461136460 0.117194965 0.074303828 0.015255830 -0.091058500 -0.011669517 0.995660305
1341840843.614798 0.469576448 0.103283592 0.055193957 0.004265407 -0.092433408 -0.014185433 0.995608687
1341840843.653429 0.470764548 0.094877176 0.060090430 -0.005133188 -0.094948135 -0.014425303 0.995364487
1341840843.687928 0.466312677 0.097660437 0.066329211 0.001974568 -0.092752479 -0.019459639 0.995497048
1341840843.720258 0.469626546 0.099905923 0.060795683 0.004283316 -0.091699481 -0.017209945 0.995628774
1341840843.785505 0.463522911 0.105726048 0.071976461 0.004805263 -0.088839218 -0.018891321 0.995855212
1341840843.814703 0.468776882 0.105183311 0.071919173 0.005362542 -0.090128668 -0.014962493 0.995803297
1341840843.846439 0.476594120 0.106341839 0.075940207 0.004026853 -0.094304375 -0.008614345 0.995498002
1341840843.882429 0.475030065 0.110771514 0.075551815 0.006915234 -0.092290424 -0.010795965 0.995649576
1341840843.914321 0.466685086 0.116133347 0.085259162 0.012209255 -0.087357603 -0.018040361 0.995938838
1341840843.946316 0.458304465 0.109623969 0.077634826 0.012009541 -0.075806685 -0.025892809 0.996713936
1341840843.982401 0.465156853 0.105866179 0.065359205 0.009732402 -0.074364431 -0.024391610 0.996885300
1341840844.014387 0.468020052 0.095199212 0.067850754 0.001685718 -0.077125229 -0.024564242 0.996717334
1341840844.050399 0.458792865 0.098882489 0.088152051 0.006741747 -0.074430808 -0.028897677 0.996784627
1341840844.082349 0.452116460 0.107389614 0.076060861 0.019723494 -0.063752770 -0.034500759 0.997174144
1341840844.114393 0.455168605 0.124603607 0.087831147 0.024033263 -0.066896155 -0.025121462 0.997154057
1341840844.150523 0.454615653 0.124691129 0.091584049 0.023357350 -0.067088611 -0.027020838 0.997107565
1341840844.182299 0.453110993 0.122632876 0.095656052 0.025013529 -0.063925080 -0.030304339 0.997180820
1341840844.218448 0.452768058 0.120565854 0.097735412 0.027738728 -0.060816236 -0.031414837 0.997268796
1341840844.250566 0.455011666 0.123128980 0.090894356 0.031525660 -0.058571156 -0.030140070 0.997330010
1341840844.282274 0.456013650 0.122266650 0.085774928 0.028286055 -0.058342848 -0.030429954 0.997431695
1341840844.318322 0.454700291 0.117291957 0.092404321 0.024927264 -0.060544882 -0.031696580 0.997350633
1341840844.350432 0.454955816 0.118003115 0.092783764 0.031356629 -0.061590161 -0.035125080 0.996990323
1341840844.382375 0.457881719 0.116239436 0.083236367 0.031737063 -0.058185678 -0.041275218 0.996947110
1341840844.418837 0.459100515 0.109000273 0.084311552 0.024596682 -0.056945026 -0.040010992 0.997271955
1341840844.450418 0.460430026 0.098731004 0.078729011 0.020475170 -0.058648366 -0.040115178 0.997262180
1341840844.486330 0.463770449 0.094023384 0.076665394 0.021441683 -0.062396616 -0.046531685 0.996735513
1341840844.518335 0.465917617 0.078739539 0.074209690 0.018808754 -0.058664370 -0.055841796 0.996537209
1341840844.550458 0.468840390 0.077544972 0.070010081 0.016792104 -0.055623084 -0.052921321 0.996906936
1341840844.586351 0.467195570 0.076984771 0.072465733 0.015482170 -0.056724049 -0.050068390 0.997013450
1341840844.618382 0.467043817 0.077830628 0.072719492 0.017338268 -0.058435172 -0.052829102 0.996741593
1341840844.650334 0.464346081 0.089961715 0.076219290 0.021114288 -0.056912359 -0.054086749 0.996689439
1341840844.686320 0.465032578 0.080186866 0.077006161 0.018673191 -0.054975167 -0.055751998 0.996755123
1341840844.718495 0.465713233 0.084629774 0.076517507 0.024328221 -0.053264692 -0.057564802 0.996622920
1341840844.757582 0.464174360 0.089276582 0.076936573 0.025314575 -0.050875582 -0.057034791 0.996753693
1341840844.791011 0.461254835 0.090256862 0.084192306 0.024664393 -0.050779417 -0.055031642 0.996887445
1341840844.818394 0.459891707 0.098656900 0.086293489 0.032692142 -0.048662059 -0.056291524 0.996691763
1341840844.854307 0.459808648 0.100387976 0.084277660 0.033024173 -0.044921461 -0.055026639 0.996927023
1341840844.888045 0.460363835 0.099088579 0.083715379 0.032413751 -0.043503333 -0.053681817 0.997083306
1341840844.918612 0.461793095 0.098719180 0.080193475 0.029937793 -0.042757828 -0.053671777 0.997193515
1341840844.954718 0.464303702 0.093448229 0.073569819 0.027295142 -0.041248906 -0.056026485 0.997203350
1341840844.986719 0.468020231 0.083928406 0.070749290 0.023805313 -0.039779011 -0.059338119 0.997160912
1341840845.022279 0.469660610 0.076813497 0.066095576 0.020630158 -0.036471229 -0.060457747 0.997290850
1341840845.054280 0.472563028 0.066675842 0.063243002 0.015786525 -0.034631331 -0.061346643 0.997390628
1341840845.086344 0.475640595 0.060587946 0.057092726 0.010964039 -0.032614410 -0.060396802 0.997581244
1341840845.123640 0.473209769 0.058497977 0.062379617 0.008545711 -0.032702975 -0.062012512 0.997502863
1341840845.154408 0.472983956 0.062203370 0.063774601 0.015223975 -0.033218935 -0.064527288 0.997246683
1341840845.186393 0.474433899 0.069267161 0.055570528 0.017877834 -0.030881144 -0.061030939 0.997497857
1341840845.222296 0.471935689 0.073337361 0.060854748 0.015823744 -0.032417763 -0.056793086 0.997734070
1341840845.254440 0.470724672 0.073989667 0.063938193 0.019345779 -0.034386568 -0.061094917 0.997351825
1341840845.290376 0.476548702 0.065628462 0.056034558 0.017988052 -0.032712225 -0.068690650 0.996939301
1341840845.322289 0.475208491 0.066506982 0.055553801 0.015750144 -0.027416993 -0.064195529 0.997436285
1341840845.354494 0.470107198 0.077171467 0.066275463 0.020389780 -0.029589536 -0.058821019 0.997621596
1341840845.390309 0.466837347 0.086933382 0.070334807 0.030604357 -0.033339199 -0.061331913 0.997090936
1341840845.422339 0.467267066 0.089033745 0.068089113 0.035413306 -0.033414152 -0.066942111 0.996568203
1341840845.458335 0.468913913 0.086096339 0.065232694 0.032868486 -0.030848267 -0.072639279 0.996339083
1341840845.490264 0.465401024 0.090084024 0.070908099 0.031512037 -0.025495522 -0.070800498 0.996666551
1341840845.522343 0.466801316 0.089448184 0.070057556 0.030771503 -0.024155429 -0.068260044 0.996900320
1341840845.558310 0.469055861 0.086577483 0.065673798 0.027874647 -0.027454304 -0.062684953 0.997266173
1341840845.597232 0.468416721 0.085509956 0.067042902 0.028192634 -0.032136649 -0.063330822 0.997076571
1341840845.622577 0.468575776 0.083190151 0.069361746 0.028997026 -0.033748273 -0.069204085 0.996609807
1341840845.658634 0.472035915 0.080431655 0.059412576 0.028389078 -0.029906465 -0.073480926 0.996443808
1341840845.690353 0.472940505 0.079778500 0.061143771 0.026080215 -0.027345257 -0.075770445 0.996408999
1341840845.729069 0.471734762 0.077117927 0.064985931 0.024446888 -0.025359306 -0.076718852 0.996430337
1341840845.758375 0.472557932 0.080412209 0.059148528 0.027192652 -0.023716174 -0.074450217 0.996571779
1341840845.790466 0.475707769 0.074774027 0.051390640 0.023560142 -0.027319560 -0.073639899 0.996632218
1341840845.826375 0.475654155 0.077476606 0.049382091 0.025175784 -0.030554170 -0.079614334 0.996039271
1341840845.858782 0.473724931 0.075156324 0.056325518 0.024517462 -0.026537854 -0.089835808 0.995301068
1341840845.890417 0.473411471 0.072880208 0.057435855 0.023120373 -0.019200575 -0.086280257 0.995817482
1341840845.926383 0.478990495 0.068269774 0.044284571 0.023889823 -0.019309906 -0.087413043 0.995698452
1341840845.958390 0.480260283 0.068252571 0.040737785 0.022065869 -0.019362759 -0.091091603 0.995409667
1341840845.994269 0.478862166 0.068845265 0.043990567 0.022539834 -0.017090665 -0.090516903 0.995493114
1341840846.026558 0.480257481 0.068133511 0.041215949 0.023804903 -0.015834216 -0.089050338 0.995616734
1341840846.058807 0.480671495 0.069117777 0.038958475 0.022713635 -0.016054014 -0.088178784 0.995716274
1341840846.094265 0.479093850 0.070411339 0.044148441 0.023808548 -0.015672153 -0.091258615 0.995419204
1341840846.126378 0.477450401 0.072943836 0.045272607 0.028435854 -0.009321994 -0.096809834 0.994852960
1341840846.158446 0.476745546 0.076533899 0.041414708 0.029231666 -0.002200923 -0.092907764 0.995243073
1341840846.194427 0.478882015 0.078818463 0.041628499 0.027023081 -0.002884267 -0.089635246 0.995603800
1341840846.226385 0.478386879 0.078103699 0.043060515 0.026116975 -0.002389469 -0.092193119 0.995395720
1341840846.262497 0.476565808 0.078240424 0.046815965 0.029648663 0.002406790 -0.091707423 0.995341599
1341840846.294419 0.479649961 0.079059713 0.036909711 0.030107860 0.007729207 -0.089051217 0.995541871
1341840846.326478 0.480768263 0.080864400 0.036525220 0.028749144 0.006660266 -0.086594842 0.995806396
1341840846.362426 0.478987634 0.078859724 0.041484784 0.029498918 0.006453290 -0.091280319 0.995367289
1341840846.394323 0.479234159 0.079413205 0.041954961 0.031932674 0.011411792 -0.093080066 0.995080948
1341840846.430454 0.479507208 0.082135923 0.038603261 0.032579292 0.016290758 -0.090390831 0.995240033
1341840846.465291 0.481217712 0.082847014 0.034545653 0.028919669 0.016768098 -0.090125039 0.995369256
1341840846.494473 0.479319632 0.079512812 0.040933557 0.027728485 0.017469496 -0.092035517 0.995216250
1341840846.530439 0.480189890 0.081170276 0.042014871 0.032680999 0.021453131 -0.091563359 0.995031595
1341840846.562569 0.480060816 0.081104629 0.041693687 0.033063248 0.024225634 -0.087771297 0.995297015
1341840846.594486 0.479670554 0.079566501 0.039529797 0.027733522 0.023096669 -0.087736011 0.995489717
1341840846.630509 0.480290532 0.079998828 0.039579451 0.025300629 0.024259450 -0.089374840 0.995381117
1341840846.662363 0.478953749 0.087330587 0.038493846 0.036005851 0.034287319 -0.098823629 0.993862092
1341840846.698323 0.477722228 0.095431678 0.040178001 0.045582861 0.042676143 -0.106489435 0.992351234
1341840846.730390 0.476354003 0.094539747 0.040658794 0.038033843 0.042539857 -0.105372369 0.992794275
1341840846.762470 0.474475801 0.099828228 0.041114621 0.040568564 0.044222038 -0.112352312 0.991854608
1341840846.798363 0.475268453 0.106987149 0.039342877 0.047468420 0.048170626 -0.118965916 0.990592480
1341840846.830356 0.479364663 0.089270599 0.041500442 0.029240444 0.045677569 -0.103835776 0.993114650
1341840846.862350 0.480887830 0.081389740 0.039816797 0.021888077 0.042298585 -0.096867457 0.994157135
1341840846.898489 0.480077654 0.090570681 0.039088082 0.028245758 0.045370299 -0.103099570 0.993234217
1341840846.930380 0.478217810 0.096025400 0.038591921 0.027132709 0.051552553 -0.108145125 0.992426693
1341840846.966358 0.476887584 0.102502562 0.041428357 0.030989110 0.054629296 -0.114656530 0.991417766
1341840846.998844 0.481757909 0.091780424 0.042387668 0.024243739 0.047292624 -0.107062347 0.992830932
1341840847.030411 0.479453593 0.094138533 0.038847726 0.022984324 0.048609916 -0.107995361 0.992696226
1341840847.066359 0.482329547 0.092838734 0.042601287 0.019160105 0.050680295 -0.107913494 0.992682755
1341840847.098410 0.482586741 0.088404797 0.043319896 0.015393318 0.050202291 -0.105243206 0.993059218
1341840847.130366 0.481362522 0.089704268 0.040886715 0.016127683 0.049419720 -0.106417440 0.992961705
1341840847.166401 0.482435882 0.092722006 0.041172087 0.016368899 0.050425686 -0.107742198 0.992764294
1341840847.198307 0.484685212 0.090310559 0.044874296 0.015572410 0.051319774 -0.106366470 0.992879629
1341840847.234496 0.485467643 0.088081874 0.045218728 0.017301647 0.048233557 -0.103985317 0.993257880
1341840847.266747 0.482040465 0.091898747 0.039973490 0.020940909 0.048491552 -0.106295586 0.992930651
1341840847.298356 0.485448390 0.097496584 0.044802170 0.024062127 0.049241547 -0.111039452 0.992303610
1341840847.334573 0.486652493 0.096619137 0.047192238 0.024690371 0.050940614 -0.111418560 0.992159903
1341840847.366405 0.486481100 0.092795573 0.046792619 0.024077028 0.049333081 -0.109825268 0.992433846
1341840847.398361 0.484364599 0.097334027 0.043463528 0.028186943 0.051070396 -0.114709795 0.991684914
1341840847.434625 0.486680955 0.101098731 0.044698644 0.030109080 0.054888781 -0.118550539 0.990972459
1341840847.466370 0.486969382 0.096163042 0.047728773 0.026128100 0.059172068 -0.114384823 0.991328478
1341840847.502590 0.487520158 0.092643723 0.048171602 0.024170540 0.057259139 -0.110530160 0.991927564
1341840847.534309 0.485289127 0.099207416 0.045917585 0.027712403 0.058200773 -0.114726439 0.991303444
1341840847.566354 0.488561720 0.099858940 0.048790053 0.027329680 0.058749795 -0.116499566 0.991074860
1341840847.603337 0.489536732 0.096796460 0.050973654 0.027111568 0.061134998 -0.114603803 0.991157651
1341840847.634465 0.488714099 0.096693397 0.050698258 0.028687472 0.061599053 -0.114203140 0.991130769
1341840847.670420 0.489125907 0.100635909 0.050156958 0.031782832 0.061988410 -0.117710106 0.990601659
1341840847.702420 0.489733905 0.104929209 0.050228868 0.033976506 0.065663956 -0.119282819 0.990103722
1341840847.734342 0.490796179 0.102954283 0.053733882 0.030994350 0.069153361 -0.118302740 0.990081608
1341840847.770464 0.493356138 0.099709049 0.057915512 0.031843826 0.067788549 -0.117481343 0.990246832
1341840847.802407 0.490726084 0.102623813 0.053044561 0.037058271 0.068863481 -0.120146088 0.989671350
1341840847.834306 0.491784334 0.103013851 0.052252751 0.036364857 0.070567377 -0.120334461 0.989554167
1341840847.870532 0.492879331 0.100543939 0.055316579 0.035086636 0.072110608 -0.118604064 0.989697993
1341840847.902485 0.490731984 0.101467192 0.052426107 0.036048394 0.072460905 -0.116688125 0.989865541
1341840847.938405 0.494200110 0.103647120 0.056164831 0.036345333 0.070733845 -0.120748818 0.989492536
1341840847.970339 0.494801313 0.105155289 0.059781391 0.040560573 0.072714783 -0.125314236 0.988617063
1341840848.002312 0.495155662 0.106847852 0.058766391 0.044964846 0.072163552 -0.126281381 0.988343894
1341840848.038354 0.495578617 0.106654033 0.058483191 0.045903344 0.071055241 -0.126975641 0.988292098
1341840848.070743 0.495780677 0.113144815 0.058996841 0.052828457 0.073317744 -0.133185402 0.986962676
1341840848.102909 0.497025788 0.113672473 0.060146309 0.053439170 0.076095253 -0.135341629 0.986426055
1341840848.138432 0.496205360 0.113079906 0.061130792 0.051722370 0.079749659 -0.134574473 0.986333847
1341840848.170385 0.497425765 0.114316843 0.063883029 0.052921243 0.081183568 -0.136190921 0.985931337
1341840848.206548 0.498769969 0.114179358 0.064757712 0.054964274 0.081664622 -0.136309564 0.985763431
1341840848.238651 0.498171806 0.116680242 0.063876763 0.058859274 0.083715022 -0.136425883 0.985350370
1341840848.277372 0.499561578 0.117034331 0.064737678 0.058390122 0.083521657 -0.137310863 0.985271752
1341840848.313384 0.500728607 0.118346415 0.066036530 0.060915962 0.084329009 -0.140541613 0.984594285
1341840848.345285 0.501510024 0.118309543 0.065855026 0.062364727 0.084983401 -0.140978321 0.984384894
1341840848.377729 0.500112951 0.120290570 0.064895026 0.064186297 0.088723838 -0.142083511 0.983778656
1341840848.413434 0.501021743 0.116408467 0.065506972 0.058532745 0.089170836 -0.142275676 0.984063089
1341840848.446614 0.499500543 0.115327850 0.066781014 0.057652362 0.094181590 -0.141964436 0.983693123
1341840848.477376 0.497812241 0.115234464 0.067281738 0.058941402 0.098433413 -0.139311820 0.983579695
1341840848.514358 0.501118839 0.118227020 0.066249326 0.060485922 0.095527433 -0.140455991 0.983609676
1341840848.545352 0.503893495 0.119191952 0.067630075 0.061848853 0.095453329 -0.143669128 0.983067930
1341840848.581630 0.498245656 0.113459013 0.071507417 0.060473446 0.108638957 -0.145553783 0.981506288
1341840848.613497 0.497374088 0.110672884 0.064461246 0.060072921 0.107603654 -0.138322011 0.982690036
1341840848.645345 0.498770893 0.116859734 0.068550274 0.066295676 0.107254386 -0.138741493 0.982268870
1341840848.681427 0.501435280 0.114537604 0.071321480 0.066088460 0.105696522 -0.142985374 0.981843054
1341840848.713310 0.502544463 0.120334692 0.072293788 0.077772468 0.110599570 -0.148457572 0.979632318
1341840848.745404 0.499680698 0.119782582 0.071812786 0.079748020 0.118606724 -0.145180881 0.979027629
1341840848.774529 0.497063935 0.121187590 0.070808090 0.081004858 0.123644918 -0.142190218 0.978740036
1341840848.806548 0.495748103 0.118667163 0.070161507 0.074040711 0.125766039 -0.138699427 0.979521990
1341840848.842443 0.501485646 0.116238125 0.075098142 0.075108148 0.121120922 -0.137704521 0.980166256
1341840848.874427 0.501546443 0.118022420 0.072533950 0.081622735 0.120784558 -0.141406775 0.979159296
1341840848.910589 0.499827176 0.121932194 0.071962431 0.084800139 0.124976814 -0.144917980 0.977848887
1341840848.942390 0.503526688 0.120277718 0.075788572 0.085384354 0.124442093 -0.145982102 0.977707982
1341840848.974342 0.505051970 0.117141709 0.076103717 0.090921365 0.121359684 -0.143721059 0.977931201
1341840849.010480 0.496879727 0.120156005 0.070317097 0.092357077 0.126060307 -0.144467607 0.977091670
1341840849.042373 0.501048923 0.122385785 0.072594225 0.090988949 0.122855574 -0.147986844 0.977101505
1341840849.074269 0.501942158 0.120680802 0.075773567 0.091517173 0.126391381 -0.148904890 0.976461589
1341840849.110433 0.501752853 0.120044529 0.074213251 0.093597397 0.127020553 -0.147565752 0.976386011
1341840849.142356 0.502085090 0.119761571 0.074297428 0.095300928 0.125238344 -0.147530824 0.976456702
1341840849.178427 0.501229167 0.121570036 0.073466137 0.097065441 0.125438660 -0.150150970 0.975857615
1341840849.210439 0.504359007 0.120097712 0.074777558 0.097898230 0.122381128 -0.148429707 0.976425827
1341840849.242309 0.502442062 0.121214353 0.074940242 0.101876326 0.124585532 -0.149423078 0.975588202
1341840849.278391 0.500852704 0.123699307 0.072416857 0.100974269 0.127411500 -0.154476151 0.974529386
1341840849.310332 0.502460301 0.124428138 0.073526151 0.099103615 0.133299500 -0.159509048 0.973122060
1341840849.342402 0.506267011 0.122008085 0.079082280 0.103340387 0.141532183 -0.158961862 0.971607208
1341840849.378339 0.501407683 0.121444255 0.075419679 0.107788652 0.147888869 -0.151330754 0.971395612
1341840849.410390 0.497309923 0.123064443 0.073167741 0.105085865 0.150570855 -0.148613304 0.971699238
1341840849.446437 0.505290985 0.123993099 0.077278420 0.106933586 0.145844445 -0.151983991 0.971697211
1341840849.478425 0.505951166 0.125861555 0.078086838 0.113985978 0.153300494 -0.156154156 0.969083071
1341840849.512199 0.502052069 0.124975756 0.076561734 0.112439901 0.163658261 -0.154521093 0.967830837
1341840849.546449 0.499581069 0.128723800 0.075441442 0.111431204 0.172534928 -0.158595502 0.965744436
1341840849.578498 0.502743006 0.129003525 0.078150019 0.109556004 0.175900832 -0.159777030 0.965156794
1341840849.610692 0.505372703 0.126249373 0.080339514 0.109722853 0.177789509 -0.156308621 0.965359747
1341840849.646317 0.500569224 0.128803521 0.077689014 0.110964261 0.184369639 -0.154457659 0.964280844
1341840849.685647 0.499128342 0.131257758 0.078485548 0.106351733 0.190484330 -0.156944215 0.963209987
1341840849.714708 0.504401982 0.129628614 0.081899107 0.104242973 0.191550776 -0.157203481 0.963186800
1341840849.746347 0.503739893 0.128473401 0.081998266 0.105146222 0.195634633 -0.154271618 0.962741733
1341840849.778359 0.499012232 0.131223544 0.080508702 0.104347102 0.202305689 -0.155013546 0.961329758
1341840849.814323 0.502486944 0.130143121 0.082432613 0.101107530 0.200986207 -0.155686945 0.961843789
1341840849.846557 0.505369663 0.126094669 0.083452217 0.098815560 0.197571620 -0.153095797 0.963204384
1341840849.882256 0.502174973 0.128394574 0.083165146 0.102176577 0.201653257 -0.156357437 0.961482346
1341840849.921575 0.501000881 0.131480604 0.080703750 0.100803316 0.204404309 -0.158423170 0.960707903
1341840849.946362 0.506142437 0.129708603 0.084880151 0.099075332 0.202472642 -0.158912361 0.961215734
1341840849.982476 0.506274164 0.131232738 0.085099548 0.105886959 0.205424592 -0.160891414 0.959532499
1341840850.014371 0.500774384 0.131415814 0.082388997 0.104625084 0.212837994 -0.158018962 0.958532035
1341840850.046326 0.500732899 0.130975351 0.082001098 0.098297693 0.210904360 -0.156722993 0.959841073
1341840850.082415 0.507157981 0.131321535 0.085887767 0.099734686 0.205221936 -0.162037686 0.960042059
1341840850.121449 0.507354677 0.132971615 0.085432261 0.105984084 0.208230078 -0.164925054 0.958231390
1341840850.157539 0.501473069 0.134614587 0.083304815 0.105141021 0.216711417 -0.163766935 0.956640959
1341840850.189410 0.501928866 0.134704024 0.084342018 0.102558218 0.214951411 -0.163525224 0.957359493
1341840850.221491 0.507245958 0.133703887 0.085357726 0.103513718 0.208987862 -0.168020546 0.957798541
1341840850.257570 0.506892800 0.136857748 0.085371979 0.110192999 0.213946223 -0.172886476 0.955088913
1341840850.289374 0.503082395 0.137181357 0.083492041 0.108294591 0.220365763 -0.170805708 0.954220414
1341840850.314521 0.500810802 0.136278600 0.083024681 0.103763245 0.222564608 -0.170485228 0.954270899
1341840850.350348 0.503872335 0.137660146 0.083881155 0.104480602 0.221486107 -0.175691158 0.953499019
1341840850.382480 0.504345357 0.137275964 0.084649943 0.104020059 0.225856811 -0.177347079 0.952216685
1341840850.418448 0.500974000 0.135576218 0.083405122 0.101303585 0.228826657 -0.172675923 0.952658892
1341840850.450229 0.503479898 0.137990505 0.083781496 0.103989609 0.225677013 -0.178416505 0.952062845
1341840850.482352 0.507401109 0.140195906 0.084848911 0.109093152 0.228275135 -0.187535062 0.949115217
1341840850.518351 0.503274143 0.141028345 0.083488151 0.109771460 0.242433742 -0.185908809 0.945840418
1341840850.550287 0.500229478 0.138116717 0.082546026 0.105002321 0.243460834 -0.177297577 0.947769403
1341840850.582563 0.505208611 0.135221660 0.083414331 0.104788385 0.230085477 -0.175457031 0.951469839
1341840850.618439 0.504369318 0.138826966 0.083976954 0.112894557 0.229573071 -0.184314534 0.948988497
1341840850.650443 0.499686748 0.144394457 0.080961242 0.116327405 0.236269847 -0.188198537 0.946163714
1341840850.686406 0.501774490 0.142452449 0.082099326 0.110631473 0.236221030 -0.183506608 0.947779298
1341840850.718516 0.505543351 0.139011770 0.082771413 0.109827518 0.230942205 -0.180872872 0.949678183
1341840850.750308 0.502446115 0.142269105 0.082514077 0.114500284 0.234812126 -0.183366299 0.947697043
1341840850.786319 0.499870241 0.145422652 0.082434282 0.114385411 0.240294307 -0.185420215 0.945935488
1341840850.818316 0.503970087 0.143096626 0.083622813 0.111509666 0.238572344 -0.185344279 0.946729302
1341840850.854290 0.505337656 0.143849522 0.083842710 0.114199832 0.240810722 -0.187730670 0.945370734
1341840850.886322 0.503485739 0.147088110 0.083219215 0.116549641 0.248242259 -0.188557103 0.942994237
1341840850.918358 0.503507257 0.142800853 0.084325433 0.110446222 0.250021309 -0.181199476 0.944699824
1341840850.954395 0.506672502 0.140653580 0.085103869 0.110746324 0.245317057 -0.180503398 0.946030319
1341840850.986448 0.506293297 0.144078553 0.084015489 0.116003729 0.246651143 -0.184085950 0.944361567
1341840851.018447 0.505123794 0.144643396 0.084367186 0.115162209 0.250663429 -0.181667000 0.943876386
1341840851.054395 0.506570220 0.140986681 0.085530236 0.112652242 0.249080047 -0.179752260 0.944964409
1341840851.086362 0.508308828 0.144220918 0.084497184 0.118340075 0.247831076 -0.184099510 0.943759918
1341840851.122353 0.508346856 0.144865900 0.085593984 0.120259374 0.251501441 -0.185093850 0.942350805
1341840851.154293 0.506840944 0.143899322 0.085905105 0.120873772 0.254690409 -0.181934327 0.942030907
1341840851.186482 0.507089972 0.145209670 0.085882701 0.122398220 0.255300492 -0.183985502 0.941270232
1341840851.222499 0.510408998 0.144265652 0.087452210 0.123024710 0.253586322 -0.184886307 0.941475391
1341840851.254587 0.510598719 0.144063488 0.087385990 0.125024647 0.255557597 -0.187042490 0.940252244
1341840851.286786 0.507793903 0.145794600 0.087379888 0.127318636 0.260543466 -0.187906638 0.938401937
1341840851.322525 0.508205593 0.147516519 0.087518558 0.128342137 0.261357814 -0.189929500 0.937628508
1341840851.354461 0.512030721 0.144421443 0.088202804 0.126049206 0.258634210 -0.191373616 0.938400805
1341840851.390383 0.510715425 0.146227449 0.088035136 0.129599586 0.264534354 -0.195708945 0.935373485
1341840851.422373 0.510551512 0.143909454 0.088257164 0.128705904 0.265853494 -0.191339523 0.936026633
1341840851.454333 0.509617090 0.141805142 0.088726029 0.128924042 0.262287527 -0.188468993 0.937583745
1341840851.490328 0.510503411 0.146355107 0.088539258 0.134569377 0.260082453 -0.195960820 0.935867250
1341840851.522431 0.515297651 0.146238685 0.089734495 0.136917785 0.258696973 -0.200122803 0.935029566
1341840851.555777 0.513833821 0.143974215 0.089774162 0.138649836 0.262935370 -0.198462680 0.933945239
1341840851.590800 0.508860707 0.146400139 0.088424966 0.139841080 0.268182158 -0.198896796 0.932181776
1341840851.622401 0.512698770 0.145732522 0.089259595 0.137635887 0.264689237 -0.199952081 0.933281958
1341840851.658371 0.514273047 0.145285279 0.090511665 0.139682084 0.266832918 -0.201721206 0.931985855
1341840851.690446 0.513595104 0.145721242 0.090113714 0.142155468 0.270544469 -0.200234339 0.930861831
1341840851.722387 0.514010787 0.144356310 0.090522379 0.141875744 0.270816237 -0.198775470 0.931138098
1341840851.758379 0.514458477 0.145382047 0.090786584 0.144676208 0.271148443 -0.202675566 0.929768741
1341840851.790498 0.514609873 0.144625977 0.090686813 0.147802323 0.271963567 -0.200568900 0.929495811
1341840851.822502 0.513866067 0.144585326 0.089653544 0.149396017 0.272085816 -0.199615270 0.929410517
1341840851.858469 0.514686286 0.147438362 0.089803591 0.150640652 0.273249537 -0.202395678 0.928266168
1341840851.890382 0.520093024 0.146689475 0.093189999 0.152592003 0.272914946 -0.205814123 0.927293718
1341840851.926297 0.519182324 0.145698428 0.092948064 0.157416716 0.275828809 -0.203011632 0.926242232
1341840851.958364 0.514922917 0.148147076 0.091442831 0.158338398 0.280138075 -0.199670032 0.925517976
1341840851.990589 0.518163562 0.146740392 0.092623219 0.154841200 0.276879221 -0.200980023 0.926805913
1341840852.026374 0.521719098 0.147433698 0.094258040 0.159949988 0.277388185 -0.204871535 0.924932122
1341840852.058336 0.520385265 0.147232220 0.093660302 0.163728490 0.280562192 -0.199554607 0.924475968
1341840852.094404 0.517772138 0.146869242 0.093232572 0.161672816 0.282427281 -0.195824295 0.925067306
1341840852.126392 0.518416762 0.147672296 0.092916474 0.158773318 0.282483250 -0.199986756 0.924661875
1341840852.158516 0.521891534 0.147966951 0.094109565 0.161816373 0.285172641 -0.205761626 0.922038019
1341840852.194279 0.521181941 0.148237199 0.094686419 0.168555230 0.293111563 -0.202916026 0.918966711
1341840852.226380 0.519204557 0.147601724 0.093615144 0.166096866 0.294240266 -0.194863439 0.920794606
1341840852.258313 0.521170616 0.146341577 0.094147347 0.161750033 0.288542479 -0.196078569 0.923110723
1341840852.294500 0.526692033 0.146802872 0.096142054 0.168537229 0.285199702 -0.204379737 0.921132565
1341840852.326311 0.524856389 0.148990870 0.095521264 0.173811451 0.293130785 -0.207935721 0.916856945
1341840852.362368 0.520356715 0.149575949 0.094012499 0.169951230 0.302277952 -0.203836262 0.915530086
1341840852.394489 0.523363709 0.147589236 0.095397830 0.168727979 0.301265866 -0.202491567 0.916387975
1341840852.426307 0.523994923 0.147659302 0.095352516 0.173299074 0.302703112 -0.202732280 0.915007055
1341840852.462394 0.522823572 0.148217335 0.094994210 0.175730661 0.305710405 -0.200539187 0.914026201
1341840852.494557 0.523136139 0.149496451 0.094677635 0.177316949 0.306806356 -0.199701965 0.913535774
1341840852.526348 0.523533583 0.149207294 0.094887041 0.176662967 0.309828550 -0.198832333 0.912831962
1341840852.562305 0.524635851 0.149231076 0.095292233 0.177725211 0.311941266 -0.197758883 0.912139177
1341840852.594400 0.524665177 0.149146378 0.095347762 0.176264107 0.314709544 -0.195410401 0.911977887
1341840852.630345 0.526607811 0.146890849 0.096556321 0.175795630 0.312902212 -0.194011152 0.912988365
1341840852.663508 0.526492596 0.147391021 0.096458517 0.180850610 0.311629593 -0.195308000 0.912159443
1341840852.694654 0.525444984 0.148391157 0.095816471 0.181430623 0.311292112 -0.194506153 0.912330806
1341840852.732477 0.525184572 0.148690686 0.095723137 0.179186657 0.310843766 -0.194663420 0.912893414
1341840852.762455 0.525326371 0.148637086 0.095766708 0.177309901 0.311727703 -0.194120958 0.913073957
1341840852.794631 0.525510013 0.148593426 0.095906585 0.174532458 0.314637423 -0.197162181 0.911958754
1341840852.830583 0.527126968 0.146984488 0.096939489 0.175601587 0.315864772 -0.200165063 0.910674214
1341840852.862990 0.526700020 0.147247672 0.096691944 0.179991379 0.317449212 -0.201111302 0.909056306
1341840852.898597 0.522702813 0.150717020 0.094973557 0.179071859 0.323197454 -0.201596752 0.907102764
1341840852.930367 0.523337722 0.147997364 0.095779330 0.170756295 0.323740721 -0.197793588 0.909346998
1341840852.962482 0.528897762 0.147325039 0.097670525 0.175088242 0.317747831 -0.202681348 0.909560680
1341840852.998535 0.527710319 0.150254250 0.097161457 0.180307239 0.320465595 -0.207209945 0.906562269
1341840853.037588 0.528174102 0.150774345 0.097127259 0.179728821 0.321764559 -0.207763761 0.906090140
1341840853.066770 0.529991686 0.149412513 0.097632460 0.179655612 0.319669664 -0.207853675 0.906825244
1341840853.098354 0.529527962 0.150518060 0.097111270 0.181400806 0.320275038 -0.211043328 0.905526578
1341840853.131999 0.528775215 0.151545197 0.096775092 0.181103662 0.323951989 -0.213507071 0.903698683
1341840853.166530 0.529528141 0.150415301 0.097193368 0.181592524 0.324672580 -0.214059025 0.903211296
1341840853.198406 0.528541148 0.151712239 0.096483417 0.184360817 0.325221509 -0.216794610 0.901799381
1341840853.231726 0.526981652 0.154088065 0.095388770 0.181703970 0.328762442 -0.219751537 0.900337875
1341840853.266442 0.530105472 0.153024077 0.096760638 0.178646073 0.331274509 -0.222208679 0.899425447
1341840853.298516 0.532851934 0.150614321 0.096836351 0.182494849 0.328166723 -0.221258551 0.900026023
1341840853.334385 0.530493557 0.151842728 0.095648862 0.185536206 0.328254908 -0.223533347 0.898809135
1341840853.366351 0.528465748 0.153964773 0.096010923 0.182885185 0.333084673 -0.227696225 0.896527767
1341840853.398402 0.531935215 0.153930277 0.096542962 0.184138209 0.332271725 -0.230618656 0.895825684
1341840853.434335 0.531780243 0.154598311 0.096671179 0.186027542 0.334516346 -0.232336342 0.894154549
1341840853.466387 0.532519758 0.154140979 0.096051000 0.184404522 0.333585918 -0.231763676 0.894986570
1341840853.498430 0.532779276 0.156057596 0.097201571 0.186611503 0.336592019 -0.238968268 0.891502142
1341840853.534407 0.532626331 0.156401902 0.096950516 0.188132390 0.339769930 -0.239988565 0.889701128
1341840853.566451 0.532233000 0.156373471 0.095621601 0.185756415 0.340518683 -0.236559540 0.890831709
1341840853.602691 0.533152282 0.156581223 0.095369630 0.181832194 0.340938717 -0.236644953 0.891457796
1341840853.634832 0.535174668 0.154583022 0.095825002 0.178767279 0.340643615 -0.236225650 0.892301321
1341840853.666488 0.535837650 0.153675169 0.095812149 0.181138024 0.339478910 -0.237629533 0.891894221
1341840853.702424 0.533735275 0.156480744 0.095232546 0.183361426 0.342016220 -0.240879580 0.889595687
1341840853.734353 0.534554422 0.156845808 0.095468551 0.178761467 0.342486113 -0.244079992 0.889478803
1341840853.766467 0.536783099 0.154331699 0.096031815 0.177414075 0.340689242 -0.243498147 0.890597403
1341840853.802607 0.535524428 0.156190619 0.095898628 0.182545602 0.343677044 -0.246178761 0.887670636
1341840853.834576 0.535206258 0.159007132 0.096109398 0.183042228 0.347138196 -0.250555843 0.884992898
1341840853.870615 0.536603153 0.158268496 0.095901974 0.179151699 0.347087562 -0.251563042 0.885522962
1341840853.902573 0.536510706 0.157962948 0.096335322 0.178152412 0.350049824 -0.251079857 0.884695292
1341840853.940152 0.536821306 0.157905579 0.096204221 0.178031519 0.350410640 -0.251596928 0.884429812
1341840853.970342 0.536500335 0.159377798 0.095564649 0.177374229 0.351837546 -0.253925651 0.883329213
1341840854.002413 0.539000392 0.158579022 0.095889702 0.175886869 0.352539539 -0.256725878 0.882537007
1341840854.034566 0.538264036 0.157471836 0.095565155 0.175831959 0.356295496 -0.255900234 0.881278455
1341840854.070475 0.538278759 0.159151524 0.095208101 0.178872347 0.357945859 -0.256473184 0.879830062
1341840854.102373 0.538503766 0.158777341 0.095304072 0.176489934 0.357456684 -0.255189359 0.880882740
1341840854.138343 0.539800525 0.158741966 0.095321313 0.176234394 0.356493294 -0.257974178 0.880513072
1341840854.170475 0.541276097 0.158525214 0.095316172 0.179891035 0.357057482 -0.259603530 0.879064918
1341840854.202459 0.538967609 0.159214735 0.094412521 0.181576476 0.360581577 -0.257921159 0.877774239
1341840854.238384 0.538610697 0.159913749 0.094507881 0.179994881 0.359840930 -0.258925468 0.878108144
1341840854.270355 0.540972650 0.158949450 0.094560772 0.180885524 0.354732841 -0.260911196 0.879414797
1341840854.306367 0.542825460 0.159859389 0.093993478 0.186181664 0.353973210 -0.264340401 0.877589583
1341840854.338540 0.541858375 0.160583168 0.094091251 0.187633097 0.358452916 -0.262608528 0.875980616
1341840854.370427 0.540449142 0.160852671 0.093893729 0.185169578 0.359326929 -0.259779543 0.876989722
1341840854.406491 0.542362809 0.160320833 0.094204009 0.184403449 0.356289923 -0.260736197 0.878105640
1341840854.438402 0.542644918 0.161172301 0.094223253 0.186722130 0.357734382 -0.261347890 0.876845598
1341840854.470341 0.541566849 0.161515698 0.094610937 0.185286567 0.359494388 -0.259224772 0.877060533
1341840854.506442 0.543215632 0.161545724 0.094278745 0.183278546 0.356616318 -0.262566447 0.877663136
1341840854.538722 0.544391870 0.161521316 0.094180249 0.183825746 0.358934045 -0.264760643 0.875943005
1341840854.574331 0.544061780 0.162432313 0.094912939 0.184414148 0.365056485 -0.264601499 0.873333395
1341840854.606460 0.543711841 0.160353109 0.094563641 0.180363402 0.365041256 -0.261383384 0.875152946
1341840854.638476 0.544278145 0.162229538 0.095158309 0.183850050 0.365123600 -0.263058931 0.873890102
1341840854.674312 0.545075774 0.162104547 0.095055982 0.181986362 0.365036786 -0.262587756 0.874458015
1341840854.706362 0.545369387 0.160103038 0.094640866 0.178712979 0.364037901 -0.261899650 0.875754893
1341840854.738328 0.546167493 0.161287397 0.094813630 0.180915698 0.364740103 -0.265958905 0.873784900
1341840854.774384 0.546206713 0.161426097 0.095344484 0.181272194 0.367427319 -0.265491515 0.872726679
1341840854.806396 0.546567261 0.161689088 0.095351160 0.181165725 0.367487758 -0.267562538 0.872090638
1341840854.842383 0.547360539 0.161071643 0.095212922 0.180305913 0.367274672 -0.269162476 0.871866226
1341840854.874351 0.547534525 0.158767626 0.094998010 0.182340965 0.365211964 -0.266201526 0.873217463
1341840854.906375 0.546631038 0.161221191 0.095181555 0.188610658 0.364332289 -0.270294607 0.870993018
1341840854.942414 0.548786581 0.163285300 0.096078262 0.189718142 0.361396939 -0.276428521 0.870049715
1341840854.974632 0.551089287 0.161787808 0.095301233 0.186798096 0.358620435 -0.279723346 0.870777071
1341840855.006485 0.549281240 0.159321100 0.094656438 0.187399179 0.361840874 -0.276482582 0.870350599
1341840855.042409 0.550571442 0.164046064 0.095892861 0.194731623 0.363194078 -0.285313398 0.865312636
1341840855.074380 0.552737713 0.165185869 0.095334210 0.188635752 0.364899307 -0.289124072 0.864680469
