1341840840.133310 0.060099233 0.030686550 0.007829892 -0.013453111 -0.010941638 -0.006234511 0.999830246
1341840840.169494 0.058775954 0.017334204 0.004737190 -0.017938886 -0.008958819 -0.005041097 0.999786198
1341840840.201335 0.057000961 0.029876780 0.003739352 -0.012528490 -0.008164921 -0.005696905 0.999871969
1341840840.233363 0.076318860 0.041222408 0.002396570 -0.012820132 -0.013148594 -0.002312804 0.999828696
1341840840.269407 0.068322107 0.030374290 0.007733120 -0.018347690 -0.009122111 -0.002535749 0.999786854
1341840840.294570 0.071072146 0.028686244 0.008169687 -0.017543422 -0.008596014 -0.002331087 0.999806464
1341840840.330394 0.074849494 0.019227974 0.003660378 -0.019714534 -0.009269390 0.001228342 0.999761939
1341840840.362487 0.071978211 0.028513974 -0.001003868 -0.015129354 -0.008214453 0.002952320 0.999847472
1341840840.394382 0.090224341 0.035422951 0.001386204 -0.016106993 -0.014836599 0.005796846 0.999743402
1341840840.430325 0.099330515 0.026746036 0.006630133 -0.019493995 -0.017099775 0.007561598 0.999635160
1341840840.462407 0.083030537 0.037254382 0.005750566 -0.011975646 -0.009159789 0.004692365 0.999875307
1341840840.494502 0.094622165 0.037476987 0.000533644 -0.016035873 -0.011139368 0.007171704 0.999783635
1341840840.530297 0.105225489 0.030131858 0.005144395 -0.020877911 -0.014988842 0.009641726 0.999623179
1341840840.562361 0.107938811 0.028765617 0.004650851 -0.020155428 -0.015214737 0.010113169 0.999629915
1341840840.598321 0.107106246 0.029484928 0.002090088 -0.020161552 -0.014540073 0.010852610 0.999632061
1341840840.630280 0.111289591 0.018185781 0.003297336 -0.023662189 -0.017918894 0.013719968 0.999465227
1341840840.662439 0.116817720 0.031950541 0.001475827 -0.015599894 -0.021069836 0.012176177 0.999582171
1341840840.698371 0.130378991 0.039297547 0.004773516 -0.014169759 -0.023303440 0.012343802 0.999551773
1341840840.730361 0.137281895 0.025308680 0.008170342 -0.020005368 -0.021162437 0.013819319 0.999480367
1341840840.762407 0.125757426 0.025260177 0.002994916 -0.015571404 -0.013814417 0.011337501 0.999719083
1341840840.798303 0.126381248 0.038205218 -0.000744620 -0.009570482 -0.014046681 0.010345426 0.999802053
1341840840.830375 0.140723914 0.031832069 0.003842693 -0.014538627 -0.017613262 0.011901639 0.999668360
1341840840.866393 0.146338493 0.020580584 0.005955296 -0.016913382 -0.015803685 0.011906317 0.999661207
1341840840.898320 0.140090838 0.033150747 0.001480314 -0.007559481 -0.010855389 0.009038713 0.999871671
1341840840.930454 0.141651243 0.041099884 -0.003158508 -0.006494259 -0.010108369 0.008968354 0.999887645
1341840840.966498 0.148247778 0.040102456 0.004058708 -0.010057766 -0.010259447 0.007612208 0.999867797
1341840840.998398 0.154445872 0.039094832 0.004991475 -0.009749520 -0.009330294 0.007328372 0.999882102
1341840841.034538 0.174958214 0.045207646 0.003533104 -0.008738958 -0.012048762 0.006025075 0.999871075
1341840841.066345 0.177438036 0.050251171 0.000489312 -0.010817153 -0.006997941 0.005478329 0.999901950
1341840841.098335 0.175260127 0.033635750 0.002565355 -0.023395861 -0.002860111 0.006325093 0.999702156
1341840841.134331 0.182534754 0.022282215 0.003452316 -0.025696365 -0.005005097 0.007489363 0.999629200
1341840841.166392 0.190937623 0.041076120 0.000761078 -0.016144862 -0.004353037 0.006624508 0.999838233
1341840841.198348 0.198945060 0.045207232 0.002557019 -0.017712029 -0.001313547 0.008431394 0.999806702
1341840841.234400 0.200852871 0.023488468 0.003553957 -0.026483903 0.000639103 0.011952081 0.999577582
1341840841.266296 0.203925759 0.025186762 -0.000090404 -0.019610845 -0.000715296 0.011781351 0.999738038
1341840841.302430 0.205631897 0.038992975 -0.003633045 -0.012133279 0.000133628 0.012284633 0.999850929
1341840841.334542 0.208943784 0.036270622 -0.004983264 -0.014433100 0.001283572 0.014147481 0.999794960
1341840841.366311 0.211111575 0.036006562 -0.005754743 -0.014322121 0.001326400 0.013473487 0.999805748
1341840841.402475 0.210984334 0.035398532 -0.007921225 -0.014248459 0.001882635 0.012297605 0.999821126
1341840841.434345 0.216218024 0.038016371 -0.008052168 -0.013692104 0.000452556 0.011939586 0.999834895
1341840841.466383 0.219099864 0.040966209 -0.006911242 -0.013595668 0.000486964 0.011310173 0.999843478
1341840841.502454 0.222719550 0.035644259 -0.008028893 -0.016516358 -0.000678538 0.011880706 0.999792814
1341840841.534696 0.226140156 0.034337815 -0.007809872 -0.015895564 -0.001802946 0.012226429 0.999797285
1341840841.570470 0.227031931 0.047286659 -0.012119326 -0.011334050 -0.000932006 0.012787553 0.999853551
1341840841.602476 0.234092772 0.044279575 -0.007905038 -0.017294088 -0.002210756 0.013269932 0.999759912
1341840841.634468 0.244114265 0.037517890 -0.002409657 -0.020021927 -0.004080043 0.013118147 0.999705136
1341840841.671032 0.233111709 0.037470672 -0.009641824 -0.018135160 0.002615308 0.011591756 0.999764919
1341840841.702284 0.235815376 0.044414271 -0.010932393 -0.016276639 0.000080215 0.013898524 0.999770939
1341840841.734304 0.241548032 0.041910339 -0.008473809 -0.019584825 -0.002456873 0.014973546 0.999693036
1341840841.770351 0.245018959 0.035297681 -0.006758279 -0.022818830 -0.003400025 0.016999809 0.999589264
1341840841.802313 0.240101919 0.031275589 -0.012640234 -0.023664769 -0.002916622 0.019291241 0.999529541
1341840841.838370 0.238592595 0.023099434 -0.015873341 -0.026632929 -0.007528367 0.021916486 0.999376655
1341840841.870881 0.247368053 0.034296427 -0.012640677 -0.018982546 -0.018018251 0.017232029 0.999508917
1341840841.902346 0.264837652 0.057877582 -0.005357336 -0.010009272 -0.024542267 0.013586421 0.999556303
1341840841.938375 0.263478756 0.045755494 -0.005938346 -0.019414617 -0.018577449 0.014787864 0.999529541
1341840841.970352 0.250315934 0.032529615 -0.013751123 -0.025691561 -0.013249655 0.012654480 0.999502003
1341840842.006342 0.256531119 0.045689270 -0.011748114 -0.020932207 -0.018998047 0.010098554 0.999549329
1341840842.038475 0.271390468 0.046945602 -0.002803807 -0.022046579 -0.023981908 0.008653061 0.999431789
1341840842.070419 0.268473059 0.042487714 -0.007120775 -0.023164846 -0.018257366 0.006649045 0.999542773
1341840842.106404 0.261715531 0.042734448 -0.013432131 -0.023624476 -0.013916562 0.005351569 0.999609709
1341840842.138367 0.263591886 0.025637439 -0.013788994 -0.029462382 -0.017644927 0.004475016 0.999400139
1341840842.170410 0.274790645 0.036829039 -0.013151851 -0.020093136 -0.024912868 0.002060502 0.999485552
1341840842.206430 0.279125601 0.041943025 -0.016270291 -0.015732089 -0.024807278 -0.001141370 0.999567807
1341840842.238319 0.280647933 0.043420706 -0.018044794 -0.013653252 -0.023418184 -0.005733581 0.999616086
1341840842.274385 0.289086133 0.040905617 -0.016621841 -0.012565710 -0.024366504 -0.010623682 0.999567628
1341840842.306571 0.285857946 0.039680548 -0.021423209 -0.009719272 -0.019729866 -0.014913816 0.999646842
1341840842.338413 0.272755444 0.048064556 -0.030640490 -0.005234994 -0.013779005 -0.017220899 0.999743044
1341840842.374365 0.284131527 0.032204039 -0.030130383 -0.012385041 -0.020778909 -0.017871179 0.999547660
1341840842.406739 0.284387469 0.032132819 -0.030124111 -0.006192904 -0.024124626 -0.020881856 0.999471664
1341840842.438410 0.303375661 0.070505083 -0.027365563 0.009625915 -0.028726898 -0.025290409 0.999220967
1341840842.542388 0.316632003 0.027568994 -0.023143513 -0.002229735 0.000954183 -0.034614027 0.999397814
1341840842.574346 0.307537735 0.064485535 -0.034567624 0.014654433 0.008748020 -0.038231634 0.999123156
1341840842.606530 0.326434880 0.070953533 -0.024361836 0.009648084 0.007127045 -0.033887900 0.999353647
1341840842.642329 0.318323284 0.038645420 -0.026769977 -0.006524495 0.018452501 -0.031160645 0.999322772
1341840842.674386 0.301193058 0.036082037 -0.038749319 -0.003092716 0.024690252 -0.032167833 0.999172688
1341840842.706548 0.320517123 0.061851859 -0.033978958 0.007519264 0.013742857 -0.033757620 0.999307275
1341840842.842296 0.328039348 0.066269279 -0.045135096 0.013148477 0.042018406 -0.035785858 0.998389184
1341840842.874411 0.347778291 0.054208435 -0.036902517 0.003690066 0.032343484 -0.035313725 0.998845935
1341840842.910377 0.354456693 0.037501782 -0.032517809 0.000021768 0.033431485 -0.033395413 0.998882890
1341840842.942647 0.342224777 0.055465132 -0.042694926 0.010827187 0.040793881 -0.035078861 0.998492897
1341840842.974535 0.354708552 0.063082196 -0.039024457 0.011988401 0.035686068 -0.037700348 0.998579741
1341840843.010449 0.377030581 0.050236065 -0.029730953 0.006420244 0.031106589 -0.034704655 0.998892725
1341840843.042429 0.359251618 0.041998636 -0.041559808 0.005438051 0.045948833 -0.031249899 0.998440087
1341840843.078385 0.337570518 0.058581505 -0.049588889 0.011358514 0.052667100 -0.027999010 0.998154879
1341840843.110373 0.360578179 0.057351951 -0.043766547 0.006917853 0.037227299 -0.029253352 0.998854578
1341840843.178476 0.401918352 0.044060279 -0.030624388 0.007334198 0.036207493 -0.027926218 0.998927116
1341840843.210589 0.354517579 0.049462676 -0.053196151 0.009560380 0.061287057 -0.031241996 0.997585297
1341840843.246317 0.366362244 0.057084508 -0.048369005 0.009652787 0.050594710 -0.033102222 0.998123825
1341840843.278543 0.406042874 0.057110146 -0.028426535 0.009394751 0.036115907 -0.031016776 0.998821974
1341840843.310587 0.395468920 0.048442107 -0.032219552 0.010642641 0.049889810 -0.031584121 0.998198509
1341840843.346529 0.373030871 0.051453456 -0.048762456 0.013627743 0.060908895 -0.032751773 0.997512758
1341840843.385053 0.371439189 0.068974800 -0.048165727 0.015573136 0.059866782 -0.032785431 0.997546256
1341840843.411509 0.396140069 0.052237291 -0.038089052 0.003689829 0.050523482 -0.027913695 0.998325884
1341840843.447220 0.389545858 0.050075121 -0.039459959 0.004074625 0.056697972 -0.025750339 0.998050928
1341840843.478671 0.383494526 0.061844394 -0.047130924 0.007165984 0.059534125 -0.028358229 0.997797608
1341840843.515039 0.401463300 0.057062615 -0.039320558 0.000952494 0.050891321 -0.031082816 0.998219907
1341840843.548527 0.409501493 0.043145489 -0.028649118 -0.004342198 0.051004376 -0.030933104 0.998209774
1341840843.582569 0.400215447 0.043511510 -0.038909584 0.000658836 0.058278136 -0.032974642 0.997755408
1341840843.614798 0.399488062 0.065275252 -0.042693015 0.007086571 0.058450483 -0.032820161 0.997725487
1341840843.653429 0.405360937 0.051318556 -0.035779443 -0.003372869 0.054781288 -0.032173607 0.997974217
1341840843.687928 0.413684815 0.039802324 -0.029662667 -0.005774174 0.051689979 -0.032717742 0.998110354
1341840843.720258 0.412894309 0.050855685 -0.035581633 0.000721234 0.054700300 -0.033792716 0.997930586
1341840843.785505 0.413377315 0.043953940 -0.031681739 -0.004011788 0.054575305 -0.033811532 0.997928977
1341840843.814703 0.410151690 0.043643069 -0.030911999 -0.001946242 0.057740621 -0.035306908 0.997705162
1341840843.846439 0.411343634 0.042991139 -0.034457643 -0.002112847 0.058557928 -0.034039762 0.997701228
1341840843.882429 0.426296264 0.041676994 -0.031422149 -0.003474414 0.052444294 -0.032943171 0.998074234
1341840843.914321 0.433461636 0.044833209 -0.026088338 -0.001716217 0.051891558 -0.035161212 0.998032033
1341840843.946316 0.440324724 0.035434339 -0.025524728 -0.004290699 0.054111883 -0.036198616 0.997869313
1341840843.982401 0.436694354 0.039826475 -0.032703038 -0.002796925 0.058676947 -0.035466734 0.997642875
1341840844.014387 0.435368150 0.038251530 -0.031053036 -0.005396695 0.059392691 -0.036540534 0.997551084
1341840844.050399 0.457242489 0.023995746 -0.018372413 -0.008646403 0.050163355 -0.035899512 0.998058140
1341840844.082349 0.447792321 0.032279260 -0.028456340 0.000688333 0.059011817 -0.039959963 0.997456908
1341840844.114393 0.436586231 0.036549192 -0.033437669 0.000787364 0.065975733 -0.040559653 0.996996224
1341840844.150523 0.448468596 0.034297075 -0.027768089 -0.001674478 0.060540143 -0.040316712 0.997349799
1341840844.182299 0.467730939 0.026283192 -0.020819141 -0.003157744 0.054362830 -0.040216047 0.997705996
1341840844.218448 0.471785337 0.018607181 -0.019863989 -0.002472161 0.055846982 -0.041336711 0.997580171
1341840844.250566 0.461555064 0.021439265 -0.031650528 0.001749590 0.063244872 -0.043533713 0.997046530
1341840844.282274 0.456236184 0.032912754 -0.033515505 0.004051384 0.065363280 -0.042184807 0.996961176
1341840844.318322 0.462278932 0.018531112 -0.025515648 -0.003210922 0.060535401 -0.041482404 0.997298479
1341840844.350432 0.467309624 0.011750709 -0.028610287 -0.000789117 0.057428766 -0.046496898 0.997265935
1341840844.382375 0.481467426 0.028002709 -0.029643724 0.006898132 0.053961780 -0.046781823 0.997422636
1341840844.418837 0.476570994 0.020118991 -0.028046377 0.001177464 0.058468919 -0.046533637 0.997203350
1341840844.450418 0.472757250 0.002374315 -0.031372823 -0.004171646 0.058011845 -0.047286805 0.997186601
1341840844.486330 0.481916279 0.010453538 -0.028940661 0.002245830 0.052043647 -0.049828146 0.997398376
1341840844.518335 0.503002822 0.013945190 -0.024308056 0.005774684 0.046231840 -0.050431788 0.997640133
1341840844.550458 0.489466220 0.017494036 -0.028421294 0.006492090 0.056437597 -0.050764982 0.997093558
1341840844.586351 0.487733811 0.008435328 -0.030205740 0.002233317 0.055607028 -0.049720671 0.997211456
1341840844.618382 0.495915532 0.012193345 -0.029549964 0.004237767 0.050247807 -0.049040157 0.997523010
1341840844.650334 0.507170200 0.010981753 -0.026641296 0.002500026 0.045852691 -0.050032452 0.997691333
1341840844.686320 0.507439733 0.005800376 -0.020630641 0.000921425 0.047059629 -0.051536195 0.997561276
1341840844.718495 0.509511948 0.005596328 -0.023810007 0.003932644 0.048611920 -0.053823240 0.997358739
1341840844.757582 0.506243169 0.010366919 -0.028000539 0.003939479 0.051943600 -0.053756703 0.997194290
1341840844.791011 0.510077417 0.001782510 -0.021814359 -0.000148067 0.049688406 -0.052829407 0.997366548
1341840844.818394 0.520541549 0.003031389 -0.020837659 0.002569145 0.046205491 -0.053675357 0.997485518
1341840844.854307 0.524900854 0.001338562 -0.018508738 0.001621245 0.046974014 -0.052852731 0.997495532
1341840844.888045 0.520174682 -0.001965637 -0.025864922 0.000253091 0.051263243 -0.052152488 0.997322440
1341840844.918612 0.532626867 -0.006192723 -0.026573684 -0.003615582 0.047565915 -0.050290894 0.997594714
1341840844.954718 0.537688315 -0.007514318 -0.024222521 -0.004750628 0.046686150 -0.050504327 0.997620761
1341840844.986719 0.546438754 -0.011816018 -0.025002882 -0.006022232 0.046702817 -0.050588485 0.997608840
1341840845.022279 0.551712990 -0.013451473 -0.023902314 -0.006701253 0.047661860 -0.049129486 0.997632027
1341840845.054280 0.552435219 -0.015502320 -0.022501446 -0.006655724 0.049732845 -0.048643325 0.997555077
1341840845.086344 0.553771317 -0.007401071 -0.024600178 -0.004490668 0.051687688 -0.046247061 0.997581780
1341840845.123640 0.551086962 -0.014859531 -0.022337005 -0.008702626 0.052397732 -0.048077233 0.997430384
1341840845.154408 0.556521595 -0.023942657 -0.021296907 -0.008765450 0.049498141 -0.051555756 0.997404218
1341840845.186393 0.562177300 -0.009658967 -0.026507996 -0.003476087 0.048427407 -0.048263140 0.997653961
1341840845.222296 0.559127212 -0.016762156 -0.023303136 -0.010597569 0.047983285 -0.044833381 0.997785151
1341840845.254440 0.563426316 -0.020097677 -0.019808158 -0.010005930 0.043640580 -0.047721837 0.997856677
1341840845.290376 0.581325114 -0.014669222 -0.018949881 -0.006397584 0.038843550 -0.050096475 0.997968256
1341840845.322289 0.575280786 -0.017103214 -0.020030726 -0.009006539 0.045612507 -0.049540389 0.997689426
1341840845.354494 0.558991909 -0.022723913 -0.019686002 -0.010733766 0.050204627 -0.049928170 0.997432470
1341840845.390309 0.562242985 -0.025919251 -0.018946351 -0.007965109 0.043695416 -0.052662551 0.997624159
1341840845.422339 0.580650151 -0.021233685 -0.021672737 -0.002836932 0.035555080 -0.054590009 0.997871578
1341840845.458335 0.592309713 -0.011087862 -0.023311434 -0.000414062 0.033953644 -0.055680525 0.997871041
1341840845.490264 0.590122402 -0.017859278 -0.020442279 -0.006472375 0.038890723 -0.056194395 0.997641146
1341840845.522343 0.580193937 -0.022310235 -0.018367995 -0.008405549 0.044775497 -0.055651654 0.997410297
1341840845.558310 0.570381522 -0.013940105 -0.018277418 -0.005072234 0.047193032 -0.051938340 0.997521698
1341840845.597232 0.579767466 -0.016941033 -0.019580258 -0.005800061 0.038611036 -0.050160721 0.997977674
1341840845.622577 0.594607294 -0.018888563 -0.019380474 -0.005232037 0.030201295 -0.052397087 0.998155832
1341840845.658634 0.608467519 -0.016643202 -0.021014389 -0.005257655 0.027926590 -0.052852642 0.998197913
1341840845.690353 0.609930992 -0.017610515 -0.020110868 -0.007838804 0.030501630 -0.055071991 0.997985601
1341840845.729069 0.608816504 -0.017663719 -0.019178737 -0.007984920 0.034569260 -0.054679360 0.997873425
1341840845.758375 0.606505156 -0.017562984 -0.020741126 -0.006909783 0.036237393 -0.053798083 0.997870147
1341840845.790466 0.595495820 -0.012433792 -0.019487878 -0.004671295 0.037269030 -0.054928143 0.997783601
1341840845.826375 0.612615585 -0.007110536 -0.021106347 -0.003229989 0.026334286 -0.056944489 0.998024762
1341840845.858782 0.638983369 -0.005027745 -0.018332615 -0.004403274 0.019311165 -0.058214508 0.998107612
1341840845.890417 0.635926306 -0.027656769 -0.022088803 -0.013270983 0.028546492 -0.059021976 0.997760177
1341840845.926383 0.625937760 -0.012339775 -0.023912795 -0.004030931 0.033187632 -0.060510438 0.997607529
1341840845.958390 0.635153234 -0.004675048 -0.024110246 -0.003617215 0.029127287 -0.060637884 0.997728229
1341840845.994269 0.639463544 -0.019185496 -0.023448449 -0.010125686 0.029446054 -0.059689533 0.997731209
1341840846.026558 0.643451750 -0.016638393 -0.024927761 -0.006757120 0.029428048 -0.058635619 0.997822702
1341840846.058807 0.641127706 -0.009951034 -0.026086247 -0.005113559 0.029935917 -0.058751136 0.997810602
1341840846.094265 0.654215872 -0.013743111 -0.025981817 -0.006569559 0.024954289 -0.059879143 0.997872055
1341840846.126378 0.673654258 -0.012764070 -0.026268920 -0.004873849 0.022532655 -0.059941251 0.997935653
1341840846.158446 0.665191352 -0.012554315 -0.027278705 -0.004788491 0.032074608 -0.059262522 0.997715533
1341840846.194427 0.659873426 -0.007489424 -0.026939480 -0.004965831 0.034976538 -0.058281124 0.997674942
1341840846.226385 0.673129499 -0.014893081 -0.026877657 -0.010155207 0.029780205 -0.056798100 0.997889757
1341840846.262497 0.682692349 -0.018596789 -0.026276583 -0.009168357 0.030333439 -0.054645848 0.998002827
1341840846.294419 0.685428262 -0.011552518 -0.027545281 -0.005388313 0.034572925 -0.052739888 0.997995079
1341840846.326478 0.674792945 -0.013752542 -0.028653391 -0.007576782 0.038298558 -0.053098217 0.997825801
1341840846.362426 0.688729227 -0.010947648 -0.027426148 -0.006013358 0.032413129 -0.053784557 0.998008251
1341840846.394323 0.702304006 -0.013745744 -0.027850585 -0.006086943 0.031998131 -0.053265363 0.998049021
1341840846.430454 0.695794642 -0.005046168 -0.028140713 -0.002523730 0.039256584 -0.052376643 0.997852325
1341840846.465291 0.693956196 -0.001542139 -0.028884903 -0.004276698 0.040559530 -0.053236648 0.997748673
1341840846.494473 0.700473666 -0.012429208 -0.028700551 -0.009607087 0.038746104 -0.053460840 0.997771740
1341840846.530439 0.710119665 -0.010489524 -0.029334450 -0.005421245 0.039640911 -0.051577117 0.997867227
1341840846.562569 0.703433156 -0.001497271 -0.030926835 -0.000966761 0.045281127 -0.049117073 0.997765601
1341840846.594486 0.705725789 0.003307144 -0.032964498 -0.002781052 0.043396492 -0.049739905 0.997815073
1341840846.630509 0.719962299 -0.001829206 -0.033345107 -0.008242668 0.039051045 -0.051071025 0.997897208
1341840846.662363 0.747596383 -0.017880050 -0.031095672 -0.011444761 0.035125785 -0.051175084 0.998006165
1341840846.698323 0.728285909 0.005803152 -0.032642242 0.001170613 0.050055791 -0.053889837 0.997290790
1341840846.730390 0.712747097 0.010131615 -0.033682231 -0.002849493 0.055524297 -0.055850938 0.996889949
1341840846.762470 0.724343419 -0.000854208 -0.033835936 -0.009543668 0.049546514 -0.054899126 0.997216225
1341840846.798363 0.742198765 0.005333709 -0.034656640 -0.006082390 0.045831010 -0.054757349 0.997428775
1341840846.830356 0.736787617 0.012207188 -0.032651082 -0.007316658 0.051310156 -0.055613551 0.997106194
1341840846.862350 0.734255016 0.002767479 -0.031206571 -0.012048646 0.050881062 -0.056379776 0.997039258
1341840846.898489 0.746589899 0.019403957 -0.032513119 -0.005344165 0.048250154 -0.057929195 0.997139692
1341840846.930380 0.752563477 0.029393861 -0.031112440 -0.006594532 0.049685508 -0.058706719 0.997016251
1341840846.966358 0.737996221 0.006275130 -0.031172629 -0.019406121 0.055819433 -0.057193145 0.996612549
1341840846.998844 0.742603838 0.010145854 -0.029837877 -0.015124220 0.051445458 -0.058559306 0.996842682
1341840847.030411 0.755263627 0.026156621 -0.030744236 -0.010295344 0.046418544 -0.059478082 0.997096598
1341840847.066359 0.758283556 0.018547302 -0.030279040 -0.017312026 0.048300855 -0.059299540 0.996920705
1341840847.098410 0.748156071 0.009777895 -0.029375747 -0.021594252 0.052572660 -0.059514012 0.996608198
1341840847.130366 0.752981901 0.015676597 -0.030225679 -0.018944247 0.049404532 -0.060738824 0.996750236
1341840847.166401 0.763684571 0.022488806 -0.029840961 -0.017742887 0.046545427 -0.059370719 0.996992350
1341840847.198307 0.763182282 0.011651087 -0.029684626 -0.022375189 0.048452590 -0.058258891 0.996873915
1341840847.234496 0.754190743 0.005819444 -0.029411536 -0.020691805 0.050606910 -0.058395430 0.996795237
1341840847.266747 0.763127983 0.021100651 -0.032437094 -0.013225168 0.044934560 -0.058362760 0.997195959
1341840847.298356 0.774868011 0.018527843 -0.032145850 -0.016506044 0.041625597 -0.057822328 0.997322142
1341840847.334573 0.770053744 0.010677073 -0.031706087 -0.019032922 0.045790501 -0.058271345 0.997068405
1341840847.366405 0.768204868 0.008715529 -0.030846957 -0.017193276 0.045740806 -0.059010200 0.997060657
1341840847.398361 0.773611605 0.014338943 -0.033953991 -0.014166753 0.043392830 -0.060808185 0.997105181
1341840847.434625 0.790454149 0.021504108 -0.033114269 -0.012540440 0.041322257 -0.062211726 0.997128308
1341840847.466370 0.778639674 0.011654662 -0.030460708 -0.017741308 0.050718658 -0.061581470 0.996654689
1341840847.502590 0.768117189 0.006390950 -0.031373486 -0.018816978 0.053926025 -0.060120676 0.996555805
1341840847.534309 0.780122697 0.021486811 -0.028767109 -0.013519386 0.048087072 -0.061052028 0.996883869
1341840847.566354 0.792100072 0.017092524 -0.027362421 -0.016918438 0.045377012 -0.060734518 0.996978462
1341840847.603337 0.791237533 0.006172174 -0.027103819 -0.019963555 0.048689533 -0.060261063 0.996794581
1341840847.634465 0.782925010 0.007909481 -0.027455539 -0.017613314 0.051995374 -0.060684249 0.996646225
1341840847.670420 0.793691158 0.014934960 -0.026845798 -0.014435237 0.047908831 -0.061011992 0.996882141
1341840847.702420 0.804946899 0.017509112 -0.028937306 -0.014979109 0.046793845 -0.059565257 0.997014463
1341840847.734342 0.804797530 0.012905736 -0.024874523 -0.019013815 0.050517656 -0.059514616 0.996766984
1341840847.770464 0.801691413 -0.001532300 -0.021876257 -0.022313748 0.051525202 -0.059218194 0.996664643
1341840847.802407 0.806538999 0.011235793 -0.023893543 -0.013061962 0.049542297 -0.060675588 0.996841729
1341840847.834306 0.813663960 0.017373558 -0.024133686 -0.011592101 0.049345784 -0.061442096 0.996822715
1341840847.870532 0.809586585 0.006554523 -0.023164362 -0.015902424 0.053012561 -0.060077794 0.996658146
1341840847.902485 0.809640706 0.014730533 -0.023048699 -0.011712122 0.052702256 -0.058292560 0.996838629
1341840847.938405 0.813692153 0.008253013 -0.023630064 -0.016771358 0.050214365 -0.059198271 0.996841431
1341840847.970339 0.820925415 -0.001960716 -0.023456901 -0.018878916 0.047560144 -0.060107347 0.996879518
1341840848.002312 0.821939945 0.004003517 -0.023990579 -0.013622342 0.047454912 -0.060599074 0.996940434
1341840848.038354 0.828496516 0.002512171 -0.024121664 -0.012908165 0.044016618 -0.060769573 0.997097254
1341840848.070743 0.836390793 0.005588167 -0.025836017 -0.010680030 0.041704666 -0.061179813 0.997197926
1341840848.102909 0.842073679 0.006848876 -0.026108623 -0.010510091 0.042524412 -0.061623029 0.997137785
1341840848.138432 0.843964577 0.010983353 -0.024372641 -0.009887499 0.044372763 -0.061571360 0.997066855
1341840848.170385 0.844959438 0.001314315 -0.024917975 -0.014662435 0.044581007 -0.060446754 0.997067571
1341840848.206548 0.853254914 -0.000381267 -0.023381688 -0.013439948 0.042797156 -0.060022414 0.997188568
1341840848.238651 0.853807151 0.003756135 -0.025646541 -0.010320636 0.043928199 -0.058477286 0.997268379
1341840848.277372 0.859128654 0.003406549 -0.024938956 -0.011385958 0.042388216 -0.058797278 0.997304618
1341840848.313384 0.862700641 -0.005057113 -0.025670692 -0.014440952 0.041787505 -0.059585217 0.997243643
1341840848.345285 0.866287947 -0.005005398 -0.026203357 -0.012534724 0.041855201 -0.059195161 0.997289836
1341840848.377729 0.870387733 0.004626553 -0.024607189 -0.008128840 0.042573828 -0.059812818 0.997268200
1341840848.413434 0.874484122 0.001302107 -0.025211547 -0.010575550 0.042189766 -0.059928801 0.997254610
1341840848.446614 0.890721738 -0.007169734 -0.027559184 -0.013645190 0.039309982 -0.058083549 0.997444153
1341840848.477376 0.888012052 -0.008271560 -0.028225996 -0.012908993 0.042648122 -0.056101687 0.997430205
1341840848.514358 0.892591834 -0.004903157 -0.029691450 -0.013179422 0.041435502 -0.055019900 0.997538090
1341840848.545352 0.902291417 -0.021037562 -0.028937470 -0.020423757 0.038590752 -0.055252168 0.997517347
1341840848.581630 0.904056191 -0.031947862 -0.029698547 -0.019923298 0.042678244 -0.058358163 0.997183979
1341840848.613497 0.899757028 -0.002060803 -0.028663278 -0.002960587 0.048335724 -0.055003200 0.997311115
1341840848.645345 0.904106021 -0.006730653 -0.027739149 -0.006875529 0.044740118 -0.051486015 0.997647345
1341840848.681427 0.919995725 -0.024306098 -0.028974216 -0.011530411 0.037145603 -0.049773391 0.998002946
1341840848.713310 0.921350181 -0.025310306 -0.034909248 -0.007705534 0.041057609 -0.052080121 0.997768760
1341840848.745404 0.920981050 -0.015852358 -0.032569323 -0.001077212 0.046955217 -0.051060554 0.997590542
1341840848.774529 0.921597183 -0.005848817 -0.032604795 0.003584007 0.049510039 -0.048203573 0.997603297
1341840848.806548 0.922010124 -0.000681101 -0.030846611 0.002186239 0.050430600 -0.046962656 0.997620404
1341840848.842443 0.938551664 -0.020480631 -0.024109781 -0.004388255 0.045469280 -0.043210872 0.998021126
1341840848.874427 0.935823023 -0.021451544 -0.029877506 0.000143642 0.047012538 -0.045755263 0.997845829
1341840848.910589 0.939773202 -0.007955783 -0.031412091 0.005917072 0.047148053 -0.047940448 0.997719288
1341840848.942390 0.945925653 -0.021538023 -0.027397547 0.000437653 0.046498161 -0.047006816 0.997811675
1341840848.974342 0.938903034 -0.030610180 -0.026871957 0.004689693 0.049731337 -0.046783116 0.997655332
1341840849.010480 0.933838248 -0.010211968 -0.038397852 0.015361864 0.048678435 -0.048296418 0.997527838
1341840849.042373 0.944025874 -0.012342187 -0.032894198 0.009432649 0.044288173 -0.049019866 0.997770846
1341840849.074269 0.957481861 -0.021180142 -0.030066814 0.008018332 0.041312367 -0.047042709 0.998005986
1341840849.110433 0.952906728 -0.017629778 -0.030051157 0.012186358 0.045277555 -0.046451081 0.997819483
1341840849.142356 0.948427618 -0.017293500 -0.030434836 0.014293239 0.046194606 -0.047327071 0.997708321
1341840849.178427 0.953635991 -0.014164032 -0.032748759 0.016329544 0.042836886 -0.048100077 0.997789919
1341840849.210439 0.958240330 -0.019430105 -0.030384317 0.015374457 0.041343130 -0.046065144 0.997964144
1341840849.242309 0.962124705 -0.017183008 -0.032303430 0.019905636 0.039364181 -0.045123242 0.998007059
1341840849.278391 0.971747398 -0.010428768 -0.042504702 0.020734172 0.035254408 -0.048698921 0.997975767
1341840849.310332 0.992199063 -0.032919995 -0.051192105 0.008633216 0.031054385 -0.045955002 0.998423338
1341840849.342402 0.978726923 -0.035426829 -0.034124516 0.010437909 0.049854051 -0.050329112 0.997433007
1341840849.378339 0.978159428 -0.018452160 -0.037284501 0.023960693 0.053903937 -0.044489875 0.997266710
1341840849.410390 0.972474098 -0.005398990 -0.041343763 0.026262484 0.054867353 -0.044429075 0.997158885
1341840849.446437 0.990679801 -0.023571415 -0.038290028 0.017017044 0.048708465 -0.040352039 0.997852504
1341840849.478425 1.019888997 -0.031472519 -0.047199991 0.018918209 0.043041874 -0.037543159 0.998188376
1341840849.512199 1.017125249 -0.019290509 -0.051150404 0.024679938 0.051109679 -0.039029650 0.997624874
1341840849.546449 1.024194956 0.001167312 -0.046440519 0.028913386 0.053493466 -0.041938778 0.997268081
1341840849.578498 1.023685455 -0.013374683 -0.044351190 0.017985778 0.058772784 -0.041744977 0.997236013
1341840849.610692 1.025398493 -0.020365745 -0.039724238 0.016386533 0.063143179 -0.039749447 0.997077942
1341840849.646317 1.030040503 -0.004806581 -0.046140626 0.023390111 0.062606104 -0.037415612 0.997062385
1341840849.685647 1.046317935 0.005723326 -0.047113262 0.021694623 0.057718806 -0.035338327 0.997471333
1341840849.714708 1.041339636 -0.017827295 -0.040604934 0.007334503 0.065732718 -0.036045749 0.997159004
1341840849.746347 1.036564231 -0.017246490 -0.037245445 0.008945609 0.072146364 -0.035962019 0.996705353
1341840849.778359 1.041058540 0.006711179 -0.034451149 0.017942864 0.071068294 -0.036881823 0.996627867
1341840849.814323 1.036036015 -0.005998231 -0.031871997 0.008939139 0.073746391 -0.036454376 0.996570468
1341840849.846557 1.025210977 -0.011691010 -0.022297606 0.006869149 0.080429263 -0.039117917 0.995968759
1341840849.882256 1.049437642 -0.009671746 -0.034693912 0.010319559 0.069264658 -0.036514603 0.996876419
1341840849.921575 1.054965734 0.005449513 -0.038510025 0.013342854 0.068163022 -0.037316307 0.996886790
1341840849.946362 1.062313080 -0.012329334 -0.030004427 0.003416122 0.066786028 -0.036115721 0.997107625
1341840849.982476 1.062476754 -0.019225072 -0.032389484 0.005088234 0.069806881 -0.036711842 0.996871769
1341840850.014371 1.072146654 0.002255384 -0.038360670 0.015434017 0.068072788 -0.034161393 0.996975899
1341840850.046326 1.063786983 0.013090746 -0.030781083 0.014425102 0.070410870 -0.035513811 0.996781290
1341840850.082415 1.074048758 -0.012249518 -0.028556004 0.001921589 0.064673513 -0.037511218 0.997199357
1341840850.121449 1.079762340 -0.016169773 -0.035676539 0.004524777 0.065126821 -0.037250686 0.997171164
1341840850.157539 1.084442616 0.002696410 -0.039314456 0.012605322 0.064897440 -0.035292834 0.997187972
1341840850.189410 1.077869058 0.000922310 -0.034628086 0.008360316 0.065980032 -0.036681574 0.997111440
1341840850.221491 1.086753011 -0.015749829 -0.036717445 0.002067257 0.061593615 -0.038886294 0.997341335
1341840850.257570 1.096444488 -0.015615380 -0.041693516 0.005542712 0.060536627 -0.040092815 0.997345030
1341840850.289374 1.092628956 -0.001485910 -0.042783275 0.010861656 0.065644056 -0.039829500 0.996988714
1341840850.314521 1.093885064 0.004144529 -0.041220315 0.010921528 0.064569220 -0.041000601 0.997010767
1341840850.350348 1.104253769 -0.006885632 -0.046583802 0.004405808 0.060573231 -0.042840641 0.997234225
1341840850.382480 1.099807143 -0.004635354 -0.044527091 0.005141766 0.067083903 -0.045270924 0.996706486
1341840850.418448 1.095172048 0.002077209 -0.043801747 0.007958769 0.069695763 -0.043858252 0.996571898
1341840850.450229 1.104352236 -0.002371617 -0.046137154 0.006025499 0.064059898 -0.045496289 0.996890187
1341840850.482352 1.157521844 -0.005469355 -0.055276357 0.007660397 0.045116406 -0.041830197 0.998076200
1341840850.518351 1.129893303 0.003572694 -0.054066785 0.010850131 0.068415545 -0.047806013 0.996451795
1341840850.550287 1.108136773 0.017429354 -0.043173552 0.015437106 0.078003347 -0.046715118 0.995738328
1341840850.582563 1.106103182 0.008630823 -0.038559876 0.013332709 0.072421469 -0.045261241 0.996257365
1341840850.618439 1.114920616 0.000311266 -0.046165563 0.015220671 0.065074794 -0.047703236 0.996623278
1341840850.650443 1.139331579 0.022838954 -0.057614811 0.025403885 0.054965243 -0.046008378 0.997104168
1341840850.686406 1.134038806 0.016553437 -0.055497728 0.017119596 0.059200488 -0.043856952 0.997135282
1341840850.718516 1.125056148 0.005181690 -0.048241302 0.013316998 0.063607275 -0.043575358 0.996934295
1341840850.750308 1.131515384 0.008849521 -0.056691334 0.017346842 0.059889231 -0.043572322 0.997102678
1341840850.786319 1.145424247 0.018212635 -0.060423769 0.019219216 0.054382820 -0.040744446 0.997503400
1341840850.818316 1.144155622 0.012955779 -0.052952901 0.014540186 0.058253594 -0.041965451 0.997313380
1341840850.854290 1.157895923 0.009975702 -0.056635201 0.014674231 0.055211496 -0.041855522 0.997489095
1341840850.886322 1.163264036 0.023040941 -0.057468601 0.019244481 0.057647206 -0.041288216 0.997297227
1341840850.918358 1.145691156 0.019060759 -0.050585963 0.014564854 0.068487473 -0.039922051 0.996746480
1341840850.954395 1.149901986 -0.000426540 -0.054164484 0.007514028 0.065319061 -0.038678244 0.997086227
1341840850.986448 1.159682631 0.005436165 -0.060630135 0.012098254 0.061754365 -0.037888426 0.997298598
1341840851.018447 1.166563511 0.017426783 -0.055597939 0.015689565 0.061136134 -0.034894936 0.997395873
1341840851.054395 1.159757376 0.004935902 -0.051656328 0.011008773 0.064553529 -0.035119083 0.997235298
1341840851.086362 1.172446966 0.008617311 -0.055986635 0.014438610 0.059579372 -0.035269171 0.997495830
1341840851.122353 1.177804351 0.006789899 -0.056023389 0.014163519 0.060181346 -0.034593217 0.997487307
1341840851.154293 1.176635742 0.008663956 -0.054026380 0.016704280 0.062625870 -0.032394961 0.997371316
1341840851.186482 1.183265328 0.014117712 -0.054027706 0.019271661 0.060163047 -0.032243855 0.997481525
1341840851.222499 1.189419031 0.002133882 -0.055497527 0.014162069 0.058951840 -0.032360002 0.997635663
1341840851.254587 1.190242529 0.001294034 -0.053638138 0.016209250 0.060932353 -0.033562172 0.997445762
1341840851.286786 1.191805363 0.009286897 -0.052905507 0.020854563 0.061712172 -0.034301873 0.997286379
1341840851.322525 1.197636604 0.009978518 -0.055117689 0.020279713 0.059542775 -0.034368150 0.997427821
1341840851.354461 1.205477357 -0.002658135 -0.053661682 0.014764344 0.057916224 -0.036534328 0.997543454
1341840851.390383 1.212041140 0.001118315 -0.055187628 0.018552497 0.058897216 -0.037861463 0.997373283
1341840851.422373 1.201241374 -0.003903910 -0.051447578 0.017170442 0.065913677 -0.037600704 0.996968746
1341840851.454333 1.189823866 -0.005500993 -0.050490089 0.019667888 0.067245953 -0.036944788 0.996858180
1341840851.490328 1.213266611 -0.002788789 -0.058179706 0.022101713 0.053843051 -0.036823276 0.997625411
1341840851.522431 1.226501822 -0.012101874 -0.057930082 0.018832315 0.051525991 -0.036971018 0.997809350
1341840851.555777 1.219701886 -0.016660569 -0.056142054 0.020873982 0.058289986 -0.037755020 0.997367084
1341840851.590800 1.219931126 0.002328595 -0.058971912 0.030181298 0.057883393 -0.037930470 0.997145832
1341840851.622401 1.230957150 -0.003305128 -0.057439618 0.024933888 0.052930605 -0.037726004 0.997573733
1341840851.658371 1.245836020 -0.016792277 -0.058937661 0.020764157 0.049444333 -0.035544947 0.997928202
1341840851.690446 1.245315433 -0.013507089 -0.059004329 0.023414446 0.053383615 -0.035760019 0.997658849
1341840851.722387 1.238467813 -0.012194561 -0.054516502 0.024720576 0.057635974 -0.034754034 0.997426271
1341840851.758379 1.248063803 -0.021424076 -0.058693938 0.022809504 0.053525392 -0.035499707 0.997674584
1341840851.790498 1.251648068 -0.023970418 -0.058206253 0.024816385 0.053815559 -0.033763129 0.997671306
1341840851.822502 1.253279328 -0.014267266 -0.058445781 0.031311646 0.053738616 -0.031883463 0.997554600
1341840851.858469 1.268216491 -0.003528432 -0.059527252 0.033643357 0.048489597 -0.031128412 0.997771442
1341840851.890382 1.268663406 -0.027659185 -0.055045269 0.022378264 0.051951557 -0.031068075 0.997915328
1341840851.926297 1.265993237 -0.032610796 -0.057739392 0.025789704 0.056740914 -0.029386828 0.997623086
1341840851.958364 1.266431451 -0.008911688 -0.056823678 0.035743751 0.056455601 -0.026899621 0.997402430
1341840851.990589 1.279099703 -0.021943789 -0.058624700 0.026934493 0.050108258 -0.026166780 0.998037577
1341840852.026374 1.286397815 -0.035444561 -0.057065882 0.023160595 0.050519962 -0.025443796 0.998130202
1341840852.058336 1.281425357 -0.029957065 -0.056092083 0.028577739 0.056357067 -0.022376250 0.997750700
1341840852.094404 1.278015375 -0.020253580 -0.056352384 0.032092217 0.057030924 -0.020578030 0.997644305
1341840852.126392 1.293691874 -0.022628836 -0.057063997 0.027987994 0.049695082 -0.022048810 0.998128712
1341840852.158516 1.312555313 -0.042016532 -0.057946354 0.020433780 0.047015142 -0.021559613 0.998452425
1341840852.194279 1.308431506 -0.030213129 -0.054059438 0.030249603 0.057591081 -0.020719249 0.997666717
1341840852.226380 1.284201980 -0.018923160 -0.056037933 0.032736558 0.068335570 -0.019467549 0.996935070
1341840852.258313 1.286234140 -0.035258703 -0.053761058 0.022770163 0.063083239 -0.019362869 0.997560561
1341840852.294500 1.312782407 -0.052625280 -0.055495612 0.019146258 0.053205047 -0.018726554 0.998224437
1341840852.326311 1.320424676 -0.037958413 -0.059027597 0.029185910 0.056078576 -0.020706099 0.997784853
1341840852.362368 1.309926987 -0.024637137 -0.058228269 0.031455211 0.064995490 -0.021387856 0.997160316
1341840852.394489 1.314705372 -0.044268608 -0.055578999 0.021829125 0.064940371 -0.019423582 0.997461259
1341840852.426307 1.318499804 -0.052912846 -0.057521135 0.021457082 0.066420272 -0.018512692 0.997389197
1341840852.462394 1.316997290 -0.041213349 -0.057090312 0.028298723 0.069522873 -0.016396010 0.997044086
1341840852.494557 1.328196287 -0.032721467 -0.058175787 0.031306531 0.066116780 -0.013459479 0.997229815
1341840852.526348 1.332603335 -0.037199635 -0.056818344 0.027863253 0.067660578 -0.012430158 0.997241795
1341840852.562305 1.334458590 -0.038438939 -0.056686923 0.026779700 0.070309319 -0.011557679 0.997098744
1341840852.594400 1.333409190 -0.036808208 -0.057325482 0.025117414 0.073380120 -0.010576993 0.996931612
1341840852.630345 1.330765843 -0.052191529 -0.052118137 0.019108746 0.074985996 -0.009247144 0.996958613
1341840852.663508 1.337390423 -0.050236646 -0.054031193 0.025124142 0.071803145 -0.009024542 0.997061491
1341840852.694654 1.335084081 -0.034881528 -0.054855347 0.031895135 0.071625955 -0.009295382 0.996878147
1341840852.732477 1.341945767 -0.033747476 -0.052131593 0.030041583 0.067053728 -0.007269155 0.997270525
1341840852.762455 1.347158074 -0.029810525 -0.053006627 0.029725170 0.065417945 -0.007629953 0.997385919
1341840852.794631 1.353237867 -0.036120065 -0.051546387 0.024270980 0.064805858 -0.009476623 0.997557700
1341840852.830583 1.358138442 -0.055543832 -0.049712405 0.017916052 0.065632388 -0.011674135 0.997614741
1341840852.862990 1.352523565 -0.045285564 -0.051408991 0.027068701 0.070328318 -0.014540218 0.997050524
1341840852.898597 1.351818919 -0.018121511 -0.052919760 0.036116149 0.071704321 -0.014342999 0.996668637
1341840852.930367 1.354041219 -0.033817548 -0.050784692 0.023234766 0.070461422 -0.012997949 0.997159123
1341840852.962482 1.360720277 -0.051745120 -0.049528152 0.017841509 0.067324214 -0.013369753 0.997482002
1341840852.998535 1.364405632 -0.040636033 -0.053030714 0.025201516 0.066873811 -0.015591367 0.997321248
1341840853.037588 1.363648772 -0.036888879 -0.052985370 0.025058500 0.068819590 -0.016129244 0.997183919
1341840853.066770 1.363533974 -0.043713547 -0.052620038 0.022805290 0.069232583 -0.016081262 0.997210205
1341840853.098354 1.371322632 -0.041115083 -0.055271074 0.025446048 0.065885887 -0.016994478 0.997357905
1341840853.131999 1.382125258 -0.035077173 -0.056261688 0.027206538 0.063295834 -0.017618539 0.997468293
1341840853.166530 1.378368974 -0.046130151 -0.055305555 0.023558818 0.066777937 -0.019576527 0.997297525
1341840853.198406 1.383193731 -0.035585564 -0.058834493 0.030972062 0.064496398 -0.021190362 0.997212052
1341840853.231726 1.392714024 -0.016886901 -0.060786225 0.035087563 0.061168876 -0.023542872 0.997232676
1341840853.266442 1.399120331 -0.035809964 -0.059662834 0.022716103 0.062705658 -0.024888406 0.997463048
1341840853.298516 1.388896465 -0.053353362 -0.058518469 0.019932166 0.069674261 -0.026399484 0.997021198
1341840853.334385 1.392509460 -0.035612740 -0.063441165 0.031962879 0.066414535 -0.028159941 0.996882379
1341840853.366351 1.403167248 -0.022697594 -0.064476326 0.034312308 0.061838266 -0.028724493 0.997082531
1341840853.398402 1.408711791 -0.037974335 -0.064648531 0.026337165 0.062269956 -0.028733103 0.997297943
1341840853.434335 1.408624649 -0.035658035 -0.066573210 0.028308649 0.064256936 -0.030116210 0.997077107
1341840853.466387 1.408615708 -0.029545642 -0.066701055 0.029697720 0.064780489 -0.031652618 0.996955216
1341840853.498430 1.418333650 -0.036361065 -0.067260668 0.026935544 0.061525159 -0.033332463 0.997185051
1341840853.534407 1.421643615 -0.031683382 -0.067301147 0.029987281 0.063481532 -0.034351300 0.996940732
1341840853.566451 1.419261336 -0.019019086 -0.067953348 0.033440784 0.066017106 -0.034466527 0.996662199
1341840853.602691 1.426966190 -0.016172202 -0.068915024 0.029804008 0.063321784 -0.034580100 0.996948481
1341840853.634832 1.428889990 -0.032076646 -0.066026457 0.020994509 0.064578325 -0.035062574 0.997075498
1341840853.666488 1.424736738 -0.040164109 -0.067675613 0.021081865 0.067023963 -0.036732551 0.996852040
1341840853.702424 1.429367542 -0.023463041 -0.071830653 0.028786737 0.064546853 -0.038315732 0.996763229
1341840853.734353 1.434357047 -0.016185913 -0.068911932 0.027390890 0.061958939 -0.039954789 0.996902406
1341840853.766467 1.439434409 -0.038186006 -0.067540057 0.018177347 0.060903937 -0.040572789 0.997152984
1341840853.802607 1.444746137 -0.029380085 -0.070405692 0.025679894 0.060245324 -0.041733447 0.996980131
1341840853.834576 1.446071625 -0.013959937 -0.070096098 0.029743448 0.060833309 -0.043698285 0.996747255
1341840853.870615 1.452441335 -0.018939212 -0.069677882 0.024470579 0.059335265 -0.045517880 0.996899545
1341840853.902573 1.455312490 -0.021829130 -0.068674020 0.021989886 0.060352523 -0.045800976 0.996883333
1341840853.940152 1.451775670 -0.022103827 -0.071019426 0.021517327 0.062844776 -0.046741355 0.996695936
1341840853.970342 1.459015965 -0.013455421 -0.071988814 0.023286879 0.060335938 -0.047395989 0.996780276
1341840854.002413 1.470076323 -0.017727764 -0.069384165 0.019928692 0.058586907 -0.049501885 0.996855080
1341840854.034566 1.469212294 -0.022736359 -0.069711983 0.019713994 0.063031144 -0.051084280 0.996508300
1341840854.070475 1.466030002 -0.016572505 -0.074081123 0.022472708 0.066291369 -0.051656086 0.996208906
1341840854.102373 1.464204907 -0.011698255 -0.075014748 0.022349613 0.066646792 -0.050658826 0.996239126
1341840854.138343 1.477341771 -0.016309239 -0.072205178 0.020063452 0.060783956 -0.051158544 0.996637166
1341840854.170475 1.486364841 -0.022391252 -0.073666133 0.020267416 0.060359783 -0.051688507 0.996631444
1341840854.202459 1.477777362 -0.013425250 -0.078148492 0.025999282 0.066367835 -0.050326269 0.996186018
1341840854.238384 1.474541306 -0.011165053 -0.082144581 0.025134308 0.065725930 -0.050566711 0.996238589
1341840854.270355 1.483757973 -0.027277779 -0.083693124 0.019505562 0.059786431 -0.051090814 0.996712029
1341840854.306367 1.501005173 -0.018820079 -0.081571177 0.027042806 0.054788202 -0.051045112 0.996825635
1341840854.338540 1.496824741 -0.005151270 -0.080838881 0.032933548 0.060380287 -0.050463583 0.996354878
1341840854.370427 1.487229347 -0.006594742 -0.084920712 0.029656837 0.063407376 -0.048711136 0.996356964
1341840854.406491 1.498879671 -0.011982975 -0.083391942 0.026289009 0.057034224 -0.048395798 0.996851981
1341840854.438402 1.502051830 -0.010075475 -0.084244192 0.027557751 0.057540946 -0.047412258 0.996835828
1341840854.470341 1.497054458 -0.005486756 -0.086936608 0.027462423 0.059244111 -0.046935380 0.996761262
1341840854.506442 1.505193114 -0.008269532 -0.084353313 0.024547907 0.054426398 -0.048944935 0.997015357
1341840854.538722 1.520862818 -0.004687531 -0.080465116 0.026435662 0.051128626 -0.048539486 0.997161448
1341840854.574331 1.516224146 0.000676852 -0.079709738 0.026727371 0.057988569 -0.049492877 0.996731400
1341840854.606460 1.509919882 -0.007323834 -0.079228029 0.022131408 0.061057191 -0.050189935 0.996625900
1341840854.638476 1.514318466 -0.001941608 -0.079323024 0.024450393 0.058625393 -0.048432898 0.996804655
1341840854.674312 1.520039201 -0.000788122 -0.077565946 0.022670111 0.056848269 -0.047438409 0.996997476
1341840854.706362 1.520310163 -0.009171743 -0.077453904 0.018878117 0.056979448 -0.049100377 0.996988535
1341840854.738328 1.529132605 -0.004494482 -0.077564113 0.021809194 0.054408371 -0.050084889 0.997023344
1341840854.774384 1.525826454 -0.006426473 -0.078445539 0.020027967 0.057710078 -0.050100289 0.996874332
1341840854.806396 1.528115630 -0.005051647 -0.076974124 0.020333303 0.056961302 -0.051291101 0.996850669
1341840854.842383 1.532976389 -0.009532949 -0.076401077 0.018494630 0.055742767 -0.053143550 0.996858299
1341840854.874351 1.528496385 -0.029004507 -0.077253751 0.014285746 0.057612970 -0.053504296 0.996801853
1341840854.906375 1.527080297 -0.009820422 -0.078524373 0.027437020 0.056314103 -0.052919973 0.996632040
1341840854.942414 1.533143282 0.002605324 -0.079269901 0.030699614 0.050864335 -0.054998059 0.996717393
1341840854.974632 1.550777078 -0.014659464 -0.077217981 0.022280095 0.043757256 -0.057199072 0.997154534
1341840855.006485 1.547698379 -0.023473663 -0.077393204 0.023525862 0.048577972 -0.058297835 0.996839046
1341840855.042409 1.546797872 0.003769425 -0.078436784 0.036104534 0.049755398 -0.060155932 0.996294200
1341840855.074380 1.562934756 0.006772680 -0.078624077 0.029111722 0.045313835 -0.062815875 0.996570766
