1305031102.675285 -0.005436575 0.018249821 0.137034312 -0.041800730 -0.017930791 -0.000601088 0.998964846
1305031102.711263 -0.005374893 0.018011661 0.147491068 -0.042916317 -0.018448738 0.000509433 0.998908222
1305031102.743234 -0.004423239 0.022553347 0.160747007 -0.043812986 -0.019573690 0.003429184 0.998842120
1305031102.775472 -0.002322453 0.022709090 0.171817511 -0.046418872 -0.018657899 0.001776005 0.998746216
1305031102.811232 -0.002029995 0.029020291 0.183753952 -0.045099050 -0.016004514 0.000677982 0.998854101
1305031102.843290 -0.001067358 0.026691800 0.192401499 -0.048958495 -0.013259927 0.000330762 0.998712718
1305031102.875363 -0.003693798 0.031033825 0.202922657 -0.046575312 -0.009345823 -0.002433626 0.998868108
1305031102.911185 -0.004724461 0.033252142 0.211825520 -0.046061628 -0.007660215 -0.003653171 0.998902559
1305031102.943229 -0.009947952 0.033833377 0.217786700 -0.046696428 -0.005199534 -0.005181331 0.998882174
1305031102.975203 -0.013316967 0.036594748 0.224662855 -0.046954919 -0.010661677 -0.005045845 0.998827338
1305031103.011215 -0.015230654 0.039003417 0.227436751 -0.047026329 -0.016032809 -0.002999635 0.998760462
1305031103.043227 -0.015492432 0.041335847 0.235842094 -0.048701562 -0.022072395 -0.000273838 0.998569429
1305031103.075319 -0.012021652 0.041552417 0.246620238 -0.048992127 -0.026953494 0.002414255 0.998432517
1305031103.111240 -0.012694033 0.047107905 0.251848668 -0.046472352 -0.026244294 0.003314993 0.998569250
1305031103.143318 -0.011981772 0.048771650 0.260490745 -0.048300724 -0.026921965 0.004999887 0.998457432
1305031103.175452 -0.012293012 0.052940715 0.265409797 -0.048195958 -0.025173498 0.005503284 0.998505473
1305031103.211220 -0.014373596 0.058026187 0.270256609 -0.051213816 -0.024287105 0.006212340 0.998373032
1305031103.243216 -0.014532034 0.060145952 0.276054651 -0.058110073 -0.024145300 0.009458053 0.997973323
1305031103.275370 -0.019984026 0.061091535 0.277242571 -0.067230843 -0.023729853 0.012889158 0.997371912
1305031103.311210 -0.018856915 0.056838088 0.283355474 -0.075754136 -0.034062315 0.013650564 0.996451080
1305031103.343223 -0.012782196 0.058533881 0.287600428 -0.075907663 -0.041636728 0.013886607 0.996148348
1305031103.375327 -0.011690307 0.057969537 0.288104087 -0.079483680 -0.040549450 0.015539419 0.995889843
1305031103.411260 -0.013400791 0.053458523 0.286860466 -0.082809314 -0.038973324 0.016641825 0.995663941
1305031103.443280 -0.015196016 0.052235499 0.282938331 -0.082479164 -0.040235523 0.016021514 0.995651305
1305031103.475274 -0.014459106 0.049378023 0.278666258 -0.082508251 -0.043253295 0.013945854 0.995553672
1305031103.511333 -0.014430176 0.045843337 0.273885608 -0.080374934 -0.044662215 0.011529051 0.995696843
1305031103.543444 -0.014130019 0.041535318 0.267839462 -0.076919563 -0.045979470 0.009456595 0.995931625
1305031103.575474 -0.015733387 0.039504100 0.258983672 -0.072315067 -0.046383217 0.009456991 0.996257842
1305031103.611223 -0.017160144 0.035455197 0.250867903 -0.070517287 -0.048735730 0.010675427 0.996262133
1305031103.643445 -0.014709667 0.032286435 0.245574296 -0.068349876 -0.054152034 0.011871499 0.996119976
1305031103.675523 -0.012911702 0.029110007 0.236832961 -0.065810315 -0.057100493 0.011936576 0.996125519
1305031103.711610 -0.011239754 0.026279809 0.227692783 -0.063381441 -0.058449380 0.011796517 0.996206462
1305031103.743326 -0.010122824 0.020808505 0.218482599 -0.061851241 -0.058253244 0.010540093 0.996328175
1305031103.775342 -0.009815451 0.019899596 0.206803933 -0.057802655 -0.057559777 0.007282089 0.996640682
1305031103.811242 -0.009435705 0.019423841 0.195457935 -0.057217758 -0.056267206 0.003904353 0.996767223
1305031103.843251 -0.013122292 0.019625898 0.182523370 -0.059270967 -0.054072108 0.000745142 0.996776104
1305031103.875361 -0.013660522 0.010541467 0.173896551 -0.067673385 -0.056877479 -0.002145471 0.996082664
1305031103.911221 -0.012743669 0.004676698 0.163950399 -0.067494988 -0.060972955 -0.003873132 0.995847225
1305031103.943211 -0.011356225 0.003046514 0.152210474 -0.065006629 -0.063825712 -0.004620932 0.995830834
1305031103.975373 -0.007834735 -0.002551489 0.143819332 -0.064555220 -0.066937432 -0.005482840 0.995651543
1305031104.011232 -0.004000166 -0.006924473 0.134796649 -0.061124846 -0.068266474 -0.006493363 0.995771706
1305031104.043249 -0.000815568 -0.009043782 0.123111881 -0.053859930 -0.065989070 -0.008336689 0.996330798
1305031104.075425 0.000512599 -0.007998991 0.112349063 -0.048802786 -0.061465025 -0.011277248 0.996851623
1305031104.111235 0.004423454 -0.013627945 0.102972813 -0.046884779 -0.056875650 -0.012581264 0.997200429
1305031104.143230 0.001568634 -0.017502166 0.089924268 -0.042339358 -0.049394567 -0.014271585 0.997779489
1305031104.175424 0.000738747 -0.018580206 0.078886226 -0.037773412 -0.045661498 -0.015083105 0.998128593
1305031104.211283 0.002031450 -0.022637751 0.069042400 -0.034320895 -0.043502785 -0.014952403 0.998351634
1305031104.243196 0.001840847 -0.024286665 0.058552377 -0.029527837 -0.040818494 -0.015277056 0.998613298
1305031104.275546 0.002521266 -0.025751818 0.048538227 -0.025085164 -0.038269006 -0.016187608 0.998821378
1305031104.311219 0.003715330 -0.026932435 0.039587606 -0.021322008 -0.035309464 -0.016307879 0.999015868
1305031104.343342 0.004909061 -0.025825212 0.031654775 -0.017386332 -0.031563807 -0.016567962 0.999213159
1305031104.375837 0.004762948 -0.026462002 0.022979660 -0.015482820 -0.026547039 -0.016185306 0.999396622
1305031104.411509 0.003162546 -0.028340552 0.015349743 -0.014613382 -0.022183884 -0.015494712 0.999526978
1305031104.443288 -0.001438252 -0.027392035 0.006569577 -0.013531980 -0.019098597 -0.015214499 0.999610245
1305031104.475456 -0.004344459 -0.028696755 -0.001052918 -0.014031291 -0.019646527 -0.014695276 0.999600470
1305031104.511329 -0.004695343 -0.031867426 -0.007379151 -0.013904704 -0.022399807 -0.013279750 0.999564171
1305031104.543368 -0.002340611 -0.033652876 -0.014684342 -0.010817890 -0.025183069 -0.012446553 0.999546826
1305031104.575343 0.002891152 -0.036367685 -0.017067676 -0.007354130 -0.026593147 -0.011431672 0.999553919
1305031104.611336 0.010727700 -0.044475168 -0.022918580 0.000032193 -0.024534348 -0.009588823 0.999652982
1305031104.643243 0.011508216 -0.040922046 -0.032061018 0.013564429 -0.016819509 -0.009266349 0.999723554
1305031104.675525 0.014358827 -0.047429238 -0.040409461 0.022791527 -0.009613979 -0.008124666 0.999660969
1305031104.711277 0.013306789 -0.046605039 -0.048949264 0.037156176 -0.001560027 -0.006228234 0.999288857
1305031104.743280 0.015114066 -0.044641323 -0.056567959 0.050824050 0.005087578 -0.004506673 0.998684525
1305031104.775327 0.015862295 -0.044026859 -0.063677415 0.062787600 0.012165094 -0.002003189 0.997950792
1305031104.811465 0.018236794 -0.040269203 -0.069830239 0.074275412 0.018283522 0.001081925 0.997069597
1305031104.843258 0.015538063 -0.038479142 -0.073799059 0.083062053 0.025730498 0.002859413 0.996208072
1305031104.875350 0.012212188 -0.033263657 -0.078020960 0.089550622 0.029698418 0.004866694 0.995527506
1305031104.911534 0.016412087 -0.029008280 -0.076662600 0.091958262 0.029073672 0.008248942 0.995304167
1305031104.943262 0.016725672 -0.027720138 -0.076258592 0.092928626 0.029806579 0.008903358 0.995186687
1305031104.975202 0.015459632 -0.021638513 -0.072864190 0.093090527 0.029302258 0.009897038 0.995177150
1305031105.011290 0.016163958 -0.019319840 -0.068398207 0.088620111 0.028598001 0.010697397 0.995597422
1305031105.043373 0.015231857 -0.016317820 -0.061963655 0.083451197 0.028255643 0.009186318 0.996068835
1305031105.075320 0.012676202 -0.016451985 -0.056656722 0.076576211 0.028345210 0.006730436 0.996638000
1305031105.111299 0.008836211 -0.018277416 -0.048013568 0.070254907 0.028411832 0.004476051 0.997114360
1305031105.143106 0.005631554 -0.009532588 -0.038576320 0.066302620 0.026358854 0.002356174 0.997448564
1305031105.175159 0.007154319 -0.005129162 -0.024980079 0.053726338 0.021718746 0.000958148 0.998319030
1305031105.211268 0.001977140 -0.011579701 -0.014950870 0.039705575 0.019037543 -0.002532103 0.999026835
1305031105.243270 -0.001176052 -0.009199009 -0.004698108 0.031966232 0.014022518 -0.004116822 0.999382079
1305031105.275288 -0.006091863 -0.006130707 0.002762443 0.022395918 0.009130927 -0.006062892 0.999689102
1305031105.311290 -0.008507926 -0.008285999 0.012909079 0.011285502 0.002102996 -0.007058679 0.999909163
1305031105.343302 -0.008727242 -0.012070483 0.023880307 0.001848076 -0.004743458 -0.007571334 0.999958396
1305031105.375338 -0.009321484 -0.013634964 0.035186093 -0.002365499 -0.010028302 -0.007235013 0.999920726
1305031105.411286 -0.010646052 -0.007183999 0.044532493 -0.006068909 -0.014545335 -0.007987631 0.999843895
1305031105.443316 -0.011044929 -0.009234134 0.057467401 -0.013560116 -0.019011261 -0.008488835 0.999691248
1305031105.475280 -0.011782735 -0.008678378 0.067390069 -0.017068641 -0.022286950 -0.008605266 0.999568880
1305031105.511332 -0.010421593 -0.006824760 0.078004524 -0.021402376 -0.025731154 -0.008292576 0.999405384
1305031105.543282 -0.010139446 -0.008343372 0.089843199 -0.026380897 -0.026888136 -0.007149392 0.999264717
1305031105.575449 -0.011592023 -0.006761827 0.099738263 -0.028906252 -0.027762944 -0.007169615 0.999170780
1305031105.611378 -0.010141348 -0.008492919 0.112031251 -0.032525565 -0.029536819 -0.006327740 0.999014318
1305031105.643273 -0.011762370 -0.006401346 0.122063771 -0.032589588 -0.029376995 -0.003458275 0.999031007
1305031105.675166 -0.008903261 -0.004704258 0.134079620 -0.034488354 -0.031788778 -0.001942217 0.998897493
1305031105.711309 -0.005331298 -0.006828621 0.146891266 -0.034868099 -0.031080823 -0.002227998 0.998906016
1305031105.743312 -0.005259206 -0.000661942 0.157464132 -0.031304538 -0.027207909 -0.001696077 0.999138057
1305031105.775339 -0.003859300 -0.002019301 0.167548090 -0.032812338 -0.022932878 -0.001829166 0.999196708
1305031105.811283 -0.004916155 -0.000100726 0.176699743 -0.031000435 -0.017248614 -0.001228725 0.999369800
1305031105.843271 -0.003232787 0.001135234 0.187922776 -0.029789651 -0.014241028 -0.000314353 0.999454677
1305031105.875337 -0.001952809 0.007045276 0.197571993 -0.027755614 -0.009404460 0.001922841 0.999568641
1305031105.911262 -0.001480171 0.009870224 0.207859948 -0.030260867 -0.005543667 0.006749336 0.999503911
1305031105.943272 -0.001343061 0.013753438 0.217211455 -0.032414597 -0.002270288 0.009258568 0.999429047
1305031105.975329 -0.001362851 0.016847994 0.226725683 -0.036740430 -0.000125851 0.010950848 0.999264836
1305031106.011285 -0.000338065 0.020482816 0.236282766 -0.040549126 0.001540188 0.012897297 0.999093115
1305031106.043355 -0.002081659 0.023452941 0.245387927 -0.044771064 0.004510843 0.013609292 0.998894393
1305031106.075330 -0.002481365 0.026258115 0.253664166 -0.048784930 0.005230491 0.015591484 0.998673916
1305031106.111327 -0.004851458 0.032641459 0.260941237 -0.051830877 0.006244381 0.016362064 0.998502314
1305031106.143355 -0.006511528 0.033915989 0.269639254 -0.059120249 0.005131714 0.018288294 0.998070180
1305031106.175534 -0.007645046 0.035755090 0.277138144 -0.062872335 0.003867049 0.019064790 0.997832000
1305031106.211275 -0.007977185 0.036208645 0.285177708 -0.066582948 0.001995961 0.020020919 0.997578025
1305031106.243267 -0.008697177 0.038023256 0.290623695 -0.066612653 0.000638414 0.023407748 0.997504115
1305031106.276385 -0.009342913 0.042075519 0.295110017 -0.067143172 -0.001026061 0.024654374 0.997438192
1305031106.311238 -0.009035245 0.044686396 0.299447507 -0.070628941 -0.002723463 0.028164839 0.997101247
1305031106.343258 -0.010776859 0.049771227 0.300524861 -0.074197739 -0.003082032 0.028293513 0.996837318
1305031106.375388 -0.007857714 0.049938783 0.302818567 -0.083711043 -0.004646269 0.021578530 0.996245563
1305031106.411320 -0.007525180 0.045387022 0.304935366 -0.091642126 0.000488954 0.015073664 0.995677829
1305031106.443278 -0.010706116 0.043388151 0.303784907 -0.092894830 0.005695494 0.010531448 0.995603919
1305031106.475345 -0.012578838 0.041962307 0.300851792 -0.092592537 0.005547081 0.009333954 0.995644867
1305031106.511129 -0.013828111 0.038372118 0.296670586 -0.091704227 0.002610940 0.009044584 0.995741785
1305031106.543302 -0.012869548 0.036133796 0.289458245 -0.088502072 -0.001964747 0.007826941 0.996043324
1305031106.575282 -0.012896351 0.034168512 0.281192839 -0.085439011 -0.003786789 0.006778760 0.996313155
1305031106.611151 -0.014181721 0.033538520 0.272053152 -0.084530644 -0.006342807 0.003854386 0.996393263
1305031106.643207 -0.013654936 0.027986690 0.263788551 -0.085774370 -0.009455251 0.001500065 0.996268570
1305031106.675279 -0.016365113 0.028059106 0.253627390 -0.082312375 -0.011243942 0.001333743 0.996542275
1305031106.711508 -0.017975420 0.024339426 0.243566900 -0.084692493 -0.016373144 0.000657470 0.996272385
1305031106.743341 -0.018047554 0.021723853 0.232395113 -0.083095588 -0.022847958 0.000934035 0.996279180
1305031106.775390 -0.015481912 0.017634189 0.221129760 -0.083205156 -0.030190453 0.001066210 0.996074438
1305031106.811289 -0.014968664 0.017266745 0.208339408 -0.082646027 -0.034210112 0.000622376 0.995991409
1305031106.843416 -0.015781004 0.010387152 0.197881669 -0.084656306 -0.037546013 -0.001061187 0.995702028
1305031106.875905 -0.012089163 0.005954094 0.185815603 -0.079809621 -0.041782826 -0.004205545 0.995925188
1305031106.911243 -0.012235656 0.007638797 0.171350524 -0.074251696 -0.040788777 -0.008620448 0.996367693
1305031106.943439 -0.011591722 0.001602825 0.159947142 -0.073900305 -0.040025242 -0.013130474 0.996375561
1305031106.975547 -0.011331960 -0.003736462 0.147913218 -0.068503238 -0.037869439 -0.016596114 0.996793807
1305031107.011576 -0.011676881 -0.000526918 0.131899357 -0.059918594 -0.034831829 -0.019981269 0.997395217
1305031107.043281 -0.011917453 -0.005724717 0.120359972 -0.061163377 -0.032119710 -0.022424320 0.997358799
1305031107.075432 -0.014540719 -0.011298543 0.107837081 -0.057446666 -0.030134290 -0.023557473 0.997615576
1305031107.111229 -0.012606673 -0.011314243 0.096080422 -0.052224196 -0.031725440 -0.023946140 0.997844040
1305031107.143260 -0.010594193 -0.011109617 0.084626608 -0.049845252 -0.031335808 -0.024129534 0.997973621
1305031107.175399 -0.010054709 -0.017605299 0.074915566 -0.049298469 -0.029742230 -0.025195345 0.998023152
1305031107.211358 -0.007847705 -0.022417398 0.064586245 -0.043913580 -0.028102869 -0.026743678 0.998281837
1305031107.243378 -0.007502127 -0.021263935 0.053641591 -0.036546554 -0.024660422 -0.027152464 0.998658538
1305031107.275398 -0.005149156 -0.025546050 0.044540383 -0.032075804 -0.021919630 -0.027140927 0.998876393
1305031107.311226 -0.004431772 -0.028741218 0.036499280 -0.025178485 -0.018292706 -0.027725687 0.999130964
1305031107.343509 -0.000635847 -0.033224020 0.028435545 -0.015288086 -0.015813403 -0.027431363 0.999381661
1305031107.375413 0.000911832 -0.029287880 0.019446624 -0.004628875 -0.010940075 -0.027162505 0.999560416
1305031107.411271 0.002515297 -0.030892430 0.014090834 0.001525061 -0.006462350 -0.028411793 0.999574244
1305031107.443419 0.004929389 -0.028791336 0.009087618 0.007568778 -0.002241825 -0.027988449 0.999577105
1305031107.475377 0.007271402 -0.029893612 0.005918541 0.010172329 0.001981752 -0.026849242 0.999585748
1305031107.511352 0.009409353 -0.024583153 0.004157386 0.013211926 0.005138375 -0.025510671 0.999574006
1305031107.543605 0.011801668 -0.025116321 0.004170322 0.010448072 0.007517548 -0.023381986 0.999643683
1305031107.575454 0.013604961 -0.028968412 0.005066686 0.009150705 0.009363582 -0.020812623 0.999697685
1305031107.611271 0.015586495 -0.022852642 0.004875523 0.011381974 0.010451713 -0.018887494 0.999702156
1305031107.643323 0.016370399 -0.022701409 0.006438994 0.007818737 0.011812551 -0.017759571 0.999741912
1305031107.675568 0.015386066 -0.021977961 0.007794295 0.006827202 0.012785662 -0.017400088 0.999743521
1305031107.711307 0.014943418 -0.018724194 0.009294296 0.006272699 0.012642984 -0.016300298 0.999767542
1305031107.743538 0.013258305 -0.014965209 0.010267648 0.003845605 0.011761250 -0.015591530 0.999801874
1305031107.775802 0.012537393 -0.016018633 0.012118159 0.000512225 0.009332044 -0.017058311 0.999810755
1305031107.811596 0.014091470 -0.014283284 0.014171229 -0.001375104 0.006951904 -0.016964741 0.999830961
1305031107.843332 0.015926179 -0.013366510 0.016016621 -0.003796119 0.005979515 -0.017474344 0.999822199
1305031107.875358 0.019688645 -0.015742283 0.018843086 -0.005174696 0.006129595 -0.020931017 0.999748766
1305031107.911541 0.022859804 -0.016124532 0.020549573 -0.004421160 0.008689444 -0.023169948 0.999683976
1305031107.943122 0.026539566 -0.017718844 0.022042444 -0.003001271 0.011936022 -0.023732774 0.999642551
1305031107.975807 0.032388456 -0.018555850 0.024118086 -0.000692991 0.015678873 -0.023614792 0.999597907
1305031108.011320 0.039425671 -0.018505128 0.025851956 0.003053535 0.019713102 -0.025395129 0.999478400
1305031108.043418 0.051765952 -0.017888814 0.026848521 0.005354358 0.024586143 -0.023139894 0.999415517
1305031108.075352 0.058761854 -0.019122554 0.030574856 0.006225463 0.033810757 -0.017680675 0.999252439
1305031108.111378 0.062822789 -0.018886363 0.034111172 0.009160779 0.040416341 -0.017745258 0.998983324
1305031108.143334 0.072889082 -0.015945273 0.037407581 0.012069453 0.043099090 -0.016526675 0.998861194
1305031108.176058 0.080717519 -0.010238865 0.039420955 0.012120124 0.046748973 -0.013448187 0.998742640
1305031108.211475 0.090848841 -0.012196162 0.040333793 0.006442128 0.047440149 -0.013879459 0.998756886
1305031108.243347 0.103767380 -0.017415505 0.043950081 0.004007420 0.049071860 -0.015429681 0.998668015
1305031108.275358 0.112690747 -0.010839424 0.046222460 0.006505199 0.052981120 -0.014989442 0.998461843
1305031108.311332 0.117304429 -0.007203452 0.049180053 0.003696128 0.055375576 -0.013708386 0.998364627
1305031108.343278 0.124232247 -0.005143632 0.051892180 -0.001317762 0.054223489 -0.011848928 0.998457670
1305031108.375410 0.130053446 -0.003791489 0.055408075 -0.006222732 0.052089941 -0.006689334 0.998600602
1305031108.411361 0.140616730 -0.003720181 0.058122970 -0.011270501 0.047528300 -0.000305178 0.998806238
1305031108.443610 0.151211038 -0.002471840 0.059993811 -0.015327003 0.045550693 0.006552948 0.998822987
1305031108.475471 0.162744820 -0.005131257 0.061740186 -0.019313024 0.044146057 0.013330973 0.998749435
1305031108.511378 0.175895527 -0.009800795 0.062617153 -0.020591520 0.046102304 0.017305758 0.998574495
1305031108.543737 0.184767038 -0.012737702 0.064091869 -0.017609140 0.053404391 0.015640698 0.998295188
1305031108.575414 0.194934845 -0.004962164 0.063865229 -0.011124766 0.057423394 0.014817856 0.998178005
1305031108.611407 0.204963326 -0.006131010 0.066703193 -0.012234855 0.063131928 0.015271543 0.997813344
1305031108.643303 0.211126879 -0.002921213 0.066530362 -0.011180822 0.069382362 0.016924536 0.997383952
1305031108.675375 0.225688502 0.001991601 0.066332594 -0.012439509 0.072083786 0.020959705 0.997100770
1305031108.711411 0.229505315 -0.000479474 0.070312388 -0.017743854 0.081384316 0.024243813 0.996229947
1305031108.743502 0.233125687 -0.002730276 0.071470797 -0.020011732 0.087407187 0.025411781 0.995647430
1305031108.775493 0.244239941 -0.000166592 0.068240583 -0.019872051 0.087931924 0.027956380 0.995535791
1305031108.811244 0.244671226 -0.002304178 0.070357479 -0.022417191 0.092810251 0.031980548 0.994917572
1305031108.843264 0.244818941 -0.004440069 0.070412859 -0.022144474 0.093744576 0.037699852 0.994635761
1305031108.876515 0.247642413 -0.002471010 0.069880173 -0.019237751 0.089765243 0.044263221 0.994792879
1305031108.911364 0.247597128 -0.006717071 0.069927461 -0.017787505 0.086725704 0.049297035 0.994852781
1305031108.943243 0.242408067 -0.009233949 0.067393586 -0.013857516 0.084943786 0.049043570 0.995081544
1305031108.975268 0.240584090 -0.004322692 0.062777475 -0.008311946 0.078448154 0.047938067 0.995730281
1305031109.011269 0.242352471 -0.004232709 0.061113317 -0.008763651 0.073267333 0.047302492 0.996151388
1305031109.043277 0.234418586 -0.005710422 0.060944457 -0.008490180 0.073981009 0.043899152 0.996256769
1305031109.075410 0.229710743 0.000653560 0.057970133 -0.007570945 0.070688501 0.039378811 0.996692121
1305031109.111282 0.224576429 -0.001015817 0.057178047 -0.011975521 0.068841398 0.036497138 0.996887863
1305031109.143334 0.207930624 -0.005489022 0.057699457 -0.014257941 0.070216812 0.032669954 0.996894658
1305031109.175464 0.202669814 -0.000069970 0.054683741 -0.012214053 0.062063046 0.030458245 0.997532606
1305031109.211379 0.199350804 0.011618653 0.053740621 -0.012647172 0.055131797 0.034692638 0.997796059
1305031109.243290 0.185659930 0.007598821 0.055535439 -0.023322066 0.055433825 0.038866032 0.997433007
1305031109.275308 0.172257543 -0.002138001 0.056616150 -0.028702389 0.052645992 0.042323627 0.997303009
1305031109.311329 0.158721864 0.001616507 0.055817146 -0.024685940 0.044976730 0.043161284 0.997749865
1305031109.343248 0.147866577 0.006233468 0.053215347 -0.025742199 0.035596207 0.042509042 0.998129904
1305031109.375397 0.140717983 0.004128273 0.054451872 -0.029167954 0.026237305 0.041688904 0.998360097
1305031109.411329 0.132341951 0.004775609 0.051895168 -0.029687876 0.018984739 0.038041592 0.998654664
1305031109.443302 0.123351969 0.007390291 0.049062811 -0.032331213 0.013531589 0.032244705 0.998865306
1305031109.475363 0.114044949 0.004308207 0.048550420 -0.036382746 0.011148939 0.028762747 0.998861730
1305031109.511273 0.102411948 0.001616132 0.047661260 -0.036942050 0.009665227 0.025019148 0.998957455
1305031109.543294 0.093459763 0.002011533 0.044546384 -0.034146201 0.007818871 0.022677714 0.999128938
1305031109.575362 0.081792116 0.003362870 0.042027276 -0.033452090 0.008325695 0.022286426 0.999157131
1305031109.611310 0.071471773 0.004149304 0.040969431 -0.033443503 0.006918402 0.020089058 0.999214709
1305031109.643229 0.062906042 0.005697735 0.039141275 -0.033491559 0.005548067 0.019285530 0.999237478
1305031109.675263 0.051248938 0.007335526 0.037644863 -0.035485823 0.005891609 0.021553231 0.999120355
1305031109.711312 0.041344721 0.009893383 0.037597887 -0.037439033 0.002597769 0.021029267 0.999074221
1305031109.743274 0.030279925 0.010264708 0.037037399 -0.041962743 0.000440640 0.020046158 0.998917937
1305031109.775277 0.022657566 0.008371308 0.038381014 -0.045852177 -0.002085634 0.020401170 0.998737693
1305031109.811371 0.009932783 0.011275617 0.038035735 -0.046882175 -0.001826409 0.019138303 0.998715401
1305031109.843296 -0.000738307 0.011538959 0.038459253 -0.050327264 -0.003923566 0.018473754 0.998554170
1305031109.875306 -0.013621790 0.012450604 0.039196718 -0.053734008 -0.006181370 0.016504899 0.998399734
1305031109.911265 -0.023695575 0.009851415 0.042290423 -0.055984195 -0.012024143 0.011373239 0.998294473
1305031109.943299 -0.032923616 0.016955480 0.043642133 -0.055159070 -0.015413089 0.007329960 0.998331666
1305031109.975258 -0.044996783 0.016730055 0.046811730 -0.059557255 -0.016647374 0.002237733 0.998083532
1305031110.011256 -0.053646758 0.017829981 0.049820829 -0.061612353 -0.019713065 -0.004307458 0.997896135
1305031110.043299 -0.064028777 0.018416306 0.052169193 -0.063860849 -0.020264983 -0.011672997 0.997684717
1305031110.075319 -0.074138917 0.020840745 0.054283515 -0.065217234 -0.020482875 -0.016697181 0.997521102
1305031110.111325 -0.085592002 0.021725427 0.056545340 -0.069434062 -0.021343637 -0.021762604 0.997120678
1305031110.143432 -0.095057160 0.017391505 0.059064478 -0.072478592 -0.024955368 -0.025413005 0.996733785
1305031110.175641 -0.104355976 0.023096243 0.058596089 -0.072052352 -0.027937602 -0.026445579 0.996658683
1305031110.211637 -0.113648474 0.020626500 0.060305357 -0.076770402 -0.030609572 -0.028580740 0.996168911
1305031110.243323 -0.121616319 0.018409912 0.061905593 -0.078098677 -0.034965497 -0.027874289 0.995942295
1305031110.279321 -0.126898989 0.016526362 0.062615439 -0.077306002 -0.039904062 -0.028852191 0.995790660
1305031110.311404 -0.136272043 0.017536035 0.062234607 -0.074365698 -0.042670045 -0.030486861 0.995851159
1305031110.343355 -0.145128205 0.019919580 0.062213287 -0.072712451 -0.047058467 -0.031657182 0.995739043
1305031110.379281 -0.154259846 0.021098251 0.061969794 -0.071243636 -0.052307323 -0.035227433 0.995463371
1305031110.411469 -0.166512489 0.026675504 0.060102012 -0.069214903 -0.056763735 -0.037785642 0.995268524
1305031110.443260 -0.175093606 0.029109333 0.060138311 -0.072825037 -0.062376868 -0.041347973 0.994533062
1305031110.479331 -0.184754804 0.027194973 0.062057346 -0.076292083 -0.068999790 -0.047515225 0.993559659
1305031110.511429 -0.194289193 0.028039869 0.061976083 -0.076545991 -0.075729020 -0.051514991 0.992850482
1305031110.543408 -0.202577844 0.031459332 0.059546709 -0.077309340 -0.082022995 -0.054844093 0.992112696
1305031110.579426 -0.208414361 0.035576325 0.060663294 -0.080493964 -0.088652536 -0.059359245 0.991028726
1305031110.611307 -0.214240223 0.030568490 0.063210890 -0.086740971 -0.092985421 -0.063220285 0.989865124
1305031110.643418 -0.221024632 0.029295664 0.063815288 -0.085644476 -0.095192544 -0.066382490 0.989543736
1305031110.679606 -0.225898072 0.036513317 0.062073287 -0.082896084 -0.097637303 -0.068562403 0.989390910
1305031110.711412 -0.230599031 0.032716483 0.061996605 -0.088192627 -0.099213526 -0.070190519 0.988661766
1305031110.743249 -0.234936953 0.031259783 0.061796956 -0.089200586 -0.100848742 -0.071743988 0.988294303
1305031110.779193 -0.235978842 0.032636993 0.061413847 -0.088725016 -0.103361182 -0.072190113 0.988044977
1305031110.811386 -0.238181069 0.033535331 0.061577234 -0.089038603 -0.103630923 -0.073896728 0.987862349
1305031110.843218 -0.241026953 0.033193924 0.061682984 -0.090840980 -0.105146103 -0.075767078 0.987396359
1305031110.879313 -0.239023879 0.032591622 0.062233727 -0.091061756 -0.108358212 -0.075820751 0.987024546
1305031110.911333 -0.238802880 0.033519916 0.061777137 -0.091436371 -0.109318271 -0.076261580 0.986850083
1305031110.943862 -0.234294176 0.033313744 0.062416911 -0.091466792 -0.112733558 -0.077032872 0.986403048
1305031110.979345 -0.225431964 0.035552770 0.063700825 -0.090579979 -0.114295669 -0.076996945 0.986307859
1305031111.011431 -0.217380121 0.033008501 0.065238178 -0.093253776 -0.111539006 -0.076039553 0.986448586
1305031111.043327 -0.214852870 0.033753552 0.064840078 -0.091902502 -0.104677074 -0.074095853 0.987474799
1305031111.079283 -0.211097181 0.037744164 0.065041929 -0.092039168 -0.100969493 -0.072016485 0.988001823
1305031111.111508 -0.202726737 0.032543182 0.067043476 -0.095692247 -0.100088164 -0.068277612 0.988009930
1305031111.143257 -0.195863962 0.032234892 0.069805667 -0.093734756 -0.098056853 -0.067063294 0.988484263
1305031111.179326 -0.181171879 0.031252179 0.069675677 -0.091464318 -0.097260967 -0.066845283 0.988790333
1305031111.211433 -0.174436510 0.032024547 0.068425477 -0.089422785 -0.088385567 -0.063240826 0.990046561
1305031111.243236 -0.174929738 0.030546447 0.070366994 -0.089258820 -0.082314648 -0.063377693 0.990575850
1305031111.279308 -0.160188794 0.028201887 0.073747009 -0.085601240 -0.084035397 -0.061085075 0.990898132
1305031111.311547 -0.156181961 0.032303885 0.067744166 -0.080557995 -0.076617390 -0.057170819 0.992155075
1305031111.343397 -0.153099611 0.033395525 0.067192301 -0.083648995 -0.077325478 -0.057418261 0.991829991
1305031111.379134 -0.137622699 0.025235280 0.073240466 -0.086188577 -0.083035402 -0.052937254 0.991400182
1305031111.411296 -0.134457961 0.027482133 0.067351617 -0.080497988 -0.080925159 -0.053092584 0.992044568
1305031111.443386 -0.117370918 0.029218482 0.074427217 -0.079594664 -0.090028085 -0.057580978 0.991082311
1305031111.479259 -0.091681384 0.026620941 0.083738722 -0.076868698 -0.091652200 -0.055932656 0.991242945
1305031111.511264 -0.086952254 0.023998136 0.077241674 -0.073827595 -0.077862136 -0.055758368 0.992662072
1305031111.543250 -0.075568527 0.021368764 0.080211930 -0.070673592 -0.072452478 -0.054423030 0.993375063
1305031111.579237 -0.063283674 0.023570761 0.077229276 -0.066098012 -0.063834697 -0.048056692 0.994608819
1305031111.611271 -0.063793965 0.019347366 0.070091210 -0.069006234 -0.054335222 -0.041810255 0.995257616
1305031111.643395 -0.045576252 0.015573360 0.079120681 -0.066599995 -0.059506156 -0.033786014 0.995430529
1305031111.679320 -0.030521860 0.023536026 0.080331013 -0.058152013 -0.053976763 -0.025126487 0.996530712
1305031111.711760 -0.019300871 0.021813743 0.080861688 -0.058595087 -0.046513494 -0.023501001 0.996920645
1305031111.743386 0.001133160 0.014859347 0.084416315 -0.057433888 -0.040217180 -0.020298261 0.997332394
1305031111.779423 0.008800290 0.022312693 0.085594930 -0.050533656 -0.020591309 -0.015894191 0.998383582
1305031111.811406 0.016174544 0.017339524 0.081965461 -0.050236456 -0.005485932 -0.015058609 0.998608768
1305031111.843299 0.022932878 0.016430400 0.078306861 -0.046898630 0.005661809 -0.014304356 0.998781204
1305031111.879442 0.030665070 0.014528343 0.072022192 -0.048818175 0.013373672 -0.008586665 0.998681247
1305031111.911354 0.035692267 0.009464732 0.073328681 -0.049961630 0.014529586 -0.003204844 0.998640299
1305031111.943300 0.048233621 0.010547267 0.073870823 -0.047726769 0.009541128 0.005964137 0.998797059
1305031111.979449 0.067667507 0.010001333 0.073982000 -0.047285449 0.006912195 0.013357413 0.998768210
1305031112.011433 0.078172341 0.007758969 0.073154539 -0.045929726 0.014393014 0.012738841 0.998759747
1305031112.043270 0.090179183 0.008314304 0.072865732 -0.041923892 0.021420408 0.010315415 0.998837888
1305031112.079339 0.106444269 0.005515853 0.072372071 -0.041675616 0.029795265 0.011466002 0.998620987
1305031112.111423 0.104800351 0.009161539 0.072506547 -0.036716633 0.042506054 0.005396245 0.998406708
1305031112.144342 0.120344929 0.009965503 0.071412206 -0.036126975 0.044867266 -0.000394388 0.998339415
1305031112.179390 0.136990532 0.010963501 0.071130328 -0.037903175 0.054460321 -0.002438152 0.997793317
1305031112.211254 0.141073108 0.004019163 0.074874938 -0.040265355 0.066138066 -0.009083029 0.996956348
1305031112.243369 0.153382406 0.000591509 0.072893247 -0.035135087 0.074449524 -0.013275213 0.996517241
1305031112.279353 0.157121643 0.001296505 0.074955486 -0.029485583 0.082294442 -0.016716396 0.996031523
1305031112.311312 0.165645272 -0.002446151 0.075277135 -0.024677483 0.083905756 -0.018807000 0.995990515
1305031112.343323 0.172743857 0.000135364 0.077605195 -0.016559394 0.084583260 -0.016998112 0.996133804
1305031112.379360 0.182882547 0.002456417 0.077978253 -0.011252689 0.081893913 -0.012220742 0.996502578
1305031112.411442 0.192678630 0.002931066 0.077043712 -0.008763165 0.078876391 -0.008287068 0.996811450
1305031112.443391 0.203289360 0.000378590 0.077511698 -0.007420543 0.077112183 -0.002094608 0.996992588
1305031112.479418 0.208046556 0.001568202 0.077093907 -0.003764872 0.076684691 0.007059879 0.997023284
1305031112.511504 0.213888645 -0.000071098 0.077074006 -0.002341213 0.073633149 0.014524933 0.997176886
1305031112.543212 0.222266853 -0.000899626 0.076109365 -0.000041672 0.069776528 0.018757721 0.997386277
1305031112.579252 0.228723407 0.000424381 0.075874105 0.002419159 0.066803657 0.024334310 0.997466445
1305031112.611261 0.244926557 0.004856967 0.072840616 0.004113584 0.062572584 0.031279534 0.997541666
1305031112.643246 0.251506925 0.005320698 0.074329980 0.001353501 0.068444476 0.038071282 0.996927321
1305031112.679952 0.253050297 0.004021226 0.075384818 -0.001214069 0.075283743 0.041043747 0.996316373
1305031112.711251 0.254313856 0.005828367 0.076125115 -0.002589998 0.079969242 0.042434365 0.995890319
1305031112.743245 0.255218238 0.013184697 0.077371858 -0.004930261 0.083830282 0.045006514 0.995450914
1305031112.779310 0.255087674 0.009579504 0.078947149 -0.013617831 0.087806374 0.048794225 0.994848609
1305031112.811310 0.245610431 0.005554994 0.079707824 -0.016834658 0.090740085 0.046845824 0.994629741
1305031112.843286 0.244458735 0.012866598 0.080335207 -0.016131759 0.084740601 0.045852091 0.995216727
1305031112.879421 0.244857982 0.013104493 0.081000589 -0.019784477 0.080741510 0.048128188 0.995375812
1305031112.911411 0.237123698 0.012089923 0.081571653 -0.022888379 0.079300858 0.050222259 0.995321631
1305031112.943321 0.230362833 0.010453636 0.082814701 -0.025250198 0.074988566 0.049005408 0.995659351
1305031112.979278 0.228072390 0.011023207 0.082376279 -0.025555793 0.068337314 0.046705969 0.996240616
1305031113.011353 0.224889338 0.014787709 0.080046460 -0.025729235 0.064222887 0.046823651 0.996504366
1305031113.043231 0.217597783 0.013894609 0.080216639 -0.030176086 0.063386522 0.044562858 0.996536851
1305031113.079251 0.204993635 0.005218079 0.081676409 -0.033983525 0.063483968 0.038957141 0.996642947
1305031113.111316 0.198427141 0.010046889 0.079623930 -0.029274803 0.057513159 0.034533028 0.997317731
1305031113.143306 0.192781091 0.014746317 0.075879008 -0.029958695 0.053613402 0.033329792 0.997555614
1305031113.179343 0.180216268 0.005809735 0.074166074 -0.036281835 0.054298695 0.034003533 0.997285843
1305031113.211259 0.167067498 0.007413988 0.073727906 -0.033337660 0.050449379 0.035489589 0.997538924
1305031113.243227 0.156202629 0.011544963 0.070664942 -0.033594586 0.044104233 0.035818625 0.997819245
1305031113.279312 0.146861255 0.004523058 0.071759433 -0.038324464 0.038531307 0.037751000 0.997808278
1305031113.311452 0.133149952 0.000732885 0.069905356 -0.034339089 0.033053849 0.041481197 0.998001814
1305031113.343252 0.116774373 0.003859869 0.067322716 -0.028318694 0.025225252 0.039768308 0.998488963
1305031113.379312 0.106802180 0.002416807 0.065128602 -0.032442953 0.015530871 0.036964491 0.998669088
1305031113.411625 0.096736804 -0.004500860 0.065056562 -0.034395434 0.008297044 0.038109422 0.998647034
1305031113.443266 0.078215852 0.001860351 0.064628184 -0.029531103 0.004364947 0.031645291 0.999053299
1305031113.479311 0.066288784 0.002700248 0.064809546 -0.033021204 -0.002618176 0.026233919 0.999106884
1305031113.511523 0.053534437 -0.001012917 0.064827226 -0.038369372 -0.007821343 0.024420772 0.998934567
1305031113.543242 0.039246261 -0.003610567 0.062932692 -0.040748924 -0.012269537 0.021061439 0.998872042
1305031113.579301 0.027566485 -0.000074380 0.063908599 -0.039157011 -0.017191745 0.016183838 0.998954058
1305031113.611268 0.018276680 -0.000617141 0.064590871 -0.042120956 -0.020957405 0.011484641 0.998826683
1305031113.643222 0.008012390 -0.001093713 0.064903013 -0.044849142 -0.021281311 0.007706628 0.998737335
1305031113.679288 -0.003386379 -0.001603407 0.065034866 -0.045940995 -0.020342924 0.004129457 0.998728454
1305031113.711931 -0.011424536 -0.002837869 0.065992653 -0.046598323 -0.021057468 -0.000395069 0.998691678
1305031113.743590 -0.021017119 -0.001547136 0.066858158 -0.045390833 -0.018790841 -0.005662453 0.998776495
1305031113.779320 -0.034275368 -0.002696835 0.067276910 -0.044572633 -0.014997248 -0.010252761 0.998840928
1305031113.811237 -0.043855242 -0.001087712 0.067348465 -0.042988651 -0.014256719 -0.012150785 0.998899937
1305031113.843295 -0.054747254 0.001392749 0.067624353 -0.042833414 -0.011677185 -0.015531053 0.998893261
1305031113.879281 -0.068180896 -0.004424401 0.068782635 -0.043652918 -0.010014106 -0.020461820 0.998786986
1305031113.911290 -0.076992027 0.000479683 0.068405256 -0.038598958 -0.011614000 -0.020871487 0.998969316
1305031113.943291 -0.085050404 -0.000680472 0.069501698 -0.036762971 -0.010295721 -0.023180312 0.999002099
1305031113.979293 -0.097979061 0.000325668 0.070216842 -0.032970358 -0.007477129 -0.028778682 0.999013901
1305031114.011257 -0.110978559 0.002120984 0.069578744 -0.029178677 -0.005650695 -0.033873755 0.998984098
1305031114.043301 -0.125840530 0.001342122 0.068949349 -0.028298330 -0.006713104 -0.036226727 0.998920321
1305031114.079285 -0.135788560 0.000758370 0.069235876 -0.026259078 -0.012603619 -0.036162689 0.998921335
1305031114.111263 -0.146489784 0.004138925 0.069564059 -0.022914929 -0.017845927 -0.039819125 0.998784721
1305031114.143284 -0.155493140 0.004955122 0.072194211 -0.022624811 -0.023346651 -0.043012898 0.998545408
1305031114.179337 -0.162164122 0.001419581 0.073689595 -0.021499390 -0.026818793 -0.045012690 0.998394907
1305031114.211303 -0.173387259 0.010104056 0.073053814 -0.016617546 -0.026336187 -0.047548570 0.998383403
1305031114.243337 -0.185556009 0.008349536 0.074322507 -0.019766564 -0.028130913 -0.051780451 0.998066485
1305031114.279390 -0.198766738 0.008804684 0.074556418 -0.019496629 -0.032925915 -0.053829011 0.997816741
1305031114.311429 -0.206086785 0.011717688 0.077166729 -0.019750873 -0.042009544 -0.053683057 0.997478426
1305031114.343331 -0.210616335 0.011680970 0.079818241 -0.020788824 -0.049242917 -0.056269180 0.996983826
1305031114.379320 -0.217221677 0.009776706 0.080625117 -0.021458583 -0.051735278 -0.060640726 0.996587038
1305031114.411397 -0.228568465 0.011047680 0.080831528 -0.019975850 -0.051827405 -0.065446258 0.996308982
1305031114.443345 -0.239654809 0.012145195 0.080746889 -0.019898612 -0.054715030 -0.067206308 0.996038973
1305031114.479332 -0.249556616 0.010156145 0.080788143 -0.021148110 -0.060984474 -0.068435527 0.995565295
1305031114.511266 -0.253314406 0.013355237 0.082047299 -0.020466536 -0.070087470 -0.070326135 0.994848251
1305031114.543236 -0.253881723 0.011049079 0.083808057 -0.024367375 -0.076185338 -0.069290146 0.994384706
1305031114.579237 -0.258060753 0.009901746 0.084759042 -0.025993641 -0.076915823 -0.065780245 0.994525611
1305031114.611391 -0.262073278 0.012398267 0.084961787 -0.027423788 -0.077665888 -0.063306876 0.994589448
1305031114.644136 -0.269865155 0.011896057 0.085816480 -0.032321673 -0.078334562 -0.062999196 0.994409442
1305031114.679251 -0.273866266 0.009669930 0.086816177 -0.035893057 -0.084312335 -0.064208098 0.993720472
1305031114.711306 -0.273305774 0.007196435 0.087438226 -0.037275292 -0.090073310 -0.063084967 0.993235946
1305031114.743200 -0.273515761 0.005686222 0.087469548 -0.036821432 -0.093720719 -0.066663012 0.992681563
1305031114.779289 -0.271710783 0.005985204 0.086094968 -0.034490917 -0.096229069 -0.069580317 0.992325008
1305031114.811303 -0.270480901 0.008588138 0.085041091 -0.033581261 -0.096253961 -0.070339672 0.992300272
1305031114.843208 -0.268752158 0.008119023 0.085177310 -0.033836924 -0.097453654 -0.072820999 0.991995454
1305031114.879281 -0.265256107 0.010709464 0.084799618 -0.033413269 -0.098169155 -0.072125271 0.991990089
1305031114.912879 -0.262703508 0.012876096 0.084417030 -0.033793747 -0.098397680 -0.072667740 0.991914988
1305031114.943234 -0.253806442 0.014734413 0.085114568 -0.035725348 -0.100507908 -0.073737890 0.991556644
1305031114.979280 -0.249125585 0.017448008 0.086178780 -0.036889549 -0.098176733 -0.074544743 0.991687238
1305031115.011300 -0.241823524 0.021368254 0.087077215 -0.039711710 -0.097970620 -0.075262465 0.991544425
1305031115.043508 -0.232728958 0.017652888 0.090713225 -0.044989049 -0.097295597 -0.075414799 0.991373897
1305031115.079238 -0.225289404 0.021444347 0.091421008 -0.044962171 -0.094151802 -0.075668797 0.991659224
1305031115.111230 -0.209562555 0.022215299 0.096759014 -0.047728393 -0.093550093 -0.073334970 0.991762280
1305031115.143275 -0.201951906 0.019545760 0.098206796 -0.050205164 -0.084376656 -0.071227282 0.992616117
1305031115.179440 -0.199028879 0.021894675 0.099007733 -0.050743550 -0.078359358 -0.070677809 0.993121088
1305031115.211374 -0.182263777 0.016813384 0.106211394 -0.053022448 -0.080129832 -0.066899307 0.993122518
1305031115.243297 -0.172524124 0.013878404 0.107820220 -0.049476963 -0.074658513 -0.063716330 0.993940830
1305031115.279966 -0.160851091 0.020008456 0.109373122 -0.045921873 -0.072722174 -0.059179418 0.994535267
1305031115.311704 -0.143063381 0.013443510 0.116215423 -0.048644826 -0.071244948 -0.052275214 0.994899571
1305031115.343235 -0.131303996 0.017536484 0.116037957 -0.042799249 -0.062165707 -0.048879400 0.995949030
1305031115.379166 -0.132693976 0.022934310 0.111976467 -0.045377418 -0.053133868 -0.045268673 0.996528149
1305031115.411237 -0.118773215 0.019641399 0.118184693 -0.053037435 -0.061573789 -0.041697867 0.995819747
1305031115.443159 -0.100844033 0.020523574 0.123310454 -0.055703003 -0.066413760 -0.036066703 0.995583057
1305031115.479241 -0.089598373 0.022707466 0.125990033 -0.058857013 -0.065783627 -0.030444449 0.995631218
1305031115.511253 -0.066220894 0.020152336 0.133271977 -0.062754206 -0.069072381 -0.024962051 0.995323002
1305031115.543604 -0.048009068 0.020642919 0.137029186 -0.062015872 -0.058650993 -0.017749626 0.996192276
1305031115.579315 -0.039713837 0.017263487 0.132365659 -0.062574141 -0.044064701 -0.013025694 0.996982038
1305031115.611424 -0.027268473 0.016963329 0.133346722 -0.061645892 -0.038495798 -0.007416815 0.997327864
1305031115.643254 -0.014785414 0.015745455 0.133975148 -0.060329054 -0.031753886 0.000021255 0.997673333
1305031115.679241 -0.004536907 0.010805412 0.126043931 -0.061224304 -0.027424827 0.010945544 0.997687161
1305031115.711320 0.012034260 0.015580942 0.130028352 -0.058574695 -0.030121181 0.020177884 0.997624457
1305031115.743250 0.029935993 0.015658602 0.133411989 -0.058303963 -0.025941385 0.026703659 0.997604430
1305031115.779425 0.042238228 0.014193425 0.131013289 -0.056734860 -0.016084701 0.033155452 0.997708976
1305031115.811277 0.059808709 0.012624298 0.124382079 -0.058500860 -0.009581859 0.042820446 0.997322559
1305031115.843224 0.069973670 0.010011340 0.122519858 -0.062039804 0.001409805 0.050158385 0.996811509
1305031115.879198 0.075096846 0.008747005 0.123584121 -0.060985252 0.010246073 0.057473145 0.996429920
1305031115.911118 0.088048518 0.010809842 0.123407021 -0.058431149 0.012299454 0.062916890 0.996230900
1305031115.943311 0.099358544 0.012025206 0.123547070 -0.059091754 0.018694473 0.069236770 0.995673120
1305031115.980740 0.114459619 0.016306020 0.125323698 -0.058868822 0.021790780 0.074686036 0.995229423
1305031116.011379 0.131131604 0.016562872 0.125624925 -0.062136985 0.027409742 0.079006441 0.994558036
1305031116.043164 0.144375175 0.017429106 0.129918814 -0.065592043 0.037810192 0.080763392 0.993853807
1305031116.080030 0.150404334 0.024149295 0.130697861 -0.067096204 0.049101848 0.084670424 0.992934048
1305031116.111300 0.155639499 0.024093814 0.133404627 -0.073791638 0.060932025 0.086922809 0.991608024
1305031116.143441 0.159205228 0.023366075 0.136484802 -0.078210391 0.071555912 0.089065753 0.990368664
1305031116.179572 0.166352749 0.027202711 0.138291314 -0.078547999 0.076905116 0.091678828 0.989702344
1305031116.211299 0.176485389 0.025104132 0.140749753 -0.084868699 0.081127539 0.094591156 0.988568723
1305031116.243320 0.185239613 0.024944248 0.142231643 -0.086673878 0.086904533 0.098608583 0.987528026
1305031116.279385 0.191469401 0.026264921 0.144199669 -0.086666562 0.097192377 0.101576164 0.986268163
1305031116.311336 0.196997032 0.027355619 0.142416030 -0.088962562 0.105847321 0.105491944 0.984760642
1305031116.343292 0.203874171 0.021938570 0.142999381 -0.092347972 0.110842586 0.109103888 0.983505011
1305031116.379384 0.210053056 0.018487353 0.141382724 -0.088944368 0.111780331 0.108787999 0.983747542
1305031116.411333 0.210134014 0.021111447 0.138651460 -0.084201597 0.114743054 0.111698836 0.983497620
1305031116.443369 0.211090878 0.024432275 0.136170760 -0.084717907 0.116505086 0.121483460 0.982085109
1305031116.479850 0.210761800 0.020613216 0.136180490 -0.086482093 0.118095025 0.125756711 0.981203198
1305031116.511205 0.208056435 0.019326881 0.133764684 -0.085061260 0.117588215 0.121640019 0.981906950
1305031116.543262 0.203265578 0.019222330 0.131625563 -0.082730085 0.118014932 0.117140092 0.982601881
1305031116.579313 0.189757258 0.021828430 0.132147118 -0.081304744 0.120076060 0.113379218 0.982912183
1305031116.611261 0.179488093 0.018246120 0.134323746 -0.082412824 0.116794810 0.107021652 0.983927548
1305031116.643355 0.169073686 0.017368592 0.131246582 -0.081120074 0.109339051 0.097748794 0.985854805
1305031116.679281 0.161672264 0.018247223 0.128970653 -0.080413848 0.100362562 0.088656619 0.987725139
1305031116.711634 0.152748525 0.019969072 0.127732694 -0.078689799 0.095572658 0.079819970 0.989091754
1305031116.743291 0.140014604 0.025230724 0.126639411 -0.076657109 0.091620147 0.068967991 0.990440726
1305031116.779298 0.129873961 0.023199718 0.124575004 -0.080214068 0.086412944 0.058555540 0.991297007
1305031116.811318 0.116043657 0.021527048 0.123936243 -0.080250666 0.083711550 0.050283421 0.991979718
1305031116.846089 0.102379039 0.023870111 0.123133376 -0.077032700 0.075109333 0.043438621 0.993246019
1305031116.880165 0.082548924 0.026633359 0.121441506 -0.076526463 0.069051243 0.036812309 0.993992209
1305031116.912044 0.074273355 0.027596340 0.121786445 -0.075419597 0.055705525 0.031898685 0.995083511
1305031116.943296 0.056662828 0.027922422 0.116368964 -0.076349743 0.044320978 0.024355488 0.995797753
1305031116.979351 0.041812852 0.027255474 0.113616399 -0.076152407 0.033870336 0.014238515 0.996419013
1305031117.011382 0.026850648 0.029323848 0.111331128 -0.073843896 0.023017237 0.005475427 0.996989131
1305031117.043261 0.015236243 0.032104559 0.107643932 -0.073485702 0.013039937 0.000327381 0.997210979
1305031117.079520 0.003468861 0.033757240 0.104128517 -0.075421616 0.004077239 -0.005380864 0.997128844
1305031117.111238 -0.007563957 0.032948472 0.101205118 -0.078402154 -0.005942338 -0.006792146 0.996880949
1305031117.143218 -0.015550341 0.038503177 0.104604699 -0.078715295 -0.017078247 -0.006444629 0.996730030
1305031117.179264 -0.023305878 0.040898956 0.105541594 -0.080874257 -0.025934963 -0.011799404 0.996316969
1305031117.211361 -0.025454879 0.042309906 0.108507574 -0.082245015 -0.034448054 -0.015292614 0.995899200
1305031117.243277 -0.025737943 0.045438241 0.109541945 -0.084715426 -0.038366117 -0.016806290 0.995524406
1305031117.279299 -0.026237130 0.043784149 0.111453153 -0.090001114 -0.038581144 -0.021522637 0.994961321
1305031117.311200 -0.030315734 0.042013653 0.112381190 -0.093822114 -0.035782684 -0.023457421 0.994669139
1305031117.343243 -0.032617476 0.038857557 0.113053545 -0.096156299 -0.035683323 -0.024411347 0.994426847
1305031117.379454 -0.033469245 0.035317183 0.113361686 -0.096231468 -0.035840511 -0.024698537 0.994406819
1305031117.411221 -0.035732202 0.031153031 0.113149695 -0.095532477 -0.036672130 -0.023831826 0.994465053
1305031117.443274 -0.035073869 0.029084321 0.112649597 -0.092488497 -0.038699750 -0.022560423 0.994705617
1305031117.479403 -0.035921060 0.023714568 0.112294838 -0.091607720 -0.039301414 -0.021127107 0.994794965
1305031117.511325 -0.035918429 0.016974302 0.112985134 -0.089545071 -0.041077152 -0.019610487 0.994942129
1305031117.544285 -0.036968298 0.013876654 0.112414405 -0.084271736 -0.041518532 -0.019015955 0.995395839
1305031117.579155 -0.038166568 0.009315236 0.112878814 -0.081481546 -0.042859428 -0.020662650 0.995538473
1305031117.611159 -0.039069165 0.004983508 0.115104742 -0.080135673 -0.044485714 -0.020169951 0.995586514
1305031117.643252 -0.039583895 -0.001396686 0.116907686 -0.079036191 -0.046571616 -0.018628562 0.995609045
1305031117.679262 -0.040549926 -0.006377343 0.118145414 -0.078880601 -0.048948534 -0.018325759 0.995512962
1305031117.711184 -0.040237520 -0.014534190 0.121580057 -0.080396503 -0.051778957 -0.016016541 0.995288312
1305031117.743184 -0.040680718 -0.022195680 0.124874808 -0.080787227 -0.053893439 -0.012802577 0.995190918
1305031117.779467 -0.040334377 -0.026880840 0.126660883 -0.079952516 -0.056522731 -0.010882014 0.995135367
1305031117.811320 -0.039039187 -0.037056714 0.131262705 -0.082511455 -0.059272997 -0.008499221 0.994789600
1305031117.843291 -0.034201551 -0.045003302 0.135956645 -0.080854200 -0.061431654 -0.007241481 0.994804680
1305031117.879451 -0.035514876 -0.048692450 0.139507562 -0.078199089 -0.057969790 -0.007308802 0.995224118
1305031117.911407 -0.037452221 -0.060011189 0.141838029 -0.079625949 -0.055329014 -0.007732763 0.995258033
1305031117.943253 -0.037548292 -0.065609619 0.144112363 -0.078042500 -0.053388450 -0.008158204 0.995486021
1305031117.979228 -0.040543277 -0.071155831 0.147715673 -0.079298250 -0.050634541 -0.008816668 0.995525062
1305031118.011228 -0.039752070 -0.082099043 0.153908104 -0.082540877 -0.051149733 -0.008954796 0.995233893
1305031118.043521 -0.040141746 -0.089943618 0.157248765 -0.081998222 -0.049698781 -0.008738433 0.995354176
1305031118.079334 -0.038885914 -0.095921129 0.162280738 -0.081607945 -0.049267020 -0.010128137 0.995394528
1305031118.111217 -0.036647953 -0.104088999 0.167805970 -0.081369393 -0.046189956 -0.011136736 0.995550811
1305031118.143256 -0.039269704 -0.111081317 0.169534996 -0.080038324 -0.040574912 -0.012772581 0.995883703
1305031118.179323 -0.039649971 -0.120954439 0.174862161 -0.080678187 -0.038027223 -0.014727668 0.995905638
1305031118.211202 -0.043312613 -0.129841894 0.176105946 -0.078211471 -0.034051605 -0.013858298 0.996258676
1305031118.243173 -0.044542897 -0.136777639 0.178035587 -0.075145625 -0.034719083 -0.014213067 0.996466637
1305031118.279194 -0.042831540 -0.145781457 0.182471901 -0.072260819 -0.035923734 -0.014552196 0.996632397
1305031118.311299 -0.043730658 -0.150221854 0.184173703 -0.064945757 -0.035899602 -0.014732083 0.997134030
1305031118.343324 -0.040935826 -0.154070705 0.186500937 -0.060253356 -0.036011841 -0.015225941 0.997417092
1305031118.379208 -0.044789914 -0.160348445 0.187341794 -0.056511346 -0.032816850 -0.016830280 0.997720540
1305031118.411296 -0.046183884 -0.160142034 0.188926429 -0.052139305 -0.034286410 -0.016695375 0.997911453
1305031118.445692 -0.043791905 -0.162081227 0.191295296 -0.051721696 -0.035358522 -0.013732984 0.997940898
1305031118.479285 -0.043876082 -0.164749444 0.193210557 -0.051516302 -0.035772633 -0.011479151 0.997965217
1305031118.511255 -0.040847909 -0.161282584 0.193868756 -0.048198178 -0.037140064 -0.009785145 0.998099089
1305031118.544414 -0.041183565 -0.157360300 0.193478286 -0.048516605 -0.036043946 -0.010711654 0.998114347
1305031118.579285 -0.039411053 -0.155828953 0.194676340 -0.050525766 -0.035742078 -0.010980234 0.998022616
1305031118.616142 -0.038331483 -0.151234791 0.194215819 -0.050147764 -0.033996716 -0.013239397 0.998075247
1305031118.645325 -0.039332476 -0.143679529 0.191252053 -0.049895730 -0.031228295 -0.015625818 0.998143792
1305031118.679295 -0.040558428 -0.139809579 0.189580798 -0.053430494 -0.029564811 -0.017724328 0.997976422
1305031118.711421 -0.042417515 -0.138357371 0.187665507 -0.055488542 -0.029078566 -0.020780589 0.997819424
1305031118.746770 -0.045746885 -0.129773393 0.182954177 -0.052436404 -0.030090442 -0.020364011 0.997963071
1305031118.779277 -0.043274570 -0.114249676 0.178628206 -0.051725172 -0.034784079 -0.019781822 0.997859359
1305031118.811221 -0.040813897 -0.116471559 0.180274919 -0.059462409 -0.038198918 -0.021513969 0.997267365
1305031118.846753 -0.036927894 -0.108926788 0.176832736 -0.055275515 -0.039591182 -0.020176126 0.997481883
1305031118.879208 -0.037239775 -0.090600654 0.168738559 -0.050422043 -0.036707338 -0.022015614 0.997810364
1305031118.911177 -0.037633482 -0.088348649 0.165489361 -0.055167802 -0.035466503 -0.024769023 0.997539580
1305031118.946974 -0.037326366 -0.077725068 0.159951270 -0.053120546 -0.034226958 -0.026466921 0.997650385
1305031118.979374 -0.039188478 -0.065001279 0.154310167 -0.052447282 -0.032509059 -0.030473616 0.997629106
1305031119.011363 -0.040594567 -0.057605747 0.149508208 -0.056377307 -0.032322209 -0.032905340 0.997343540
1305031119.047172 -0.041829288 -0.050782058 0.144591853 -0.058587417 -0.032456122 -0.033560522 0.997189999
1305031119.079223 -0.043907207 -0.042272061 0.138943702 -0.058653589 -0.033996314 -0.033563465 0.997134626
1305031119.111328 -0.043754034 -0.034563951 0.134195685 -0.058824640 -0.037806775 -0.032747272 0.997014523
1305031119.147616 -0.045145195 -0.024221582 0.129362404 -0.057957079 -0.040702168 -0.031425163 0.996993899
1305031119.179226 -0.043830339 -0.020725649 0.125833809 -0.059716750 -0.045684714 -0.031279869 0.996678710
1305031119.211364 -0.041785285 -0.012015766 0.120732769 -0.056736156 -0.048355907 -0.029514462 0.996780634
1305031119.247399 -0.042613823 -0.003674519 0.116547942 -0.055780765 -0.049180441 -0.028408272 0.996826351
1305031119.279212 -0.041146625 0.004212248 0.112592906 -0.055442780 -0.050740201 -0.028164597 0.996773958
1305031119.311212 -0.041825119 0.011165564 0.108788013 -0.055432256 -0.050823551 -0.025868934 0.996832490
1305031119.347741 -0.042940825 0.016927944 0.105812877 -0.054972123 -0.052152324 -0.023633121 0.996844888
1305031119.379239 -0.042499460 0.028035505 0.102176845 -0.052753624 -0.054503895 -0.023138065 0.996850550
1305031119.411484 -0.039084665 0.034144968 0.099874109 -0.054099627 -0.055668537 -0.022359835 0.996731818
1305031119.447706 -0.038965955 0.041189887 0.097587883 -0.054637335 -0.053274442 -0.021980880 0.996841729
1305031119.479267 -0.040337659 0.051340863 0.093973145 -0.051876958 -0.050567899 -0.022941714 0.997108459
1305031119.511240 -0.042240083 0.060351923 0.090998694 -0.052668784 -0.048635211 -0.022440637 0.997174501
1305031119.547382 -0.042107269 0.068818383 0.088803895 -0.053707231 -0.048881892 -0.020690924 0.997144938
1305031119.579559 -0.040141795 0.080792196 0.086610273 -0.054029930 -0.048573796 -0.020345602 0.997149646
1305031119.615017 -0.042115159 0.085451074 0.084206656 -0.058866337 -0.045722052 -0.019992892 0.997017801
1305031119.647903 -0.043516643 0.097244292 0.081883051 -0.059612580 -0.044646382 -0.019142723 0.997038841
1305031119.679208 -0.040724769 0.107294090 0.081376918 -0.062803723 -0.043831609 -0.020649035 0.996849060
1305031119.715232 -0.041492648 0.112957619 0.080876485 -0.069226414 -0.039161906 -0.018783061 0.996654987
1305031119.747193 -0.046315774 0.120005488 0.077986553 -0.072541669 -0.035248190 -0.014560962 0.996635973
1305031119.779169 -0.046719998 0.127489656 0.077464856 -0.075262770 -0.036944542 -0.011839465 0.996408820
1305031119.814537 -0.044817336 0.134923384 0.077041045 -0.077020191 -0.038938798 -0.007799502 0.996238351
1305031119.847429 -0.043805271 0.142309338 0.076173536 -0.079213537 -0.038391128 -0.003612411 0.996111572
1305031119.879214 -0.043391176 0.144802913 0.075350836 -0.081234984 -0.036869124 -0.003228617 0.996007562
1305031119.911401 -0.046006173 0.156476676 0.071022108 -0.078345232 -0.033574544 -0.002315862 0.996358097
1305031119.947392 -0.045343183 0.161709219 0.070497952 -0.082771599 -0.032424536 -0.002371559 0.996038079
1305031119.979537 -0.044663310 0.165308550 0.069355555 -0.085485548 -0.029581033 -0.003415463 0.995894313
1305031120.015264 -0.046515584 0.175180703 0.067131564 -0.087099649 -0.025573635 -0.001655498 0.995869935
1305031120.047290 -0.049763400 0.172259539 0.066696532 -0.097322829 -0.023212209 -0.000534416 0.994982064
1305031120.079418 -0.051037103 0.173007727 0.066210449 -0.098906964 -0.024867386 0.001693212 0.994784474
1305031120.115232 -0.051198438 0.177108958 0.065564379 -0.098515779 -0.027150350 0.003583446 0.994758606
1305031120.148157 -0.048905648 0.173058316 0.067178324 -0.102349184 -0.029204141 0.004278572 0.994310558
1305031120.179246 -0.047222909 0.167833239 0.068552479 -0.103163607 -0.029597554 0.007331764 0.994196892
1305031120.215249 -0.048038881 0.163235635 0.069067836 -0.099606104 -0.029161319 0.007099967 0.994574189
1305031120.248003 -0.047723353 0.162125826 0.069602080 -0.094443589 -0.029287111 0.004878000 0.995087385
1305031120.279430 -0.047379129 0.155932933 0.070505030 -0.092343308 -0.028569518 0.002816769 0.995313287
1305031120.315196 -0.045938533 0.150121137 0.072465621 -0.090170190 -0.029019518 0.000663920 0.995503247
1305031120.347787 -0.046386987 0.144140914 0.073672697 -0.086583063 -0.028145388 -0.001351146 0.995846033
1305031120.379437 -0.045805436 0.135479733 0.076903030 -0.086138703 -0.028719869 -0.001848597 0.995867372
1305031120.415445 -0.043171603 0.122383654 0.082218498 -0.082980074 -0.030897412 -0.000817120 0.996071756
1305031120.447417 -0.044862218 0.120449156 0.083634317 -0.073348075 -0.030378921 -0.001919076 0.996841788
1305031120.479432 -0.044291958 0.110478982 0.087175965 -0.072052665 -0.031388581 -0.001480934 0.996905684
1305031120.514819 -0.045935012 0.101961464 0.090444542 -0.065827943 -0.032408819 0.000461464 0.997304440
1305031120.547736 -0.045955293 0.094705045 0.093771853 -0.059646778 -0.035474423 0.002200450 0.997586548
1305031120.579551 -0.047469418 0.089631468 0.095945887 -0.055569351 -0.038431853 0.005218206 0.997701287
1305031120.615236 -0.045546334 0.080096141 0.100562468 -0.053678751 -0.043685578 0.008061237 0.997569621
1305031120.647354 -0.043387286 0.071782045 0.104203351 -0.049454503 -0.047364056 0.008570746 0.997615874
1305031120.679318 -0.042055931 0.066264957 0.108170308 -0.046769675 -0.049376864 0.009497618 0.997639358
1305031120.714522 -0.042120956 0.058557563 0.111111701 -0.045293104 -0.049755432 0.010234184 0.997681439
1305031120.747369 -0.042169102 0.050563529 0.114377260 -0.044830170 -0.052032039 0.010648531 0.997581840
1305031120.779894 -0.039963879 0.042012833 0.118885159 -0.043302979 -0.055095531 0.010874164 0.997482359
1305031120.814944 -0.040141463 0.037444450 0.120409071 -0.039821018 -0.055157885 0.010045337 0.997632682
1305031120.847921 -0.039570626 0.029494390 0.124010332 -0.041170366 -0.056508355 0.008216383 0.997519076
1305031120.883435 -0.037939556 0.020886144 0.127149805 -0.039550968 -0.056702029 0.006470492 0.997586429
1305031120.915444 -0.039206181 0.016420467 0.128423363 -0.037466086 -0.054688174 0.004577190 0.997789800
1305031120.947488 -0.039774455 0.007969465 0.131008953 -0.038308229 -0.054180529 0.002562507 0.997792721
1305031120.983366 -0.040458184 0.000465355 0.133644521 -0.038060404 -0.054055117 0.000322948 0.997812271
1305031121.015019 -0.040467899 -0.007695292 0.135242790 -0.036907148 -0.054681189 -0.001068731 0.997820973
1305031121.047498 -0.041469429 -0.012508346 0.136401996 -0.035689045 -0.054040391 -0.002153550 0.997898400
1305031121.083099 -0.043377347 -0.023173597 0.138705909 -0.035962883 -0.054613385 -0.003699594 0.997852862
1305031121.114696 -0.042447425 -0.028979495 0.139982551 -0.033320948 -0.056389339 -0.002901702 0.997848451
1305031121.147331 -0.043646984 -0.035981044 0.141107649 -0.031692572 -0.056519140 -0.003825779 0.997891009
1305031121.183271 -0.043548718 -0.043213446 0.143344462 -0.030003235 -0.058136400 -0.004511781 0.997847497
1305031121.211420 -0.041018456 -0.051869251 0.146224394 -0.028327841 -0.058975179 -0.004571250 0.997846961
1305031121.247194 -0.043916747 -0.056395724 0.147165745 -0.025669258 -0.056472942 -0.005198549 0.998060524
1305031121.282876 -0.044189144 -0.065715060 0.150053471 -0.026792351 -0.058001835 -0.004120984 0.997948408
1305031121.313568 -0.043194525 -0.074761048 0.153087497 -0.024840862 -0.058509585 -0.003400921 0.997971952
1305031121.347517 -0.045450550 -0.079965666 0.153757542 -0.022503680 -0.058779776 -0.002212914 0.998014808
1305031121.383226 -0.042314515 -0.090256363 0.158302158 -0.022239352 -0.061529055 -0.001177591 0.997856796
1305031121.414318 -0.043339226 -0.096049868 0.159878984 -0.017308880 -0.060209874 -0.002855144 0.998031557
1305031121.447319 -0.043467768 -0.101605095 0.161951214 -0.016007023 -0.059845757 -0.001988200 0.998077273
1305031121.482964 -0.041224889 -0.112689815 0.166710809 -0.015941089 -0.058847111 -0.000441184 0.998139620
1305031121.514107 -0.043830544 -0.115821868 0.163790509 -0.011706810 -0.055899173 0.000236682 0.998367727
1305031121.547270 -0.043920889 -0.120136969 0.165839806 -0.012515458 -0.055851169 0.000619529 0.998360455
1305031121.583204 -0.043404229 -0.130709320 0.169244140 -0.015514621 -0.054806001 -0.000285788 0.998376429
1305031121.614700 -0.043102860 -0.135932922 0.171613485 -0.013967871 -0.053217538 -0.001281895 0.998484433
1305031121.647183 -0.041732304 -0.139180139 0.173607871 -0.012634532 -0.049637679 -0.003719210 0.998680472
1305031121.683200 -0.045964479 -0.145927444 0.174803615 -0.015514908 -0.044376325 -0.005563445 0.998878896
1305031121.714520 -0.048802309 -0.152933598 0.175866216 -0.016659547 -0.042608529 -0.004910839 0.998940885
1305031121.747145 -0.048015874 -0.154931411 0.178218350 -0.017525062 -0.042796217 -0.004119654 0.998921633
1305031121.782835 -0.047610119 -0.162381187 0.180744424 -0.020521561 -0.042569507 -0.001988834 0.998880744
1305031121.811540 -0.045267507 -0.163969398 0.183906958 -0.021055786 -0.042383902 0.000530629 0.998879373
1305031121.847335 -0.046305709 -0.166905776 0.184679970 -0.023158366 -0.040269423 0.003092423 0.998915672
1305031121.882060 -0.047167234 -0.168575391 0.184459120 -0.025399705 -0.039519139 0.009425122 0.998851478
1305031121.914931 -0.049160831 -0.169556245 0.184521317 -0.027250230 -0.040517196 0.010998919 0.998746634
1305031121.947288 -0.046096791 -0.169502228 0.185969114 -0.027236607 -0.043825522 0.011043294 0.998606801
1305031121.982926 -0.045172714 -0.164921135 0.185537755 -0.026206883 -0.043737229 0.010702074 0.998641968
1305031122.014256 -0.046855155 -0.163509488 0.183774814 -0.027102834 -0.043030366 0.008343802 0.998671234
1305031122.047306 -0.047214761 -0.158288985 0.182144478 -0.025338983 -0.044258785 0.004684520 0.998687744
1305031122.082959 -0.046517797 -0.153052256 0.180892587 -0.024347357 -0.045012444 0.001017602 0.998689175
1305031122.114672 -0.046897508 -0.144716039 0.177670583 -0.022319952 -0.044999715 -0.002577885 0.998734295
1305031122.150725 -0.045366697 -0.138272196 0.175939888 -0.022887463 -0.045953088 -0.007741508 0.998651385
1305031122.183042 -0.044414796 -0.129540548 0.172199130 -0.020553922 -0.045100261 -0.012658646 0.998690724
1305031122.214959 -0.045023412 -0.112332925 0.167372167 -0.020147368 -0.043267030 -0.017130896 0.998713434
1305031122.251319 -0.046450846 -0.108988754 0.166019067 -0.026851270 -0.042194419 -0.021195069 0.998523593
1305031122.283560 -0.047948919 -0.097392298 0.160982877 -0.026129805 -0.042467199 -0.023071120 0.998489618
1305031122.314289 -0.049262591 -0.082490221 0.157676026 -0.029818669 -0.044468228 -0.027277291 0.998193026
1305031122.351327 -0.050401863 -0.076652013 0.155455351 -0.036447931 -0.046377771 -0.030436156 0.997794688
1305031122.382630 -0.052424006 -0.065932326 0.148674041 -0.040266752 -0.047410365 -0.030921459 0.997584462
1305031122.414997 -0.054119572 -0.061089791 0.144898087 -0.044947166 -0.050997727 -0.031605959 0.997186065
1305031122.451257 -0.054112643 -0.051037028 0.140605077 -0.046048462 -0.055782866 -0.029919248 0.996931612
1305031122.483360 -0.053604878 -0.044454619 0.136456236 -0.049603738 -0.060899574 -0.029790502 0.996465385
1305031122.515097 -0.052770302 -0.035590850 0.132649034 -0.050213452 -0.065044284 -0.031066637 0.996133864
1305031122.551490 -0.049716208 -0.027271912 0.129051208 -0.051570490 -0.067186169 -0.032293413 0.995883346
1305031122.583208 -0.049266759 -0.020542283 0.125248268 -0.053410765 -0.066063300 -0.033515982 0.995821118
1305031122.614980 -0.052928757 -0.014728795 0.121284060 -0.054447759 -0.064729027 -0.033125315 0.995865643
1305031122.648788 -0.052734166 -0.007418161 0.117891863 -0.053397398 -0.066843577 -0.032140315 0.995815039
1305031122.683402 -0.053188477 0.001052894 0.114228405 -0.052670345 -0.067898080 -0.030686611 0.995828331
1305031122.715208 -0.054875437 0.008988852 0.110408932 -0.052427322 -0.069809392 -0.027994532 0.995788276
1305031122.751298 -0.052910466 0.020190554 0.106979527 -0.050899398 -0.073145896 -0.027566865 0.995639980
1305031122.783423 -0.052103471 0.032111097 0.103995152 -0.052531701 -0.073685087 -0.028014703 0.995502949
1305031122.812555 -0.050417431 0.037004750 0.103204355 -0.058444701 -0.073725797 -0.028470660 0.995157361
1305031122.851418 -0.046706591 0.044781696 0.103150561 -0.059770703 -0.071685359 -0.030464757 0.995168626
1305031122.883754 -0.048387289 0.053338580 0.099763140 -0.062148668 -0.064541884 -0.030011669 0.995525599
1305031122.914571 -0.052591167 0.056896295 0.097417489 -0.066539012 -0.060068104 -0.029578099 0.995534778
1305031122.951341 -0.052691791 0.062739968 0.095387116 -0.067401759 -0.059362855 -0.028615450 0.995547175
1305031122.982815 -0.054827698 0.071224734 0.092082188 -0.068063498 -0.058385260 -0.025067575 0.995655656
1305031123.015450 -0.053608112 0.075279959 0.091228336 -0.071132131 -0.060256366 -0.021818053 0.995406091
1305031123.051827 -0.052274797 0.080286190 0.089674398 -0.070739113 -0.060394198 -0.020165775 0.995460629
1305031123.082975 -0.052316010 0.089801736 0.086780585 -0.068863153 -0.059519526 -0.017820902 0.995689571
1305031123.113873 -0.052736405 0.098072343 0.084544070 -0.071148910 -0.058046825 -0.015716808 0.995651245
1305031123.150822 -0.052979656 0.104014792 0.083598241 -0.074061349 -0.057300657 -0.015352600 0.995487750
1305031123.182155 -0.050453614 0.114514023 0.082540728 -0.074496724 -0.056735244 -0.014942715 0.995493889
1305031123.214704 -0.049137037 0.122769699 0.081487760 -0.078061864 -0.052669398 -0.015350359 0.995437920
1305031123.250618 -0.050105423 0.133954808 0.079069555 -0.081522427 -0.048206449 -0.015948135 0.995377243
1305031123.282347 -0.049610231 0.141765460 0.080036953 -0.089251652 -0.045441289 -0.013484973 0.994880617
1305031123.311327 -0.047702093 0.147849768 0.080443680 -0.094865277 -0.042553302 -0.012478908 0.994501948
1305031123.350481 -0.048061140 0.154691994 0.079915166 -0.099165700 -0.037992798 -0.012251855 0.994269907
1305031123.382255 -0.045843150 0.161641359 0.079896130 -0.103259780 -0.034484569 -0.008858898 0.994017005
1305031123.411363 -0.046396159 0.165720642 0.078948885 -0.107168607 -0.029248675 -0.006650380 0.993788302
1305031123.451255 -0.046536110 0.173374310 0.077465802 -0.108259842 -0.026674408 -0.005100228 0.993751585
1305031123.483594 -0.046063785 0.181851640 0.076540872 -0.110705070 -0.024866063 -0.000349772 0.993542135
1305031123.511360 -0.045772731 0.184972659 0.076046899 -0.115035981 -0.023208406 0.002333251 0.993087411
1305031123.551513 -0.045872148 0.191380769 0.074034289 -0.115995295 -0.022869814 0.004707480 0.992975295
1305031123.579583 -0.043939929 0.195317313 0.073841363 -0.119156949 -0.023393223 0.008225431 0.992565751
1305031123.611335 -0.042801321 0.205197513 0.072154090 -0.117343567 -0.022265790 0.009435147 0.992796898
1305031123.652411 -0.040142238 0.210189342 0.072079293 -0.121303290 -0.021602903 0.009059343 0.992339015
1305031123.683753 -0.040337361 0.216793835 0.071371213 -0.123862453 -0.017405769 0.010305634 0.992093205
1305031123.711323 -0.038590133 0.222480357 0.070974372 -0.127337173 -0.014781476 0.011601539 0.991681457
1305031123.751723 -0.039594598 0.222871408 0.070128120 -0.132193968 -0.011881724 0.013538669 0.991060197
1305031123.783858 -0.040842414 0.223483145 0.068949468 -0.134657666 -0.011370604 0.015315398 0.990708530
1305031123.811608 -0.040430237 0.224589467 0.068297826 -0.135688782 -0.011790851 0.016508820 0.990543783
1305031123.851444 -0.040001228 0.224651605 0.068136729 -0.137003615 -0.012138012 0.018506799 0.990323246
1305031123.883786 -0.040666848 0.223831579 0.068090782 -0.136742935 -0.013118945 0.019697538 0.990323842
1305031123.911243 -0.040745884 0.221161932 0.067597143 -0.134416446 -0.014290784 0.018689033 0.990645587
1305031123.951442 -0.040455338 0.220785409 0.067316905 -0.133963138 -0.014872639 0.020252746 0.990667701
1305031123.983415 -0.040501006 0.208120376 0.068924338 -0.142086059 -0.017137324 0.022168472 0.989457667
1305031124.011302 -0.039100301 0.201421797 0.071008250 -0.138605967 -0.022145499 0.021693092 0.989862323
1305031124.051505 -0.040316250 0.202279076 0.071217455 -0.131330192 -0.024427351 0.022200793 0.990788996
1305031124.083837 -0.039408606 0.195271224 0.074372441 -0.132037476 -0.027891349 0.022791151 0.990590096
1305031124.111331 -0.035675365 0.183582067 0.078922346 -0.129635811 -0.033446975 0.021786371 0.990757942
1305031124.147446 -0.039070942 0.187186301 0.079207316 -0.118606575 -0.032419179 0.019598776 0.992218435
1305031124.182694 -0.038649213 0.177237913 0.082082152 -0.120210782 -0.033885911 0.018034102 0.992006004
1305031124.211396 -0.037687998 0.169035465 0.086733103 -0.114850886 -0.035942193 0.016412294 0.992596626
1305031124.249327 -0.039722219 0.164252132 0.085558429 -0.108985543 -0.035712656 0.015696747 0.993277609
1305031124.282545 -0.039933991 0.157543212 0.087419108 -0.108929560 -0.039985761 0.015379348 0.993125856
1305031124.311361 -0.036977902 0.146091700 0.091753051 -0.107637674 -0.045952693 0.016402777 0.992992163
1305031124.350354 -0.038412772 0.143949747 0.091607012 -0.099433184 -0.048079282 0.014450558 0.993776977
1305031124.382420 -0.036366094 0.135005608 0.093577579 -0.097211123 -0.051387656 0.014063880 0.993836761
1305031124.411439 -0.036392629 0.126089320 0.095531732 -0.092865571 -0.052734472 0.013858027 0.994184613
1305031124.450245 -0.036385909 0.117680192 0.096709669 -0.086106919 -0.053791612 0.011486797 0.994766355
1305031124.480099 -0.036493413 0.107960939 0.097648948 -0.080866180 -0.054823648 0.009451388 0.995171189
1305031124.511324 -0.038260404 0.101098210 0.098281935 -0.073488809 -0.055484399 0.006644069 0.995729268
1305031124.550437 -0.038814053 0.093612395 0.099565379 -0.068966337 -0.056860875 0.003923591 0.995989501
1305031124.579404 -0.039957255 0.083918259 0.102248415 -0.065549962 -0.058906004 0.001236316 0.996108294
1305031124.611358 -0.039910644 0.073998608 0.104446605 -0.061205946 -0.061330829 -0.000863363 0.996238708
1305031124.651271 -0.040808909 0.066243909 0.106405959 -0.057074651 -0.063096590 -0.003137674 0.996369123
1305031124.679362 -0.038103145 0.054866381 0.110768475 -0.054510839 -0.066419065 -0.004169990 0.996292949
1305031124.711251 -0.037485309 0.046506390 0.113113083 -0.050235454 -0.066762239 -0.006122690 0.996484697
1305031124.749890 -0.038133368 0.036226343 0.116301849 -0.048743080 -0.066641778 -0.007962321 0.996553898
1305031124.779365 -0.038381852 0.027295331 0.119223118 -0.045357943 -0.067837708 -0.008569770 0.996627927
1305031124.811360 -0.038360201 0.018701136 0.122573435 -0.043448284 -0.068815924 -0.008928261 0.996642828
1305031124.850535 -0.039303403 0.009075316 0.127396896 -0.043348435 -0.069867536 -0.009716500 0.996566594
1305031124.879355 -0.035039715 -0.001460305 0.132957593 -0.041958850 -0.072013065 -0.009934404 0.996471226
1305031124.911448 -0.035834752 -0.006854050 0.136602834 -0.039409541 -0.069147006 -0.010263131 0.996774912
1305031124.950730 -0.036026049 -0.015794035 0.142232567 -0.042399965 -0.067919955 -0.010502279 0.996734083
1305031124.979438 -0.037055813 -0.030567134 0.147594094 -0.043297969 -0.066801690 -0.008652258 0.996788800
1305031125.011454 -0.040880416 -0.037223954 0.149582803 -0.037888922 -0.067530230 -0.008184128 0.996963918
1305031125.050763 -0.036508165 -0.040587924 0.154526129 -0.034724448 -0.071761712 -0.006653560 0.996794939
1305031125.079364 -0.037450917 -0.049951740 0.158885568 -0.036266435 -0.070376590 -0.003798115 0.996853828
1305031125.111364 -0.038579240 -0.060052551 0.161641240 -0.036157265 -0.071079746 -0.002814982 0.996811152
1305031125.151013 -0.037537526 -0.065405406 0.165074065 -0.031440701 -0.071895838 -0.005034110 0.996903777
1305031125.179353 -0.038654640 -0.067877024 0.166100428 -0.030889828 -0.068896569 -0.004267578 0.997136354
1305031125.211320 -0.040625207 -0.077638358 0.170033842 -0.034864049 -0.067036442 -0.004229187 0.997132242
1305031125.250632 -0.041936755 -0.087906301 0.172542408 -0.033815194 -0.066640422 -0.006787817 0.997180760
1305031125.279467 -0.043151826 -0.090298548 0.174276516 -0.029830864 -0.066229917 -0.007837481 0.997327566
1305031125.311493 -0.042693995 -0.099586800 0.178052872 -0.030929096 -0.064930439 -0.007256396 0.997383952
1305031125.348880 -0.045255139 -0.103364728 0.178368792 -0.026442735 -0.062818535 -0.010700843 0.997617185
1305031125.379401 -0.040724620 -0.107018083 0.183635175 -0.026612548 -0.063052334 -0.014096913 0.997555733
1305031125.411335 -0.040843938 -0.110570475 0.186230317 -0.026413171 -0.056732677 -0.014680285 0.997931957
1305031125.451195 -0.042383734 -0.115983926 0.188096419 -0.029818915 -0.051060718 -0.016759021 0.998109579
1305031125.479424 -0.042592406 -0.123630822 0.190356970 -0.030320046 -0.047172919 -0.018505795 0.998254955
1305031125.511316 -0.044679124 -0.123407342 0.189318955 -0.028843556 -0.042359311 -0.019439999 0.998496771
1305031125.551020 -0.043963075 -0.125480592 0.190740287 -0.029770346 -0.039786592 -0.021220341 0.998539150
1305031125.579308 -0.043664556 -0.127138600 0.191438973 -0.031242419 -0.036355775 -0.023563009 0.998572469
1305031125.611533 -0.044905983 -0.132334888 0.191460788 -0.031838767 -0.032593694 -0.023635872 0.998681784
1305031125.650575 -0.049465060 -0.135649577 0.187535301 -0.028313108 -0.030522093 -0.021295123 0.998906076
1305031125.679328 -0.052881848 -0.128803149 0.182281107 -0.022652969 -0.033376299 -0.020479936 0.998976171
1305031125.711443 -0.049068782 -0.130720451 0.182222828 -0.022545904 -0.040471449 -0.018392496 0.998756945
1305031125.751260 -0.047072746 -0.120341331 0.177942976 -0.015906019 -0.043346345 -0.016442621 0.998798132
1305031125.779348 -0.045491688 -0.114817537 0.176223963 -0.015995882 -0.044912171 -0.019218476 0.998677969
1305031125.811573 -0.044330128 -0.105937399 0.173192903 -0.014489203 -0.044446610 -0.020227646 0.998701811
1305031125.847412 -0.045179743 -0.100299612 0.170914739 -0.016642641 -0.042692859 -0.022167848 0.998703659
1305031125.879318 -0.048084207 -0.093397655 0.165489018 -0.016334888 -0.041925840 -0.023103489 0.998719990
1305031125.911305 -0.050982028 -0.083167098 0.161146998 -0.018756708 -0.043955754 -0.022293268 0.998608589
1305031125.947343 -0.052795157 -0.080292255 0.158243015 -0.023300605 -0.050058372 -0.019820476 0.998277724
1305031125.979324 -0.050819110 -0.069467530 0.155490234 -0.022522783 -0.058249123 -0.016340809 0.997914195
1305031126.011333 -0.046856008 -0.059503183 0.154866993 -0.024267396 -0.065361485 -0.015857155 0.997440457
1305031126.047324 -0.041807760 -0.048655048 0.154198185 -0.026498355 -0.068633348 -0.014909362 0.997178555
1305031126.079356 -0.041216407 -0.038264304 0.151966378 -0.030092314 -0.067143753 -0.014264056 0.997187436
1305031126.111370 -0.040165462 -0.031607494 0.151029870 -0.034543037 -0.066707827 -0.014899998 0.997063100
1305031126.147432 -0.040197115 -0.018404189 0.148839995 -0.035364542 -0.065335594 -0.013376950 0.997146785
1305031126.179384 -0.041078869 -0.006750555 0.145359293 -0.040987536 -0.064825095 -0.012532985 0.996975780
1305031126.211319 -0.038912531 -0.001026527 0.145492360 -0.046658773 -0.066276811 -0.012151901 0.996635675
1305031126.247298 -0.037672810 0.011798461 0.143561870 -0.048126206 -0.065429069 -0.011660722 0.996627748
1305031126.279363 -0.036777485 0.021516459 0.141919792 -0.051815305 -0.063899226 -0.012740141 0.996528864
1305031126.311332 -0.034802794 0.032449808 0.139872968 -0.055357337 -0.061695926 -0.013938802 0.996461153
1305031126.347363 -0.035518661 0.039888792 0.137771964 -0.060275275 -0.057328377 -0.015263049 0.996417284
1305031126.379423 -0.037372671 0.048511855 0.134993538 -0.063539490 -0.053477544 -0.016834715 0.996403277
1305031126.411465 -0.037607927 0.057731375 0.133127570 -0.067398667 -0.051847521 -0.018428996 0.996207595
1305031126.447361 -0.037857562 0.063286804 0.132002905 -0.072551280 -0.050452396 -0.017686095 0.995930731
1305031126.479533 -0.039936405 0.070797622 0.128953159 -0.074521236 -0.049556680 -0.015092994 0.995872915
1305031126.511410 -0.040274344 0.082531691 0.125008553 -0.075772211 -0.050854798 -0.013626985 0.995734215
1305031126.547374 -0.036551926 0.089866608 0.125389621 -0.081627704 -0.053214207 -0.012470857 0.995163143
1305031126.579454 -0.035118684 0.096160032 0.124138795 -0.085959658 -0.051613159 -0.010710384 0.994903147
1305031126.611528 -0.035210162 0.102599680 0.122120306 -0.091116197 -0.049571093 -0.009052495 0.994564533
1305031126.647376 -0.032389972 0.105075285 0.122137725 -0.096327461 -0.049155869 -0.007175919 0.994109273
1305031126.679479 -0.032253847 0.110002346 0.119925909 -0.097982988 -0.046694238 -0.002568024 0.994088709
1305031126.711583 -0.031490970 0.114951000 0.118205450 -0.100518912 -0.045336954 0.000463737 0.993901551
1305031126.747316 -0.030001909 0.115146041 0.117333017 -0.103379004 -0.044191424 0.003760924 0.993652761
1305031126.779379 -0.029825589 0.120606698 0.115144126 -0.101912484 -0.043065693 0.006659469 0.993838429
1305031126.811602 -0.026690796 0.124098778 0.114435643 -0.101858921 -0.042357598 0.007278831 0.993870020
1305031126.847343 -0.025872819 0.126566961 0.112643585 -0.102288015 -0.038808633 0.007953280 0.993965685
1305031126.879357 -0.026620992 0.129136294 0.110562570 -0.102397323 -0.036088314 0.008442048 0.994052887
1305031126.911364 -0.025705300 0.129888773 0.109669991 -0.102844827 -0.034172967 0.007814054 0.994079530
1305031126.947437 -0.027319146 0.131134838 0.107662871 -0.103233457 -0.031985112 0.009273634 0.994099498
1305031126.979337 -0.026712172 0.129875824 0.107808322 -0.104505993 -0.033229422 0.010534413 0.993913114
1305031127.011371 -0.025940955 0.129214332 0.107587621 -0.103312865 -0.034498390 0.010706888 0.993992805
1305031127.047297 -0.025727980 0.129801929 0.106720529 -0.102296099 -0.034805093 0.011907163 0.994073629
1305031127.079299 -0.026141416 0.128938779 0.107077986 -0.102936216 -0.035115454 0.012049250 0.993994892
1305031127.111435 -0.027629660 0.126152441 0.106717072 -0.103776060 -0.036455791 0.013103050 0.993845940
1305031127.147307 -0.027647413 0.123088427 0.107278347 -0.103548549 -0.039915502 0.013842158 0.993726730
1305031127.179349 -0.027083423 0.123997219 0.107476331 -0.100254521 -0.043158948 0.013213731 0.993937492
1305031127.211700 -0.024812888 0.121451415 0.109374031 -0.100452915 -0.045994345 0.012995853 0.993793130
1305031127.247374 -0.025712535 0.118604168 0.110492945 -0.098964542 -0.045573566 0.012204326 0.993971884
1305031127.279465 -0.026489768 0.118984662 0.110427879 -0.095674030 -0.045401514 0.011246434 0.994313180
1305031127.311362 -0.027809773 0.116291627 0.111539170 -0.096454710 -0.045652669 0.010444477 0.994235039
1305031127.347356 -0.027195103 0.111242898 0.113843828 -0.096067846 -0.047833797 0.010118975 0.994173288
1305031127.379262 -0.027963899 0.112277828 0.113909900 -0.092041321 -0.048459165 0.009474196 0.994530201
1305031127.411371 -0.028785005 0.111225769 0.115221843 -0.091605440 -0.049329489 0.008832503 0.994533539
1305031127.447333 -0.028500153 0.105942160 0.117214501 -0.092645720 -0.050944082 0.008668098 0.994357228
1305031127.479362 -0.029677015 0.107656583 0.117446244 -0.089241862 -0.051433586 0.007625733 0.994651854
1305031127.511356 -0.030502820 0.106961094 0.118525438 -0.090100855 -0.052202843 0.006380045 0.994543076
1305031127.547348 -0.029909279 0.102386691 0.120791517 -0.091591455 -0.053656697 0.006547354 0.994328439
1305031127.579345 -0.030856390 0.103396893 0.120919131 -0.088845327 -0.053602166 0.006157561 0.994583011
1305031127.611271 -0.031231403 0.104535401 0.121658847 -0.088387400 -0.054107629 0.005742483 0.994598925
1305031127.647358 -0.030263295 0.101114966 0.123254389 -0.090670630 -0.054976769 0.007305629 0.994335473
1305031127.679298 -0.030528890 0.099894755 0.123318300 -0.089346275 -0.055279467 0.008053413 0.994432807
1305031127.711375 -0.031220127 0.101787716 0.122900255 -0.087738357 -0.055682484 0.007644045 0.994556665
1305031127.747304 -0.030554624 0.099751420 0.124235302 -0.089548573 -0.056607708 0.007622762 0.994343221
1305031127.779346 -0.031425711 0.097498693 0.124537975 -0.089151099 -0.056305151 0.007638124 0.994396031
1305031127.811829 -0.032033388 0.099105403 0.123739138 -0.086746648 -0.056402225 0.006586707 0.994610667
1305031127.847366 -0.031918742 0.097961903 0.124004319 -0.087478042 -0.056612745 0.005813013 0.994539499
1305031127.879380 -0.032585859 0.096566260 0.124067508 -0.088004388 -0.056691259 0.005516459 0.994490266
1305031127.911476 -0.033625931 0.097201750 0.124253936 -0.087075479 -0.057146128 0.004920668 0.994549155
1305031127.947366 -0.033701569 0.098073289 0.124498457 -0.087348178 -0.057988424 0.005112224 0.994475484
1305031127.979371 -0.033617381 0.097131655 0.125653610 -0.089232147 -0.058851939 0.005026029 0.994257927
1305031128.011427 -0.032332383 0.097243920 0.127369761 -0.090197213 -0.059769392 0.004825081 0.994117081
1305031128.047369 -0.031623047 0.095252231 0.129758850 -0.093323663 -0.059216157 0.005917277 0.993855655
1305031128.079334 -0.031918328 0.092954874 0.131251574 -0.093978420 -0.058804121 0.006772524 0.993812978
1305031128.111391 -0.031665489 0.092565849 0.131953552 -0.093323238 -0.059121765 0.007559779 0.993850172
1305031128.147418 -0.031394094 0.092303693 0.133053407 -0.093967155 -0.059285216 0.009086207 0.993767023
1305031128.179350 -0.030187489 0.088693433 0.134795830 -0.094762713 -0.059911825 0.010555102 0.993639350
1305031128.211447 -0.031346250 0.090309538 0.133962259 -0.091679767 -0.059101604 0.010579324 0.993976772
1305031128.247480 -0.031227335 0.090728983 0.134087160 -0.091927998 -0.059725974 0.011060369 0.993911326
1305031128.279336 -0.030818211 0.087992609 0.135239363 -0.093164071 -0.060320549 0.011176423 0.993759036
1305031128.311483 -0.031082874 0.088983029 0.134568334 -0.091263555 -0.060166117 0.010457464 0.993952513
1305031128.347423 -0.032120071 0.089283101 0.134366155 -0.090989053 -0.059755627 0.009503310 0.994012058
1305031128.379404 -0.032066438 0.088022135 0.134692177 -0.091742836 -0.060323395 0.007896623 0.993922532
1305031128.411337 -0.032461472 0.087340951 0.134614557 -0.091181666 -0.060217153 0.006698989 0.993989348
1305031128.447296 -0.032781377 0.087236427 0.134356633 -0.090807274 -0.060204573 0.005556544 0.994031489
1305031128.479296 -0.033287309 0.086774014 0.134260595 -0.090997651 -0.060207780 0.004357098 0.994019866
1305031128.511433 -0.032620903 0.085573733 0.134763405 -0.091097027 -0.060504515 0.003761642 0.993995190
1305031128.547399 -0.032494873 0.085555755 0.134702489 -0.090987571 -0.060014542 0.003322864 0.994036436
1305031128.579455 -0.032402594 0.083454765 0.134815887 -0.091309004 -0.059488714 0.003060732 0.994039416
1305031128.611395 -0.033674564 0.083451711 0.133897692 -0.089810103 -0.058925565 0.003274000 0.994208813
1305031128.647352 -0.034915958 0.083794966 0.132903367 -0.089030333 -0.059413280 0.003434407 0.994249403
1305031128.679282 -0.034468770 0.082354523 0.133321673 -0.089109853 -0.061137956 0.002754168 0.994139791
1305031128.711457 -0.032789759 0.082545832 0.133664817 -0.087916441 -0.062031422 0.002467757 0.994191468
1305031128.747363 -0.033014730 0.083007053 0.133224070 -0.086807929 -0.060953103 0.001183782 0.994357944
