1341840840.133310 0.072005041 0.029036241 0.005155502 -0.014708471 -0.014988798 -0.005102820 0.999766409
1341840840.169494 0.059232343 0.021558361 0.006313720 -0.016093187 -0.008832474 -0.005292995 0.999817491
1341840840.201335 0.069671676 0.032297034 0.001016035 -0.011854509 -0.012453553 -0.004850269 0.999840379
1341840840.233363 0.079604365 0.043601744 0.002672581 -0.012114720 -0.013811765 -0.002911228 0.999826968
1341840840.269407 0.069993973 0.030221447 0.006746655 -0.018427921 -0.009663259 -0.002438505 0.999780536
1341840840.294570 0.074292339 0.029170249 0.007459010 -0.017369214 -0.009854423 -0.002074657 0.999798417
1341840840.330394 0.085321464 0.025948389 0.005921130 -0.016832057 -0.013167336 0.000924797 0.999771178
1341840840.362487 0.090328172 0.025229689 0.003667600 -0.017247176 -0.015680263 0.004434258 0.999718428
1341840840.394382 0.096587405 0.038840890 0.002847431 -0.014929308 -0.016700525 0.005464740 0.999734163
1341840840.430325 0.107419275 0.032047771 0.008883104 -0.017398965 -0.019875072 0.007058796 0.999626160
1341840840.462407 0.094915576 0.035255194 0.003496965 -0.013281276 -0.013583787 0.006175164 0.999800503
1341840840.494502 0.094400011 0.039324071 0.002627462 -0.014766575 -0.012208601 0.007138300 0.999790967
1341840840.530297 0.099859841 0.030927837 0.006563182 -0.020094438 -0.014115526 0.009269259 0.999655485
1341840840.562361 0.102686219 0.032769796 0.006095032 -0.017839767 -0.014394916 0.009604988 0.999691069
1341840840.598321 0.106744424 0.032476455 0.005663576 -0.018598925 -0.016060300 0.011061176 0.999636829
1341840840.630280 0.107352287 0.022488642 0.005527504 -0.021243487 -0.017739132 0.013129211 0.999530733
1341840840.662439 0.112181835 0.035749789 0.003511632 -0.013425172 -0.020531820 0.011871685 0.999628544
1341840840.698371 0.129735589 0.043104909 0.006980490 -0.012011969 -0.024334677 0.011669367 0.999563575
1341840840.730361 0.135524154 0.030342581 0.010099480 -0.017159378 -0.021651208 0.012697930 0.999537706
1341840840.762407 0.128779829 0.025854213 0.004437075 -0.015034579 -0.016327968 0.011349936 0.999689221
1341840840.798303 0.129767314 0.039537374 0.001285880 -0.008873382 -0.016750686 0.010686344 0.999763191
1341840840.830375 0.142356947 0.038888697 0.006955104 -0.011011913 -0.019546408 0.011617864 0.999680817
1341840840.866393 0.145069718 0.025237368 0.008155344 -0.014307185 -0.016412841 0.010989814 0.999702513
1341840840.898320 0.142602310 0.033676054 0.002751659 -0.007082672 -0.013061377 0.009138998 0.999847829
1341840840.930454 0.140727013 0.044165339 -0.001174331 -0.004647435 -0.010991233 0.008037335 0.999896467
1341840840.966498 0.153717682 0.040610898 0.005524754 -0.009732083 -0.013859301 0.008490346 0.999820530
1341840840.998398 0.157808214 0.041299608 0.006627053 -0.008548191 -0.011971482 0.007845601 0.999861002
1341840841.034538 0.167550087 0.047735870 0.005464043 -0.007042510 -0.011338360 0.006079200 0.999892414
1341840841.066345 0.184144557 0.057669744 0.004015357 -0.007546162 -0.010497027 0.005359192 0.999902070
1341840841.098335 0.182840213 0.039385244 0.005947097 -0.020711828 -0.006803834 0.006706791 0.999739826
1341840841.134331 0.191460252 0.026755262 0.009249544 -0.023154957 -0.009526568 0.007457124 0.999658704
1341840841.166392 0.198507622 0.047515512 0.005609813 -0.012877984 -0.008152828 0.006339959 0.999863744
1341840841.198348 0.201208487 0.045589041 0.005649446 -0.017218288 -0.003148827 0.007988860 0.999814868
1341840841.234400 0.204111084 0.025413411 0.007161746 -0.024991827 -0.001613935 0.011473978 0.999620497
1341840841.266296 0.207262427 0.027065035 0.004240683 -0.018283751 -0.003022955 0.011394698 0.999763310
1341840841.302430 0.208494917 0.037475474 -0.001530006 -0.012434502 -0.001892338 0.012054675 0.999848247
1341840841.334542 0.219255626 0.037939306 -0.001554765 -0.013576220 -0.003420093 0.014010172 0.999803841
1341840841.366311 0.219235733 0.035802733 -0.003656839 -0.014142942 -0.002238217 0.013068493 0.999812067
1341840841.402475 0.220307529 0.037092894 -0.004868068 -0.013360665 -0.002368762 0.011979794 0.999836147
1341840841.434345 0.225675210 0.040307377 -0.005106490 -0.012592656 -0.003900276 0.011464273 0.999847353
1341840841.466383 0.227903873 0.040446408 -0.005606615 -0.013708879 -0.003406823 0.010967805 0.999840081
1341840841.502454 0.232730448 0.033713181 -0.005107409 -0.017123075 -0.005022801 0.011226694 0.999777734
1341840841.534696 0.235519975 0.035137840 -0.004563535 -0.015244315 -0.006047840 0.011616227 0.999798000
1341840841.570470 0.237701654 0.047366280 -0.010057190 -0.011285839 -0.005567592 0.012317028 0.999844968
1341840841.602476 0.253187090 0.052507948 -0.003412760 -0.014169514 -0.007594251 0.012135663 0.999797106
1341840841.634468 0.260915399 0.042302474 0.000979876 -0.018229403 -0.008255835 0.011809166 0.999729991
1341840841.671032 0.253015131 0.042682979 -0.006035414 -0.016306879 -0.002980844 0.010810209 0.999804139
1341840841.702284 0.253740966 0.049183093 -0.007547989 -0.014697747 -0.004549425 0.012878182 0.999798715
1341840841.734304 0.261907607 0.048611570 -0.004870536 -0.017088940 -0.008294590 0.014150076 0.999719381
1341840841.770351 0.267089427 0.041735329 -0.001817407 -0.020431357 -0.010114761 0.016099455 0.999610424
1341840841.802313 0.259486675 0.036509726 -0.007481733 -0.021769797 -0.008565329 0.018493474 0.999555230
1341840841.838370 0.257561326 0.027276885 -0.009894648 -0.024826184 -0.013118781 0.020992823 0.999385238
1341840841.870881 0.266178995 0.039064933 -0.006038556 -0.017184330 -0.023310358 0.016389916 0.999446213
1341840841.902346 0.282628924 0.066494554 -0.000666105 -0.007010126 -0.028916303 0.012738325 0.999476075
1341840841.938375 0.278285444 0.054902125 -0.000245241 -0.015753735 -0.021730294 0.012994940 0.999555290
1341840841.970352 0.264202923 0.042670436 -0.008049250 -0.021346971 -0.016469266 0.011301544 0.999572575
1341840842.006342 0.264574021 0.048843648 -0.007367760 -0.019193513 -0.022499057 0.009352975 0.999518812
1341840842.038475 0.284258664 0.055261049 0.001329178 -0.018532922 -0.026194923 0.006702772 0.999462545
1341840842.070419 0.283376366 0.050346956 -0.002202308 -0.019855151 -0.021589328 0.005182622 0.999556303
1341840842.106404 0.268477082 0.046256714 -0.009039542 -0.021656152 -0.016887786 0.004186480 0.999614060
1341840842.138367 0.279323190 0.032968476 -0.007759659 -0.026375901 -0.021451583 0.003145535 0.999416947
1341840842.170410 0.287799329 0.044670463 -0.007885741 -0.016770132 -0.027280312 0.000590993 0.999486983
1341840842.206430 0.292982966 0.050733916 -0.011077435 -0.012045406 -0.027620586 -0.002675295 0.999542296
1341840842.238319 0.288363218 0.049284443 -0.013354870 -0.010610748 -0.026440235 -0.006786419 0.999571025
1341840842.274385 0.307746232 0.050717246 -0.010914581 -0.008265393 -0.027955709 -0.012510163 0.999496698
1341840842.306571 0.304799408 0.049422160 -0.015975080 -0.005618432 -0.023470532 -0.016057149 0.999579787
1341840842.338413 0.299049705 0.053727090 -0.025199663 -0.003138367 -0.020774892 -0.018329829 0.999611199
1341840842.374365 0.302675962 0.040808376 -0.024613466 -0.008352972 -0.024526035 -0.019385535 0.999476314
1341840842.406739 0.305498481 0.041370850 -0.025415773 -0.001812909 -0.028984204 -0.022484040 0.999325335
1341840842.438410 0.321017087 0.084413126 -0.020376898 0.015330525 -0.033268318 -0.026100911 0.998987973
1341840842.474299 0.351049423 0.128929824 -0.019406192 0.028043639 -0.033708706 -0.031803396 0.998531818
1341840842.542388 0.337863564 0.048583340 -0.017164618 0.007630865 -0.003507915 -0.035739657 0.999325812
1341840842.574346 0.326166928 0.075255662 -0.030820403 0.018976886 0.005618280 -0.039653141 0.999017477
1341840842.606530 0.344856441 0.085186094 -0.024419244 0.015755095 0.005313137 -0.036233440 0.999205053
1341840842.642329 0.343614310 0.053335547 -0.018109381 0.000003042 0.012279908 -0.031732373 0.999420941
1341840842.674386 0.321948230 0.044050388 -0.033813477 0.000411504 0.019904748 -0.033631530 0.999235928
1341840842.706548 0.342655480 0.073834792 -0.029286541 0.012387301 0.008872869 -0.035459463 0.999254942
1341840842.810490 0.350659132 0.060560677 -0.033514187 0.015928810 0.038243264 -0.038344473 0.998405457
1341840842.842296 0.340213716 0.073946849 -0.041735597 0.016749611 0.038533404 -0.038188208 0.998386860
1341840842.874411 0.356221646 0.072031550 -0.027764417 0.011900799 0.030954489 -0.036933672 0.998767316
1341840842.910377 0.377604216 0.050204221 -0.022938468 0.005557487 0.026336091 -0.034647699 0.999037087
1341840842.942647 0.366321385 0.063996375 -0.035003163 0.014000886 0.033099569 -0.035834372 0.998711348
1341840842.974535 0.377194613 0.074587740 -0.030314535 0.016494449 0.028994096 -0.038852274 0.998688042
1341840843.010449 0.401699632 0.061073773 -0.021796785 0.010835764 0.023788329 -0.036182746 0.999003291
1341840843.042429 0.382208109 0.052271008 -0.033673055 0.009738781 0.039023101 -0.032165360 0.998673022
1341840843.078385 0.358334333 0.064794131 -0.046622906 0.013818279 0.046652563 -0.030372487 0.998353660
1341840843.110373 0.385630816 0.067352436 -0.037027366 0.010962425 0.029622428 -0.030314978 0.999041200
1341840843.142285 0.416736394 0.065415122 -0.018657269 0.011896166 0.020553214 -0.031220732 0.999230385
1341840843.178476 0.420502901 0.062770449 -0.021280732 0.015571551 0.032127000 -0.029965652 0.998913169
1341840843.210589 0.379357696 0.064637102 -0.045530837 0.015895937 0.053536437 -0.031991623 0.997926712
1341840843.246317 0.387852728 0.070253648 -0.040935419 0.015226763 0.044609167 -0.034831688 0.998281002
1341840843.278543 0.424208760 0.067271546 -0.020995552 0.014232843 0.031243879 -0.034018558 0.998831332
1341840843.310587 0.424132705 0.055181988 -0.024794573 0.013845266 0.039990917 -0.032062069 0.998589516
1341840843.346529 0.398096800 0.065740168 -0.040339023 0.019767432 0.053367157 -0.033595689 0.997813880
1341840843.385053 0.404579520 0.079402521 -0.040340744 0.019438449 0.048751552 -0.032715078 0.998085737
1341840843.411509 0.424754024 0.065618679 -0.028380156 0.009563041 0.041685648 -0.029166384 0.998659194
1341840843.447220 0.415897489 0.061958175 -0.031742387 0.009221738 0.048960768 -0.027601255 0.998376667
1341840843.478671 0.408140421 0.075074114 -0.040497605 0.012642307 0.052286223 -0.029481025 0.998116851
1341840843.515039 0.427457899 0.071947671 -0.030074991 0.007048356 0.043192148 -0.031850643 0.998534083
1341840843.548527 0.436539769 0.052381586 -0.020301277 -0.000133517 0.042863827 -0.032476526 0.998552918
1341840843.582569 0.425625712 0.057381574 -0.030083891 0.006498311 0.050812088 -0.033388417 0.998128831
1341840843.614798 0.420250416 0.072122552 -0.038762681 0.010017286 0.053521845 -0.035396341 0.997888863
1341840843.653429 0.432371140 0.062259637 -0.028014142 0.001545550 0.046722237 -0.033455383 0.998346329
1341840843.687928 0.440542787 0.051245425 -0.021521376 -0.000667575 0.043683577 -0.033955231 0.998468041
1341840843.720258 0.435806900 0.059169687 -0.027891483 0.004566517 0.048019558 -0.035538256 0.998203516
1341840843.785505 0.440210909 0.054319661 -0.022677718 0.000682716 0.046820063 -0.035891391 0.998258114
1341840843.814703 0.450529158 0.052325692 -0.023016004 0.001734821 0.044699308 -0.035012059 0.998385310
1341840843.846439 0.446668148 0.053152062 -0.027118452 0.002286657 0.047818229 -0.034394156 0.998261094
1341840843.882429 0.454193473 0.055805717 -0.024224609 0.002893716 0.045098189 -0.034258921 0.998390734
1341840843.914321 0.460930586 0.059767045 -0.013635129 0.005157459 0.041937273 -0.035625685 0.998471618
1341840843.946316 0.465337425 0.053932093 -0.012949081 0.003948590 0.044472743 -0.035827849 0.998360157
1341840843.982401 0.449938327 0.055227745 -0.023341414 0.004328501 0.054270152 -0.037674464 0.997805893
1341840844.014387 0.454492003 0.053679451 -0.019423803 0.001634107 0.052317340 -0.037829444 0.997912407
1341840844.050399 0.468737751 0.044935498 -0.005124003 0.001338387 0.046732023 -0.038332567 0.998170853
1341840844.082349 0.460854650 0.048049372 -0.016343404 0.008183771 0.054751456 -0.042705256 0.997552812
1341840844.114393 0.451031625 0.051962122 -0.022946326 0.008040907 0.061052311 -0.042486183 0.997197509
1341840844.150523 0.471409380 0.047084447 -0.016021594 0.004409465 0.052078478 -0.041321389 0.997777998
1341840844.182299 0.484927565 0.041121840 -0.007620927 0.004034930 0.048694350 -0.042292070 0.997909784
1341840844.218448 0.486512572 0.032197356 -0.007496152 0.004489090 0.051394667 -0.043918978 0.997702181
1341840844.250566 0.472059995 0.039665021 -0.019419026 0.010825858 0.060313363 -0.046912275 0.997017682
1341840844.282274 0.475076348 0.037610948 -0.026314477 0.006826703 0.058958102 -0.045178022 0.997214258
1341840844.318322 0.488042682 0.023918414 -0.015022852 -0.000127191 0.050921541 -0.043068983 0.997773588
1341840844.350432 0.486516416 0.021487327 -0.019573962 0.004019826 0.050664175 -0.048164964 0.997545540
1341840844.382375 0.492116928 0.039365713 -0.020395640 0.012365565 0.051019326 -0.050579987 0.997339368
1341840844.418837 0.490052074 0.030169198 -0.019883338 0.006254924 0.054181650 -0.049817055 0.997268021
1341840844.450418 0.484733284 0.015440249 -0.021339281 0.002281432 0.053948112 -0.050559167 0.997260332
1341840844.486330 0.499130219 0.020182570 -0.020407567 0.007115053 0.046083916 -0.052575249 0.997527659
1341840844.518335 0.516870916 0.023751611 -0.016681731 0.010830988 0.042675208 -0.053688776 0.997586608
1341840844.550458 0.507183015 0.026136992 -0.019916512 0.011130816 0.050788816 -0.054510973 0.997158587
1341840844.586351 0.505526662 0.013229030 -0.022033477 0.005688508 0.049980860 -0.053993907 0.997273386
1341840844.618382 0.513148606 0.017527992 -0.021434585 0.007909755 0.045027167 -0.054005228 0.997493565
1341840844.650334 0.520573914 0.019287240 -0.019267658 0.007384825 0.042692024 -0.054520342 0.997572243
1341840844.686320 0.526818931 0.010762675 -0.014202440 0.004582259 0.041462492 -0.055928510 0.997562945
1341840844.718495 0.539271414 0.004308379 -0.018751973 0.004774977 0.040979240 -0.057289228 0.997504830
1341840844.757582 0.537781358 0.010591200 -0.019661214 0.005766892 0.043228939 -0.057332717 0.997402072
1341840844.791011 0.538529098 0.002379200 -0.015760584 0.001725789 0.042444933 -0.056536518 0.997496367
1341840844.818394 0.551806629 0.001347709 -0.015061058 0.003328212 0.038056020 -0.057071377 0.997638941
1341840844.854307 0.553641737 0.002973211 -0.013114072 0.003921992 0.040115453 -0.056133334 0.997609317
1341840844.888045 0.556245983 0.001826051 -0.014670376 0.003355438 0.040693890 -0.054573517 0.997674525
1341840844.918612 0.564339399 0.001737610 -0.014554849 0.001274149 0.037912235 -0.053019669 0.997872710
1341840844.954718 0.566206098 -0.003249336 -0.013332313 -0.001389625 0.038386367 -0.053903155 0.997807086
1341840844.986719 0.572010100 -0.003533164 -0.011531107 -0.000921810 0.038655829 -0.054685980 0.997754633
1341840845.022279 0.576413453 -0.006216151 -0.011839136 -0.001877580 0.040122092 -0.053674117 0.997750342
1341840845.054280 0.579941094 -0.007203117 -0.011069946 -0.001460702 0.041878797 -0.051823169 0.997776747
1341840845.086344 0.580938041 -0.002355137 -0.013174247 -0.000565617 0.043905031 -0.050277729 0.997769594
1341840845.123640 0.576971889 -0.007538408 -0.010261394 -0.003935638 0.045009907 -0.051682685 0.997640967
1341840845.154408 0.583266556 -0.013893264 -0.009897295 -0.002607749 0.042033248 -0.054916117 0.997602403
1341840845.186393 0.588841379 0.002420171 -0.011904713 0.003598356 0.040509358 -0.052065413 0.997815192
1341840845.222296 0.583495915 -0.007512996 -0.011776440 -0.004844820 0.040863898 -0.049023278 0.997949600
1341840845.254440 0.594003737 -0.014661949 -0.009240016 -0.005803234 0.034373716 -0.051204886 0.998079538
1341840845.290376 0.605177462 -0.005357530 -0.008819865 -0.000557000 0.032739352 -0.053680126 0.998021185
1341840845.322289 0.596986175 -0.010249182 -0.009339612 -0.004123601 0.040211108 -0.053790282 0.997733772
1341840845.354494 0.583839536 -0.016363716 -0.008562397 -0.006207402 0.043125164 -0.054291699 0.997574091
1341840845.390309 0.590183258 -0.015756244 -0.008057658 -0.001946587 0.035395682 -0.055960599 0.997803450
1341840845.422339 0.604829967 -0.010033256 -0.008123480 0.003749538 0.028773498 -0.058248397 0.997880340
1341840845.458335 0.618957043 -0.000340642 -0.010813996 0.006027339 0.026725464 -0.059401277 0.997858167
1341840845.490264 0.619625628 -0.007671453 -0.008967331 -0.000242955 0.030499106 -0.059701804 0.997750163
1341840845.522343 0.604998112 -0.012962961 -0.006143067 -0.002497121 0.037801512 -0.059404403 0.997514844
1341840845.558310 0.602673709 -0.016372308 -0.008111358 -0.003864217 0.036381137 -0.057482205 0.997675955
1341840845.597232 0.608975351 -0.017975718 -0.009023026 -0.004149525 0.028983541 -0.056105215 0.997995436
1341840845.622577 0.619511485 -0.009101465 -0.006893327 0.000795976 0.023002159 -0.056167141 0.998156011
1341840845.658634 0.638000131 -0.007448268 -0.009667790 0.000623733 0.019977087 -0.056485560 0.998203337
1341840845.690353 0.639171600 -0.010618906 -0.008916324 -0.002869366 0.022659654 -0.058999401 0.997996688
1341840845.729069 0.635187745 -0.015139539 -0.007002678 -0.004554466 0.026432781 -0.060658287 0.997798145
1341840845.758375 0.638279021 -0.022478923 -0.013447093 -0.006238802 0.027296558 -0.060071632 0.997801244
1341840845.790466 0.631932974 -0.020149376 -0.014261609 -0.005387798 0.026371099 -0.060725752 0.997791529
1341840845.826375 0.648265243 -0.012918587 -0.015900977 -0.003043815 0.016228706 -0.062508300 0.997907817
1341840845.858782 0.669569850 -0.012530446 -0.011540160 -0.004798481 0.011343984 -0.064375497 0.997849703
1341840845.890417 0.662811279 -0.027423365 -0.011285106 -0.009945112 0.021882314 -0.066504709 0.997496545
1341840845.926383 0.658308566 -0.021013040 -0.017685853 -0.004900222 0.024428010 -0.066842146 0.997452438
1341840845.958390 0.668582857 -0.010336407 -0.017714767 -0.003077168 0.020141097 -0.066783972 0.997559428
1341840845.994269 0.672396660 -0.024737269 -0.016752237 -0.009511796 0.020551866 -0.066007145 0.997562110
1341840846.026558 0.675677419 -0.023242502 -0.018986996 -0.006610333 0.020860733 -0.065083280 0.997639835
1341840846.058807 0.680325627 -0.021788538 -0.019587398 -0.006972868 0.018534975 -0.065072864 0.997684002
1341840846.094265 0.689164519 -0.020810857 -0.019151093 -0.006603245 0.015414941 -0.065677293 0.997699976
1341840846.126378 0.706620812 -0.017351760 -0.017329158 -0.003466612 0.014352471 -0.066051334 0.997707009
1341840846.158446 0.699078619 -0.017605174 -0.019562615 -0.004002224 0.023012158 -0.065365411 0.997587979
1341840846.194427 0.696116984 -0.015514473 -0.023991548 -0.005555836 0.025256412 -0.064315937 0.997594476
1341840846.226385 0.707370222 -0.022294436 -0.022759039 -0.010289117 0.021001792 -0.062852949 0.997748733
1341840846.262497 0.720515430 -0.025112912 -0.022531180 -0.008812278 0.020565169 -0.060274981 0.997931063
1341840846.294419 0.718719959 -0.019942025 -0.024698906 -0.006038367 0.026406409 -0.059260894 0.997874975
1341840846.326478 0.710639536 -0.021704888 -0.024180785 -0.007964974 0.028844189 -0.059663590 0.997769952
1341840846.362426 0.725838780 -0.020981040 -0.023790818 -0.007299429 0.022720138 -0.060174942 0.997902572
1341840846.394323 0.742023885 -0.022336265 -0.024269938 -0.006374922 0.021604199 -0.059245646 0.997989297
1341840846.430454 0.733815849 -0.014650887 -0.025771031 -0.003647428 0.029382372 -0.058738966 0.997834206
1341840846.465291 0.732141137 -0.012883572 -0.025697589 -0.006028162 0.030305607 -0.059501525 0.997749865
1341840846.494473 0.742112875 -0.020403847 -0.024847299 -0.009691041 0.027404422 -0.059656687 0.997795641
1341840846.530439 0.751241267 -0.020406643 -0.025193587 -0.006288629 0.028275123 -0.057531897 0.997923374
1341840846.562569 0.742533803 -0.011359716 -0.027140308 -0.002045639 0.034609426 -0.055532217 0.997854769
1341840846.594486 0.742066741 -0.004900584 -0.028715823 -0.003276234 0.033758096 -0.056258731 0.997839987
1341840846.630509 0.762906194 -0.010317837 -0.027298193 -0.008172325 0.027160034 -0.057154175 0.997962356
1341840846.662363 0.779777348 -0.020482622 -0.027902329 -0.008727092 0.027719157 -0.058056839 0.997890234
1341840846.698323 0.766234934 -0.004424886 -0.027836930 -0.000045692 0.040072516 -0.059861250 0.997402072
1341840846.730390 0.752378523 0.003475367 -0.028706130 -0.002404570 0.044995539 -0.062107764 0.997051775
1341840846.762470 0.764568985 -0.006609669 -0.027968101 -0.008781640 0.038707651 -0.060921807 0.997353077
1341840846.798363 0.780837655 0.001387607 -0.027844869 -0.004343572 0.035644703 -0.060903829 0.997497559
1341840846.830356 0.771473110 0.005731462 -0.026301984 -0.006563025 0.042392612 -0.062073447 0.997149289
1341840846.862350 0.774850309 -0.004209367 -0.027016763 -0.011535178 0.040295050 -0.062434610 0.997168541
1341840846.898489 0.786982954 0.011951540 -0.026248049 -0.005018615 0.037511148 -0.063700378 0.997251213
1341840846.930380 0.794411302 0.022823142 -0.027169298 -0.006159437 0.038550779 -0.064718544 0.997139633
1341840846.966358 0.780344129 0.001265517 -0.026056461 -0.018228104 0.044513073 -0.063212544 0.996840239
1341840846.998844 0.783786237 0.002467053 -0.026445068 -0.015183795 0.040898424 -0.064893067 0.996938109
1341840847.030411 0.800974786 0.019800002 -0.027226087 -0.009871048 0.034325957 -0.065904081 0.997186482
1341840847.066359 0.801045001 0.010838709 -0.026687976 -0.017327871 0.037245162 -0.065565236 0.997002363
1341840847.098410 0.792854071 0.004733901 -0.025007393 -0.020354414 0.040888853 -0.065686487 0.996794403
1341840847.130366 0.790464580 0.009758154 -0.025396664 -0.018122457 0.040061329 -0.066550374 0.996813774
1341840847.166401 0.807658434 0.015146932 -0.027851645 -0.017812731 0.035015237 -0.065777659 0.997060657
1341840847.198307 0.802353263 0.000990965 -0.027756181 -0.024022371 0.038672078 -0.064920001 0.996851444
1341840847.234496 0.793695331 -0.001846787 -0.024899457 -0.020570170 0.040619660 -0.064816885 0.996857882
1341840847.266747 0.804811299 0.013766920 -0.027192788 -0.013055465 0.034349889 -0.064476088 0.997242451
1341840847.298356 0.815482318 0.009632536 -0.029636208 -0.017205015 0.031525876 -0.064283654 0.997285187
1341840847.334573 0.809560597 0.001333358 -0.029404679 -0.020036003 0.036010303 -0.064767838 0.997049153
1341840847.366405 0.806168556 -0.001446262 -0.028678581 -0.018504238 0.036465116 -0.065199189 0.997034073
1341840847.398361 0.815809906 0.005769949 -0.030719023 -0.014547338 0.032487068 -0.067277588 0.997099161
1341840847.434625 0.829031885 0.011978618 -0.029685622 -0.013649338 0.032147706 -0.068838596 0.997016311
1341840847.466370 0.818613350 0.000218346 -0.026917968 -0.019512199 0.040523969 -0.067751274 0.996687949
1341840847.502590 0.808924973 0.000025945 -0.027239770 -0.018191660 0.043690905 -0.066807464 0.996642828
1341840847.534309 0.822161674 0.013081378 -0.026326340 -0.013862320 0.037426848 -0.067257486 0.996937037
1341840847.566354 0.833974242 0.006220872 -0.025377169 -0.018378295 0.034754001 -0.067190595 0.996965289
1341840847.603337 0.828474402 -0.002858996 -0.023821559 -0.020523658 0.039909180 -0.066549741 0.996773362
1341840847.634465 0.828533590 0.001765692 -0.023030177 -0.016735675 0.039928131 -0.066888005 0.996820807
1341840847.670420 0.836623073 0.005666394 -0.024625629 -0.015204784 0.036866292 -0.067448825 0.996925473
1341840847.702420 0.851955175 0.011483406 -0.023926862 -0.014174812 0.034605119 -0.066090956 0.997112632
1341840847.734342 0.848915219 0.004240545 -0.021055382 -0.019145096 0.039092597 -0.065661527 0.996892095
1341840847.770464 0.845393777 -0.011023255 -0.018236503 -0.022571379 0.040615886 -0.065331548 0.996781170
1341840847.802407 0.851074636 -0.001294139 -0.021707486 -0.015048889 0.038080540 -0.066964559 0.996914804
1341840847.834306 0.859123886 0.005794451 -0.021450702 -0.013361376 0.037585631 -0.067716382 0.996906877
1341840847.870532 0.856259644 -0.001748543 -0.019290645 -0.015814440 0.040766623 -0.065945476 0.996864676
1341840847.902485 0.855366111 0.004327624 -0.020212129 -0.012973877 0.040711399 -0.065116070 0.996962488
1341840847.938405 0.861907899 -0.002271128 -0.019950885 -0.017713362 0.037382990 -0.065268196 0.997009933
1341840847.970339 0.868158221 -0.010508575 -0.018338330 -0.018648991 0.035169102 -0.065809913 0.997037828
1341840848.002312 0.868152320 -0.007217449 -0.020388708 -0.014931960 0.035379700 -0.066525109 0.997045517
1341840848.038354 0.871699452 -0.005951494 -0.020661119 -0.012965549 0.033246435 -0.067062199 0.997110426
1341840848.070743 0.883010030 -0.004493693 -0.021415319 -0.011359563 0.029427277 -0.066893682 0.997261345
1341840848.102909 0.888722837 -0.000833269 -0.021474358 -0.010106194 0.030400757 -0.067379028 0.997212946
1341840848.138432 0.887220860 -0.000592609 -0.020639151 -0.011404690 0.033555467 -0.067222603 0.997108340
1341840848.170385 0.895492077 -0.006916341 -0.019782014 -0.014245098 0.031493571 -0.066901468 0.997160673
1341840848.206548 0.898108065 -0.012216107 -0.019925784 -0.014673255 0.031849287 -0.066003725 0.997202992
1341840848.238651 0.900477111 -0.007177008 -0.021175321 -0.011134976 0.032152947 -0.065106846 0.997298002
1341840848.277372 0.904978693 -0.008120568 -0.021057110 -0.012469085 0.030986788 -0.065059945 0.997322202
1341840848.313384 0.909162521 -0.014472181 -0.020175032 -0.014450810 0.030308755 -0.065475434 0.997289121
1341840848.345285 0.912453175 -0.014119988 -0.021616690 -0.012527292 0.030385632 -0.065509729 0.997310519
1341840848.377729 0.915741265 -0.008452177 -0.021450453 -0.009909337 0.031326804 -0.065805532 0.997291386
1341840848.413434 0.920495033 -0.009272609 -0.020356737 -0.011194392 0.030881505 -0.065704547 0.997298360
1341840848.446614 0.927103817 -0.016980894 -0.021505397 -0.013911894 0.030624423 -0.064234756 0.997367799
1341840848.477376 0.925176382 -0.015474184 -0.021527044 -0.012130405 0.033767920 -0.062712982 0.997386396
1341840848.514358 0.929773569 -0.006095266 -0.019882333 -0.009645283 0.032832649 -0.061810419 0.997501135
1341840848.545352 0.940792263 -0.027035737 -0.020983357 -0.018773993 0.029423894 -0.062153656 0.997456133
1341840848.581630 0.942406178 -0.030684363 -0.020943630 -0.014227614 0.033840749 -0.063755192 0.997290194
1341840848.613497 0.938295364 -0.007889381 -0.020277500 -0.001634933 0.038606592 -0.061112508 0.997382641
1341840848.645345 0.942211330 -0.012160703 -0.019364189 -0.005061276 0.036000680 -0.057719644 0.997670650
1341840848.681427 0.952726603 -0.034163546 -0.022977013 -0.011682249 0.030490272 -0.056745216 0.997854650
1341840848.713310 0.963897705 -0.035268344 -0.028342964 -0.007093558 0.030214857 -0.056335893 0.997929335
1341840848.745404 0.963935852 -0.024050582 -0.025251597 0.000137266 0.036119912 -0.055746261 0.997791350
1341840848.774529 0.960541964 -0.014179904 -0.024703745 0.004191678 0.040450253 -0.054056399 0.997709394
1341840848.806548 0.988512158 -0.020598138 -0.032959703 -0.001738496 0.033450395 -0.051830649 0.998094022
1341840848.842443 0.992960811 -0.041599460 -0.028026845 -0.009181951 0.031765286 -0.049242508 0.998239338
1341840848.874427 0.994162798 -0.041328911 -0.033320934 -0.003736446 0.031652022 -0.050740916 0.998203158
1341840848.910589 0.996078312 -0.028930239 -0.036594644 0.001111418 0.032464288 -0.053376477 0.998045981
1341840848.942390 0.980299354 -0.033436913 -0.021093745 0.000015585 0.037500929 -0.051266931 0.997980654
1341840848.974342 0.983669102 -0.049845412 -0.027531315 0.001490190 0.038323309 -0.051622305 0.997929931
1341840849.010480 0.988537192 -0.022433711 -0.034047183 0.015287801 0.033753358 -0.051627848 0.997978687
1341840849.042373 0.996346653 -0.028651534 -0.033737019 0.007485545 0.029822027 -0.052396115 0.998152912
1341840849.074269 1.004104376 -0.043547299 -0.032419078 0.003161706 0.029230522 -0.051383540 0.998246133
1341840849.110433 0.998385847 -0.037714489 -0.031406775 0.008324710 0.033783056 -0.051535115 0.998064876
1341840849.142356 0.992149830 -0.034872040 -0.027730130 0.011116501 0.035861943 -0.053295314 0.997872710
1341840849.178427 0.987123787 -0.031188156 -0.029365849 0.012641966 0.037136283 -0.056168623 0.997650325
1341840849.210439 1.003512979 -0.037995338 -0.026439548 0.011287843 0.033123106 -0.054484081 0.997901261
1341840849.242309 1.023781419 -0.040622849 -0.036035974 0.015032614 0.022814702 -0.048853990 0.998432159
1341840849.278391 1.018906474 -0.023993431 -0.037848968 0.019923288 0.024090230 -0.052122392 0.998151243
1341840849.310332 1.036732435 -0.041389450 -0.044425782 0.009938708 0.021717895 -0.051332232 0.998395920
1341840849.342402 1.046862960 -0.064427070 -0.039799266 0.005147167 0.028224366 -0.048558492 0.998408198
1341840849.378339 1.022949696 -0.041538049 -0.034885570 0.019051952 0.043768503 -0.049883757 0.997613609
1341840849.410390 1.038209677 -0.020367267 -0.039242610 0.025332019 0.037673153 -0.046990324 0.997863173
1341840849.446437 1.045670271 -0.041888386 -0.036154870 0.014017192 0.036655977 -0.046764877 0.998134732
1341840849.478425 1.067564249 -0.046341579 -0.041003287 0.017389562 0.033940718 -0.044701360 0.998272181
1341840849.512199 1.066004157 -0.032490268 -0.044780798 0.023639664 0.041581511 -0.046814118 0.997757733
1341840849.546449 1.093024731 -0.025469754 -0.049772225 0.022107588 0.041598942 -0.047041159 0.997781515
1341840849.578498 1.095295787 -0.036578260 -0.046313483 0.013051263 0.045687605 -0.047021665 0.997763157
1341840849.610692 1.067349315 -0.036117189 -0.030479170 0.014632730 0.056509748 -0.047215495 0.997177660
1341840849.646317 1.087673306 -0.021183047 -0.038447514 0.021004852 0.055485569 -0.043716155 0.997280836
1341840849.685647 1.114069819 -0.021466751 -0.048991546 0.014698819 0.046784535 -0.040401392 0.997979403
1341840849.714708 1.132313251 -0.022997718 -0.035918087 0.011625800 0.044834442 -0.038031213 0.998202562
1341840849.746347 1.063368440 -0.031649966 -0.026106328 0.007542180 0.070212834 -0.044743646 0.996499479
1341840849.778359 1.100292802 -0.022840358 -0.034690723 0.009678654 0.062587582 -0.041890290 0.997112989
1341840849.814323 1.106028318 -0.030616075 -0.032407798 0.003107446 0.061573654 -0.041329835 0.997241616
1341840849.846557 1.097459197 -0.036474708 -0.023336887 0.001325083 0.066727616 -0.043035548 0.996841788
1341840849.882256 1.089270115 -0.028476119 -0.026188195 0.007259821 0.063919872 -0.044582386 0.996932268
1341840849.921575 1.136214852 -0.013960275 -0.037192456 0.010366345 0.050178133 -0.041259989 0.997833788
1341840849.946362 1.131423354 -0.035079140 -0.028439328 -0.001390516 0.054593351 -0.042514473 0.997602224
1341840849.982476 1.138083935 -0.039143614 -0.031038105 0.002117630 0.054617632 -0.042406455 0.997604191
1341840850.014371 1.124976635 -0.015772287 -0.031390332 0.012369541 0.063111588 -0.040929668 0.997090101
1341840850.046326 1.133252382 -0.009628435 -0.029997014 0.009450984 0.057349119 -0.041348834 0.997452796
1341840850.082415 1.145749569 -0.034702964 -0.030175872 -0.002366586 0.050516523 -0.041605148 0.997853458
1341840850.121449 1.149047732 -0.031323295 -0.031427853 0.003407713 0.052651212 -0.042723905 0.997692764
1341840850.157539 1.148175240 -0.015258602 -0.034612335 0.009721832 0.055087209 -0.042354979 0.997535467
1341840850.189410 1.137216687 -0.018364448 -0.030493684 0.005180490 0.057989616 -0.042222120 0.997410476
1341840850.221491 1.146298409 -0.036778938 -0.032708593 -0.001603444 0.053457562 -0.043776557 0.997608781
1341840850.257570 1.154777765 -0.029898366 -0.035715692 0.004788938 0.053284578 -0.044852838 0.997560024
1341840850.289374 1.167096019 -0.013418393 -0.037675068 0.011371448 0.051145364 -0.044471946 0.997635782
1341840850.314521 1.175907969 -0.014793375 -0.039259061 0.007986128 0.049775157 -0.045160457 0.997707009
1341840850.350348 1.190405726 -0.024963807 -0.045075189 0.002380144 0.043943677 -0.045676116 0.997986436
1341840850.382480 1.190249562 -0.024989901 -0.044863798 0.002037328 0.048319582 -0.047537554 0.997697949
1341840850.418448 1.175905585 -0.016200347 -0.039391369 0.005417251 0.055592962 -0.048291154 0.997270286
1341840850.450229 1.189852834 -0.024113078 -0.045367509 0.002199133 0.047683790 -0.048565399 0.997678757
1341840850.482352 1.232882857 -0.033747844 -0.056510746 0.001180377 0.035303149 -0.048113290 0.998217106
1341840850.518351 1.199724793 -0.017944142 -0.049961634 0.007042569 0.060830496 -0.054992247 0.996607184
1341840850.550287 1.181074381 -0.002148360 -0.038713969 0.011627094 0.067499124 -0.053056862 0.996239722
1341840850.582563 1.180088878 -0.017583061 -0.036596008 0.007116341 0.060974140 -0.050689764 0.996826053
1341840850.618439 1.202969432 -0.027878834 -0.047798239 0.008868943 0.047434885 -0.050489672 0.997558117
1341840850.650443 1.215280414 0.001503646 -0.056171875 0.020634778 0.044368006 -0.051520318 0.997472465
1341840850.686406 1.211645126 -0.001333922 -0.050440513 0.014051573 0.047842942 -0.049903575 0.997508526
1341840850.718516 1.204388738 -0.017406724 -0.045599692 0.008453166 0.051009201 -0.049143787 0.997452497
1341840850.750308 1.211784244 -0.009682604 -0.051563088 0.014063513 0.047354873 -0.048261642 0.997612476
1341840850.786319 1.224084377 0.002102352 -0.055935886 0.016885458 0.043175701 -0.047070500 0.997815192
1341840850.818316 1.225180268 -0.010285590 -0.051931892 0.009361001 0.045349963 -0.047712266 0.997787237
1341840850.854290 1.234782934 -0.015512289 -0.055643633 0.008412462 0.044582989 -0.047614280 0.997834921
1341840850.886322 1.238126516 -0.003821152 -0.056645520 0.012011896 0.047999088 -0.047046196 0.997666538
1341840850.918358 1.224535346 -0.004642308 -0.049302265 0.008908000 0.056544840 -0.045275502 0.997333169
1341840850.954395 1.226734281 -0.016057815 -0.046916172 0.005930380 0.054825872 -0.044122994 0.997502983
1341840850.986448 1.240984082 -0.006772565 -0.052689292 0.011803458 0.049460847 -0.042782299 0.997789562
1341840851.018447 1.240719676 -0.003547570 -0.050926998 0.011304509 0.051809572 -0.041219134 0.997741938
1341840851.054395 1.234969735 -0.020973533 -0.050356686 0.005101343 0.053770799 -0.040713448 0.997709930
1341840851.086362 1.249841809 -0.011165316 -0.051324531 0.010913522 0.048956100 -0.041144736 0.997893453
1341840851.122353 1.258423448 -0.018411569 -0.053209536 0.008435564 0.048191737 -0.039604139 0.998017013
1341840851.154293 1.254023194 -0.014427446 -0.049515031 0.011713202 0.051971417 -0.038470037 0.997838557
1341840851.186482 1.260102987 -0.010478605 -0.051524080 0.013472063 0.049946338 -0.038377486 0.997923374
1341840851.222499 1.266117692 -0.019872498 -0.050621100 0.009855052 0.048823200 -0.038636547 0.998011231
1341840851.254587 1.269582868 -0.021203177 -0.049846537 0.011798457 0.049595084 -0.038971432 0.997939050
1341840851.286786 1.268577099 -0.014481245 -0.050140753 0.015653778 0.051608443 -0.039929509 0.997746050
1341840851.322525 1.275858879 -0.012655989 -0.051125899 0.015498156 0.048934445 -0.040396720 0.997864366
1341840851.354461 1.283959985 -0.027011877 -0.051246732 0.009963543 0.046457730 -0.041583590 0.998004615
1341840851.390383 1.292545199 -0.023831120 -0.051722892 0.013135199 0.047467254 -0.043217152 0.997851014
1341840851.422373 1.278000593 -0.027412288 -0.047702789 0.012422946 0.055944923 -0.043287117 0.997417688
1341840851.454333 1.273928881 -0.026998458 -0.044106059 0.016309505 0.054849219 -0.041526519 0.997497439
1341840851.490328 1.298223257 -0.021026859 -0.049887996 0.020081518 0.041795440 -0.041518260 0.998061180
1341840851.522431 1.313058972 -0.033994012 -0.052575961 0.015575295 0.039430346 -0.041434810 0.998241425
1341840851.555777 1.302772760 -0.038829256 -0.049993157 0.017654475 0.047528170 -0.042615000 0.997804284
1341840851.590800 1.302450180 -0.017919596 -0.052626908 0.027151307 0.047396395 -0.043114726 0.997575879
1341840851.622401 1.313629031 -0.025895659 -0.051580343 0.021065149 0.042793304 -0.042323127 0.997964859
1341840851.658371 1.327053428 -0.036916237 -0.050579414 0.018291183 0.040440004 -0.040716130 0.998184502
1341840851.690446 1.327346325 -0.033573851 -0.051447533 0.021022024 0.044068459 -0.040711708 0.997977316
1341840851.722387 1.321800470 -0.034076713 -0.047890678 0.021543248 0.047459573 -0.040240541 0.997829735
1341840851.758379 1.326417446 -0.039572548 -0.048982434 0.021199044 0.045813605 -0.040937696 0.997885704
1341840851.790498 1.330537915 -0.046930481 -0.049089663 0.021320973 0.045866918 -0.039762568 0.997928202
1341840851.822502 1.327885509 -0.041320689 -0.052587964 0.025833445 0.047593933 -0.038202018 0.997801661
1341840851.858469 1.341365457 -0.027359473 -0.053131025 0.028986812 0.043157589 -0.037648071 0.997937799
1341840851.890382 1.358152509 -0.056774072 -0.052241735 0.016805582 0.040077757 -0.036545124 0.998386621
1341840851.926297 1.356271625 -0.057502154 -0.051545128 0.022040224 0.044495787 -0.034081265 0.998184741
1341840851.958364 1.347772241 -0.034208771 -0.052337177 0.031023469 0.048342761 -0.032994520 0.997803569
1341840851.990589 1.362432361 -0.046341039 -0.051291492 0.023017468 0.041358810 -0.032178484 0.998360753
1341840852.026374 1.375385284 -0.060943760 -0.049875654 0.019144773 0.039597325 -0.030659907 0.998561740
1341840852.058336 1.368444562 -0.055114366 -0.049369529 0.024574384 0.046008918 -0.027998136 0.998246193
1341840852.094404 1.366826892 -0.045361210 -0.050257526 0.027814057 0.045930393 -0.026280625 0.998211443
1341840852.126392 1.380224943 -0.047804732 -0.050253157 0.023707621 0.040046442 -0.028049670 0.998522639
1341840852.158516 1.399280906 -0.071718372 -0.053307179 0.015194036 0.037814405 -0.027426573 0.998792827
1341840852.194279 1.396783471 -0.062560648 -0.050149150 0.023390429 0.047127057 -0.025705522 0.998284161
1341840852.226380 1.374086022 -0.041500948 -0.045610890 0.029632457 0.056992829 -0.025369158 0.997612238
1341840852.258313 1.380420327 -0.057281353 -0.045373455 0.020503039 0.049901046 -0.024839219 0.998234689
1341840852.294500 1.401818156 -0.081527017 -0.049567699 0.014808342 0.043195888 -0.024815643 0.998648584
1341840852.326311 1.406649590 -0.066912755 -0.052937470 0.024338234 0.047518793 -0.027352251 0.998199105
1341840852.362368 1.401099086 -0.052056920 -0.051428676 0.026927225 0.053960267 -0.027601352 0.997798264
1341840852.394489 1.405069590 -0.065472201 -0.046034768 0.020210644 0.054198280 -0.025370846 0.998003244
1341840852.426307 1.409290791 -0.070421986 -0.046850435 0.021787520 0.055567656 -0.024441324 0.997917950
1341840852.462394 1.411527991 -0.064372502 -0.048734382 0.025825931 0.057026882 -0.022166809 0.997792363
1341840852.494557 1.416332841 -0.057372861 -0.049101837 0.027789453 0.056786280 -0.019775530 0.997803628
1341840852.526348 1.424002767 -0.062592857 -0.049102545 0.024320304 0.057053335 -0.018014319 0.997912288
1341840852.562305 1.425277114 -0.059796043 -0.046466172 0.024953039 0.060064659 -0.017441515 0.997730136
1341840852.594400 1.424125791 -0.059412472 -0.047208250 0.022734750 0.063212112 -0.016214166 0.997609377
1341840852.630345 1.420163631 -0.075021401 -0.042419538 0.017025109 0.065231614 -0.015573648 0.997603357
1341840852.663508 1.426793456 -0.079693116 -0.045121580 0.020174971 0.062304258 -0.015482892 0.997733176
1341840852.694654 1.422603011 -0.061423451 -0.045419112 0.027848743 0.062910080 -0.015265206 0.997513771
1341840852.732477 1.428981781 -0.064666688 -0.044521913 0.024084223 0.058851499 -0.013668153 0.997882545
1341840852.762455 1.439422250 -0.059090976 -0.044568099 0.024492368 0.055066273 -0.013387376 0.998092473
1341840852.794631 1.443313479 -0.064196981 -0.043577060 0.019702423 0.055416510 -0.015374701 0.998150527
1341840852.830583 1.445601463 -0.083863743 -0.040754378 0.013946014 0.057580132 -0.018184915 0.998077810
1341840852.862990 1.442530990 -0.074271508 -0.042210430 0.022382814 0.060946815 -0.020511610 0.997679174
1341840852.898597 1.448068023 -0.047521196 -0.045506090 0.030182209 0.059605386 -0.020395791 0.997557163
1341840852.930367 1.450384140 -0.062724121 -0.043004811 0.018011747 0.058432776 -0.019541774 0.997937560
1341840852.962482 1.444688678 -0.079463229 -0.038698271 0.013775584 0.060947221 -0.020194419 0.997841597
1341840852.998535 1.453401208 -0.067411430 -0.043673575 0.021229956 0.058443975 -0.021515924 0.997833014
1341840853.037588 1.453955770 -0.064209610 -0.044033840 0.020906944 0.059882995 -0.022268390 0.997737944
1341840853.066770 1.452981234 -0.073160410 -0.043058306 0.018018287 0.060565379 -0.022299949 0.997752428
1341840853.098354 1.460712910 -0.068584993 -0.045497879 0.021354048 0.057513162 -0.022887541 0.997853875
1341840853.131999 1.468872547 -0.063526623 -0.047084190 0.022511903 0.056411915 -0.023981743 0.997865617
1341840853.166530 1.467860222 -0.075712107 -0.046643034 0.018915709 0.058645878 -0.025727876 0.997767985
1341840853.198406 1.467780471 -0.065038763 -0.049512520 0.025841799 0.058533620 -0.027886817 0.997561216
1341840853.231726 1.482916355 -0.045879878 -0.052758411 0.029718280 0.053328056 -0.029424844 0.997700930
1341840853.266442 1.488765121 -0.062663384 -0.050326928 0.019012731 0.055126950 -0.031192124 0.997810900
1341840853.298516 1.487418532 -0.084999003 -0.049980164 0.014625631 0.058040101 -0.031878456 0.997697949
1341840853.334385 1.487144947 -0.064057052 -0.054347828 0.027608354 0.056781031 -0.033619229 0.997438431
1341840853.366351 1.502680182 -0.048910614 -0.057409093 0.030581743 0.050501797 -0.034207582 0.997669339
1341840853.398402 1.507871747 -0.065789953 -0.056401342 0.022415286 0.051222153 -0.034244023 0.997848272
1341840853.434335 1.507546425 -0.063291147 -0.057925142 0.024395280 0.053294215 -0.035776325 0.997639537
1341840853.466387 1.508676291 -0.056778893 -0.058816656 0.025810648 0.053263504 -0.037242416 0.997551918
1341840853.498430 1.518812299 -0.064270310 -0.058593251 0.023087602 0.050240513 -0.039132722 0.997703075
1341840853.534407 1.523593783 -0.062089335 -0.059694357 0.025027096 0.051666673 -0.040011104 0.997548640
1341840853.566451 1.519285679 -0.046546265 -0.059747733 0.029151147 0.054979846 -0.040172271 0.997253001
1341840853.602691 1.527760983 -0.044114765 -0.061018959 0.025237517 0.052243084 -0.040370241 0.997498870
1341840853.634832 1.531387210 -0.062275913 -0.058395758 0.016205914 0.052805446 -0.041052923 0.997628987
1341840853.666488 1.528858542 -0.069825113 -0.058655761 0.016798839 0.054243505 -0.042805780 0.997468352
1341840853.702424 1.531765223 -0.048136298 -0.060721613 0.026163656 0.052787200 -0.043834571 0.997300088
1341840853.734353 1.539399624 -0.042033635 -0.060588121 0.024027443 0.049310859 -0.046129696 0.997428298
1341840853.766467 1.543894529 -0.065075718 -0.057379566 0.015176195 0.048505463 -0.047344442 0.997584760
1341840853.802607 1.546366096 -0.056361631 -0.060268819 0.022212559 0.049171180 -0.048073646 0.997385442
1341840853.834576 1.548727274 -0.038831193 -0.061618961 0.026637670 0.049531244 -0.049919806 0.997168541
1341840853.870615 1.554890990 -0.044016372 -0.060586534 0.021469520 0.048408397 -0.051454227 0.997270346
1341840853.902573 1.556852698 -0.049600307 -0.060141906 0.017964775 0.049741928 -0.052008849 0.997245252
1341840853.940152 1.554133177 -0.046369553 -0.060302399 0.019038120 0.051850595 -0.052892897 0.997071385
1341840853.970342 1.564819217 -0.039272863 -0.062356994 0.019980816 0.048123918 -0.053838398 0.997189224
1341840854.002413 1.574865341 -0.047003854 -0.061795898 0.015368502 0.047421660 -0.055425432 0.997217655
1341840854.034566 1.571755052 -0.051590420 -0.061108224 0.015338556 0.052589204 -0.057341032 0.996850610
1341840854.070475 1.569492102 -0.038683675 -0.063858435 0.020797404 0.055422179 -0.057383072 0.996595681
1341840854.102373 1.570968270 -0.037087858 -0.064356014 0.019328550 0.054256063 -0.056686442 0.996729314
1341840854.138343 1.581891060 -0.043770641 -0.064256363 0.016243948 0.050040830 -0.057198741 0.996975601
1341840854.170475 1.589547634 -0.050481424 -0.065256514 0.016225973 0.050338607 -0.057534274 0.996941626
1341840854.202459 1.583251715 -0.040380985 -0.068537995 0.022299299 0.054919347 -0.056810241 0.996623933
1341840854.238384 1.576860189 -0.034859505 -0.070362285 0.022805355 0.055482998 -0.057147905 0.996561944
1341840854.270355 1.587963343 -0.048173111 -0.069818780 0.018878059 0.049004454 -0.057223063 0.996979296
1341840854.306367 1.605684280 -0.044756394 -0.072086342 0.023894515 0.044744678 -0.056763537 0.997098207
1341840854.338540 1.598314762 -0.033501685 -0.073492587 0.028295210 0.051383361 -0.056486864 0.996678650
1341840854.370427 1.592958093 -0.029892087 -0.074306495 0.027280424 0.052324742 -0.054771025 0.996753752
1341840854.406491 1.603589773 -0.036224652 -0.072712265 0.023720911 0.046775434 -0.054435387 0.997138977
1341840854.438402 1.608696103 -0.035794541 -0.074308746 0.024339605 0.046617415 -0.053326346 0.997191429
1341840854.470341 1.601737022 -0.027907545 -0.075437270 0.025557768 0.048850562 -0.052950010 0.997074068
1341840854.506442 1.615370631 -0.029262424 -0.071876213 0.023254955 0.042078115 -0.054258522 0.997368872
1341840854.538722 1.628304958 -0.032320265 -0.072211310 0.022076000 0.040711101 -0.054613750 0.997433007
1341840854.574331 1.623613954 -0.025122391 -0.071672037 0.022967067 0.047617700 -0.055568464 0.997054279
1341840854.606460 1.615990281 -0.031448174 -0.069323704 0.019520072 0.050810117 -0.056610491 0.996911526
1341840854.638476 1.621404171 -0.026631823 -0.069924779 0.021324921 0.048261613 -0.054528229 0.997117221
1341840854.674312 1.628417373 -0.024897773 -0.069476187 0.019759815 0.046141636 -0.053514458 0.997304678
1341840854.706362 1.627593517 -0.034936786 -0.068335995 0.015681416 0.046664011 -0.055475410 0.997245729
1341840854.738328 1.635888100 -0.030887634 -0.068571188 0.018121103 0.044563916 -0.056458846 0.997245252
1341840854.774384 1.635275722 -0.030915454 -0.068187326 0.017334251 0.046708185 -0.056409445 0.997163892
1341840854.806396 1.636511087 -0.030018445 -0.067672774 0.017390355 0.046444569 -0.057764132 0.997097671
1341840854.842383 1.641441464 -0.036460172 -0.066995032 0.014857158 0.045363221 -0.059342369 0.997095764
1341840854.874351 1.637640715 -0.056332421 -0.066507056 0.011242346 0.046572749 -0.059486926 0.997078717
1341840854.906375 1.634849310 -0.039618090 -0.069785625 0.022423724 0.045841817 -0.058989935 0.996953309
1341840854.942414 1.642692685 -0.021799758 -0.070987925 0.027474144 0.040022336 -0.061436873 0.996929765
1341840854.974632 1.659591675 -0.043120224 -0.067805931 0.018245269 0.033778802 -0.063485302 0.997244060
1341840855.006485 1.660159111 -0.052876394 -0.067518681 0.019585483 0.037152488 -0.064724259 0.997018993
1341840855.042409 1.657610178 -0.023140248 -0.070428148 0.031848799 0.038716663 -0.066485874 0.996527135
1341840855.074380 1.676643491 -0.015458362 -0.069263637 0.027268952 0.033595119 -0.068740867 0.996695757
