1341840840.133310 0.061329030 0.029774042 0.006628879 -0.013858420 -0.011436818 -0.006135748 0.999819696
1341840840.169494 0.062212251 0.018307548 0.006431133 -0.017591981 -0.010319664 -0.005028505 0.999779344
1341840840.201335 0.057584636 0.033953086 0.004148356 -0.010521838 -0.008432548 -0.006639145 0.999887049
1341840840.233363 0.073869303 0.040889271 0.003000025 -0.012211222 -0.013283276 -0.002953396 0.999832869
1341840840.269407 0.069639951 0.029540820 0.007553074 -0.018727101 -0.009693785 -0.002468476 0.999774575
1341840840.294570 0.072755158 0.027947007 0.007995780 -0.017897416 -0.009349875 -0.002235252 0.999793589
1341840840.330394 0.091086075 0.022024574 0.004224571 -0.019124720 -0.013557929 0.001036765 0.999724627
1341840840.362487 0.086412415 0.030162908 -0.001097574 -0.015116390 -0.011592257 0.002952899 0.999814153
1341840840.394382 0.083256640 0.036827952 0.003153508 -0.014729114 -0.013333452 0.004884335 0.999790668
1341840840.430325 0.094205603 0.029200248 0.009150377 -0.017605187 -0.016561188 0.006645573 0.999685764
1341840840.462407 0.090727702 0.035570595 0.003927661 -0.012955941 -0.012166223 0.005754653 0.999825478
1341840840.494502 0.091046102 0.039969061 0.003130885 -0.014281563 -0.011217535 0.006697349 0.999812663
1341840840.530297 0.096766166 0.032307636 0.007097777 -0.019295890 -0.013218083 0.009017823 0.999685764
1341840840.562361 0.118500493 0.030941753 0.005319351 -0.019490898 -0.018474879 0.010201708 0.999587297
1341840840.598321 0.118827425 0.031003805 0.003835168 -0.019906776 -0.018403476 0.011178119 0.999569952
1341840840.630280 0.122901045 0.021799954 0.004783100 -0.022369418 -0.021733653 0.013866631 0.999417365
1341840840.662439 0.128275231 0.033954453 0.003204258 -0.015074540 -0.024812847 0.012509434 0.999500155
1341840840.698371 0.137079731 0.040763486 0.005488426 -0.013732844 -0.024939913 0.011423740 0.999529362
1341840840.730361 0.149607971 0.028935814 0.010208782 -0.018518602 -0.025236910 0.012915259 0.999426484
1341840840.762407 0.142100349 0.023506077 0.004088152 -0.016839115 -0.019463465 0.011634977 0.999601066
1341840840.798303 0.137019530 0.038526218 0.000119373 -0.009869928 -0.017330311 0.010486171 0.999746144
1341840840.830375 0.152628765 0.036585689 0.005433050 -0.012616150 -0.021254621 0.011225996 0.999631464
1341840840.866393 0.158446804 0.025520213 0.008535557 -0.014933843 -0.019718546 0.011251189 0.999630749
1341840840.898320 0.154530853 0.031735934 0.002276342 -0.008623733 -0.015608240 0.009078561 0.999799788
1341840840.930454 0.151149884 0.040978391 -0.002436454 -0.006625082 -0.012731040 0.007785569 0.999866724
1341840840.966498 0.162542656 0.038542997 0.004226836 -0.011166708 -0.014961598 0.008027062 0.999793530
1341840840.998398 0.170144141 0.036810558 0.006195198 -0.011233876 -0.014784065 0.007902818 0.999796391
1341840841.034538 0.187143505 0.051769562 0.005156956 -0.006460808 -0.015453707 0.005740500 0.999843240
1341840841.066345 0.180608466 0.058131706 0.003080610 -0.007352277 -0.008182220 0.004642573 0.999928713
1341840841.098335 0.179814234 0.040839098 0.004769636 -0.020199062 -0.004614151 0.005994504 0.999767363
1341840841.134331 0.193224862 0.026502315 0.008113738 -0.023705026 -0.009601015 0.007394471 0.999645531
1341840841.166392 0.199883342 0.047769256 0.004708160 -0.012972580 -0.008207642 0.006421378 0.999861538
1341840841.198348 0.202312052 0.047221955 0.003931484 -0.016798509 -0.002883553 0.007893610 0.999823570
1341840841.234400 0.204283506 0.027609214 0.005391549 -0.024595004 -0.001034838 0.011476003 0.999631047
1341840841.266296 0.208648771 0.028332897 0.002024845 -0.018251056 -0.002997575 0.011435750 0.999763548
1341840841.302430 0.211927161 0.042160515 -0.001582224 -0.010820612 -0.002803096 0.012081362 0.999864519
1341840841.334542 0.214224383 0.037127361 -0.003206903 -0.013959623 -0.001225178 0.013718205 0.999807715
1341840841.366311 0.218545541 0.034943469 -0.004161973 -0.014706403 -0.002016583 0.012942563 0.999806046
1341840841.402475 0.219792888 0.034888793 -0.005577509 -0.014642169 -0.002128100 0.011965830 0.999818921
1341840841.434345 0.224522606 0.038319297 -0.006012116 -0.013669622 -0.003369469 0.011409524 0.999835789
1341840841.466383 0.227045044 0.040119637 -0.005990195 -0.014082910 -0.003071153 0.011156077 0.999833882
1341840841.502454 0.229166299 0.035763562 -0.005618819 -0.016327165 -0.003501144 0.010973709 0.999800324
1341840841.534696 0.235454679 0.033099074 -0.005488655 -0.016426306 -0.006009957 0.011599788 0.999779701
1341840841.570470 0.233102500 0.049271230 -0.010750324 -0.010458911 -0.003562492 0.011955837 0.999867439
1341840841.602476 0.256187677 0.051278122 -0.004972754 -0.014868556 -0.008330564 0.012606712 0.999775231
1341840841.634468 0.266489655 0.040576998 0.000480849 -0.019273570 -0.010302106 0.012442484 0.999683738
1341840841.671032 0.258080840 0.039845716 -0.007312070 -0.017723365 -0.004682133 0.011277640 0.999768317
1341840841.702284 0.243692502 0.041652635 -0.010076771 -0.017498119 -0.003185297 0.012974427 0.999757648
1341840841.734304 0.249869674 0.044446491 -0.006800272 -0.018394712 -0.006141238 0.014272856 0.999710023
1341840841.770351 0.266926885 0.039980359 -0.003939860 -0.021334538 -0.009477122 0.016135117 0.999597251
1341840841.802313 0.262172699 0.037475102 -0.008745406 -0.021626215 -0.009228554 0.019046295 0.999542117
1341840841.838370 0.259819776 0.026834631 -0.011745785 -0.024824349 -0.013382195 0.021314934 0.999374986
1341840841.870881 0.268268734 0.034942895 -0.008535060 -0.018644569 -0.023556303 0.016428063 0.999413610
1341840841.902346 0.285266638 0.063680820 -0.002442671 -0.008177206 -0.029839555 0.013209707 0.999433935
1341840841.938375 0.281884640 0.052427635 -0.001861637 -0.016853768 -0.023114527 0.013543153 0.999499023
1341840841.970352 0.256493866 0.038985360 -0.008838139 -0.022704460 -0.016226178 0.012130387 0.999536932
1341840842.006342 0.261114776 0.050383106 -0.008060011 -0.018629821 -0.021167548 0.009165279 0.999560356
1341840842.038475 0.276441187 0.050984181 0.000182546 -0.020072047 -0.026048951 0.007525645 0.999430776
1341840842.070419 0.270788282 0.050577737 -0.003840115 -0.019192059 -0.019329257 0.005480218 0.999613881
1341840842.106404 0.269379795 0.045248386 -0.009025551 -0.022381559 -0.017560322 0.004490091 0.999585211
1341840842.138367 0.266622066 0.031735964 -0.009762552 -0.026521590 -0.018978788 0.003468774 0.999462008
1341840842.170410 0.277646780 0.041645259 -0.009692750 -0.017709896 -0.026113117 0.001177416 0.999501407
1341840842.206430 0.283140272 0.048299059 -0.012151405 -0.012778828 -0.026633374 -0.001963260 0.999561667
1341840842.238319 0.299015313 0.049599450 -0.013878085 -0.011316320 -0.027693974 -0.006558280 0.999530852
1341840842.274385 0.306400806 0.048152361 -0.012684941 -0.009681112 -0.028187877 -0.011738816 0.999486804
1341840842.306571 0.301673770 0.047983896 -0.017859062 -0.006450770 -0.022867696 -0.015605536 0.999595881
1341840842.338413 0.282986194 0.048879549 -0.028014565 -0.004833057 -0.018083911 -0.018075285 0.999661386
1341840842.374365 0.303292245 0.039867248 -0.024943039 -0.009173528 -0.025344985 -0.018849825 0.999458909
1341840842.406739 0.305641502 0.040451393 -0.025590451 -0.002646958 -0.029632838 -0.021723807 0.999321222
1341840842.438410 0.325752646 0.078041911 -0.024155041 0.012433290 -0.035523672 -0.025811816 0.998958051
1341840842.474299 0.345736772 0.083733760 -0.016169509 0.005069728 -0.033001665 -0.030512890 0.998976529
1341840842.506377 0.336503953 0.090251960 -0.014187718 0.008871260 -0.027577145 -0.023212740 0.999310732
1341840842.542388 0.337696344 0.044216115 -0.020742137 0.005063978 -0.003798963 -0.036552392 0.999311686
1341840842.574346 0.331209600 0.074264511 -0.031147387 0.018077478 0.003096666 -0.038989682 0.999071240
1341840842.606530 0.346399814 0.081988767 -0.024124958 0.014291384 0.003752211 -0.035360578 0.999265373
1341840842.642329 0.344172269 0.051206078 -0.017939519 -0.001287826 0.010958671 -0.031453378 0.999444306
1341840842.674386 0.327037603 0.042294409 -0.036696099 -0.000452977 0.018995849 -0.033001479 0.999274671
1341840842.706548 0.345246732 0.068356380 -0.031895548 0.009941068 0.008226509 -0.035014331 0.999303460
1341840842.742312 0.394444197 0.048453424 -0.017103197 0.001647549 -0.005439014 -0.036355812 0.999322772
1341840842.774261 0.379432380 0.061141066 -0.012478747 0.013252660 0.019517142 -0.034131762 0.999138892
1341840842.810490 0.353053808 0.057256758 -0.036168806 0.014348053 0.036965564 -0.037818942 0.998497546
1341840842.842296 0.340658456 0.072412856 -0.045042895 0.016247036 0.039692875 -0.038530011 0.998336613
1341840842.874411 0.365011394 0.062563494 -0.031830624 0.007538137 0.027909223 -0.035937000 0.998935819
1341840842.910377 0.380302221 0.045708917 -0.026656542 0.003430460 0.024751339 -0.033997048 0.999109507
1341840842.942647 0.368400335 0.057631988 -0.039268550 0.011394463 0.031940930 -0.035878930 0.998780549
1341840842.974535 0.380032808 0.068346620 -0.034837469 0.013809132 0.027403239 -0.038274307 0.998795986
1341840843.010449 0.403248072 0.055192959 -0.025834752 0.008162248 0.022793693 -0.035919521 0.999061346
1341840843.042429 0.383755177 0.050589107 -0.035517521 0.008815026 0.037948437 -0.031623729 0.998740256
1341840843.078385 0.360584229 0.062501699 -0.050113682 0.012613251 0.045306273 -0.029684480 0.998452365
1341840843.110373 0.389657080 0.066973574 -0.039169982 0.010523258 0.027403640 -0.029243400 0.999141157
1341840843.142285 0.428140074 0.058855198 -0.018764496 0.008873860 0.015056231 -0.029595114 0.999409199
1341840843.178476 0.428023696 0.057141125 -0.024133315 0.012856585 0.028736502 -0.028419761 0.999100208
1341840843.210589 0.383518964 0.060835060 -0.048559692 0.013990210 0.051371325 -0.031057797 0.998098493
1341840843.246317 0.391175807 0.064349309 -0.046186484 0.012465042 0.043013606 -0.034141835 0.998413146
1341840843.278543 0.426432312 0.064571619 -0.023957292 0.012853813 0.029971767 -0.033571556 0.998904109
1341840843.310587 0.424794316 0.051862560 -0.027035013 0.012265943 0.039490595 -0.031622816 0.998644114
1341840843.346529 0.408355236 0.056444135 -0.046762690 0.015296195 0.050233934 -0.032355957 0.998096049
1341840843.385053 0.406238526 0.068010256 -0.050078616 0.014378971 0.050002329 -0.033331100 0.998089194
1341840843.411509 0.428562969 0.061471585 -0.034225944 0.007422468 0.041891575 -0.028632624 0.998684227
1341840843.447220 0.424049228 0.052551653 -0.038004082 0.004845581 0.046811961 -0.026706476 0.998534918
1341840843.478671 0.410869062 0.065877803 -0.047761217 0.008650376 0.052918058 -0.030013079 0.998110235
1341840843.515039 0.429120064 0.066300593 -0.036100376 0.004395739 0.044305783 -0.032054264 0.998493969
1341840843.548527 0.445906937 0.044445071 -0.024171017 -0.003684608 0.040562663 -0.031811804 0.998663664
1341840843.582569 0.434635848 0.045964308 -0.036459032 0.001579013 0.048745383 -0.033320755 0.998254061
1341840843.614798 0.427754402 0.064598955 -0.042863417 0.006511608 0.051207922 -0.034548499 0.998068988
1341840843.653429 0.432649136 0.056580599 -0.033963084 -0.000900230 0.047837857 -0.034055393 0.998273969
1341840843.687928 0.442484498 0.044119820 -0.027470924 -0.003598402 0.044887055 -0.034735959 0.998381495
1341840843.720258 0.446238339 0.048767213 -0.033863910 0.000071230 0.045524012 -0.035020553 0.998349249
1341840843.785505 0.451875776 0.045443099 -0.028074196 -0.003321908 0.043718901 -0.034684103 0.998436093
1341840843.814703 0.453444153 0.045489218 -0.027735814 -0.001224143 0.044665564 -0.035322264 0.998376608
1341840843.846439 0.450390667 0.046419557 -0.031385500 -0.000713664 0.047406126 -0.034430075 0.998281896
1341840843.882429 0.458059192 0.046699449 -0.028903924 -0.000977272 0.044682648 -0.034549840 0.998403132
1341840843.914321 0.465069056 0.049260225 -0.023010345 0.000521190 0.044291344 -0.036804121 0.998340368
1341840843.946316 0.470439911 0.041582868 -0.022922328 -0.001508413 0.046471402 -0.036902320 0.998236597
1341840843.982401 0.464613616 0.045442533 -0.027451193 -0.000392187 0.051496163 -0.036980223 0.997988224
1341840844.014387 0.464972734 0.046021111 -0.023666555 -0.002037010 0.051436312 -0.037768513 0.997959733
1341840844.050399 0.480222195 0.024033096 -0.018360164 -0.007839238 0.046078116 -0.039425831 0.998128712
1341840844.082349 0.482692152 0.032935817 -0.023808524 0.000904214 0.049024649 -0.040628944 0.997970462
1341840844.114393 0.476701736 0.039992657 -0.027673483 0.002253151 0.054131094 -0.040229391 0.997720599
1341840844.150523 0.485625356 0.032378871 -0.024266591 -0.001984874 0.050371777 -0.041617196 0.997861087
1341840844.182299 0.502828300 0.026367610 -0.014994094 -0.002749941 0.045280751 -0.041779451 0.998096466
1341840844.218448 0.505233347 0.020073853 -0.013756040 -0.001044464 0.047664139 -0.043201782 0.997928143
1341840844.250566 0.492551774 0.026801905 -0.025943972 0.004983563 0.055999782 -0.045407996 0.997385263
1341840844.282274 0.490194499 0.033711325 -0.028174713 0.004891201 0.056458253 -0.044366967 0.997406721
1341840844.318322 0.494221479 0.017282346 -0.023812866 -0.002783238 0.053157631 -0.043615788 0.997629285
1341840844.350432 0.504526556 0.014220024 -0.024046754 0.001140199 0.047916699 -0.046993196 0.997744620
1341840844.382375 0.515292585 0.028102310 -0.024421241 0.007706209 0.045946412 -0.049182408 0.997702658
1341840844.418837 0.511134982 0.016426291 -0.024263494 0.000502460 0.049952477 -0.048785552 0.997559190
1341840844.450418 0.506442487 0.009745834 -0.025196420 0.000053569 0.049657281 -0.048719443 0.997577310
1341840844.486330 0.518267989 0.008170409 -0.025898026 0.002115565 0.043007042 -0.051375985 0.997750640
1341840844.518335 0.532148242 0.016241927 -0.021674005 0.007922050 0.041019760 -0.053062443 0.997716844
1341840844.550458 0.523896813 0.018905865 -0.024533357 0.008265333 0.048568323 -0.053171333 0.997369349
1341840844.586351 0.519507349 0.006359515 -0.026659770 0.002821614 0.048554230 -0.052987665 0.997410059
1341840844.618382 0.527117610 0.010251599 -0.026210474 0.004849915 0.043607991 -0.052898180 0.997635543
1341840844.650334 0.534655213 0.012676822 -0.023707591 0.004555744 0.041162752 -0.053430676 0.997712433
1341840844.686320 0.538236320 0.003978207 -0.019142706 0.001766164 0.041135065 -0.055146392 0.997629046
1341840844.718495 0.543485224 0.003527001 -0.020592475 0.004013649 0.041053802 -0.056480993 0.997551203
1341840844.757582 0.540800035 0.012458560 -0.021409230 0.006102799 0.043818042 -0.056421656 0.997426391
1341840844.791011 0.543508649 -0.000386970 -0.018670149 0.000182660 0.042215485 -0.055777065 0.997550368
1341840844.818394 0.556326389 -0.001366396 -0.020278515 0.001602116 0.038047604 -0.056010734 0.997703671
1341840844.854307 0.561632276 -0.000608020 -0.018512504 0.001859254 0.038670070 -0.054872416 0.997742534
1341840844.888045 0.559705377 0.001876228 -0.019643197 0.002742906 0.041142844 -0.053280674 0.997727871
1341840844.918612 0.567309022 0.001569806 -0.018945629 0.000701823 0.038402122 -0.052337538 0.997890532
1341840844.954718 0.571937323 0.002183523 -0.014970455 0.000219576 0.037694193 -0.052260399 0.997921824
1341840844.986719 0.576172054 0.002979208 -0.013821768 0.001085879 0.038728330 -0.052829072 0.997851670
1341840845.022279 0.584150314 -0.004235206 -0.013552323 -0.001620241 0.038598161 -0.051967427 0.997901261
1341840845.054280 0.585584342 -0.004067438 -0.012954749 -0.000786651 0.041296892 -0.050178416 0.997885823
1341840845.086344 0.593532979 -0.002135837 -0.014800187 -0.000512519 0.041480999 -0.049004734 0.997936666
1341840845.123640 0.593730390 -0.010107844 -0.013066214 -0.005097323 0.040856726 -0.050121024 0.997894108
1341840845.154408 0.594948530 -0.018904462 -0.012215201 -0.004869746 0.039922796 -0.053357165 0.997765243
1341840845.186393 0.601638556 -0.004195053 -0.015216479 0.000468783 0.038167801 -0.050952915 0.997971356
1341840845.222296 0.595801413 -0.010415242 -0.013935436 -0.006150288 0.038808960 -0.047806386 0.998083413
1341840845.254440 0.606219471 -0.019489463 -0.012433864 -0.007935267 0.032340091 -0.049825445 0.998202682
1341840845.290376 0.621079147 -0.011784772 -0.011772068 -0.003487049 0.029001914 -0.052166101 0.998211086
1341840845.322289 0.611292839 -0.014994754 -0.011176687 -0.006224726 0.037068464 -0.052292090 0.997924209
1341840845.354494 0.596134901 -0.020977065 -0.010839585 -0.008123707 0.040968560 -0.052845448 0.997728884
1341840845.390309 0.604399920 -0.021900384 -0.010779312 -0.004498357 0.032504082 -0.054459542 0.997976661
1341840845.422339 0.618446648 -0.016213363 -0.011123322 0.001139305 0.026203627 -0.056954298 0.998032212
1341840845.458335 0.631233096 -0.006201954 -0.012678394 0.003548231 0.024177682 -0.057991285 0.998017967
1341840845.490264 0.630550981 -0.014541968 -0.010064330 -0.003242114 0.028451392 -0.058428675 0.997880816
1341840845.522343 0.619713306 -0.018730951 -0.008379836 -0.005165734 0.034617264 -0.057594832 0.997726321
1341840845.558310 0.612237632 -0.018710367 -0.009980932 -0.005168981 0.034896363 -0.055945423 0.997810423
1341840845.597232 0.619311273 -0.019385783 -0.010397144 -0.004966531 0.027240621 -0.054786962 0.998114049
1341840845.622577 0.632831097 -0.015380023 -0.008682180 -0.001945512 0.020609267 -0.054592505 0.998294115
1341840845.658634 0.650208473 -0.012570452 -0.010050162 -0.001671349 0.017161733 -0.055017803 0.998336494
1341840845.690353 0.651208401 -0.014107105 -0.009121794 -0.004443261 0.019894747 -0.057487346 0.998138070
1341840845.729069 0.645014346 -0.016705833 -0.006470662 -0.005434541 0.024319949 -0.058734205 0.997962594
1341840845.758375 0.644717216 -0.016575865 -0.009032557 -0.004401395 0.025243618 -0.057596177 0.998011053
1341840845.790466 0.641957223 -0.018896615 -0.011075117 -0.005445094 0.023064395 -0.058649838 0.997997344
1341840845.826375 0.655825734 -0.009256422 -0.011133432 -0.002050227 0.013679489 -0.060754556 0.998056889
1341840845.858782 0.682161629 -0.005838579 -0.006717300 -0.002403606 0.007171429 -0.062360071 0.998025060
1341840845.890417 0.675103784 -0.025094436 -0.007334417 -0.009849366 0.017579168 -0.063500546 0.997778356
1341840845.926383 0.666860342 -0.015415740 -0.011989951 -0.003237798 0.021688113 -0.064765491 0.997659564
1341840845.958390 0.672547042 -0.001004203 -0.010149009 0.000134226 0.019049132 -0.065035619 0.997701108
1341840845.994269 0.678557754 -0.018563107 -0.009880885 -0.007686343 0.018631727 -0.064230926 0.997731507
1341840846.026558 0.682209730 -0.016659496 -0.012057919 -0.004549048 0.018822853 -0.063375033 0.997801840
1341840846.058807 0.686943352 -0.016191209 -0.014174364 -0.005487921 0.016562942 -0.062931485 0.997865319
1341840846.094265 0.698038816 -0.019144643 -0.012504837 -0.006447117 0.011801638 -0.063988879 0.997859955
1341840846.126378 0.714791834 -0.012393596 -0.010522472 -0.002102609 0.011580945 -0.064058758 0.997876704
1341840846.158446 0.708365977 -0.013611004 -0.013025820 -0.003017193 0.019909395 -0.063518278 0.997777462
1341840846.194427 0.700838149 -0.007828451 -0.013130976 -0.002705463 0.022711961 -0.062798336 0.997764111
1341840846.226385 0.715003073 -0.014879390 -0.013286271 -0.007780464 0.018486677 -0.061502747 0.997905374
1341840846.262497 0.730421066 -0.017980348 -0.011354191 -0.006285758 0.016907807 -0.059025239 0.998093486
1341840846.294419 0.727860391 -0.012296786 -0.014095794 -0.003259955 0.023135217 -0.058034472 0.998041153
1341840846.326478 0.718206286 -0.015098865 -0.015531290 -0.005863732 0.026469477 -0.058033783 0.997946441
1341840846.362426 0.733472943 -0.012318281 -0.014053153 -0.004142710 0.020186326 -0.058599036 0.998068869
1341840846.394323 0.748852849 -0.012187935 -0.013495257 -0.002479071 0.019529980 -0.057915229 0.998127341
1341840846.430454 0.740024686 -0.005043469 -0.015531782 0.000131598 0.027721068 -0.057290029 0.997972667
1341840846.465291 0.738413572 -0.002321466 -0.016418204 -0.002203926 0.028494326 -0.057903681 0.997913003
1341840846.494473 0.750033736 -0.012007427 -0.014848839 -0.006757434 0.024856834 -0.058075678 0.997979760
1341840846.530439 0.756794810 -0.012231552 -0.015117891 -0.003494924 0.026794013 -0.056057800 0.998061836
1341840846.562569 0.749398112 -0.004131119 -0.017175019 0.000423353 0.032639667 -0.053918861 0.998011649
1341840846.594486 0.752648473 0.004455111 -0.019178765 0.000094541 0.030534115 -0.054498587 0.998046875
1341840846.630509 0.769930840 -0.003173954 -0.017568173 -0.005835135 0.025225205 -0.055547602 0.998120308
1341840846.662363 0.792309523 -0.016429374 -0.017909078 -0.007605326 0.023862191 -0.056184758 0.998106241
1341840846.698323 0.777355492 0.002752987 -0.018789124 0.002369756 0.036684155 -0.057802644 0.997650981
1341840846.730390 0.764006674 0.014019353 -0.017936632 0.001586261 0.041319016 -0.059947092 0.997344732
1341840846.762470 0.774848819 0.000773525 -0.017687965 -0.006199063 0.035500292 -0.059096899 0.997601509
1341840846.798363 0.788365602 0.007731091 -0.019107185 -0.002526698 0.033689689 -0.059057496 0.997682750
1341840846.830356 0.780016065 0.014067889 -0.016324431 -0.003949722 0.040034115 -0.060240753 0.997372925
1341840846.862350 0.784606159 0.002620467 -0.017015208 -0.009215760 0.037371796 -0.060833804 0.997405469
1341840846.898489 0.800945818 0.018718075 -0.017837185 -0.002941503 0.033138946 -0.061909191 0.997527122
1341840846.930380 0.803482771 0.028839903 -0.017228317 -0.004463937 0.036100436 -0.062811524 0.997362256
1341840846.966358 0.789186656 0.008202280 -0.014928102 -0.015857294 0.042164396 -0.061945379 0.997062385
1341840846.998844 0.790121555 0.009180916 -0.015416812 -0.012942592 0.039025899 -0.063198574 0.997153640
1341840847.030411 0.807622671 0.029532161 -0.016764984 -0.006511998 0.032559950 -0.064225435 0.997382820
1341840847.066359 0.808741152 0.022630403 -0.015709143 -0.012901996 0.035148900 -0.064162269 0.997236848
1341840847.098410 0.797387123 0.012699876 -0.014312826 -0.017538683 0.039889682 -0.063795976 0.997011185
1341840847.130366 0.802756190 0.017074522 -0.015285131 -0.015653456 0.036182843 -0.064636730 0.997129798
1341840847.166401 0.813725352 0.025413850 -0.016137823 -0.014039977 0.033530507 -0.064039513 0.997285068
1341840847.198307 0.808620632 0.011407962 -0.015484653 -0.019889977 0.037115324 -0.063210800 0.997111440
1341840847.234496 0.804883003 0.007537436 -0.014975499 -0.017233649 0.037204150 -0.063301988 0.997151792
1341840847.266747 0.815858364 0.022979897 -0.017145198 -0.009888571 0.030958237 -0.063075073 0.997479498
1341840847.298356 0.828841925 0.021040458 -0.016705139 -0.012655087 0.027428903 -0.062683165 0.997576237
1341840847.334573 0.821204185 0.012727972 -0.015827455 -0.015485277 0.032635655 -0.062905706 0.997365534
1341840847.366405 0.819280982 0.010705672 -0.015700240 -0.013534252 0.032439250 -0.063408948 0.997368455
1341840847.398361 0.830633521 0.018028915 -0.017588103 -0.009625239 0.027955638 -0.065421715 0.997419596
1341840847.434625 0.840841353 0.021811614 -0.018189609 -0.009878593 0.028585477 -0.066938683 0.997298598
1341840847.466370 0.830538392 0.012538151 -0.014600132 -0.014521969 0.036996014 -0.066213928 0.997013628
1341840847.502590 0.823005497 0.011462818 -0.014154032 -0.013598709 0.039318692 -0.065291457 0.996998549
1341840847.534309 0.830337882 0.022422750 -0.014626496 -0.010427690 0.035181776 -0.065656319 0.997167408
1341840847.566354 0.844742894 0.015472181 -0.013435289 -0.014868984 0.031557739 -0.065162703 0.997264683
1341840847.603337 0.838672876 0.005001588 -0.012559183 -0.017564721 0.036872588 -0.064651385 0.997071743
1341840847.634465 0.835329473 0.010839440 -0.011142883 -0.013349975 0.038235631 -0.065324523 0.997041941
1341840847.670420 0.846201122 0.013019291 -0.013141941 -0.012545790 0.034085810 -0.065226004 0.997209251
1341840847.702420 0.858574569 0.021814128 -0.012239020 -0.010318249 0.033042833 -0.064318776 0.997328818
1341840847.734342 0.859481752 0.011844101 -0.009602670 -0.016413555 0.036151733 -0.063397080 0.997198284
1341840847.770464 0.852228820 -0.004826713 -0.008036338 -0.020624883 0.038976766 -0.063821338 0.996986568
1341840847.802407 0.859799206 0.006786187 -0.010910299 -0.012226259 0.035795182 -0.064961046 0.997170627
1341840847.834306 0.865646482 0.009400164 -0.011588365 -0.012460695 0.036048010 -0.065718822 0.997108996
1341840847.870532 0.865753770 0.004204275 -0.008739762 -0.013884853 0.038140479 -0.064405434 0.997098029
1341840847.902485 0.865289152 0.011288814 -0.009111717 -0.010474391 0.037958592 -0.062897108 0.997242868
1341840847.938405 0.873299062 0.007198132 -0.008517362 -0.014028663 0.034210131 -0.063562229 0.997292697
1341840847.970339 0.877191126 -0.002798621 -0.008410022 -0.015968509 0.032978054 -0.064416423 0.997250199
1341840848.002312 0.879223406 -0.001993086 -0.009498321 -0.013177200 0.032319147 -0.064700000 0.997294188
1341840848.038354 0.883569479 -0.000422139 -0.009829149 -0.011060729 0.029921323 -0.064981103 0.997376442
1341840848.070743 0.893912256 0.000880350 -0.011124942 -0.009528080 0.026623655 -0.065057665 0.997480810
1341840848.102909 0.899941325 0.005572513 -0.009645607 -0.007658206 0.027419405 -0.065407157 0.997452497
1341840848.138432 0.898593605 0.006229437 -0.008398376 -0.008829054 0.030446934 -0.065291144 0.997362614
1341840848.170385 0.902656794 0.001504533 -0.007249318 -0.011236567 0.029762259 -0.065077774 0.997372985
1341840848.206548 0.906562805 -0.005038631 -0.008162580 -0.012105902 0.029563986 -0.063907661 0.997444391
1341840848.238651 0.908790767 -0.000705260 -0.008765303 -0.008969821 0.029965207 -0.062963232 0.997525573
1341840848.277372 0.914842010 0.000159604 -0.008051019 -0.009436321 0.028386168 -0.063061439 0.997561276
1341840848.313384 0.917347014 -0.008293523 -0.008253518 -0.012353014 0.028153513 -0.063493073 0.997508585
1341840848.345285 0.923233092 -0.006806050 -0.008764684 -0.009870745 0.027422125 -0.063583836 0.997550845
1341840848.377729 0.927125514 0.001458223 -0.008072838 -0.006120246 0.028252572 -0.063602380 0.997556567
1341840848.413434 0.930991292 -0.001707048 -0.007864486 -0.008490838 0.028132843 -0.063754901 0.997532845
1341840848.446614 0.936514378 -0.006111385 -0.006931573 -0.009742835 0.028361680 -0.062275402 0.997608364
1341840848.477376 0.936086655 -0.005030467 -0.007426590 -0.008086814 0.030783573 -0.060402449 0.997666538
1341840848.514358 0.942576230 0.002591036 -0.006752424 -0.006440194 0.029210329 -0.059540998 0.997777641
1341840848.545352 0.950685501 -0.017629288 -0.007694669 -0.015199637 0.026936948 -0.059904717 0.997724831
1341840848.581630 0.955849469 -0.023765000 -0.007348157 -0.011501687 0.029788082 -0.060456831 0.997659922
1341840848.613497 0.947277248 -0.005499259 -0.010557100 -0.001254105 0.036158271 -0.058667466 0.997621775
1341840848.645345 0.949672997 -0.004719331 -0.006921947 -0.002541733 0.034087934 -0.055385694 0.997879744
1341840848.681427 0.965203702 -0.023983685 -0.008578356 -0.007662641 0.027052775 -0.053779498 0.998156905
1341840848.713310 0.973263264 -0.022194754 -0.012901820 -0.002233482 0.028123273 -0.055246171 0.998074114
1341840848.745404 0.974505424 -0.014689453 -0.011094783 0.003459553 0.033335775 -0.054083548 0.997973800
1341840848.774529 0.970772028 -0.008166522 -0.012537420 0.006112885 0.037141893 -0.051485650 0.997964084
1341840848.806548 0.975157082 -0.000439906 -0.008822311 0.006307165 0.036894936 -0.048519570 0.998120666
1341840848.842443 0.977121413 -0.026011560 -0.006287970 -0.003243210 0.035933357 -0.045755554 0.998300910
1341840848.874427 0.980885923 -0.022198448 -0.010021571 0.003763010 0.034991942 -0.047485970 0.998251677
1341840848.910589 0.983252943 -0.010728979 -0.011948086 0.008261747 0.035779946 -0.049797095 0.998084068
1341840848.942390 0.987163246 -0.028676897 -0.011922240 0.001238123 0.036643747 -0.048600938 0.998145103
1341840848.974342 0.973766744 -0.028768634 -0.001720943 0.009218338 0.042945825 -0.050228208 0.997771382
1341840849.010480 0.980034113 -0.010123298 -0.013816204 0.019372808 0.036752295 -0.049193844 0.997924805
1341840849.042373 0.993890762 -0.011958464 -0.013338026 0.013873972 0.030213797 -0.049285501 0.998231232
1341840849.074269 0.996945143 -0.026027653 -0.011572938 0.009525742 0.031828873 -0.049510881 0.998220861
1341840849.110433 0.996323287 -0.022339549 -0.010524340 0.014103961 0.034148231 -0.048508883 0.998139203
1341840849.142356 0.993995845 -0.023315869 -0.011275779 0.015554222 0.033798542 -0.049062993 0.998102486
1341840849.178427 0.999140263 -0.017063525 -0.013559371 0.018966408 0.030653276 -0.049658630 0.998115599
1341840849.210439 1.002993464 -0.023230148 -0.011553362 0.017753351 0.029535290 -0.047701310 0.998266995
1341840849.242309 1.006983757 -0.019510601 -0.012443330 0.022822570 0.027576428 -0.046930764 0.998256564
1341840849.278391 1.014101982 -0.015825056 -0.024816455 0.022482950 0.025634753 -0.048476461 0.998242140
1341840849.310332 1.033704638 -0.034617670 -0.032451902 0.012154456 0.022399852 -0.046871085 0.998575807
1341840849.342402 1.034865975 -0.050731577 -0.024163365 0.009476205 0.032973383 -0.045876160 0.998357832
1341840849.378339 1.015659332 -0.032142043 -0.021817371 0.021920595 0.045938093 -0.045265373 0.997677386
1341840849.410390 1.019018292 -0.008126616 -0.023746572 0.029227238 0.042921614 -0.044260934 0.997669518
1341840849.446437 1.035872221 -0.031619374 -0.024386775 0.017510910 0.037298139 -0.041653357 0.998282075
1341840849.478425 1.045717001 -0.042792305 -0.028822839 0.017394532 0.039922845 -0.041336320 0.998195827
1341840849.512199 1.043109894 -0.024147436 -0.030029908 0.025503293 0.048272766 -0.044542439 0.997514546
1341840849.546449 1.052186489 -0.011117496 -0.029530950 0.026818857 0.049590271 -0.045476276 0.997373223
1341840849.578498 1.057053328 -0.024799602 -0.027382150 0.016759353 0.052312851 -0.045053247 0.997473121
1341840849.610692 1.053228736 -0.031173691 -0.020673580 0.015470196 0.059102573 -0.042696580 0.997218430
1341840849.646317 1.058503389 -0.014779127 -0.025616854 0.022437453 0.058816534 -0.041224185 0.997164845
1341840849.685647 1.069596410 -0.003489250 -0.026524141 0.020815654 0.056224789 -0.040234193 0.997389913
1341840849.714708 1.069677353 -0.030773170 -0.023403980 0.005501350 0.061465576 -0.039412651 0.997315586
1341840849.746347 1.058652878 -0.025952410 -0.016024366 0.008885342 0.070709363 -0.040308245 0.996642590
1341840849.778359 1.064426899 -0.010832833 -0.017931297 0.013307755 0.069020338 -0.039907958 0.996727884
1341840849.814323 1.068333030 -0.016850909 -0.014447078 0.007408302 0.068997450 -0.039647788 0.996801138
1341840849.846557 1.062076092 -0.019283216 -0.003043115 0.007335242 0.073961735 -0.040729500 0.996402025
1341840849.882256 1.070581436 -0.019517535 -0.012679711 0.009641661 0.068493322 -0.040305234 0.996790409
1341840849.921575 1.093803763 -0.005191389 -0.020934902 0.012768020 0.059630491 -0.039117247 0.997372091
1341840849.946362 1.091860533 -0.021456219 -0.011272147 0.003190594 0.063018635 -0.040169921 0.997198522
1341840849.982476 1.095257401 -0.025902303 -0.012912810 0.006303960 0.064608969 -0.040736392 0.997058928
1341840850.014371 1.097212911 -0.005887199 -0.017822213 0.015404001 0.065994866 -0.038167968 0.996970713
1341840850.046326 1.091435790 0.000847077 -0.013307780 0.012625366 0.066725731 -0.038811635 0.996936262
1341840850.082415 1.102029920 -0.022806663 -0.012036175 0.001192265 0.060873762 -0.039949100 0.997345030
1341840850.121449 1.107246518 -0.024125474 -0.016572692 0.004921256 0.061756887 -0.040728655 0.997247756
1341840850.157539 1.108242154 -0.006743893 -0.018837668 0.011976216 0.063422784 -0.039510023 0.997132421
1341840850.189410 1.102975965 -0.006325532 -0.014344633 0.008928441 0.064008228 -0.040917888 0.997070193
1341840850.221491 1.114549518 -0.023544075 -0.017591126 0.002734431 0.058231246 -0.041902341 0.997419596
1341840850.257570 1.128003716 -0.020262951 -0.022699669 0.007706895 0.055589076 -0.041585997 0.997557580
1341840850.289374 1.123940468 -0.006000139 -0.022871405 0.012987928 0.060777146 -0.042233620 0.997172892
1341840850.314521 1.121812701 -0.001614481 -0.020503730 0.012316368 0.061401285 -0.044092376 0.997062743
1341840850.350348 1.131568074 -0.012330579 -0.025898889 0.006031613 0.057681125 -0.045612015 0.997274339
1341840850.382480 1.136207104 -0.009714004 -0.024908058 0.007104768 0.059933051 -0.046489313 0.997093916
1341840850.418448 1.124597669 -0.005343214 -0.022484645 0.008664452 0.065804958 -0.046849746 0.996694386
1341840850.450229 1.137253404 -0.010371985 -0.027526408 0.006627901 0.058427718 -0.046956003 0.997164667
1341840850.482352 1.208332419 -0.018040372 -0.036314268 0.006504620 0.028249819 -0.048115689 0.998421013
1341840850.518351 1.185409188 -0.004028616 -0.032427989 0.012313438 0.049243022 -0.052712210 0.997318864
1341840850.550287 1.135572791 0.010354870 -0.019445226 0.016275004 0.072041348 -0.050038733 0.996012688
1341840850.582563 1.130568385 -0.002797673 -0.016248450 0.011855340 0.070329428 -0.049146242 0.996241868
1341840850.618439 1.143997312 -0.011058207 -0.026236072 0.014167916 0.060879786 -0.050062444 0.996788144
1341840850.650443 1.159480691 0.007151683 -0.041168198 0.021936662 0.055106945 -0.049504902 0.997011185
1341840850.686406 1.157741904 0.009986345 -0.033511601 0.017842559 0.058136676 -0.048498891 0.996970236
1341840850.718516 1.146131158 -0.004815813 -0.027533025 0.012436834 0.063489810 -0.048684731 0.996716678
1341840850.750308 1.155921817 0.000799454 -0.034609802 0.017383629 0.058521200 -0.047113433 0.997022271
1341840850.786319 1.168060899 0.009729723 -0.038598806 0.019036008 0.054091636 -0.045345258 0.997324169
1341840850.818316 1.171056986 0.000116702 -0.034941144 0.012706317 0.055385530 -0.045853283 0.997330666
1341840850.854290 1.175996304 -0.004922666 -0.038297549 0.011583082 0.056610607 -0.046514191 0.997244954
1341840850.886322 1.192409873 0.016044043 -0.034268267 0.019999133 0.051188529 -0.043933433 0.997521758
1341840850.918358 1.181004763 0.015843803 -0.026029058 0.017220221 0.058986958 -0.042018563 0.997225344
1341840850.954395 1.181916714 0.004270724 -0.024422318 0.014010707 0.057787765 -0.041142881 0.997382343
1341840850.986448 1.193555474 0.014701627 -0.029492766 0.020413784 0.053495012 -0.039891943 0.997562170
1341840851.018447 1.194552898 0.014012912 -0.029179424 0.018248579 0.055061035 -0.038099363 0.997588933
1341840851.054395 1.191516161 0.003467459 -0.025749139 0.014726120 0.056906238 -0.037780810 0.997555733
1341840851.086362 1.202252030 0.008496751 -0.029439516 0.018638564 0.052895326 -0.038089089 0.997699320
1341840851.122353 1.209211946 0.003772692 -0.030051991 0.017200250 0.052790955 -0.036500048 0.997790039
1341840851.154293 1.204502225 0.007997606 -0.025732487 0.020620100 0.056841835 -0.035577212 0.997536004
1341840851.186482 1.210373759 0.012556497 -0.027457118 0.022696547 0.054811168 -0.035567708 0.997604907
1341840851.222499 1.218462825 0.003355267 -0.026724137 0.019068366 0.052714653 -0.035338353 0.997801960
1341840851.254587 1.226561189 -0.008074636 -0.031049058 0.016658125 0.051042169 -0.034665268 0.997955680
1341840851.286786 1.219724536 0.008307649 -0.025977373 0.024783231 0.055991899 -0.036749076 0.997446835
1341840851.322525 1.223400354 0.008671266 -0.027290836 0.023861956 0.054859515 -0.037775736 0.997493863
1341840851.354461 1.233007669 -0.003063074 -0.027028866 0.019117961 0.052496638 -0.039488271 0.997656882
1341840851.390383 1.239759684 -0.003176105 -0.029675774 0.021005064 0.053277954 -0.040408090 0.997540712
1341840851.422373 1.226547718 -0.004787834 -0.024653837 0.021202393 0.061392605 -0.040565606 0.997063637
1341840851.454333 1.220096827 -0.007446178 -0.023973949 0.023103893 0.060291685 -0.039469238 0.997132540
1341840851.490328 1.242220759 -0.002812345 -0.029215239 0.026496768 0.047758672 -0.039199684 0.997737646
1341840851.522431 1.299409866 -0.019918080 -0.031685010 0.020579724 0.024634006 -0.040164340 0.998677373
1341840851.555777 1.291444421 -0.023632040 -0.029648453 0.023160819 0.032101214 -0.041436303 0.998356700
1341840851.590800 1.249727130 0.002662393 -0.029456496 0.034863450 0.051502902 -0.040264085 0.997251630
1341840851.622401 1.260799289 -0.006868385 -0.030472323 0.027854003 0.046489689 -0.039486781 0.997749269
1341840851.658371 1.310640097 -0.023491468 -0.030785624 0.022906475 0.026560564 -0.039853659 0.998589814
1341840851.690446 1.312860131 -0.022348478 -0.031260163 0.024773188 0.029195666 -0.039719511 0.998476982
1341840851.722387 1.309474945 -0.023829132 -0.028812382 0.024896896 0.031730060 -0.039240189 0.998415530
1341840851.758379 1.314570665 -0.029989904 -0.029948864 0.024181610 0.029801937 -0.039706118 0.998474061
1341840851.790498 1.313380480 -0.032818943 -0.028160632 0.026060114 0.032327637 -0.039591007 0.998352826
1341840851.822502 1.318685055 -0.025855316 -0.030474417 0.031364456 0.030434143 -0.036301639 0.998384774
1341840851.858469 1.334205031 -0.016275547 -0.032002553 0.032946028 0.024692275 -0.035248894 0.998530090
1341840851.890382 1.338411093 -0.041807607 -0.029789895 0.021243887 0.026221849 -0.035084303 0.998814404
1341840851.926297 1.335357428 -0.043525513 -0.029666688 0.025953095 0.031130724 -0.033019815 0.998632550
1341840851.958364 1.330734730 -0.021234158 -0.029864360 0.035225071 0.033433333 -0.031060299 0.998336911
1341840851.990589 1.341563940 -0.029609008 -0.027251996 0.028518997 0.027932059 -0.030747944 0.998729706
1341840852.026374 1.355445147 -0.048478186 -0.028473198 0.022315115 0.025268400 -0.029147869 0.999006450
1341840852.058336 1.348888516 -0.042430267 -0.027672336 0.027883900 0.031620007 -0.026503338 0.998759329
1341840852.094404 1.349756479 -0.030869486 -0.025904700 0.032300554 0.030542627 -0.024871243 0.998701811
1341840852.126392 1.362102032 -0.032905668 -0.027163114 0.028312378 0.024776958 -0.026324626 0.998945236
1341840852.158516 1.373277783 -0.053464271 -0.029165745 0.020482080 0.025580827 -0.026382593 0.999114633
1341840852.194279 1.371992588 -0.052197851 -0.028960437 0.025340477 0.034337930 -0.024999108 0.998776078
1341840852.226380 1.353792191 -0.027093729 -0.021851957 0.034318700 0.042985454 -0.023795899 0.998202443
1341840852.258313 1.360003948 -0.040738739 -0.023557499 0.025512217 0.035531837 -0.023435758 0.998767912
1341840852.294500 1.378382206 -0.066265874 -0.027188562 0.018359162 0.029544711 -0.023879478 0.999109507
1341840852.326311 1.381780148 -0.053312775 -0.029792726 0.027660079 0.034343764 -0.026235757 0.998682618
1341840852.362368 1.377866268 -0.038398717 -0.027352251 0.030858202 0.040305298 -0.026559334 0.998357534
1341840852.394489 1.377472758 -0.056784250 -0.024968423 0.021584192 0.042477358 -0.025129752 0.998548031
1341840852.426307 1.381583333 -0.060318287 -0.025929831 0.023641108 0.043772716 -0.024146006 0.998469770
1341840852.462394 1.385447383 -0.045947324 -0.025135890 0.031256024 0.044289835 -0.020563593 0.998317838
1341840852.494557 1.390338421 -0.043506406 -0.026087984 0.031334281 0.043789584 -0.018279444 0.998381913
1341840852.526348 1.397271037 -0.044469751 -0.024537399 0.029639013 0.044086918 -0.016521135 0.998451233
1341840852.562305 1.400149226 -0.044782981 -0.023598611 0.028987311 0.046373568 -0.015659677 0.998380661
1341840852.594400 1.399224043 -0.043361668 -0.023272604 0.027336765 0.049418069 -0.014380037 0.998300374
1341840852.630345 1.392076969 -0.057865836 -0.019475579 0.021534199 0.053044904 -0.014331356 0.998256981
1341840852.663508 1.398648620 -0.058941223 -0.020419538 0.025787322 0.049524568 -0.014050523 0.998341024
1341840852.694654 1.398451328 -0.041089252 -0.020429157 0.034054726 0.048645668 -0.012887601 0.998152137
1341840852.732477 1.402190685 -0.044661574 -0.019929841 0.029919177 0.045373093 -0.011799066 0.998452187
1341840852.762455 1.408175468 -0.040499952 -0.019899845 0.029835213 0.043301802 -0.011740240 0.998547375
1341840852.794631 1.410284996 -0.048765149 -0.018913113 0.023586666 0.044430971 -0.014054311 0.998635054
1341840852.830583 1.416332960 -0.061512411 -0.016768731 0.020110536 0.044489466 -0.016261296 0.998674989
1341840852.862990 1.421158314 -0.060339402 -0.020566098 0.025576305 0.044940852 -0.019317137 0.998475373
1341840852.898597 1.422945976 -0.035011057 -0.021321282 0.033878926 0.045238994 -0.018382572 0.998232305
1341840852.930367 1.419674754 -0.049602829 -0.019293025 0.021433849 0.046475776 -0.018671596 0.998514891
1341840852.962482 1.425274849 -0.068494655 -0.018062547 0.015591472 0.043861255 -0.018812051 0.998738825
1341840852.998535 1.432514071 -0.055814467 -0.022178084 0.023773458 0.041809350 -0.020032298 0.998641849
1341840853.037588 1.432850599 -0.052464377 -0.022193074 0.023587190 0.043270923 -0.020751856 0.998569310
1341840853.066770 1.430312753 -0.062926248 -0.021927267 0.019648567 0.044686697 -0.021239107 0.998581946
1341840853.098354 1.440340281 -0.056020193 -0.023585126 0.024287354 0.040450521 -0.021320926 0.998658776
1341840853.131999 1.447473407 -0.052272622 -0.024854653 0.025024528 0.039508238 -0.022400033 0.998654664
1341840853.166530 1.445311427 -0.063379347 -0.023835607 0.021538401 0.042289697 -0.024552263 0.998571396
1341840853.198406 1.448348045 -0.053973734 -0.025852047 0.028389597 0.040886357 -0.025929868 0.998423755
1341840853.231726 1.464938760 -0.032562800 -0.030140497 0.033654705 0.034679383 -0.028012492 0.998438776
1341840853.266442 1.469545484 -0.052244015 -0.029065885 0.021224461 0.036761623 -0.030187733 0.998642504
1341840853.298516 1.459475994 -0.072329551 -0.027226716 0.017218774 0.043547500 -0.031359889 0.998410583
1341840853.334385 1.461819410 -0.052321017 -0.030060917 0.030434977 0.041204032 -0.032340478 0.998163342
1341840853.366351 1.474984050 -0.038041037 -0.033807807 0.033297718 0.035393257 -0.033308122 0.998263061
1341840853.398402 1.477415323 -0.053385120 -0.032322615 0.025427736 0.037130121 -0.033274703 0.998432577
1341840853.434335 1.475468040 -0.051623050 -0.033584177 0.027121436 0.039927367 -0.034724858 0.998230636
1341840853.466387 1.476981759 -0.044745609 -0.033824436 0.028966649 0.039787803 -0.036176912 0.998132825
1341840853.498430 1.484475493 -0.052809492 -0.034347899 0.025703834 0.037496839 -0.038074326 0.998240292
1341840853.534407 1.490261197 -0.050392248 -0.034901261 0.027823301 0.038369112 -0.038861994 0.998119950
1341840853.566451 1.486901641 -0.037729345 -0.035469092 0.031280208 0.041391969 -0.038977996 0.997892261
1341840853.602691 1.498592019 -0.032736603 -0.035006307 0.028814849 0.037143614 -0.039282009 0.998121738
1341840853.634832 1.498772621 -0.050647099 -0.033079155 0.019086948 0.038998578 -0.040636785 0.998230159
1341840853.666488 1.494419098 -0.058969606 -0.033649430 0.019065496 0.041350827 -0.042626984 0.998052835
1341840853.702424 1.495126247 -0.039560080 -0.035578378 0.028053213 0.040652577 -0.043111917 0.997848570
1341840853.734353 1.504872799 -0.033168655 -0.035528392 0.026496548 0.036208410 -0.045127451 0.997973144
1341840853.766467 1.505283833 -0.057232473 -0.034119979 0.016165640 0.036922973 -0.046251386 0.998116314
1341840853.802607 1.512554288 -0.047110949 -0.035503700 0.024391171 0.035516355 -0.046624467 0.997982860
1341840853.834576 1.514227748 -0.031305350 -0.037409574 0.028406871 0.036040325 -0.048578843 0.997764647
1341840853.870615 1.526944876 -0.033660218 -0.035458717 0.024460120 0.032059036 -0.050145913 0.997927487
1341840853.902573 1.527785420 -0.036224525 -0.034293279 0.022135125 0.033891816 -0.050823122 0.997886956
1341840853.940152 1.526975036 -0.034486052 -0.034560047 0.022692002 0.035225891 -0.051505025 0.997793317
1341840853.970342 1.535801291 -0.028937086 -0.036517236 0.023169696 0.031996511 -0.052560970 0.997835994
1341840854.002413 1.544628859 -0.036955759 -0.036025982 0.018129356 0.031450417 -0.054378573 0.997860312
1341840854.034566 1.543434620 -0.040313289 -0.035169043 0.018552281 0.035960011 -0.056225851 0.997597814
1341840854.070475 1.541914582 -0.027753791 -0.037742756 0.024290046 0.038606953 -0.055968113 0.997390091
1341840854.102373 1.541957736 -0.026960935 -0.038249172 0.022495182 0.037993394 -0.055395681 0.997487724
1341840854.138343 1.552964687 -0.033135083 -0.038363457 0.019461172 0.033398524 -0.055954810 0.997684717
1341840854.170475 1.560138226 -0.040351722 -0.038695447 0.019083181 0.033597473 -0.056402143 0.997660160
1341840854.202459 1.555851936 -0.030344235 -0.041456893 0.025423061 0.037496071 -0.055343393 0.997439146
1341840854.238384 1.549081445 -0.023419145 -0.042741708 0.026694138 0.038454898 -0.055761475 0.997346163
1341840854.270355 1.559612274 -0.037400648 -0.042948555 0.022072935 0.031964615 -0.056036267 0.997672796
1341840854.306367 1.574894428 -0.034275871 -0.044583861 0.027018264 0.028252110 -0.055606224 0.997687221
1341840854.338540 1.568758130 -0.021894500 -0.045305669 0.032280993 0.034523696 -0.055248577 0.997353315
1341840854.370427 1.563051224 -0.019797817 -0.046127778 0.030741954 0.035760138 -0.053532429 0.997451961
1341840854.406491 1.572324395 -0.025610982 -0.045250040 0.027110314 0.030405324 -0.053513505 0.997735858
1341840854.438402 1.576896787 -0.023524735 -0.045514073 0.028404577 0.030363658 -0.052229010 0.997769177
1341840854.470341 1.573112369 -0.017489171 -0.046685304 0.029149640 0.031501897 -0.051631641 0.997743487
1341840854.506442 1.583783507 -0.021082884 -0.045250498 0.025793107 0.025748750 -0.053117733 0.997922957
1341840854.538722 1.597946405 -0.022051681 -0.044702597 0.025510320 0.023529021 -0.053514477 0.997963846
1341840854.574331 1.594043374 -0.015879815 -0.043558098 0.026249807 0.029914280 -0.054236155 0.997734725
1341840854.606460 1.582267404 -0.024016179 -0.043139830 0.021721620 0.035271391 -0.055615216 0.997592628
1341840854.638476 1.591800451 -0.018502945 -0.043364991 0.023957439 0.030815069 -0.053209238 0.997820258
1341840854.674312 1.596994877 -0.016397988 -0.042816833 0.022576405 0.029240398 -0.052534450 0.997935593
1341840854.706362 1.597538233 -0.023546420 -0.041012760 0.019548558 0.029174313 -0.054211646 0.997911692
1341840854.738328 1.605518341 -0.020471618 -0.041010279 0.021693705 0.026966760 -0.055098590 0.997880936
1341840854.774384 1.600504041 -0.021740368 -0.040630288 0.020293538 0.030959113 -0.055598572 0.997766793
1341840854.806396 1.604514956 -0.021111505 -0.040753774 0.020285949 0.029574933 -0.056694690 0.997747242
1341840854.842383 1.608120084 -0.026040126 -0.039401028 0.018260332 0.028898206 -0.058294468 0.997713983
1341840854.874351 1.604458690 -0.041275509 -0.038414318 0.016313393 0.030251129 -0.058791090 0.997678459
1341840854.906375 1.605738401 -0.027067423 -0.041467324 0.026909824 0.027916063 -0.057675146 0.997582138
1341840854.942414 1.609964848 -0.014068726 -0.043376014 0.030243233 0.023267081 -0.060163707 0.997458935
1341840854.974632 1.625101209 -0.032624599 -0.040756926 0.021482544 0.017291456 -0.062490948 0.997664452
1341840855.006485 1.622086763 -0.040646244 -0.039241485 0.023332983 0.022060774 -0.063855276 0.997442424
1341840855.042409 1.622891307 -0.013103981 -0.042914949 0.035651527 0.022474077 -0.065296285 0.996975541
1341840855.074380 1.639611602 -0.007851485 -0.041619293 0.030107802 0.018036798 -0.067833439 0.997079134
