1305031102.975203 -0.018659724 0.040212706 0.234440282 -0.045087297 -0.008117916 -0.006222353 0.998930693
1305031103.011215 -0.017915187 0.042130694 0.243700325 -0.046511188 -0.014989543 -0.003327966 0.998799741
1305031103.043227 -0.016468698 0.045033701 0.254935503 -0.048478883 -0.022277307 0.000110432 0.998575747
1305031103.075319 -0.011502020 0.042602327 0.260935903 -0.050091781 -0.027690683 0.002810218 0.998356700
1305031103.111240 -0.013773676 0.051266566 0.271940917 -0.046162881 -0.026407937 0.003633145 0.998578191
1305031103.143318 -0.011312732 0.049259659 0.274649471 -0.049870376 -0.027595185 0.005341888 0.998360097
1305031103.175452 -0.012667077 0.053917110 0.279435664 -0.049386751 -0.025250787 0.005203901 0.998446941
1305031103.211220 -0.013734836 0.058288276 0.284833729 -0.053497802 -0.024814704 0.006252196 0.998239994
1305031103.243216 -0.014712142 0.064213105 0.291111887 -0.057441678 -0.024768762 0.009753525 0.997993886
1305031103.275370 -0.020418664 0.065226786 0.292897701 -0.066554025 -0.024482828 0.013221623 0.997394800
1305031103.311210 -0.020060332 0.060687929 0.299240887 -0.074978821 -0.034284566 0.013271493 0.996507227
1305031103.343223 -0.013199495 0.062364701 0.302887797 -0.075323001 -0.042066433 0.013968713 0.996173561
1305031103.375327 -0.011783252 0.061815850 0.303767502 -0.078899637 -0.041207634 0.015798120 0.995905221
1305031103.411260 -0.013700710 0.057290971 0.302457124 -0.082064152 -0.039553784 0.016647810 0.995702684
1305031103.443280 -0.015671335 0.055947401 0.298511088 -0.081726857 -0.040780757 0.015864063 0.995693743
1305031103.475274 -0.014678470 0.052260295 0.295462370 -0.082303070 -0.044035859 0.014199182 0.995532751
1305031103.511333 -0.014097175 0.048573010 0.290587902 -0.080281548 -0.045774601 0.011985118 0.995648503
1305031103.543444 -0.014468531 0.044299398 0.284298778 -0.076621205 -0.046691976 0.009630371 0.995919824
1305031103.575474 -0.016437888 0.042532045 0.275236309 -0.071795158 -0.046895590 0.009543709 0.996270657
1305031103.611223 -0.017255744 0.038495615 0.266926825 -0.069933772 -0.049611755 0.010912703 0.996257424
1305031103.643445 -0.016445670 0.034929574 0.258282661 -0.067335457 -0.053875979 0.011476123 0.996208608
1305031103.675523 -0.014464242 0.031610038 0.249246463 -0.064780436 -0.056913007 0.011580308 0.996207952
1305031103.711610 -0.012596594 0.029214323 0.239921838 -0.062068541 -0.058362588 0.011544863 0.996297121
1305031103.743326 -0.011477873 0.023852015 0.230524302 -0.060380816 -0.058180850 0.010396930 0.996424139
1305031103.775342 -0.011221585 0.022379871 0.217670187 -0.056579206 -0.057335757 0.006788687 0.996727288
1305031103.811242 -0.010325824 0.021411108 0.205370024 -0.056207508 -0.056234464 0.003356434 0.996828556
1305031103.843251 -0.013987561 0.021515137 0.191564932 -0.058368843 -0.054037828 0.000176753 0.996831477
1305031103.875361 -0.014696416 0.012047302 0.182793409 -0.066772267 -0.056802496 -0.002818918 0.996146083
1305031103.911221 -0.013481913 0.006082907 0.172162622 -0.066533774 -0.061000142 -0.004361730 0.995908201
1305031103.943211 -0.012125893 0.003945626 0.160010308 -0.064206108 -0.063775644 -0.005333596 0.995882452
1305031103.975373 -0.009755656 -0.000737552 0.149591595 -0.062912591 -0.066306658 -0.006203703 0.995794594
1305031104.011232 -0.006150165 -0.005568611 0.141152099 -0.059198856 -0.067542091 -0.007311299 0.995931804
1305031104.043249 -0.003999211 -0.006517515 0.130083874 -0.051375046 -0.064917922 -0.009401812 0.996522903
1305031104.075425 -0.003236590 -0.005299865 0.123492360 -0.047046971 -0.059798591 -0.012277667 0.997025549
1305031104.111235 -0.000221154 -0.011141956 0.114144064 -0.045128126 -0.054762229 -0.013870417 0.997382641
1305031104.143230 -0.002804954 -0.014368498 0.101108089 -0.040255014 -0.047614854 -0.015462888 0.997934461
1305031104.175424 -0.003603233 -0.016237581 0.088913478 -0.035992898 -0.043837667 -0.016380655 0.998255670
1305031104.211283 -0.002305652 -0.020598838 0.078671329 -0.032657236 -0.041661043 -0.016283946 0.998465180
1305031104.243196 -0.002104306 -0.021467011 0.068364501 -0.027503744 -0.039286233 -0.016334090 0.998715818
1305031104.275546 -0.001320682 -0.022803856 0.058258235 -0.022978336 -0.036813021 -0.017320704 0.998907804
1305031104.311219 -0.000774041 -0.024010297 0.048974138 -0.019222410 -0.033606295 -0.017519550 0.999096692
1305031104.343342 0.000865574 -0.023529312 0.040378615 -0.015571156 -0.030000810 -0.017859889 0.999269009
1305031104.375837 -0.000093882 -0.023930628 0.031362034 -0.013463499 -0.024645574 -0.017726900 0.999448419
1305031104.411509 -0.001961669 -0.024267411 0.022799052 -0.012030322 -0.020175019 -0.017076043 0.999578238
1305031104.443288 -0.005811205 -0.024119886 0.013047545 -0.011346865 -0.017453201 -0.016586484 0.999645710
1305031104.475456 -0.009077600 -0.024925223 0.005296146 -0.011658611 -0.017920626 -0.015965624 0.999643922
1305031104.511329 -0.010031857 -0.028964572 -0.001535386 -0.011841864 -0.020362779 -0.014700621 0.999614418
1305031104.543368 -0.008367584 -0.030092059 -0.008560628 -0.008430370 -0.022914706 -0.014131258 0.999602020
1305031104.575343 -0.003739528 -0.034816034 -0.014475850 -0.005110437 -0.023990644 -0.013529539 0.999607563
1305031104.611336 0.007438554 -0.044478491 -0.018542547 0.001084220 -0.023246247 -0.010889263 0.999669850
1305031104.643243 0.009053020 -0.040655203 -0.027605606 0.014655179 -0.015793029 -0.010452837 0.999713242
1305031104.675525 0.010763101 -0.046669073 -0.035519086 0.024267334 -0.008165541 -0.009569977 0.999626338
1305031104.711277 0.010695916 -0.047721501 -0.045402449 0.037958603 -0.000397145 -0.007139585 0.999253750
1305031104.743280 0.013025458 -0.046572063 -0.053495541 0.051185027 0.006135570 -0.005030781 0.998657644
1305031104.775327 0.012986780 -0.044233281 -0.061218817 0.063921861 0.013477529 -0.002986023 0.997859418
1305031104.811465 0.015014181 -0.040201925 -0.066735156 0.075401366 0.019707588 0.000249467 0.996958435
1305031104.843258 0.014174868 -0.037162375 -0.074615434 0.083917685 0.026720498 0.002595428 0.996110976
1305031104.875350 0.010280386 -0.032097109 -0.078685552 0.090167813 0.030779392 0.004951511 0.995438516
1305031104.911534 0.011635683 -0.028773155 -0.079119273 0.092829436 0.031311426 0.007246393 0.995163202
1305031104.943262 0.011253686 -0.026896559 -0.078128189 0.093941472 0.032240603 0.007877064 0.995024383
1305031104.975202 0.011257060 -0.021854896 -0.075886004 0.093621142 0.031420328 0.008973808 0.995071530
1305031105.011290 0.012144649 -0.018593436 -0.069628224 0.089465261 0.030550972 0.009647489 0.995474517
1305031105.043373 0.011062295 -0.015714988 -0.063454986 0.084156930 0.030223193 0.008328588 0.995959222
1305031105.075320 0.011303306 -0.015881293 -0.055551201 0.076834776 0.029205412 0.006576368 0.996594310
1305031105.111299 0.007548870 -0.017629370 -0.046802375 0.070551924 0.029246556 0.004565125 0.997068822
1305031105.143106 0.005110760 -0.008973621 -0.038611490 0.066276744 0.027003042 0.002622876 0.997432351
1305031105.175159 0.003602047 -0.003559731 -0.023023298 0.054474726 0.023382982 -0.000004517 0.998241305
1305031105.211268 -0.001961903 -0.009970383 -0.012298821 0.040731665 0.020779880 -0.003044922 0.998949349
1305031105.243270 -0.006044399 -0.007266453 -0.002250270 0.033076458 0.016133223 -0.005072400 0.999309719
1305031105.275288 -0.008834243 -0.005491381 0.007616221 0.022813493 0.010199856 -0.006324862 0.999667704
1305031105.311290 -0.011825167 -0.006942054 0.018395899 0.012099802 0.003349987 -0.007256133 0.999894857
1305031105.343302 -0.011359194 -0.010773332 0.030271772 0.002617502 -0.003835256 -0.007965267 0.999957442
1305031105.375338 -0.012533802 -0.012080890 0.040793907 -0.001520393 -0.008743071 -0.007809136 0.999930084
1305031105.411286 -0.013839893 -0.005811662 0.051063366 -0.005276119 -0.013271906 -0.008538667 0.999861538
1305031105.443316 -0.014006234 -0.009011152 0.063455313 -0.013211103 -0.017609488 -0.009207847 0.999715209
1305031105.475280 -0.014819637 -0.008362934 0.074277177 -0.016741071 -0.020930497 -0.009181680 0.999598563
1305031105.511332 -0.012803083 -0.006024643 0.086503625 -0.020980891 -0.024759088 -0.008649178 0.999435842
1305031105.543282 -0.012654072 -0.008150232 0.098350592 -0.026150668 -0.025785342 -0.007686647 0.999295831
1305031105.575449 -0.018068638 -0.004159117 0.106854126 -0.026879648 -0.024969175 -0.008937766 0.999286830
1305031105.611378 -0.015893720 -0.006183255 0.119895913 -0.030651039 -0.027043730 -0.007898749 0.999132991
1305031105.643273 -0.018001996 -0.004230609 0.130255237 -0.030780580 -0.026652372 -0.005111286 0.999157667
1305031105.675166 -0.014549524 -0.002041444 0.143255442 -0.032407034 -0.029258735 -0.003681238 0.999039650
1305031105.711309 -0.010646531 -0.004309619 0.157821268 -0.032856725 -0.028727535 -0.003654497 0.999040425
1305031105.743312 -0.010813298 0.001883479 0.168502122 -0.029410454 -0.024697186 -0.003437457 0.999256313
1305031105.775339 -0.007916851 0.000997541 0.182170942 -0.030808035 -0.021309530 -0.003385372 0.999292374
1305031105.811283 -0.008260239 0.002041393 0.192364335 -0.029489482 -0.015969610 -0.002484378 0.999434412
1305031105.843271 -0.005176511 0.003152572 0.202803865 -0.028583951 -0.013499728 -0.000706953 0.999499977
1305031105.875337 -0.003579781 0.008382874 0.212439850 -0.027127078 -0.008827277 0.001825427 0.999591351
1305031105.911262 -0.002841477 0.011361052 0.222960651 -0.029688481 -0.004965954 0.006648173 0.999524772
1305031105.943272 -0.002829181 0.015663221 0.232037634 -0.031667151 -0.001445770 0.009037389 0.999456584
1305031105.975329 -0.003708469 0.019004298 0.241556585 -0.035881203 0.001302409 0.010541571 0.999299586
1305031106.011285 -0.001953749 0.022723541 0.251824886 -0.039903268 0.002480043 0.012679324 0.999119997
1305031106.043355 -0.002312871 0.025679275 0.261325121 -0.044392426 0.004573532 0.014016090 0.998905361
1305031106.075330 -0.004116479 0.028654147 0.270652652 -0.048347011 0.006069247 0.015719010 0.998688459
1305031106.111327 -0.004295365 0.033391811 0.278843224 -0.052988060 0.005688441 0.017169118 0.998431325
1305031106.143355 -0.006913508 0.034807611 0.287996262 -0.060170487 0.005064886 0.018770568 0.997998774
1305031106.175534 -0.007323400 0.036811449 0.296212405 -0.064119205 0.003240981 0.020264296 0.997731209
1305031106.211275 -0.008627318 0.037840273 0.305940598 -0.066961087 0.002034488 0.019596569 0.997561038
1305031106.243267 -0.009060950 0.039966531 0.311554611 -0.066983983 0.000402481 0.023204282 0.997484088
1305031106.276385 -0.010818772 0.044940598 0.316241056 -0.066939421 -0.000569403 0.023913566 0.997470260
1305031106.311238 -0.010494680 0.047907427 0.320618153 -0.070260525 -0.002270242 0.027438616 0.997148633
1305031106.343258 -0.012189841 0.054213364 0.323244512 -0.073381081 -0.002700842 0.027748151 0.996914208
1305031106.375388 -0.009508566 0.055260506 0.325210750 -0.082199939 -0.003828451 0.020210473 0.996403575
1305031106.411320 -0.007272231 0.048830435 0.327795029 -0.091501504 -0.000186685 0.015087032 0.995690644
1305031106.443278 -0.011074281 0.046534423 0.326405883 -0.092595793 0.005318091 0.010276676 0.995636523
1305031106.475345 -0.013050865 0.044143166 0.323161155 -0.092912607 0.005140553 0.009028074 0.995620072
1305031106.511129 -0.014117431 0.039953738 0.318466395 -0.092309453 0.002008541 0.008990169 0.995687783
1305031106.543302 -0.012928622 0.037961829 0.310924530 -0.088852786 -0.002718707 0.007894150 0.996009767
1305031106.575282 -0.013000717 0.035883762 0.302317321 -0.085758753 -0.004537140 0.006812483 0.996282279
1305031106.611151 -0.015761167 0.035236169 0.292640477 -0.084802240 -0.006057490 0.003380754 0.996373653
1305031106.643207 -0.015071394 0.029555883 0.283919692 -0.085920654 -0.009264343 0.001107883 0.996258318
1305031106.675279 -0.017637121 0.029690031 0.273075312 -0.082355864 -0.011167352 0.000954027 0.996539950
1305031106.711508 -0.019413024 0.025958929 0.262576759 -0.084547363 -0.016310150 0.000010501 0.996285975
1305031106.743341 -0.020124456 0.023426849 0.250603288 -0.082756095 -0.022386679 0.000138061 0.996318340
1305031106.775390 -0.018604957 0.018916918 0.236156717 -0.083044246 -0.028975880 0.000634229 0.996124327
1305031106.811289 -0.018480392 0.019186758 0.224124685 -0.081923530 -0.032829657 -0.000175237 0.996097744
1305031106.843416 -0.018771753 0.011382738 0.212896332 -0.084386922 -0.036569074 -0.001883318 0.995760024
1305031106.875905 -0.015514662 0.007146958 0.199689135 -0.079117984 -0.040338099 -0.005159599 0.996035397
1305031106.911243 -0.015092155 0.009209799 0.184379682 -0.073460318 -0.039746609 -0.009450654 0.996460974
1305031106.943439 -0.014685976 0.002865460 0.172454700 -0.073081300 -0.038867250 -0.013919753 0.996471107
1305031106.975547 -0.014084236 -0.002802858 0.160044387 -0.067775041 -0.036964189 -0.017291022 0.996865690
1305031107.011576 -0.014430664 0.000636360 0.142441824 -0.059112459 -0.033841174 -0.020940220 0.997457743
1305031107.043281 -0.015176816 -0.004351335 0.130674064 -0.060161009 -0.031002574 -0.023211302 0.997437060
1305031107.075432 -0.018308859 -0.010200948 0.117266998 -0.056397632 -0.028779197 -0.024382837 0.997695625
1305031107.111229 -0.013362583 -0.011907632 0.101791687 -0.052143376 -0.031828042 -0.023887560 0.997846365
1305031107.143260 -0.010910250 -0.011559864 0.089935303 -0.049731035 -0.031607393 -0.024018964 0.997973382
1305031107.175399 -0.010688152 -0.018002056 0.080005467 -0.049029090 -0.029832112 -0.025025783 0.998037994
1305031107.211358 -0.008558451 -0.022489641 0.069387667 -0.043350026 -0.028159838 -0.026715852 0.998305559
1305031107.243378 -0.008355575 -0.021362970 0.057822708 -0.036056377 -0.024627076 -0.027114857 0.998678207
1305031107.275398 -0.005802461 -0.025982721 0.048588455 -0.031592216 -0.021973062 -0.027083073 0.998892188
1305031107.311226 -0.005042058 -0.031074775 0.039637871 -0.025372470 -0.018374464 -0.028260674 0.999109566
1305031107.343509 -0.001698155 -0.035293769 0.031158216 -0.015101271 -0.015603096 -0.028278541 0.999364197
1305031107.375413 0.000344206 -0.030474629 0.021952029 -0.004285269 -0.010949017 -0.027669603 0.999547958
1305031107.411271 0.002364692 -0.031201720 0.016194848 0.002132101 -0.006520511 -0.028328996 0.999575138
1305031107.443419 0.005251972 -0.029515857 0.010610619 0.007892393 -0.002394756 -0.027727135 0.999581516
1305031107.475377 0.008599053 -0.031012410 0.006735165 0.010336151 0.001517294 -0.026334928 0.999598563
1305031107.511352 0.009553367 -0.026083088 0.003715272 0.013266406 0.005332015 -0.025628187 0.999569297
1305031107.543605 0.012877332 -0.027445640 0.004096019 0.010125828 0.007304853 -0.023412777 0.999647915
1305031107.575454 0.014741480 -0.031356450 0.004859329 0.008882463 0.009207251 -0.020718314 0.999703526
1305031107.611271 0.016501877 -0.024655990 0.004456491 0.011215952 0.010508844 -0.018921051 0.999702811
1305031107.643323 0.016986948 -0.023843821 0.006201638 0.007870972 0.011931340 -0.017690461 0.999741316
1305031107.675568 0.016100373 -0.023726948 0.007390515 0.006605283 0.012801081 -0.017368071 0.999745369
1305031107.711307 0.015667528 -0.020355789 0.008652346 0.006021533 0.012697978 -0.016270356 0.999768853
1305031107.743538 0.013172408 -0.016227815 0.009667533 0.003690286 0.012135915 -0.015646683 0.999797106
1305031107.775802 0.012982461 -0.017239805 0.012014752 0.000381610 0.009391927 -0.017000353 0.999811292
1305031107.811596 0.014790476 -0.015669782 0.013915960 -0.001603295 0.006983351 -0.016947452 0.999830723
1305031107.843332 0.016792208 -0.014952998 0.016011104 -0.004094828 0.006072208 -0.017375851 0.999822199
1305031107.875358 0.021073177 -0.017773759 0.018646654 -0.005645524 0.006123833 -0.020858455 0.999747753
1305031107.911541 0.023187181 -0.017808305 0.020265322 -0.004732845 0.009159014 -0.023428699 0.999672353
1305031107.943122 0.028135141 -0.019215696 0.022473359 -0.003250922 0.011955522 -0.023658104 0.999643326
1305031107.975807 0.034059256 -0.020135751 0.024668314 -0.000990510 0.015795927 -0.023427093 0.999600232
1305031108.011320 0.041631788 -0.019133175 0.027034346 0.003161523 0.019885004 -0.025068894 0.999482930
1305031108.043418 0.052681487 -0.018302597 0.029460285 0.005737416 0.025262235 -0.023436097 0.999389648
1305031108.075352 0.060603365 -0.019345034 0.031728722 0.006592114 0.034333132 -0.017740821 0.999231219
1305031108.111378 0.065036774 -0.019417332 0.034654520 0.009424016 0.041230701 -0.017667167 0.998948991
1305031108.143334 0.078016751 -0.016757708 0.037160993 0.012052524 0.043172706 -0.016374480 0.998860717
1305031108.176058 0.086270310 -0.010628824 0.039710525 0.012042958 0.046796113 -0.013048799 0.998746574
1305031108.211475 0.095322609 -0.012525350 0.043428976 0.006583852 0.048128869 -0.013563820 0.998727322
1305031108.243347 0.108751647 -0.018116565 0.047456339 0.004088278 0.049898956 -0.015408808 0.998627007
1305031108.275358 0.116304986 -0.012107883 0.048719030 0.006198270 0.054583773 -0.014985737 0.998377502
1305031108.311332 0.120891310 -0.008426658 0.052246463 0.003326629 0.057082228 -0.013780413 0.998268843
1305031108.343278 0.133489579 -0.005983335 0.053384811 -0.001492397 0.053988747 -0.011447047 0.998474777
1305031108.375410 0.139601782 -0.004279668 0.057225481 -0.006401876 0.051920906 -0.006568310 0.998609066
1305031108.411361 0.147132218 -0.003646872 0.059946522 -0.011120389 0.048950415 -0.000234611 0.998739243
1305031108.443610 0.157329887 -0.002632885 0.061678357 -0.015314070 0.047429763 0.006289808 0.998737395
1305031108.475471 0.169121206 -0.005619862 0.064327933 -0.019193275 0.046184175 0.013393223 0.998658717
1305031108.511378 0.186067909 -0.010465206 0.065124996 -0.020360777 0.047171932 0.018116672 0.998514891
1305031108.543737 0.195770010 -0.013368255 0.067555204 -0.017257923 0.054272667 0.016734736 0.998236716
1305031108.575414 0.203280032 -0.006407269 0.067168854 -0.011587124 0.059745494 0.015271978 0.998029530
1305031108.611407 0.217946380 -0.005027851 0.068806924 -0.011425107 0.063594073 0.016544921 0.997773290
1305031108.643303 0.223807156 -0.001948684 0.069516122 -0.010585549 0.070223458 0.018231837 0.997308493
1305031108.675375 0.237395152 0.001933421 0.068579018 -0.012280216 0.073775075 0.022225240 0.996951580
1305031108.711411 0.242341757 0.000360865 0.071741171 -0.016964184 0.082516372 0.026206734 0.996100605
1305031108.743502 0.245879203 -0.001966494 0.073175281 -0.019360013 0.088763803 0.026634526 0.995508313
1305031108.775493 0.258245885 0.000375147 0.072317362 -0.019476669 0.089964837 0.029950229 0.995303988
1305031108.811244 0.259613544 -0.001424161 0.073062547 -0.021712141 0.094178230 0.034502488 0.994720399
1305031108.843264 0.259323090 -0.004387395 0.072835013 -0.021810537 0.095325351 0.039819617 0.994410276
1305031108.876515 0.258515418 -0.004238926 0.071956471 -0.019732086 0.093351394 0.045416977 0.994401038
1305031108.911364 0.258819252 -0.008860373 0.071247041 -0.018357176 0.090184957 0.050576605 0.994470596
1305031108.943243 0.263643563 -0.011357874 0.064774297 -0.013927414 0.084524341 0.050912566 0.995022357
1305031108.975268 0.260434031 -0.006689566 0.059961606 -0.008866846 0.078671828 0.048711281 0.995670259
1305031109.011269 0.263362139 -0.005323298 0.058153737 -0.008619655 0.072907835 0.048658747 0.996113658
1305031109.043277 0.255388618 -0.007347117 0.056515172 -0.008625196 0.073326334 0.045375973 0.996237874
1305031109.075410 0.249444813 -0.002098003 0.053064294 -0.008495423 0.070497237 0.040006995 0.996673167
1305031109.111282 0.234419584 -0.003033324 0.056987107 -0.012732348 0.072188467 0.037591062 0.996601045
1305031109.143334 0.228572309 -0.006891984 0.053576760 -0.014321151 0.068611279 0.034216464 0.996953666
1305031109.175464 0.209848940 -0.000570576 0.057122927 -0.012653502 0.065588057 0.031210436 0.997278273
1305031109.211379 0.204865664 0.010073610 0.056794882 -0.013983539 0.059238710 0.034483321 0.997550070
1305031109.243290 0.194517910 0.008240886 0.057182480 -0.023123087 0.056903761 0.039746564 0.997320175
1305031109.275308 0.178356647 -0.004115231 0.057153668 -0.029599881 0.055420689 0.042386483 0.997123778
1305031109.311329 0.166194603 0.000080473 0.053865973 -0.025601229 0.046937492 0.043628436 0.997616172
1305031109.343248 0.154368103 0.005546075 0.053818401 -0.026398655 0.037700754 0.042778067 0.998023927
1305031109.375397 0.143867582 0.002526374 0.054740362 -0.030030904 0.029475117 0.041948818 0.998233259
1305031109.411329 0.135803670 0.005473093 0.053725936 -0.029451963 0.021598270 0.038856033 0.998577118
1305031109.443302 0.127484933 0.008595612 0.052107792 -0.031848975 0.015551620 0.033505481 0.998809874
1305031109.475363 0.115803212 0.005861348 0.051583175 -0.035607953 0.013727153 0.029410830 0.998838603
1305031109.511273 0.105103254 0.001959388 0.049522150 -0.036764573 0.011661097 0.025254885 0.998936713
1305031109.543294 0.095557451 0.003746561 0.048444785 -0.033378590 0.009660061 0.022793185 0.999136090
1305031109.575362 0.085038401 0.005398883 0.046184562 -0.032600217 0.009231752 0.022555090 0.999171257
1305031109.611310 0.073297001 0.006335517 0.044723570 -0.032517195 0.008173431 0.020272180 0.999232113
1305031109.643229 0.065682888 0.007701694 0.043436348 -0.032892719 0.006061854 0.019727945 0.999245763
1305031109.675263 0.052952543 0.006495404 0.037988219 -0.035905119 0.006590167 0.021119885 0.999110281
1305031109.711312 0.041613404 0.010014465 0.037642561 -0.037519407 0.003632939 0.020462988 0.999079704
1305031109.743274 0.031767789 0.009619653 0.037985709 -0.042330060 0.000549405 0.019458316 0.998914003
1305031109.775277 0.023925953 0.008482330 0.039856534 -0.045876093 -0.002032609 0.019876763 0.998747289
1305031109.811371 0.010239391 0.011747728 0.039537832 -0.046777613 -0.001687766 0.018548766 0.998731673
1305031109.843296 0.000265297 0.011781312 0.040833682 -0.050470188 -0.004414970 0.018236168 0.998549283
1305031109.875306 -0.015356885 0.013658404 0.041636445 -0.053392556 -0.005788518 0.015892023 0.998430371
1305031109.911265 -0.026657144 0.011038452 0.045629214 -0.055626325 -0.011391580 0.010958092 0.998326540
1305031109.943299 -0.034123939 0.018300757 0.047531620 -0.054967750 -0.015880179 0.007162519 0.998336136
1305031109.975258 -0.046128396 0.017472347 0.051129110 -0.059765510 -0.017496428 0.002128891 0.998056829
1305031110.011256 -0.056756914 0.018898532 0.053071912 -0.061491448 -0.019776670 -0.004926248 0.997899473
1305031110.043299 -0.065473638 0.018924167 0.055834454 -0.064173676 -0.021439953 -0.011616928 0.997640729
1305031110.075319 -0.075933911 0.021381184 0.057936538 -0.065596774 -0.021789946 -0.016737038 0.997467816
1305031110.111325 -0.088680707 0.021925841 0.059703998 -0.070026912 -0.022148449 -0.021815415 0.997060537
1305031110.143432 -0.100228861 0.016379615 0.061118633 -0.073411971 -0.025151348 -0.025531225 0.996657550
1305031110.175641 -0.108507484 0.022543944 0.061448205 -0.072883971 -0.028832985 -0.026751895 0.996564567
1305031110.211637 -0.117446601 0.020789713 0.064573660 -0.077297322 -0.032120954 -0.028369604 0.996086597
1305031110.243323 -0.125737146 0.018633062 0.066287510 -0.078475975 -0.036532216 -0.027935442 0.995854676
1305031110.279321 -0.133411229 0.017855138 0.066885516 -0.077168271 -0.040536910 -0.028814765 0.995776832
1305031110.311404 -0.143506750 0.018296394 0.065925531 -0.074464358 -0.043103687 -0.030649068 0.995820165
1305031110.343355 -0.152544692 0.021470187 0.065965593 -0.072486453 -0.047626451 -0.031658221 0.995728493
1305031110.379281 -0.162640750 0.021988109 0.065669633 -0.071435548 -0.052674420 -0.035229832 0.995430171
1305031110.411469 -0.173515424 0.027105741 0.062654451 -0.069646917 -0.058043983 -0.038204785 0.995148480
1305031110.443260 -0.181985736 0.030565491 0.063707829 -0.072946452 -0.064016908 -0.041274734 0.994422972
1305031110.479331 -0.193414032 0.028395634 0.064730585 -0.076406762 -0.069909483 -0.047595318 0.993483424
1305031110.511429 -0.202900395 0.028466772 0.064364478 -0.077041231 -0.076958247 -0.051523209 0.992717206
1305031110.543408 -0.206850454 0.032941133 0.062630489 -0.077287145 -0.085454963 -0.054357886 0.991851509
1305031110.579426 -0.213040978 0.036694370 0.063130036 -0.080659561 -0.092145287 -0.059090775 0.990712702
1305031110.611307 -0.218771666 0.031375930 0.065774634 -0.086940691 -0.096641660 -0.062772088 0.989525855
1305031110.643418 -0.226632118 0.029207950 0.065430164 -0.086216398 -0.098450311 -0.066452317 0.989170551
1305031110.679606 -0.231574118 0.037164215 0.063981533 -0.083333246 -0.101106375 -0.068120576 0.989036202
1305031110.711412 -0.236234576 0.034749910 0.065338701 -0.087805562 -0.103207551 -0.069420189 0.988341689
1305031110.743249 -0.241140366 0.033360191 0.065387815 -0.088790908 -0.104658619 -0.071096182 0.987981856
1305031110.779193 -0.242159069 0.035688192 0.065354109 -0.087840885 -0.107179277 -0.071546115 0.987764001
1305031110.811386 -0.244759157 0.036244396 0.065075129 -0.088388212 -0.107338905 -0.073208585 0.987576008
1305031110.843218 -0.248413756 0.035791546 0.065275684 -0.090197995 -0.108516134 -0.075538740 0.987108171
1305031110.879313 -0.245370343 0.034327172 0.065279365 -0.090806551 -0.112167008 -0.075097278 0.986677825
1305031110.911333 -0.245475963 0.036460210 0.065650515 -0.090616859 -0.112982146 -0.075665355 0.986558855
1305031110.943862 -0.240892664 0.035649940 0.066032782 -0.090942860 -0.116332583 -0.076423861 0.986080885
1305031110.979345 -0.231583536 0.037940919 0.066708267 -0.090104900 -0.117768019 -0.076424778 0.985987365
1305031111.011431 -0.223107234 0.035696439 0.069200933 -0.092572987 -0.114985809 -0.075364143 0.986168742
1305031111.043327 -0.219694406 0.036434829 0.068906516 -0.091292463 -0.108532242 -0.073354766 0.987170517
1305031111.079283 -0.216787845 0.040008120 0.068606317 -0.091801293 -0.104308970 -0.071348414 0.987725496
1305031111.111508 -0.208023027 0.034992147 0.070868388 -0.095211074 -0.103392147 -0.068052486 0.987731636
1305031111.143257 -0.201033980 0.033580691 0.072176866 -0.093758702 -0.100859202 -0.066959716 0.988207042
1305031111.179326 -0.194145441 0.033646412 0.072880588 -0.091402486 -0.097050719 -0.066476300 0.988841593
1305031111.211433 -0.187051266 0.034824401 0.071776688 -0.089188591 -0.088179082 -0.062838025 0.990111768
1305031111.243236 -0.187418580 0.030825485 0.070570789 -0.090049818 -0.081617579 -0.063903727 0.990528166
1305031111.279308 -0.170919135 0.028028864 0.074531548 -0.086571112 -0.083731204 -0.061330345 0.990824461
1305031111.311547 -0.167990535 0.033027560 0.068390585 -0.081203125 -0.075753480 -0.057849854 0.992129505
1305031111.343397 -0.155452684 0.034638304 0.069611639 -0.083782800 -0.080222875 -0.057091869 0.991607428
1305031111.379134 -0.146541551 0.025833480 0.075414583 -0.086627319 -0.082870074 -0.053299174 0.991356373
1305031111.411296 -0.142430499 0.028245240 0.069844507 -0.081026435 -0.081317872 -0.053030230 0.991972685
1305031111.443386 -0.125208616 0.029123891 0.076004878 -0.080550417 -0.089921437 -0.057674453 0.991009295
1305031111.479259 -0.097506352 0.024523942 0.084784351 -0.078725427 -0.091361947 -0.056020487 0.991119087
1305031111.511264 -0.092761360 0.023582254 0.079511553 -0.074736677 -0.077436395 -0.055915702 0.992618501
1305031111.543250 -0.081332840 0.021284617 0.083177313 -0.071397141 -0.071985871 -0.054569066 0.993349195
1305031111.579237 -0.069640227 0.023860285 0.079345718 -0.066710562 -0.062658675 -0.048168857 0.994637311
1305031111.611271 -0.067471035 0.019875687 0.072337255 -0.069376826 -0.054436535 -0.041609932 0.995234728
1305031111.643395 -0.049417377 0.014571748 0.083438993 -0.067558721 -0.059453152 -0.034134950 0.995357156
1305031111.679320 -0.033173960 0.022277206 0.082909718 -0.059487838 -0.053907964 -0.025515176 0.996445715
1305031111.711760 -0.021946732 0.021697868 0.085147619 -0.059234217 -0.046280451 -0.023986259 0.996882200
1305031111.743386 -0.000564205 0.016297193 0.089691743 -0.057043143 -0.039680511 -0.020482080 0.997372568
1305031111.779423 0.011535469 0.020342641 0.089122891 -0.052088689 -0.022013981 -0.016323512 0.998266399
1305031111.811406 0.018010508 0.014787816 0.085421212 -0.051789686 -0.006416232 -0.015594322 0.998515666
1305031111.843299 0.027520720 0.017123535 0.084058098 -0.047063336 0.003958703 -0.013949990 0.998786628
1305031111.879442 0.035200812 0.014738671 0.076251961 -0.049043231 0.012220918 -0.009354792 0.998678029
1305031111.911354 0.037979510 0.009237648 0.075924784 -0.050060362 0.014639067 -0.004169608 0.998630226
1305031111.943300 0.052012485 0.010631384 0.078892939 -0.047696050 0.008954606 0.004892848 0.998809755
1305031111.979449 0.071556844 0.014707778 0.086203404 -0.044789881 0.006360737 0.012201268 0.998901665
1305031112.011433 0.081524111 0.011820284 0.083158202 -0.043872699 0.014654888 0.011996816 0.998857617
1305031112.043270 0.095773444 0.009694396 0.077016965 -0.041569944 0.021944242 0.010983197 0.998834193
1305031112.079339 0.110348120 0.007665084 0.073509447 -0.040277068 0.032429781 0.010391682 0.998608053
1305031112.111423 0.113239691 0.006552110 0.072707579 -0.038246725 0.042772312 0.005544453 0.998337090
1305031112.144342 0.131734341 0.011026664 0.075220823 -0.036002062 0.044037275 0.000198850 0.998380959
1305031112.179390 0.146860391 0.009923413 0.073819973 -0.038701169 0.054820694 -0.002734856 0.997742176
1305031112.211254 0.152557626 0.002022848 0.077146888 -0.041458696 0.065923028 -0.008477306 0.996927023
1305031112.243369 0.165147647 -0.003955181 0.077564247 -0.037610829 0.074372448 -0.013201494 0.996433616
1305031112.279353 0.169205621 -0.003427625 0.078136310 -0.031878721 0.082173534 -0.016599599 0.995969772
1305031112.311312 0.170375124 -0.003339150 0.082718231 -0.024937492 0.087139659 -0.018117819 0.995719135
1305031112.343323 0.179498330 -0.001860488 0.081495576 -0.017596330 0.087109588 -0.016340004 0.995909274
1305031112.379360 0.187443718 -0.000621308 0.081275731 -0.012956053 0.085902192 -0.012524056 0.996140599
1305031112.411442 0.198712632 0.000326911 0.080577038 -0.010140314 0.082721040 -0.007913720 0.996489763
1305031112.443391 0.209755838 -0.002660614 0.080171496 -0.008686335 0.080924004 -0.001192319 0.996681750
1305031112.479418 0.215375766 -0.000589650 0.079842858 -0.004534991 0.080310516 0.008308591 0.996724963
1305031112.511504 0.232661992 -0.001451249 0.075526893 -0.002336373 0.073241502 0.015918810 0.997184455
1305031112.543212 0.240658313 -0.002637507 0.075479157 -0.000319457 0.069912046 0.019777754 0.997357011
1305031112.579252 0.247899234 -0.001134073 0.074818246 0.002264454 0.066785455 0.025674591 0.997434378
1305031112.611261 0.265483409 0.003837396 0.071807846 0.004279456 0.062476661 0.033522025 0.997474134
1305031112.643246 0.273044348 0.004062723 0.072736517 0.001395291 0.068064302 0.040648140 0.996851563
1305031112.679952 0.274047136 0.003406677 0.074071147 -0.000887171 0.075195841 0.043677788 0.996211290
1305031112.711251 0.276317418 0.005563126 0.074292004 -0.002255966 0.079542525 0.045289833 0.995799541
1305031112.743245 0.280910492 0.015521629 0.074133486 -0.003577634 0.081625454 0.048947960 0.995453954
1305031112.779310 0.277558684 0.010218631 0.077629052 -0.013144048 0.087197013 0.050622500 0.994817197
1305031112.811310 0.266631663 0.005799101 0.079431757 -0.016636766 0.090676792 0.048496298 0.994559705
1305031112.843286 0.265682429 0.012498565 0.079925016 -0.016507413 0.084550977 0.046946526 0.995175660
1305031112.879421 0.266501069 0.013243483 0.079982959 -0.019718794 0.080214262 0.049759943 0.995339513
1305031112.911411 0.257345855 0.011544999 0.080858082 -0.023268003 0.079172768 0.051010285 0.995282948
1305031112.943321 0.250561148 0.009713205 0.081544504 -0.025664814 0.074715920 0.049761672 0.995631754
1305031112.979278 0.245454535 0.009103381 0.080904536 -0.026489789 0.069019221 0.047245793 0.996143818
1305031113.011353 0.241191313 0.012154112 0.079048730 -0.027065856 0.065426111 0.047165196 0.996374607
1305031113.043231 0.233173966 0.011710473 0.079353556 -0.031435359 0.064548090 0.044575557 0.996422768
1305031113.079251 0.220629215 0.002248510 0.079696588 -0.035352185 0.064121649 0.038937293 0.996555328
1305031113.111316 0.213518828 0.007761782 0.076533794 -0.030437393 0.058047649 0.034656290 0.997247696
1305031113.143306 0.207945794 0.013137612 0.073864862 -0.030893316 0.054095760 0.033354018 0.997500241
1305031113.179343 0.195662186 0.006095254 0.073827371 -0.035955336 0.053913582 0.034742977 0.997293055
1305031113.211259 0.177533939 0.005025286 0.073867984 -0.034532525 0.051669143 0.035315406 0.997442007
1305031113.243227 0.166226536 0.009705517 0.071530074 -0.034683798 0.045152951 0.036215641 0.997720718
1305031113.279312 0.156336159 0.002374358 0.072098993 -0.039211139 0.039566983 0.037783619 0.997732103
1305031113.311452 0.138446674 -0.005005154 0.071579069 -0.036830351 0.035435215 0.040960729 0.997852743
1305031113.343252 0.123032376 0.001395542 0.069423966 -0.029550483 0.026846476 0.039779879 0.998410523
1305031113.379312 0.110948920 0.004782632 0.070304915 -0.031319022 0.017676802 0.036835153 0.998673975
1305031113.411625 0.101480663 -0.004654899 0.067790881 -0.034211338 0.009929243 0.037670366 0.998655021
1305031113.443266 0.086617880 -0.002432319 0.063398227 -0.032045417 0.003887789 0.033001877 0.998933852
1305031113.479311 0.071592242 -0.000482897 0.063944101 -0.034632556 -0.002238810 0.026927177 0.999034762
1305031113.511523 0.059481848 -0.005494839 0.063458361 -0.040395044 -0.008185646 0.024475545 0.998850405
1305031113.543242 0.044077355 -0.007699234 0.062345665 -0.042527393 -0.012811979 0.021006467 0.998792291
1305031113.579301 0.031281099 -0.003699298 0.064054824 -0.040742915 -0.017657729 0.015920509 0.998886764
1305031113.611268 0.021001263 -0.003385868 0.065892488 -0.043321222 -0.021362610 0.011145605 0.998770595
1305031113.643222 0.007587926 -0.000222248 0.069030963 -0.044305526 -0.020861778 0.007295006 0.998773515
1305031113.679288 -0.004937976 -0.000764769 0.069378003 -0.045385595 -0.019756088 0.003724334 0.998767197
1305031113.711931 -0.014229265 -0.001584225 0.070628591 -0.045779921 -0.020107474 -0.001132017 0.998748541
1305031113.743590 -0.024282975 -0.000051094 0.071559079 -0.044500906 -0.017925397 -0.006205367 0.998829246
1305031113.779320 -0.037736177 -0.001320615 0.071897313 -0.043847106 -0.014432652 -0.010566416 0.998878121
1305031113.811237 -0.048789106 0.001005691 0.072126277 -0.041958358 -0.013369375 -0.012533832 0.998951316
1305031113.843295 -0.059865270 0.003711037 0.072523914 -0.041744906 -0.010944505 -0.015922099 0.998941481
1305031113.879281 -0.073422931 -0.004074128 0.073025942 -0.043235272 -0.009669150 -0.020388862 0.998810053
1305031113.911290 -0.082399048 0.000718863 0.073463663 -0.038360726 -0.011541640 -0.021022454 0.998976111
1305031113.943291 -0.090749688 0.000215692 0.075259827 -0.036211748 -0.010424124 -0.023217127 0.999020040
1305031113.979293 -0.103998162 0.000746322 0.075638399 -0.032735709 -0.007737321 -0.028516481 0.999027193
1305031114.011257 -0.118009426 0.003237362 0.074972093 -0.028722551 -0.005850873 -0.033540804 0.999007404
1305031114.043301 -0.133314192 0.001345286 0.073565841 -0.028468030 -0.007369759 -0.035283938 0.998944581
1305031114.079285 -0.144610643 0.001288213 0.074233212 -0.026139557 -0.012863988 -0.035693411 0.998938084
1305031114.111263 -0.154892832 0.005222525 0.074591622 -0.022603501 -0.018632960 -0.039189972 0.998802304
1305031114.143284 -0.165095806 0.006038114 0.077397466 -0.022326428 -0.023877207 -0.042565260 0.998558760
1305031114.179337 -0.171882167 0.002267859 0.079770431 -0.021176197 -0.027541328 -0.044526856 0.998403907
1305031114.211303 -0.182987601 0.012034304 0.079101346 -0.016032076 -0.027441485 -0.047029451 0.998387814
1305031114.243337 -0.197985098 0.010423299 0.080380417 -0.019096544 -0.028581085 -0.051403109 0.998086274
1305031114.279390 -0.212142453 0.010000886 0.080062002 -0.019258810 -0.033204500 -0.053315036 0.997839689
1305031114.311429 -0.219843060 0.012598345 0.082313821 -0.019691244 -0.042242259 -0.053285293 0.997491121
1305031114.343331 -0.224966660 0.012158738 0.084283002 -0.020877918 -0.049385522 -0.056203797 0.996978581
1305031114.379320 -0.231342152 0.010831257 0.086008981 -0.021197541 -0.052293740 -0.060212281 0.996589422
1305031114.411397 -0.247420996 0.011230183 0.085471660 -0.020248452 -0.050538782 -0.065714084 0.996352077
1305031114.443345 -0.258599281 0.013315536 0.086343527 -0.019765487 -0.053767491 -0.067215115 0.996092618
1305031114.479332 -0.268624157 0.011508759 0.086593322 -0.020857161 -0.060323413 -0.068375878 0.995615840
1305031114.511266 -0.272503853 0.014272360 0.087332517 -0.020514820 -0.069536284 -0.070225663 0.994893074
1305031114.543236 -0.273903191 0.012059798 0.089314371 -0.024259519 -0.075230427 -0.069172204 0.994468212
1305031114.579237 -0.277979940 0.010206612 0.089811161 -0.026131850 -0.076117054 -0.065931864 0.994573414
1305031114.611391 -0.283335686 0.013443474 0.089925617 -0.027317176 -0.076328218 -0.063601814 0.994677126
1305031114.644136 -0.291469961 0.012686837 0.091165185 -0.032367975 -0.077151075 -0.063089795 0.994494677
1305031114.679251 -0.295619905 0.009790923 0.091771379 -0.036106858 -0.083256796 -0.063929282 0.993819714
1305031114.711306 -0.294801801 0.006827683 0.092516869 -0.037655573 -0.089109704 -0.062777787 0.993327975
1305031114.743200 -0.295670271 0.005633290 0.093294114 -0.037116632 -0.092381947 -0.066412874 0.992812812
1305031114.779289 -0.293506384 0.006032616 0.092020661 -0.034736712 -0.094940409 -0.069416106 0.992452025
1305031114.811303 -0.292673230 0.009087496 0.091184616 -0.033738535 -0.094795845 -0.070311852 0.992437243
1305031114.843208 -0.291165292 0.008182593 0.090808563 -0.034159377 -0.095834374 -0.072707117 0.992150486
1305031114.879281 -0.287452966 0.011423347 0.090546474 -0.033526558 -0.096544355 -0.072180882 0.992141604
1305031114.912879 -0.284902543 0.013416645 0.090218022 -0.034062102 -0.096660130 -0.072635986 0.992078900
1305031114.943234 -0.275592804 0.015245281 0.090820283 -0.036054906 -0.098726064 -0.073721707 0.991724908
1305031114.979280 -0.270457447 0.017924918 0.091515802 -0.037320819 -0.096471444 -0.074512467 0.991840839
1305031115.011300 -0.263441503 0.022208888 0.092693381 -0.040176447 -0.095883243 -0.075455494 0.991715014
1305031115.043508 -0.253199667 0.018048849 0.096123680 -0.045581952 -0.095234685 -0.075418212 0.991546631
1305031115.079238 -0.244008735 0.023038942 0.096961856 -0.044929586 -0.092792898 -0.075861320 0.991774142
1305031115.111230 -0.226614505 0.022748910 0.101215765 -0.048219744 -0.092376038 -0.073882498 0.991807938
1305031115.143275 -0.217637092 0.020287424 0.103515625 -0.050497703 -0.083689213 -0.071520835 0.992638350
1305031115.179440 -0.214912623 0.022419669 0.103973836 -0.051215660 -0.077452302 -0.071071304 0.993139982
1305031115.211374 -0.197881803 0.016942397 0.111284047 -0.053484805 -0.078742765 -0.067390658 0.993175447
1305031115.243297 -0.186730146 0.013917314 0.113388471 -0.049887996 -0.073731057 -0.063990168 0.993971944
1305031115.279966 -0.175141215 0.021011904 0.115593560 -0.046085078 -0.071411207 -0.059478432 0.994604945
1305031115.311704 -0.156922236 0.014838064 0.123967335 -0.048357766 -0.069832467 -0.052240163 0.995015502
1305031115.343235 -0.145220667 0.018639533 0.122751132 -0.042829793 -0.060323346 -0.049155891 0.996047378
1305031115.379166 -0.143480867 0.024534425 0.119434670 -0.045340843 -0.052504636 -0.045072958 0.996572077
1305031115.411237 -0.130027279 0.020344924 0.124326162 -0.053262349 -0.060038313 -0.041895431 0.995893240
1305031115.443159 -0.109245211 0.021163605 0.130408987 -0.056071974 -0.065433264 -0.035869196 0.995634377
1305031115.479241 -0.096926525 0.021793358 0.130699188 -0.060166452 -0.064698875 -0.030071102 0.995635390
1305031115.511253 -0.076947361 0.022384536 0.141521290 -0.062159445 -0.066982292 -0.025350846 0.995493293
1305031115.543604 -0.055119183 0.021263188 0.147101268 -0.062263042 -0.058111425 -0.018124307 0.996201754
1305031115.579315 -0.048358813 0.020119920 0.142045289 -0.061620466 -0.042523500 -0.013194525 0.997106075
1305031115.611424 -0.036544807 0.018538283 0.141052365 -0.061177872 -0.035750851 -0.007849254 0.997455537
1305031115.643254 -0.020786028 0.017056525 0.142208278 -0.060118139 -0.030340135 0.000041899 0.997730076
1305031115.679241 -0.005100231 0.013155763 0.135861814 -0.060407627 -0.027364517 0.010800972 0.997740149
1305031115.711320 0.002467801 0.016814545 0.136301085 -0.058029771 -0.025726862 0.019627314 0.997790337
1305031115.743250 0.021992596 0.017687196 0.141907290 -0.057465792 -0.021813996 0.026837355 0.997748315
1305031115.779425 0.035003752 0.016962225 0.140435338 -0.055718001 -0.012465045 0.033742134 0.997798383
1305031115.811277 0.048251115 0.017470272 0.135939002 -0.055545378 -0.002976323 0.041589756 0.997585177
1305031115.843224 0.059500873 0.016316362 0.135545954 -0.058251131 0.007528337 0.048458438 0.997096777
1305031115.879198 0.070275240 0.011462707 0.130833715 -0.059169713 0.014455885 0.056599498 0.996537268
1305031115.911118 0.085361995 0.013771823 0.130269989 -0.056830060 0.015899613 0.063343346 0.996245563
1305031115.943311 0.097243182 0.014712466 0.128833845 -0.057713669 0.022606323 0.069599062 0.995647609
1305031115.980740 0.110070117 0.016634569 0.127496719 -0.058613431 0.027592117 0.075143687 0.995066106
1305031116.011379 0.125828385 0.017489653 0.128940940 -0.061471768 0.034296926 0.078974985 0.994388223
1305031116.043164 0.137172848 0.020136889 0.131852582 -0.063507073 0.046014309 0.080489106 0.993665457
1305031116.080030 0.156349525 0.027878657 0.138222590 -0.065290168 0.051939949 0.084203310 0.992949724
1305031116.111300 0.165075228 0.027763585 0.141435370 -0.072230481 0.062139884 0.087309383 0.991614044
1305031116.143441 0.172929943 0.025252342 0.143840298 -0.077818878 0.070779882 0.090327762 0.990341008
1305031116.179572 0.179548785 0.028041163 0.145079508 -0.078773104 0.076754518 0.093075328 0.989565790
1305031116.211299 0.190340817 0.028531838 0.146586001 -0.083333001 0.081205338 0.096292123 0.988528788
1305031116.243320 0.201953143 0.025588933 0.147979304 -0.087047853 0.085685559 0.099552155 0.987506986
1305031116.279385 0.210737526 0.025135867 0.148324996 -0.088073149 0.094700024 0.102805480 0.986258626
1305031116.311336 0.215675846 0.028719421 0.148258328 -0.089079753 0.103880621 0.106214166 0.984881818
1305031116.343292 0.224757344 0.017994095 0.148587301 -0.095581740 0.108423419 0.110216476 0.983341634
1305031116.379384 0.226032212 0.018254325 0.148005962 -0.089528352 0.113082945 0.110511385 0.983353496
1305031116.411333 0.227975458 0.020208340 0.143319458 -0.085253797 0.114819095 0.113649756 0.983174503
1305031116.443369 0.227429807 0.020291664 0.142411351 -0.088110320 0.117796585 0.122414812 0.981516778
1305031116.479850 0.224662289 0.019037243 0.142268002 -0.087961785 0.120687984 0.126478970 0.980663121
1305031116.511205 0.224954963 0.017812576 0.138891682 -0.086617947 0.118154608 0.122733504 0.981566727
1305031116.543262 0.222829193 0.018869523 0.134815872 -0.083533421 0.116554014 0.118873887 0.982500076
1305031116.579313 0.207758859 0.021512497 0.134919524 -0.082064666 0.119044326 0.115151696 0.982768476
1305031116.611261 0.192137510 0.019313833 0.135719284 -0.082006007 0.117380857 0.108318359 0.983749866
1305031116.643355 0.182449430 0.018372795 0.133328900 -0.080765404 0.109420814 0.099238843 0.985725939
1305031116.679281 0.174828440 0.018749373 0.132276341 -0.080275744 0.100919127 0.090772770 0.987487435
1305031116.711634 0.162617430 0.022797348 0.130341530 -0.077317938 0.096774615 0.081748977 0.988925517
1305031116.743291 0.149083763 0.025562814 0.129600957 -0.077215753 0.092819616 0.070317827 0.990190685
1305031116.779298 0.137856245 0.026281759 0.129008427 -0.079020776 0.088066198 0.060176954 0.991150260
1305031116.811318 0.119053274 0.023107525 0.128877580 -0.080038764 0.087143846 0.051480569 0.991639793
1305031116.846089 0.103903189 0.026222792 0.127453178 -0.076481394 0.078929201 0.043988887 0.992968142
1305031116.880165 0.087795407 0.028640702 0.126445532 -0.076384142 0.069861226 0.037468966 0.993921995
1305031116.912044 0.067285724 0.024365937 0.119618677 -0.078134947 0.061543338 0.033222597 0.994486630
1305031116.943296 0.050262362 0.029443063 0.118615724 -0.076500736 0.049502876 0.025554812 0.995511949
1305031116.979351 0.035689134 0.029849315 0.119001038 -0.075679302 0.038064282 0.015436118 0.996285856
1305031117.011382 0.027810283 0.028042927 0.114989266 -0.075543873 0.023239383 0.007146389 0.996846020
1305031117.043261 0.015790671 0.033947524 0.117178246 -0.073857747 0.013102429 0.001466660 0.997181594
1305031117.079520 0.002232811 0.035970271 0.113307014 -0.075497091 0.004473319 -0.004659869 0.997125089
1305031117.111238 -0.009373020 0.036126304 0.111313537 -0.077862829 -0.005883016 -0.006445647 0.996925890
1305031117.143218 -0.016698442 0.040039331 0.109907322 -0.079284929 -0.016915843 -0.006258767 0.996688783
1305031117.179264 -0.025683355 0.043212630 0.112588488 -0.080990329 -0.025516912 -0.011778895 0.996318579
1305031117.211361 -0.027680442 0.044482231 0.115001433 -0.082506374 -0.034071993 -0.015285251 0.995890617
1305031117.243277 -0.027655128 0.048471991 0.116479278 -0.084705926 -0.038281884 -0.016600981 0.995531917
1305031117.279299 -0.028223149 0.046628159 0.119258508 -0.090067878 -0.038611669 -0.021163816 0.994961798
1305031117.311200 -0.031923071 0.044619247 0.120025992 -0.093996793 -0.036155008 -0.022991372 0.994650066
1305031117.343243 -0.034292743 0.040772796 0.120460615 -0.096558973 -0.035965271 -0.024031119 0.994386911
1305031117.379454 -0.034719095 0.037053455 0.120922409 -0.096665174 -0.036369007 -0.024178866 0.994358361
1305031117.411221 -0.037524492 0.032664515 0.120539434 -0.095913813 -0.036897540 -0.023486508 0.994428217
1305031117.443274 -0.036854170 0.030377654 0.120195411 -0.092877597 -0.039080698 -0.022200383 0.994662583
1305031117.479403 -0.037730843 0.024738187 0.119659647 -0.091975227 -0.039587736 -0.020863378 0.994755328
1305031117.511325 -0.038087498 0.018002890 0.120732620 -0.089646578 -0.041225646 -0.019353608 0.994931817
1305031117.544285 -0.039316691 0.014743878 0.120494075 -0.084438674 -0.041745242 -0.018647490 0.995379150
1305031117.579155 -0.040585592 0.009792322 0.120529294 -0.081618235 -0.043011229 -0.020613287 0.995521784
1305031117.611159 -0.040949062 0.004622729 0.122477271 -0.080667853 -0.044862006 -0.019803926 0.995534003
1305031117.643252 -0.041988045 -0.002747897 0.123998076 -0.079661496 -0.046630818 -0.018757025 0.995554030
1305031117.679262 -0.042602874 -0.007545764 0.125582159 -0.079290345 -0.049242198 -0.018211827 0.995468020
1305031117.711184 -0.041716415 -0.015847048 0.129663259 -0.080676541 -0.052386712 -0.015834339 0.995236754
1305031117.743184 -0.042218897 -0.024424601 0.132468387 -0.081241913 -0.054328967 -0.012725014 0.995131254
1305031117.779467 -0.042222258 -0.028553018 0.134563625 -0.080018058 -0.056906309 -0.010686989 0.995110333
1305031117.811320 -0.041028149 -0.039380800 0.140132397 -0.082433723 -0.059674084 -0.008816289 0.994769275
1305031117.843291 -0.037943393 -0.046580829 0.145047992 -0.080050237 -0.060841586 -0.007893367 0.994901001
1305031117.879451 -0.037636936 -0.053599961 0.146614209 -0.079031192 -0.057818383 -0.007789736 0.995163500
1305031117.911407 -0.039515261 -0.063551545 0.150984645 -0.079422638 -0.055593077 -0.008162973 0.995256126
1305031117.943253 -0.039650086 -0.069018900 0.153526276 -0.077586152 -0.053577706 -0.008444843 0.995509148
1305031117.979228 -0.042897508 -0.075344324 0.156902760 -0.079017498 -0.050751526 -0.009171996 0.995538235
1305031118.011228 -0.041778423 -0.086211614 0.163619146 -0.081918091 -0.051428609 -0.009082228 0.995269835
1305031118.043521 -0.042650189 -0.093605414 0.167604938 -0.080853052 -0.049851824 -0.009228176 0.995435774
1305031118.079334 -0.040770270 -0.100496896 0.172482923 -0.080704227 -0.049623612 -0.010541141 0.995446205
1305031118.111217 -0.037799858 -0.109160803 0.179616094 -0.080756947 -0.047088973 -0.010959927 0.995560527
1305031118.143256 -0.042099491 -0.116559833 0.180642977 -0.079099350 -0.040686022 -0.013336446 0.995946825
1305031118.179323 -0.042044435 -0.126389354 0.186043113 -0.079510264 -0.038264118 -0.015135627 0.995984375
1305031118.211202 -0.045894139 -0.136560559 0.187331066 -0.077559128 -0.034227449 -0.013404215 0.996309876
1305031118.243173 -0.047173783 -0.143388197 0.189410329 -0.074279137 -0.034821324 -0.013560770 0.996537089
1305031118.279194 -0.045763239 -0.153039485 0.194968283 -0.071390405 -0.036002245 -0.013941349 0.996701002
1305031118.311299 -0.045873139 -0.161944807 0.198044226 -0.066043988 -0.036368925 -0.013901069 0.997056842
1305031118.343324 -0.043437209 -0.165481552 0.201050043 -0.060873117 -0.036382399 -0.014615896 0.997375131
1305031118.379208 -0.047279075 -0.171964124 0.201793998 -0.056972440 -0.033256646 -0.016477967 0.997685611
1305031118.411296 -0.047532953 -0.172466740 0.205035031 -0.053038646 -0.035386454 -0.015572470 0.997843742
1305031118.445692 -0.045477107 -0.173651814 0.208008215 -0.052167997 -0.036307260 -0.012562474 0.997899055
1305031118.479285 -0.045723151 -0.176466286 0.209428996 -0.051970117 -0.036603115 -0.010383504 0.997923613
1305031118.511255 -0.043147661 -0.172510505 0.210553184 -0.048540864 -0.037753981 -0.008710984 0.998069406
1305031118.544414 -0.043234318 -0.168312475 0.209824771 -0.048820183 -0.036740456 -0.009733289 0.998084128
1305031118.579285 -0.041354552 -0.167156562 0.210900143 -0.051119555 -0.036407262 -0.009781647 0.997980773
1305031118.616142 -0.040349498 -0.162122846 0.210343018 -0.050657388 -0.034598712 -0.012187360 0.998042166
1305031118.645325 -0.041377090 -0.154899299 0.207277179 -0.050743964 -0.031850103 -0.014766370 0.998094499
1305031118.679295 -0.042525116 -0.151160106 0.205377460 -0.054475967 -0.030215772 -0.016683027 0.997918367
1305031118.711421 -0.043847561 -0.149762690 0.203807652 -0.056631606 -0.030153308 -0.019796830 0.997743309
1305031118.746770 -0.047895655 -0.137178376 0.195370197 -0.052084979 -0.030648544 -0.019894600 0.997973979
1305031118.779277 -0.044284001 -0.122620940 0.192830756 -0.052352294 -0.035928808 -0.018917440 0.997802854
1305031118.811221 -0.041654326 -0.124168113 0.193295613 -0.059730630 -0.039210469 -0.020686816 0.997229576
1305031118.846753 -0.037938237 -0.116234131 0.189543456 -0.055640224 -0.040387042 -0.019258024 0.997447848
1305031118.879208 -0.037690803 -0.097668834 0.181555986 -0.051209640 -0.037840273 -0.021164371 0.997746348
1305031118.911177 -0.037920367 -0.094388336 0.178016439 -0.055487663 -0.036715679 -0.023850525 0.997498989
1305031118.946974 -0.038780905 -0.081457250 0.170712948 -0.052707773 -0.034869604 -0.025851857 0.997666121
1305031118.979374 -0.039894886 -0.070094690 0.165270239 -0.053046629 -0.033514470 -0.029463317 0.997594476
1305031119.011363 -0.042135060 -0.060331024 0.157935381 -0.056043848 -0.032725137 -0.032326728 0.997368097
1305031119.047172 -0.043624908 -0.053196162 0.152979791 -0.058294073 -0.032872085 -0.032945413 0.997214019
1305031119.079223 -0.046191633 -0.045018874 0.147067711 -0.058774300 -0.034230459 -0.033045102 0.997136831
1305031119.111328 -0.046412088 -0.036962222 0.142108917 -0.059004795 -0.037873879 -0.032444984 0.997011185
1305031119.147616 -0.048099205 -0.026352877 0.136365741 -0.058307752 -0.040569331 -0.031160939 0.996987104
1305031119.179226 -0.046553858 -0.022831358 0.132948488 -0.060166556 -0.045635998 -0.030858245 0.996667027
1305031119.211364 -0.044133365 -0.012316721 0.128556907 -0.056635585 -0.048526887 -0.028924476 0.996795356
1305031119.247399 -0.045203965 -0.003797174 0.123471335 -0.055800542 -0.049190938 -0.028098999 0.996833503
1305031119.279212 -0.043798089 0.004382301 0.119519219 -0.055487867 -0.050761718 -0.028082881 0.996772647
1305031119.311212 -0.044744629 0.011804439 0.115605436 -0.055592936 -0.050710812 -0.025470205 0.996839523
1305031119.347741 -0.045620382 0.018288847 0.112370342 -0.054943103 -0.052250788 -0.023237798 0.996850610
1305031119.379239 -0.044544972 0.029212013 0.108074643 -0.053152863 -0.054777768 -0.022754803 0.996823132
1305031119.411484 -0.041427858 0.036167163 0.105708703 -0.054303635 -0.055725198 -0.022043150 0.996724606
1305031119.447706 -0.040513705 0.043050937 0.103497855 -0.055240057 -0.053756487 -0.021296546 0.996797502
1305031119.479267 -0.041434452 0.052852422 0.099512607 -0.052978490 -0.051314924 -0.022049978 0.997032523
1305031119.511240 -0.043340489 0.062156063 0.096437126 -0.053808443 -0.049473446 -0.021560216 0.997091830
1305031119.547382 -0.044237144 0.072897106 0.093957119 -0.053964503 -0.049122114 -0.020087574 0.997131526
1305031119.579559 -0.042821113 0.085335143 0.091344282 -0.054431584 -0.048505262 -0.020027282 0.997137547
1305031119.615017 -0.044844653 0.090678275 0.089745909 -0.059186276 -0.045809019 -0.019548509 0.997003675
1305031119.647903 -0.046013087 0.102788106 0.086763918 -0.060189359 -0.044844549 -0.018770583 0.997002482
1305031119.679208 -0.042988874 0.113628238 0.086700544 -0.063224629 -0.044078004 -0.020360069 0.996817529
1305031119.715232 -0.044396687 0.120413788 0.086249501 -0.069196761 -0.039099336 -0.018649640 0.996662021
1305031119.747193 -0.048595954 0.126018882 0.083383828 -0.073573723 -0.035716638 -0.013913632 0.996552885
1305031119.779169 -0.051040389 0.136388004 0.081608973 -0.074990153 -0.036197629 -0.011980686 0.996455073
1305031119.814537 -0.049148165 0.144043237 0.080922425 -0.076856703 -0.038040888 -0.007965431 0.996284366
1305031119.847429 -0.047879979 0.152282745 0.079506822 -0.079038203 -0.037575673 -0.003321429 0.996157646
1305031119.879214 -0.047831587 0.156659350 0.079657950 -0.080199689 -0.036007736 -0.003160804 0.996123195
1305031119.911401 -0.049671769 0.169187725 0.075664029 -0.077151306 -0.033188779 -0.002754827 0.996463060
1305031119.947392 -0.049037717 0.175453663 0.074963853 -0.081260070 -0.031989459 -0.002501986 0.996176302
1305031119.979537 -0.049580712 0.181827009 0.073483601 -0.082996197 -0.028592985 -0.003363180 0.996133924
1305031120.015264 -0.052824948 0.193643659 0.070095286 -0.083694682 -0.023651807 -0.002019217 0.996208668
1305031120.047290 -0.055244144 0.189895868 0.070443623 -0.094368376 -0.022034295 -0.000705561 0.995293200
1305031120.079418 -0.056112945 0.189811498 0.069507472 -0.096467614 -0.023846162 0.001624387 0.995049119
1305031120.115232 -0.056028962 0.193732619 0.069002241 -0.096413642 -0.026349172 0.003240176 0.994987249
1305031120.148157 -0.053584300 0.189267904 0.070517749 -0.100388907 -0.028360769 0.004229856 0.994534969
1305031120.179246 -0.052593552 0.184564650 0.071533248 -0.100652903 -0.028251871 0.007151115 0.994494677
1305031120.215249 -0.052223641 0.179079726 0.071869910 -0.097518742 -0.028519273 0.007304131 0.994798183
1305031120.248003 -0.051844582 0.177956417 0.072705306 -0.092380226 -0.028712464 0.005144232 0.995296478
1305031120.279430 -0.050997242 0.172040373 0.073541015 -0.089926571 -0.028282605 0.003551706 0.995540380
1305031120.315196 -0.050671078 0.165500730 0.074944288 -0.087852776 -0.027991399 0.001546287 0.995738864
1305031120.347787 -0.050604872 0.158390775 0.076947354 -0.084635690 -0.027509825 -0.000594198 0.996031940
1305031120.379437 -0.049652450 0.147501975 0.081098914 -0.084911548 -0.028270693 -0.001081239 0.995986760
1305031120.415445 -0.048259154 0.133473337 0.085844062 -0.081593484 -0.029559899 -0.000856758 0.996226847
1305031120.447417 -0.049116489 0.130069792 0.087806344 -0.072888315 -0.029726282 -0.001524498 0.996895850
1305031120.479432 -0.047602914 0.118166424 0.092968956 -0.072037421 -0.031250164 -0.000663126 0.996912062
1305031120.514819 -0.048269164 0.107520275 0.096291766 -0.066713132 -0.032792680 0.001405608 0.997232199
1305031120.547736 -0.048346400 0.100411460 0.099352419 -0.060150575 -0.035777625 0.003185807 0.997542858
1305031120.579551 -0.050012525 0.094221674 0.101918861 -0.056517914 -0.038728580 0.006184421 0.997630954
1305031120.615236 -0.047781870 0.084394798 0.107221536 -0.054287244 -0.044056509 0.008750902 0.997514546
1305031120.647354 -0.046620250 0.077292264 0.110558063 -0.049398597 -0.047190804 0.008955169 0.997623444
1305031120.679318 -0.044646472 0.070244491 0.114835918 -0.047065832 -0.049402378 0.009895453 0.997620285
1305031120.714522 -0.044770736 0.062709175 0.118432775 -0.045234542 -0.049856156 0.010619794 0.997675061
1305031120.747369 -0.045351975 0.053624775 0.121532723 -0.045010045 -0.051777840 0.010901863 0.997584224
1305031120.779894 -0.042014416 0.044136018 0.126657203 -0.043663207 -0.055403270 0.011147450 0.997446597
1305031120.814944 -0.043131933 0.039755356 0.127902672 -0.039920449 -0.054883141 0.010156306 0.997642756
1305031120.847921 -0.042365707 0.030898657 0.131840289 -0.041428860 -0.056341313 0.008421184 0.997516096
1305031120.883435 -0.039844960 0.021547198 0.135634989 -0.039850570 -0.056983985 0.006857637 0.997555912
1305031120.915444 -0.041111659 0.016774995 0.136428669 -0.037795644 -0.054950994 0.005039483 0.997760713
1305031120.947488 -0.041739479 0.007740724 0.139553726 -0.038629845 -0.054480795 0.002821044 0.997763336
1305031120.983366 -0.042715430 -0.000471271 0.142111450 -0.038451537 -0.054171622 0.000606938 0.997790813
1305031121.015019 -0.042449132 -0.009391637 0.144268766 -0.037514441 -0.054985959 -0.000603059 0.997781932
1305031121.047498 -0.043381311 -0.013956690 0.145952359 -0.036023792 -0.054512128 -0.001469156 0.997861981
1305031121.083099 -0.045031369 -0.025095407 0.148709849 -0.036254797 -0.055294909 -0.002937172 0.997807324
1305031121.114696 -0.044446178 -0.030885920 0.150002614 -0.033218469 -0.056886204 -0.002574852 0.997824550
1305031121.147331 -0.045297623 -0.038078841 0.151892081 -0.031541169 -0.057359532 -0.003213161 0.997850060
1305031121.183271 -0.045669876 -0.047138516 0.153223947 -0.030514641 -0.058559738 -0.004005104 0.997809410
1305031121.211420 -0.043051049 -0.055388927 0.157256946 -0.028444964 -0.059463572 -0.003943456 0.997817338
1305031121.247194 -0.046410337 -0.061296158 0.156890392 -0.026203820 -0.056691766 -0.004741364 0.998036504
1305031121.282876 -0.046498556 -0.071214288 0.160161912 -0.027410764 -0.058234498 -0.003486847 0.997920454
1305031121.313568 -0.045324571 -0.079556152 0.164224133 -0.024811873 -0.058997858 -0.002756506 0.997945905
1305031121.347517 -0.047912922 -0.085330084 0.165076360 -0.022637559 -0.059157815 -0.001526135 0.997990787
1305031121.383226 -0.044587240 -0.097076803 0.170143455 -0.022695391 -0.061992422 -0.000741061 0.997818291
1305031121.414318 -0.045715772 -0.102867633 0.170941100 -0.017614955 -0.060504276 -0.002210729 0.998010039
1305031121.447319 -0.045517553 -0.108493954 0.173344806 -0.016176233 -0.060299743 -0.001263273 0.998048425
1305031121.482964 -0.043105993 -0.120612547 0.178485408 -0.016386963 -0.059334882 0.000126164 0.998103619
1305031121.514107 -0.047704842 -0.124200247 0.176314712 -0.012051590 -0.055704679 0.000375551 0.998374462
1305031121.547270 -0.046835370 -0.128223151 0.178727135 -0.012775548 -0.056061432 0.001239305 0.998344839
1305031121.583204 -0.046110094 -0.139573455 0.182877690 -0.015746206 -0.055111494 0.000257683 0.998355985
1305031121.614700 -0.045642696 -0.145089343 0.184918940 -0.014174443 -0.053494308 -0.000735404 0.998467267
1305031121.647183 -0.043627597 -0.148597986 0.188379467 -0.012687979 -0.050295692 -0.002524120 0.998650610
1305031121.683200 -0.047745861 -0.156700924 0.188761994 -0.015830107 -0.045049760 -0.004411553 0.998849571
1305031121.714520 -0.050440423 -0.163539708 0.190070689 -0.016725771 -0.043479972 -0.003681161 0.998907447
1305031121.747145 -0.050097942 -0.166430712 0.192914218 -0.018008500 -0.043522518 -0.003007354 0.998885572
1305031121.782835 -0.048991933 -0.173366681 0.196151450 -0.020563589 -0.043604307 -0.000726650 0.998836994
1305031121.811540 -0.046714257 -0.175237820 0.198950827 -0.021161599 -0.043287128 0.001689727 0.998837113
1305031121.847335 -0.047770157 -0.177956715 0.199633658 -0.023142984 -0.041112218 0.004597410 0.998875856
1305031121.882060 -0.049153186 -0.180464044 0.199668840 -0.025690157 -0.040256746 0.010651143 0.998802245
1305031121.914931 -0.050388865 -0.181894913 0.199274629 -0.027689004 -0.041576006 0.012191482 0.998677194
1305031121.947288 -0.047656216 -0.181718275 0.201198056 -0.027552743 -0.044748016 0.012079927 0.998545229
1305031121.982926 -0.046382315 -0.176442459 0.201055974 -0.026410498 -0.044826783 0.011862774 0.998575151
1305031122.014256 -0.048788141 -0.174648061 0.199041829 -0.027141314 -0.043832265 0.009382584 0.998626053
1305031122.047306 -0.048428349 -0.169634521 0.197258338 -0.025651481 -0.045359191 0.005801277 0.998624504
1305031122.082959 -0.047696143 -0.163736701 0.195285946 -0.024487138 -0.046055172 0.002134789 0.998636484
1305031122.114672 -0.048581079 -0.154422641 0.191822916 -0.022286629 -0.045787133 -0.001354041 0.998701692
1305031122.150725 -0.046687659 -0.147471666 0.189658687 -0.022803023 -0.046854749 -0.006517575 0.998620093
1305031122.183042 -0.045371436 -0.137674406 0.186323553 -0.020279042 -0.046180263 -0.011248248 0.998663902
1305031122.214959 -0.047070771 -0.119393706 0.180532470 -0.019732097 -0.043909352 -0.016089702 0.998711050
1305031122.251319 -0.048643328 -0.117327914 0.179059550 -0.027206555 -0.042803779 -0.020160057 0.998509467
1305031122.283560 -0.051519409 -0.104401417 0.173087850 -0.026480440 -0.042506281 -0.022810385 0.998484731
1305031122.314289 -0.052655715 -0.088285685 0.168256029 -0.029542699 -0.044430528 -0.026840499 0.998214781
1305031122.351327 -0.052645456 -0.083368801 0.165748909 -0.037112840 -0.046913397 -0.029329902 0.997778296
1305031122.382630 -0.055181947 -0.072754070 0.160044611 -0.041089047 -0.047895379 -0.030118538 0.997552276
1305031122.414997 -0.057946447 -0.067555800 0.155270830 -0.045746028 -0.051020686 -0.030884368 0.997171164
1305031122.451257 -0.057223164 -0.056339167 0.150568411 -0.046592221 -0.056027636 -0.029349463 0.996909559
1305031122.483360 -0.057359282 -0.049266331 0.146324739 -0.050090481 -0.060921617 -0.029318033 0.996453702
1305031122.515097 -0.056325912 -0.040982950 0.142173216 -0.051635712 -0.065175243 -0.030838931 0.996059716
1305031122.551490 -0.053302869 -0.031684060 0.138202220 -0.052754838 -0.067165621 -0.032046434 0.995830655
1305031122.583208 -0.053365283 -0.023812752 0.134402230 -0.054152600 -0.065832689 -0.033529125 0.995795846
1305031122.614980 -0.056957513 -0.018133819 0.130423844 -0.055504929 -0.064717777 -0.033021674 0.995811403
1305031122.648788 -0.056600146 -0.007998757 0.125925586 -0.053427652 -0.066771321 -0.031741995 0.995831072
1305031122.683402 -0.057403907 0.000665735 0.121831179 -0.052822892 -0.067651801 -0.030627487 0.995838821
1305031122.715208 -0.058924455 0.008880584 0.117717542 -0.052706882 -0.069685839 -0.027859475 0.995785952
1305031122.751298 -0.057046033 0.022426907 0.114467137 -0.050496351 -0.073001958 -0.027210634 0.995680869
1305031122.783423 -0.056039177 0.033976089 0.111000039 -0.052707065 -0.073555090 -0.027774515 0.995510042
1305031122.812555 -0.054413918 0.040178634 0.110420898 -0.058127552 -0.073554687 -0.028364077 0.995191634
1305031122.851418 -0.050092760 0.048425071 0.110949583 -0.059491228 -0.071754098 -0.030207159 0.995188236
1305031122.883754 -0.052229218 0.057136409 0.106309518 -0.062132586 -0.064317629 -0.029573692 0.995554209
1305031122.914571 -0.055940982 0.061654992 0.104302764 -0.066195309 -0.060287181 -0.028894924 0.995564520
1305031122.951341 -0.056150161 0.068000838 0.102515757 -0.066983841 -0.059633717 -0.028060274 0.995575011
1305031122.982815 -0.058221050 0.077294640 0.099022560 -0.067504421 -0.058733705 -0.024561740 0.995685816
1305031123.015450 -0.057606246 0.081817843 0.097385921 -0.070482969 -0.060140576 -0.021531696 0.995465517
1305031123.051827 -0.055811480 0.086826570 0.096130356 -0.070306227 -0.060540888 -0.019816203 0.995489419
1305031123.082975 -0.057060052 0.097433329 0.092690386 -0.068097569 -0.058967993 -0.017766839 0.995775998
1305031123.113873 -0.057100043 0.107088946 0.090471745 -0.070064485 -0.057723131 -0.015250837 0.995754182
1305031123.150822 -0.057922550 0.113221139 0.088842496 -0.072960414 -0.056618705 -0.015416792 0.995607018
1305031123.182155 -0.054728400 0.122772284 0.088881031 -0.074254975 -0.056442443 -0.014667445 0.995532691
1305031123.214704 -0.053470820 0.131085634 0.087089755 -0.078174211 -0.052213989 -0.014857817 0.995460570
1305031123.250618 -0.054540027 0.143585578 0.085562676 -0.081258588 -0.047881253 -0.016281508 0.995409131
1305031123.282347 -0.053038836 0.152332202 0.085432425 -0.088842534 -0.045470465 -0.013839157 0.994911015
1305031123.311327 -0.051660150 0.159877345 0.085872442 -0.094044618 -0.042186156 -0.011970600 0.994601727
1305031123.350481 -0.051455028 0.166805699 0.085433260 -0.098656297 -0.038019743 -0.011504010 0.994328439
1305031123.382255 -0.048548132 0.176042840 0.085550159 -0.101889789 -0.034877587 -0.007698328 0.994154274
1305031123.411363 -0.050086297 0.179445565 0.084619604 -0.106346205 -0.029117264 -0.005999106 0.993884623
1305031123.451255 -0.051641397 0.189149737 0.082422078 -0.106410243 -0.025563817 -0.004541149 0.993983269
1305031123.483594 -0.049893469 0.195806190 0.081887692 -0.110367835 -0.024536379 -0.000117052 0.993587911
1305031123.511360 -0.049496520 0.200734183 0.080995202 -0.113877498 -0.022893235 0.002796669 0.993227065
1305031123.551513 -0.050058968 0.207393765 0.078571677 -0.114865564 -0.022187250 0.004852194 0.993121386
1305031123.579583 -0.048477814 0.218601510 0.078121133 -0.114064194 -0.022536064 0.008691229 0.993179739
1305031123.611335 -0.047671035 0.228778154 0.076339930 -0.112459704 -0.021229126 0.009955841 0.993379593
1305031123.652411 -0.045117509 0.235685930 0.076474175 -0.115584709 -0.020346742 0.010098165 0.993037879
1305031123.683753 -0.043566778 0.243014425 0.076102793 -0.118285879 -0.017442349 0.010668562 0.992769063
1305031123.711323 -0.043061946 0.247977257 0.075391077 -0.122469105 -0.013842004 0.012019108 0.992303014
1305031123.751723 -0.044152182 0.246283948 0.074300975 -0.128671572 -0.010904828 0.013534159 0.991534948
1305031123.783858 -0.045214429 0.247611880 0.073370710 -0.130748659 -0.010571934 0.015196219 0.991242707
1305031123.811608 -0.043706477 0.249099910 0.072542667 -0.131651565 -0.011619898 0.016325783 0.991093457
1305031123.851444 -0.044120919 0.248642415 0.071837015 -0.133299157 -0.011337568 0.018462749 0.990839005
1305031123.883786 -0.043647829 0.243006960 0.071491778 -0.136190563 -0.012884308 0.019495208 0.990406990
1305031123.911243 -0.043104373 0.241189435 0.071251065 -0.133146659 -0.014591094 0.018599380 0.990814388
1305031123.951442 -0.043683100 0.243449941 0.071110375 -0.130867168 -0.014711281 0.019822573 0.991092563
1305031123.983415 -0.044382188 0.232414186 0.072441779 -0.137312457 -0.016555358 0.022040207 0.990144193
1305031124.011302 -0.043742973 0.225453526 0.073889375 -0.133635551 -0.020887701 0.021839291 0.990569651
1305031124.051505 -0.044366498 0.225791484 0.074850172 -0.126694128 -0.023589868 0.021902658 0.991419375
1305031124.083837 -0.043843854 0.216963172 0.077819489 -0.128018692 -0.026770955 0.023515487 0.991131425
1305031124.111331 -0.041341357 0.206725433 0.081125081 -0.124308705 -0.031206219 0.022072257 0.991507113
1305031124.147446 -0.043917079 0.209215358 0.082102329 -0.114202484 -0.031008681 0.019876821 0.992774487
1305031124.182694 -0.042661339 0.198297814 0.086129315 -0.115589835 -0.033042755 0.018558502 0.992573798
1305031124.211396 -0.039076570 0.187513947 0.089434713 -0.111724772 -0.036360376 0.016236922 0.992941022
1305031124.249327 -0.043577492 0.185697407 0.088654928 -0.103661358 -0.034892030 0.015317551 0.993882418
1305031124.282545 -0.044828016 0.177615464 0.090969875 -0.103880599 -0.038554356 0.015606339 0.993719697
1305031124.311361 -0.039898127 0.162324682 0.095528886 -0.104573146 -0.045431945 0.016313111 0.993345022
1305031124.350354 -0.041829355 0.157572582 0.096460916 -0.098005295 -0.047481656 0.014732738 0.993943334
1305031124.382420 -0.040017471 0.147838593 0.099571027 -0.095529966 -0.050703499 0.013475491 0.994043052
1305031124.411439 -0.039339006 0.137757733 0.101656474 -0.091340855 -0.052448973 0.012980131 0.994352758
1305031124.450245 -0.039386790 0.128157347 0.102782696 -0.085019290 -0.053449504 0.010832908 0.994885683
1305031124.480099 -0.039975502 0.117508739 0.104382262 -0.079699054 -0.054324076 0.008196807 0.995303869
1305031124.511324 -0.041293383 0.110604919 0.104891814 -0.072325192 -0.055289611 0.005921643 0.995829821
1305031124.550437 -0.042963456 0.102535829 0.105914459 -0.067669347 -0.056048486 0.003528737 0.996125996
1305031124.579404 -0.043856207 0.092010103 0.108296581 -0.064474985 -0.058160841 0.001106535 0.996222377
1305031124.611358 -0.043426473 0.081154943 0.111835226 -0.060213134 -0.060900956 -0.000915207 0.996325552
1305031124.651271 -0.043571062 0.071895659 0.114407919 -0.056660939 -0.063183069 -0.002858415 0.996388078
1305031124.679362 -0.041451283 0.060185585 0.118944831 -0.053691208 -0.066103160 -0.004293816 0.996357977
1305031124.711251 -0.041190468 0.051365174 0.121124357 -0.049326327 -0.066187553 -0.006249053 0.996567667
1305031124.749890 -0.042285517 0.040019482 0.124902129 -0.047946617 -0.065938883 -0.008080877 0.996638298
1305031124.779365 -0.042579122 0.029830987 0.128635690 -0.044837631 -0.067246661 -0.008948761 0.996688187
1305031124.811360 -0.042480651 0.020781936 0.132118076 -0.042826679 -0.068255693 -0.009331790 0.996704519
1305031124.850535 -0.043087937 0.009186177 0.137537181 -0.043436166 -0.069565684 -0.009937312 0.996581733
1305031124.879355 -0.038879119 -0.001450417 0.143674746 -0.041596595 -0.071502164 -0.010353771 0.996518910
1305031124.911448 -0.039585080 -0.007409987 0.147190988 -0.039316680 -0.068698570 -0.010661037 0.996805429
1305031124.950730 -0.039361358 -0.016937964 0.153912559 -0.042382799 -0.067840867 -0.010467412 0.996740580
1305031124.979438 -0.041087866 -0.032618567 0.159906358 -0.043106895 -0.066501878 -0.009073397 0.996813416
1305031125.011454 -0.045442302 -0.040721755 0.161451608 -0.038141683 -0.067005634 -0.008818347 0.996984243
1305031125.050763 -0.041191593 -0.044560120 0.165903285 -0.035083111 -0.070968412 -0.007468011 0.996833384
1305031125.079364 -0.041713819 -0.054276615 0.170831710 -0.036548913 -0.069788247 -0.004321012 0.996882677
1305031125.111364 -0.043210547 -0.065031715 0.174989492 -0.036479440 -0.070557944 -0.003327153 0.996834874
1305031125.151013 -0.041139543 -0.070247516 0.178675443 -0.031532370 -0.071876764 -0.005400178 0.996900320
1305031125.179353 -0.041424930 -0.072769254 0.179776967 -0.030880466 -0.069059573 -0.003644173 0.997127831
1305031125.211320 -0.043442521 -0.084054679 0.184427574 -0.035343029 -0.067272186 -0.003519433 0.997102320
1305031125.250632 -0.045521211 -0.094963036 0.186543480 -0.034233637 -0.066485941 -0.006194341 0.997180700
1305031125.279467 -0.045543965 -0.097693905 0.188304931 -0.030379482 -0.066626929 -0.007046772 0.997290492
1305031125.311493 -0.044687912 -0.107148699 0.192784831 -0.031213135 -0.065550461 -0.006317230 0.997340918
1305031125.348880 -0.047592007 -0.110861436 0.193555504 -0.026626622 -0.063412413 -0.009746627 0.997584522
1305031125.379401 -0.043250553 -0.113577709 0.198947221 -0.026166260 -0.063481204 -0.013335326 0.997550845
1305031125.411335 -0.042834930 -0.118352823 0.200671792 -0.026483972 -0.057251509 -0.013977126 0.997910559
1305031125.451195 -0.045409337 -0.124388732 0.202630728 -0.029950317 -0.051193632 -0.016111653 0.998109519
1305031125.479424 -0.045764968 -0.131485194 0.205405146 -0.030038202 -0.047301680 -0.017882343 0.998268723
1305031125.511316 -0.047237799 -0.131304637 0.205103815 -0.028701784 -0.042900994 -0.018464986 0.998496234
1305031125.551020 -0.046725135 -0.133587927 0.206076711 -0.029615289 -0.040075094 -0.020390430 0.998549521
1305031125.579308 -0.045733046 -0.135588586 0.207255065 -0.031257503 -0.036983695 -0.022446986 0.998574615
1305031125.611533 -0.047970418 -0.141477108 0.206949890 -0.031852700 -0.032818988 -0.023128564 0.998685837
1305031125.650575 -0.053379793 -0.144642815 0.202199742 -0.028132621 -0.030472729 -0.020590924 0.998927414
1305031125.679328 -0.056399569 -0.137571216 0.196286693 -0.022631474 -0.033502329 -0.019456998 0.998992920
1305031125.711443 -0.053107303 -0.139015719 0.197010577 -0.022206673 -0.040379569 -0.017615752 0.998782277
1305031125.751260 -0.049991764 -0.127427176 0.192656368 -0.015380767 -0.043690532 -0.015489425 0.998806596
1305031125.779348 -0.049074613 -0.121163234 0.190346658 -0.015229455 -0.044906925 -0.018590229 0.998702049
1305031125.811573 -0.047180682 -0.112206005 0.186941445 -0.014058132 -0.044709258 -0.019308304 0.998714507
1305031125.847412 -0.047712356 -0.107362099 0.184182629 -0.016685979 -0.043064535 -0.021459755 0.998702407
1305031125.879318 -0.051017262 -0.099903136 0.179076955 -0.016353548 -0.042315997 -0.022402171 0.998719215
1305031125.911305 -0.054466344 -0.088983275 0.173995659 -0.018855253 -0.044127606 -0.021458233 0.998617411
1305031125.947343 -0.056326866 -0.086483158 0.171215415 -0.023588592 -0.050285190 -0.019133002 0.998272955
1305031125.979324 -0.054383248 -0.075698785 0.167148426 -0.023140639 -0.058260459 -0.015661575 0.997910261
1305031126.011333 -0.050291605 -0.064299487 0.166518375 -0.024401700 -0.065282732 -0.015519196 0.997447670
1305031126.047324 -0.045178548 -0.052386329 0.165895268 -0.026500212 -0.068486035 -0.014341766 0.997196913
1305031126.079356 -0.045163825 -0.041057937 0.163230121 -0.030014362 -0.066699877 -0.013947632 0.997224033
1305031126.111370 -0.043935873 -0.033284225 0.162856609 -0.034179948 -0.066427998 -0.014477854 0.997100532
1305031126.147432 -0.044214010 -0.019003712 0.161024272 -0.034938939 -0.065019540 -0.012736716 0.997190833
1305031126.179384 -0.045067467 -0.007102626 0.157050475 -0.040847022 -0.064486310 -0.012232104 0.997007251
1305031126.211319 -0.042427674 -0.000933333 0.157574922 -0.046503548 -0.066196471 -0.011822569 0.996652246
1305031126.247298 -0.041093372 0.012936615 0.154257134 -0.047936607 -0.065163061 -0.011298233 0.996658504
1305031126.279363 -0.039945461 0.023319021 0.152516469 -0.051791683 -0.063764043 -0.012296514 0.996544302
1305031126.311332 -0.038363375 0.035523430 0.150436088 -0.055022843 -0.061186273 -0.013783594 0.996513307
1305031126.347363 -0.038616531 0.043245587 0.148743540 -0.059927851 -0.057258535 -0.015204121 0.996443152
1305031126.379423 -0.040495545 0.052704312 0.145816758 -0.063133508 -0.053419128 -0.016808545 0.996432662
1305031126.411465 -0.041097015 0.062990159 0.143314868 -0.066883013 -0.051564708 -0.018495895 0.996255815
1305031126.447361 -0.041458569 0.068771362 0.141573995 -0.072063304 -0.049955890 -0.017937539 0.995986700
1305031126.479533 -0.043359932 0.076525986 0.137470320 -0.074287511 -0.049131949 -0.015294673 0.995908380
1305031126.511410 -0.043865472 0.089247696 0.133766621 -0.075352184 -0.050423753 -0.013832074 0.995785177
1305031126.547374 -0.040386427 0.097032897 0.133624971 -0.081209153 -0.052411150 -0.012774692 0.995236099
1305031126.579454 -0.038585410 0.104459181 0.132292479 -0.085256115 -0.050951827 -0.010975193 0.994994879
1305031126.611528 -0.039248344 0.111816570 0.129982904 -0.090040788 -0.048530970 -0.009497722 0.994709611
1305031126.647376 -0.035849031 0.114847273 0.130260170 -0.095138922 -0.048382204 -0.007449618 0.994259655
1305031126.679479 -0.035636488 0.120146841 0.128480583 -0.096740477 -0.046093941 -0.003021499 0.994237185
1305031126.711583 -0.035621677 0.126672894 0.125935078 -0.098589770 -0.044165909 0.000110723 0.994147599
1305031126.747316 -0.034323398 0.127647251 0.125014797 -0.100928016 -0.042842384 0.003224395 0.993965626
1305031126.779379 -0.034556523 0.133570418 0.122301832 -0.099497192 -0.041417226 0.006308089 0.994155467
1305031126.811602 -0.030415613 0.136209875 0.121825561 -0.100072995 -0.041165557 0.007083149 0.994102895
1305031126.847343 -0.029889049 0.139347672 0.119737804 -0.100199506 -0.037382614 0.007570837 0.994236052
1305031126.879357 -0.030154135 0.141668692 0.117533341 -0.100626238 -0.035001572 0.008189254 0.994274676
1305031126.911364 -0.028891901 0.141964749 0.116679505 -0.101362951 -0.033279646 0.007342296 0.994265616
1305031126.947437 -0.030134814 0.143431157 0.114402346 -0.101856343 -0.031345375 0.009178702 0.994262815
1305031126.979337 -0.029140405 0.141978174 0.114193447 -0.103185087 -0.032715589 0.010501104 0.994068563
1305031127.011371 -0.028339231 0.141608968 0.113935970 -0.101857416 -0.033972189 0.010790057 0.994160235
1305031127.047297 -0.028292812 0.142803162 0.113076724 -0.100371145 -0.034190401 0.011779183 0.994292676
1305031127.079299 -0.028826505 0.141796678 0.113300309 -0.101127304 -0.034413431 0.012079603 0.994204700
1305031127.111435 -0.030173238 0.139149740 0.113379464 -0.101766512 -0.035984691 0.013057301 0.994071484
1305031127.147307 -0.030702963 0.136734590 0.114036486 -0.100982368 -0.039165258 0.013849098 0.994020522
1305031127.179349 -0.030493531 0.136719301 0.113983728 -0.098299272 -0.042118605 0.013199248 0.994177580
1305031127.211700 -0.028970173 0.134787232 0.116177596 -0.098034188 -0.044472124 0.013018648 0.994103670
1305031127.247374 -0.028457783 0.131123364 0.117591828 -0.096913159 -0.044953883 0.012238032 0.994201779
1305031127.279465 -0.029936124 0.131215602 0.117342815 -0.093680382 -0.044399850 0.010823923 0.994552910
1305031127.311362 -0.030840030 0.128521860 0.118953496 -0.094451822 -0.045008454 0.010354858 0.994457603
1305031127.347356 -0.030304965 0.122599661 0.121560276 -0.094288029 -0.047109585 0.009845145 0.994381011
1305031127.379262 -0.031249505 0.123161793 0.121591777 -0.090624429 -0.047718920 0.009468573 0.994696140
1305031127.411371 -0.031844895 0.122087628 0.122913755 -0.090162531 -0.048686817 0.008651302 0.994698644
1305031127.447333 -0.031606466 0.116813660 0.125408053 -0.090964876 -0.050279185 0.008559396 0.994547188
1305031127.479362 -0.033156049 0.118508846 0.125507683 -0.087602243 -0.050578386 0.007468651 0.994842649
1305031127.511356 -0.033537634 0.117529191 0.126965091 -0.088631578 -0.051716618 0.006304480 0.994700968
1305031127.547348 -0.032607473 0.112942129 0.129558489 -0.089954033 -0.053371627 0.006499292 0.994493604
1305031127.579345 -0.033842638 0.113707267 0.129610151 -0.087362126 -0.053208992 0.006012026 0.994736373
1305031127.611271 -0.033599384 0.114401698 0.130253553 -0.087272532 -0.053986065 0.005816141 0.994703591
1305031127.647358 -0.033135083 0.111195669 0.132008910 -0.089200884 -0.054567371 0.007193002 0.994491756
1305031127.679298 -0.033316374 0.109676883 0.132160455 -0.088040650 -0.054932214 0.007974491 0.994569123
1305031127.711375 -0.034432992 0.111891367 0.131587178 -0.086283311 -0.055118255 0.007418516 0.994717121
1305031127.747304 -0.033462256 0.109788969 0.133276507 -0.088095173 -0.056216460 0.007545313 0.994495869
1305031127.779346 -0.033697508 0.107060872 0.133632153 -0.087930016 -0.056307968 0.007880045 0.994502664
1305031127.811829 -0.034796759 0.108701184 0.132589787 -0.085469119 -0.056097597 0.006565196 0.994738638
1305031127.847366 -0.035011236 0.107951239 0.132983774 -0.085905418 -0.056187823 0.005756653 0.994700968
1305031127.879380 -0.035762575 0.106531575 0.133054301 -0.086352848 -0.056234844 0.005265724 0.994662344
1305031127.911476 -0.036911853 0.106719702 0.133016005 -0.085738674 -0.056617573 0.004732568 0.994696438
1305031127.947366 -0.037291601 0.108018935 0.133342996 -0.085770987 -0.057304576 0.004881364 0.994653523
1305031127.979371 -0.037287090 0.106956586 0.134924844 -0.087698437 -0.058215085 0.004820614 0.994432867
1305031128.011427 -0.035705362 0.107202798 0.136581391 -0.088586017 -0.059135649 0.004541173 0.994301200
1305031128.047369 -0.035089307 0.105192691 0.139220983 -0.091644473 -0.058588371 0.005681042 0.994050503
1305031128.079334 -0.035234567 0.102538064 0.140815064 -0.092402972 -0.058205739 0.006634552 0.993996859
1305031128.111391 -0.034938529 0.101948500 0.141667843 -0.091834620 -0.058594387 0.007380835 0.994021416
1305031128.147418 -0.034491703 0.101779416 0.142687485 -0.092453629 -0.058843199 0.008990920 0.993936062
1305031128.179350 -0.033255726 0.097607903 0.144588456 -0.093322113 -0.059404120 0.010273191 0.993809164
1305031128.211447 -0.034014083 0.099082030 0.143653184 -0.090571001 -0.058898382 0.010610742 0.994090199
1305031128.247480 -0.034504492 0.099905565 0.143795133 -0.090437226 -0.059134755 0.010779426 0.994086504
1305031128.279336 -0.033576097 0.096881911 0.145097300 -0.091773137 -0.060038216 0.010940841 0.993908167
1305031128.311483 -0.034281492 0.098112606 0.144560754 -0.089741521 -0.059697263 0.010201856 0.994122028
1305031128.347423 -0.035122830 0.098238394 0.144061461 -0.089636490 -0.059378460 0.009317210 0.994159281
1305031128.379404 -0.035427459 0.096955687 0.144611388 -0.090287223 -0.059790112 0.007659132 0.994089901
1305031128.411337 -0.035689726 0.096180707 0.144476473 -0.089809783 -0.059731737 0.006547343 0.994144559
1305031128.447296 -0.036621809 0.096168354 0.143965930 -0.089258589 -0.059352707 0.005198221 0.994224906
1305031128.479296 -0.036502235 0.095513150 0.144113511 -0.089609399 -0.059792645 0.004240244 0.994171500
1305031128.511433 -0.036300536 0.094816297 0.144384161 -0.089304015 -0.059764024 0.003481985 0.994203687
1305031128.547399 -0.035798226 0.094352037 0.144687936 -0.089501686 -0.059533976 0.003106812 0.994200945
1305031128.579455 -0.035864569 0.092039540 0.144653246 -0.089812346 -0.058858339 0.002829673 0.994213998
1305031128.611395 -0.037103154 0.091919519 0.143673629 -0.088381156 -0.058364797 0.003019313 0.994370759
1305031128.647352 -0.038299926 0.092075258 0.142732114 -0.087731831 -0.058956377 0.003215953 0.994392753
1305031128.679282 -0.037686355 0.090912223 0.143183783 -0.087696493 -0.060733430 0.002770376 0.994290233
1305031128.711457 -0.036475278 0.090631314 0.143220320 -0.086673729 -0.061300609 0.002021574 0.994346917
1305031128.747363 -0.036163516 0.091263361 0.142819792 -0.085551761 -0.060479570 0.001032073 0.994495869
