1305031102.975203 -0.017951872 0.039485469 0.230491593 -0.045133594 -0.008297958 -0.006349956 0.998926342
1305031103.011215 -0.017199609 0.041468441 0.239748597 -0.046531204 -0.015177816 -0.003424478 0.998795629
1305031103.043227 -0.016468698 0.045033701 0.254935503 -0.048478883 -0.022277307 0.000110432 0.998575747
1305031103.075319 -0.011347236 0.042791903 0.261318237 -0.049979433 -0.027857328 0.002839423 0.998357654
1305031103.111240 -0.013773676 0.051266566 0.271940917 -0.046162881 -0.026407937 0.003633145 0.998578191
1305031103.143318 -0.011163004 0.049446180 0.275033325 -0.049758445 -0.027762106 0.005371141 0.998360932
1305031103.175452 -0.012519302 0.054102458 0.279820114 -0.049274888 -0.025417687 0.005233499 0.998448074
1305031103.211220 -0.013589190 0.058472320 0.285218775 -0.053386152 -0.024981853 0.006281157 0.998241663
1305031103.243216 -0.015622229 0.063718826 0.290428996 -0.057506781 -0.023808004 0.009208580 0.998018682
1305031103.275370 -0.021324206 0.064739585 0.292225271 -0.066615701 -0.023516946 0.012685470 0.997420847
1305031103.311210 -0.020959562 0.060201041 0.298568338 -0.075046279 -0.033314429 0.012744270 0.996541917
1305031103.343223 -0.014089961 0.061869986 0.302202255 -0.075394467 -0.041096359 0.013442472 0.996215880
1305031103.375327 -0.012672751 0.061319545 0.303079426 -0.078968875 -0.040235549 0.015275304 0.995947599
1305031103.411260 -0.014598070 0.056796819 0.301773161 -0.082131594 -0.038579933 0.016127953 0.995743871
1305031103.443280 -0.016577628 0.055455156 0.297830939 -0.081795767 -0.039807171 0.015343972 0.995735586
1305031103.475274 -0.015594852 0.051766504 0.294780850 -0.082375467 -0.043062169 0.013679918 0.995576620
1305031103.511333 -0.015027029 0.048077945 0.289905727 -0.080357052 -0.044802148 0.011464013 0.995692730
1305031103.543444 -0.015415185 0.043804046 0.283617795 -0.076699466 -0.045721613 0.009105764 0.995963752
1305031103.575474 -0.017403476 0.042037994 0.274559230 -0.071873643 -0.045927808 0.009014428 0.996315002
1305031103.611223 -0.018241590 0.038001560 0.266251713 -0.070012614 -0.048645016 0.010381863 0.996305227
1305031103.643445 -0.017451845 0.034433544 0.257606536 -0.067416340 -0.052910808 0.010943156 0.996260881
1305031103.675523 -0.015491172 0.031110559 0.248567060 -0.064863048 -0.055949371 0.011045150 0.996263266
1305031103.711610 -0.013643705 0.028711507 0.239239305 -0.062152069 -0.057400495 0.011007223 0.996353924
1305031103.743326 -0.012548869 0.023346752 0.229840353 -0.060465306 -0.057219721 0.009857640 0.996480107
1305031103.775342 -0.012318191 0.021872787 0.216985956 -0.056666560 -0.056376848 0.006245640 0.996780574
1305031103.811242 -0.011446413 0.020901497 0.204684258 -0.056297384 -0.055275891 0.002812918 0.996878743
1305031103.843251 -0.015133630 0.021008307 0.190885976 -0.058460351 -0.053078145 -0.000364888 0.996877611
1305031103.875361 -0.015870128 0.011540293 0.182116926 -0.066868164 -0.055838570 -0.003352188 0.996192455
1305031103.911221 -0.014682521 0.005573196 0.171484649 -0.066633612 -0.060036674 -0.004894827 0.995957613
1305031103.943211 -0.013351608 0.003432855 0.159330070 -0.064308517 -0.062813647 -0.005868671 0.995933950
1305031103.975373 -0.011006336 -0.001254398 0.148907512 -0.063017316 -0.065345570 -0.006739774 0.995848060
1305031104.011232 -0.007422314 -0.006090779 0.140461951 -0.059305366 -0.066583179 -0.007850823 0.995985925
1305031104.043249 -0.005293042 -0.007043566 0.129389867 -0.051481958 -0.063963294 -0.009949102 0.996573806
1305031104.075425 -0.002490421 -0.005899638 0.119493701 -0.046970688 -0.060004734 -0.012510339 0.997013867
1305031104.111235 0.000526782 -0.011755732 0.110115029 -0.045058101 -0.054959994 -0.014091328 0.997371852
1305031104.143230 -0.002015642 -0.015040589 0.097105570 -0.040216293 -0.047839638 -0.015691131 0.997921765
1305031104.175424 -0.002693245 -0.016953830 0.084913507 -0.035975114 -0.044120956 -0.016604643 0.998240113
1305031104.211283 -0.001494276 -0.021239977 0.074693769 -0.032606095 -0.041899063 -0.016503237 0.998453259
1305031104.243196 -0.001280028 -0.022073595 0.064418644 -0.027434329 -0.039537262 -0.016558716 0.998704135
1305031104.275546 -0.000461697 -0.023519443 0.054198306 -0.022963827 -0.037054650 -0.017510144 0.998895884
1305031104.311219 0.000075982 -0.024643529 0.045012087 -0.019167228 -0.033861276 -0.017730989 0.999085367
1305031104.343342 0.001715381 -0.024022713 0.036551014 -0.015462259 -0.030274251 -0.018040553 0.999259174
1305031104.375837 0.000716887 -0.024528529 0.027478894 -0.013393284 -0.024894360 -0.017950369 0.999439180
1305031104.411509 -0.001638715 -0.025217235 0.018000545 -0.011985836 -0.020207088 -0.017502671 0.999570727
1305031104.443288 -0.006054699 -0.023721784 0.009050392 -0.010690033 -0.017239394 -0.017248010 0.999645472
1305031104.475456 -0.008712323 -0.025022674 0.001311066 -0.011214601 -0.017951049 -0.016600996 0.999638140
1305031104.511329 -0.009552427 -0.028626004 -0.005522657 -0.011225360 -0.020432914 -0.015187252 0.999612868
1305031104.543368 -0.007502704 -0.029992504 -0.012612825 -0.007973370 -0.023142025 -0.014505847 0.999595165
1305031104.575343 -0.002810414 -0.032871094 -0.015996823 -0.003928661 -0.024579577 -0.013784800 0.999595165
1305031104.611336 0.006861881 -0.042075370 -0.017626444 0.002552616 -0.023143372 -0.012256716 0.999653757
1305031104.643243 0.007959710 -0.037559610 -0.026250182 0.016387023 -0.015510202 -0.011674056 0.999677241
1305031104.675525 0.009905191 -0.044025484 -0.034484237 0.025836652 -0.007964687 -0.010991661 0.999574006
1305031104.711277 0.010242830 -0.044332996 -0.044259094 0.039785814 -0.000374118 -0.008347931 0.999173284
1305031104.743280 0.012570662 -0.042908747 -0.051722538 0.053079203 0.006078624 -0.006166481 0.998552740
1305031104.775327 0.010996602 -0.040305439 -0.062472019 0.065804511 0.013564524 -0.003674392 0.997733533
1305031104.811465 0.013310298 -0.037218045 -0.068108074 0.076937489 0.019712053 -0.000413514 0.996840954
1305031104.843258 0.012731239 -0.033467196 -0.073800996 0.085785016 0.026425494 0.001985785 0.995961189
1305031104.875350 0.008854587 -0.027848592 -0.078031503 0.092223324 0.030505953 0.004240314 0.995261848
1305031104.911534 0.010237223 -0.024358775 -0.077558011 0.094943926 0.030961622 0.006796931 0.994977772
1305031104.943262 0.010061843 -0.022804663 -0.076826245 0.095978320 0.031834960 0.007227475 0.994847953
1305031104.975202 0.009803550 -0.017899962 -0.074452445 0.095600799 0.031103143 0.008416569 0.994898081
1305031105.011290 0.010676662 -0.014715274 -0.068638958 0.091441646 0.030275522 0.008996900 0.995309412
1305031105.043373 0.010057817 -0.011899572 -0.062404376 0.086101256 0.029796988 0.007738675 0.995810628
1305031105.075320 0.009701073 -0.011880217 -0.054585870 0.078864671 0.028989056 0.005925516 0.996446133
1305031105.111299 0.006460645 -0.013574816 -0.045803219 0.072603188 0.028841373 0.003985927 0.996935844
1305031105.143106 0.003410276 -0.005280630 -0.037719067 0.068148240 0.026800606 0.002047702 0.997313023
1305031105.175159 0.001071044 -0.000269409 -0.026705757 0.056170456 0.023958869 -0.000669239 0.998133481
1305031105.211268 -0.003967694 -0.007327103 -0.016587069 0.042119868 0.021242853 -0.003715763 0.998879790
1305031105.243270 -0.008110429 -0.004575135 -0.006661974 0.034493815 0.016645100 -0.005765684 0.999249637
1305031105.275288 -0.011418972 -0.002204961 0.004080990 0.024507612 0.010815534 -0.007086981 0.999616027
1305031105.311290 -0.013804235 -0.004289827 0.014626059 0.013517271 0.003769506 -0.008030766 0.999869287
1305031105.343302 -0.015020417 -0.008618672 0.024322683 0.004606586 -0.002331865 -0.009676828 0.999939859
1305031105.375338 -0.015813343 -0.010434646 0.035106454 0.000257932 -0.007423566 -0.009454458 0.999927759
1305031105.411286 -0.013695730 -0.003455764 0.051953323 -0.003887963 -0.013444439 -0.009382807 0.999858081
1305031105.443316 -0.014103323 -0.006793914 0.064171664 -0.011865563 -0.017680954 -0.010147000 0.999721766
1305031105.475280 -0.015105077 -0.006178101 0.074871354 -0.015361450 -0.020874692 -0.010248102 0.999611557
1305031105.511332 -0.013444607 -0.003648852 0.086954862 -0.019526448 -0.024572136 -0.009686999 0.999460399
1305031105.543282 -0.013351772 -0.005410556 0.099269323 -0.024505490 -0.025651928 -0.008712904 0.999332547
1305031105.575449 -0.017398758 -0.004362906 0.103158645 -0.026632512 -0.025204824 -0.009071956 0.999286294
1305031105.611378 -0.015277728 -0.006365038 0.116262615 -0.030338582 -0.027255591 -0.008138215 0.999134839
1305031105.643273 -0.017072424 -0.004678733 0.126629084 -0.030622210 -0.027004048 -0.005312674 0.999152064
1305031105.675166 -0.013795948 -0.002556423 0.139373779 -0.032278042 -0.029520482 -0.003876102 0.999035358
1305031105.711309 -0.009944833 -0.004744972 0.153962612 -0.032660834 -0.028951922 -0.003885782 0.999039531
1305031105.743312 -0.010087796 0.001722738 0.164976537 -0.029074924 -0.024995208 -0.003635091 0.999258041
1305031105.775339 -0.007444459 0.000564784 0.178548828 -0.030621499 -0.021472691 -0.003692285 0.999293566
1305031105.811283 -0.007604709 0.001604228 0.188626066 -0.029366691 -0.016195947 -0.002618592 0.999434054
1305031105.843271 -0.004475257 0.002625441 0.198981643 -0.028529493 -0.013691666 -0.000761603 0.999498904
1305031105.875337 -0.002672845 0.007685764 0.208566844 -0.027184680 -0.009126022 0.001750013 0.999587238
1305031105.911262 -0.001812815 0.010665413 0.219008908 -0.029732199 -0.005343503 0.006634980 0.999521613
1305031105.943272 -0.002025184 0.014725298 0.227945432 -0.031856228 -0.001658071 0.008940167 0.999451101
1305031105.975329 -0.003224307 0.019314369 0.238837004 -0.035536919 0.000902911 0.010488225 0.999312878
1305031106.011285 -0.001476140 0.022526138 0.248801827 -0.039750751 0.002255304 0.012461923 0.999129355
1305031106.043355 -0.002703116 0.025187008 0.258263022 -0.044307541 0.004887749 0.013411308 0.998915911
1305031106.075330 -0.004011916 0.028283723 0.267324209 -0.048213996 0.006129767 0.015166051 0.998703063
1305031106.111327 -0.006084036 0.035117000 0.277392328 -0.051181521 0.006769617 0.015647700 0.998543799
1305031106.143355 -0.007504527 0.036441561 0.286762238 -0.058482245 0.005382970 0.017617669 0.998118460
1305031106.175534 -0.008274518 0.037806634 0.294949055 -0.062747024 0.003781391 0.018649733 0.997848034
1305031106.211275 -0.009252764 0.038171768 0.303338081 -0.066366553 0.002371595 0.019141370 0.997608840
1305031106.243267 -0.009795895 0.040602140 0.309283644 -0.066226430 0.000773438 0.022846226 0.997542739
1305031106.276385 -0.010647420 0.045192808 0.313887447 -0.066494830 -0.000765774 0.023881122 0.997500658
1305031106.311238 -0.010267961 0.048336592 0.318386853 -0.069705836 -0.002499722 0.027486069 0.997185707
1305031106.343258 -0.012489105 0.054169022 0.319638491 -0.072749905 -0.002417974 0.027287817 0.996973872
1305031106.375388 -0.009657105 0.055902604 0.322019011 -0.081056304 -0.003672305 0.019917920 0.996503711
1305031106.411320 -0.008945226 0.049893953 0.324544191 -0.089918196 0.001088370 0.014176811 0.995847642
1305031106.443278 -0.012550198 0.046721257 0.323354751 -0.091869116 0.006422171 0.009396378 0.995706022
1305031106.475345 -0.014449215 0.044992138 0.320030212 -0.091696329 0.006200235 0.008101156 0.995734751
1305031106.511129 -0.015794436 0.040952526 0.315383792 -0.091000281 0.003236007 0.008007009 0.995813429
1305031106.543302 -0.014559051 0.038681686 0.307660192 -0.087724544 -0.001539374 0.006819879 0.996120214
1305031106.575282 -0.014864649 0.036594268 0.298922241 -0.084656961 -0.003222228 0.005718076 0.996388555
1305031106.611151 -0.016024506 0.035742879 0.289250314 -0.083922364 -0.005870929 0.002883146 0.996450841
1305031106.643207 -0.015463690 0.030082999 0.280640960 -0.085055165 -0.009018933 0.000599078 0.996335268
1305031106.675279 -0.017543361 0.028929256 0.268802315 -0.082600869 -0.011208083 0.001015830 0.996519148
1305031106.711508 -0.019214667 0.025564022 0.259352386 -0.084482819 -0.016464723 -0.000106145 0.996288896
1305031106.743341 -0.019885490 0.022481419 0.246359691 -0.083175719 -0.022499142 0.000373198 0.996280789
1305031106.775390 -0.018200325 0.018974066 0.233465090 -0.082758352 -0.029179635 0.000349108 0.996142268
1305031106.811289 -0.017747242 0.019071111 0.220188826 -0.081856057 -0.033158924 -0.000157463 0.996092379
1305031106.843416 -0.018016335 0.010935390 0.209030926 -0.084271818 -0.036823954 -0.001872337 0.995760381
1305031106.875905 -0.014803999 0.006839611 0.195630640 -0.079113752 -0.040684868 -0.005251428 0.996021152
1305031106.911243 -0.014384780 0.008580370 0.180439502 -0.073459379 -0.039928656 -0.009496226 0.996453345
1305031106.943439 -0.013900656 0.002101131 0.168274328 -0.073167212 -0.039092101 -0.013929006 0.996455908
1305031106.975547 -0.013865411 -0.003830569 0.155339330 -0.067921884 -0.036787238 -0.017540712 0.996857882
1305031107.011576 -0.013996152 0.000555068 0.139129549 -0.058889613 -0.033955939 -0.020865832 0.997468591
1305031107.043281 -0.014348059 -0.004532157 0.127040476 -0.060010463 -0.031304210 -0.023083653 0.997439682
1305031107.075432 -0.017205538 -0.010733265 0.113360360 -0.056405872 -0.029154584 -0.024275336 0.997686863
1305031107.111229 -0.013387738 -0.012076811 0.101979032 -0.052220598 -0.031871546 -0.023879448 0.997841179
1305031107.143260 -0.010970409 -0.011596873 0.090183601 -0.049735386 -0.031665646 -0.023980070 0.997972250
1305031107.175399 -0.010676171 -0.018519767 0.080141507 -0.049212135 -0.029848801 -0.025055615 0.998027742
1305031107.211358 -0.008294713 -0.023225902 0.069749393 -0.043650087 -0.028308319 -0.026708797 0.998288512
1305031107.243378 -0.008292442 -0.021857971 0.058237981 -0.036230862 -0.024696382 -0.027164258 0.998668849
1305031107.275398 -0.005931090 -0.026080359 0.048881024 -0.031557970 -0.021913290 -0.027217336 0.998890936
1305031107.311226 -0.005455446 -0.031158315 0.040276021 -0.025320511 -0.018256584 -0.028404005 0.999109030
1305031107.343509 -0.000976606 -0.034978665 0.030572005 -0.015191558 -0.015876770 -0.028129596 0.999362707
1305031107.375413 0.000800854 -0.030593378 0.021035708 -0.004485688 -0.011071382 -0.027701689 0.999544859
1305031107.411271 0.002138202 -0.031220775 0.014765848 0.002013393 -0.006309574 -0.028579967 0.999569535
1305031107.443419 0.005223558 -0.028680475 0.009848518 0.008091889 -0.002307385 -0.027800903 0.999578059
1305031107.475377 0.007244644 -0.029974759 0.006236902 0.010723999 0.002096630 -0.026883857 0.999578834
1305031107.511352 0.009341202 -0.025095958 0.003561240 0.013515978 0.005420863 -0.025797898 0.999561071
1305031107.543605 0.011850559 -0.025978869 0.003941242 0.010619001 0.007743167 -0.023710420 0.999632478
1305031107.575454 0.013868650 -0.030684937 0.004337323 0.009072735 0.009623106 -0.021109927 0.999689698
1305031107.611271 0.015596668 -0.023800097 0.003678358 0.011485239 0.010931798 -0.019372692 0.999686599
1305031107.643323 0.016540179 -0.023574593 0.005683487 0.007967679 0.012202759 -0.018231837 0.999727547
1305031107.675568 0.016102185 -0.023097219 0.007562210 0.006785995 0.012737942 -0.017631104 0.999740362
1305031107.711307 0.015308709 -0.019591624 0.008783530 0.006285728 0.012773490 -0.016582046 0.999761164
1305031107.743538 0.013052367 -0.015607423 0.009722743 0.003881833 0.012129511 -0.016041994 0.999790192
1305031107.775802 0.012690523 -0.016391501 0.012035051 0.000692123 0.009458820 -0.017347155 0.999804556
1305031107.811596 0.014800359 -0.015223533 0.013979471 -0.001522614 0.006911424 -0.017134005 0.999828160
1305031107.843332 0.016328195 -0.013968320 0.016176829 -0.003793244 0.006121660 -0.017755603 0.999816418
1305031107.875358 0.020777360 -0.017053045 0.018738860 -0.005468518 0.006108450 -0.021245304 0.999740660
1305031107.911541 0.023469094 -0.017301099 0.020706285 -0.004598445 0.008923618 -0.023729067 0.999668002
1305031107.943122 0.028239354 -0.018698638 0.023030613 -0.003074858 0.011796969 -0.023997255 0.999637663
1305031107.975807 0.034135178 -0.019630009 0.024919134 -0.000795559 0.015667586 -0.023829529 0.999592900
1305031108.011320 0.041579388 -0.018441260 0.027738540 0.003455705 0.019754512 -0.025542414 0.999472558
1305031108.043418 0.053684797 -0.017680267 0.030656438 0.006097081 0.024828907 -0.023619214 0.999394059
1305031108.075352 0.062137362 -0.018829996 0.032993019 0.006916751 0.033645596 -0.018014206 0.999247551
1305031108.111378 0.067146696 -0.019591805 0.034794301 0.009390491 0.040342353 -0.017727133 0.998984516
1305031108.143334 0.077032767 -0.016489500 0.038103119 0.012340441 0.043333542 -0.016959153 0.998840451
1305031108.176058 0.088231988 -0.011715318 0.036526300 0.011673438 0.046097722 -0.013347353 0.998779535
1305031108.211475 0.097178966 -0.012984699 0.040507510 0.006472185 0.047414362 -0.013673311 0.998760760
1305031108.243347 0.111108691 -0.019461978 0.044337608 0.003635315 0.049019545 -0.015778664 0.998666525
1305031108.275358 0.119114913 -0.012560008 0.046495695 0.006124603 0.053533688 -0.015166395 0.998432100
1305031108.311332 0.123626977 -0.009608582 0.048139147 0.002966310 0.056057438 -0.014125666 0.998323202
1305031108.343278 0.130200043 -0.007985706 0.051479179 -0.002306455 0.055247329 -0.012466679 0.998392224
1305031108.375410 0.137108907 -0.006460180 0.054353900 -0.007220501 0.052921940 -0.007253678 0.998546183
1305031108.411361 0.148614481 -0.006361710 0.056584228 -0.012204363 0.048119877 -0.000655447 0.998766780
1305031108.443610 0.158527225 -0.006154417 0.058500871 -0.016786823 0.046844907 0.005719882 0.998744726
1305031108.475471 0.169737712 -0.007850840 0.061769065 -0.020127458 0.045523368 0.012801105 0.998678446
1305031108.511378 0.186466977 -0.012959669 0.062177818 -0.021393279 0.046505038 0.017324969 0.998538673
1305031108.543737 0.196138382 -0.015690412 0.064536579 -0.018145287 0.053720366 0.016133180 0.998260796
1305031108.575414 0.203618944 -0.009271476 0.063450634 -0.012688519 0.059137523 0.014507332 0.998063803
1305031108.611407 0.216891930 -0.008483656 0.065118715 -0.012787204 0.063645869 0.015899738 0.997763932
1305031108.643303 0.222780183 -0.005493940 0.065990940 -0.012032603 0.070280463 0.017405028 0.997302830
1305031108.675375 0.242269337 -0.000435197 0.065360382 -0.013175060 0.071571447 0.021182952 0.997123480
1305031108.711411 0.247821435 -0.001737572 0.068351246 -0.017678030 0.080109008 0.025294866 0.996308267
1305031108.743502 0.251258135 -0.004574593 0.069717743 -0.020344177 0.086350933 0.025691211 0.995725632
1305031108.775493 0.259886712 -0.002801039 0.068294078 -0.020751646 0.088901058 0.028547175 0.995414972
1305031108.811244 0.262008369 -0.004448144 0.068554997 -0.022810785 0.092764497 0.033543848 0.994861364
1305031108.843264 0.260208577 -0.007950857 0.068898872 -0.023325726 0.094633728 0.038119834 0.994508564
1305031108.876515 0.259740949 -0.008377867 0.067974687 -0.021514753 0.092477620 0.043719176 0.994521797
1305031108.911364 0.260205597 -0.012964644 0.066770464 -0.020098042 0.089233041 0.048831888 0.994609952
1305031108.943243 0.255855709 -0.015433630 0.063916519 -0.015983848 0.087029740 0.049305070 0.994856417
1305031108.975268 0.253194988 -0.009814384 0.058685567 -0.010463948 0.080933027 0.047489978 0.995532513
1305031109.011269 0.256041199 -0.008561569 0.056945425 -0.010295452 0.075201988 0.047374640 0.995989084
1305031109.043277 0.248306707 -0.010959379 0.054830071 -0.010463038 0.075616352 0.044098418 0.996106446
1305031109.075410 0.243028536 -0.004517316 0.052028488 -0.009793264 0.072411634 0.039206564 0.996555805
1305031109.111282 0.237221882 -0.005583949 0.052534398 -0.013671115 0.070633210 0.036705699 0.996733010
1305031109.143334 0.219754621 -0.010241459 0.054868437 -0.016165085 0.071667753 0.032514520 0.996767342
1305031109.175464 0.214640349 -0.003694661 0.052682817 -0.013820364 0.063402511 0.030507147 0.997425914
1305031109.211379 0.210513383 0.006161856 0.051517297 -0.015421906 0.056829356 0.033772636 0.997693360
1305031109.243290 0.197971165 0.005156265 0.053505592 -0.024381233 0.055519473 0.038754426 0.997407258
1305031109.275308 0.183895260 -0.006405874 0.053253211 -0.030504843 0.053058524 0.041779920 0.997250557
1305031109.311329 0.170156255 -0.001861951 0.051559381 -0.026435999 0.045192033 0.043000106 0.997702241
1305031109.343248 0.159487456 0.004270712 0.051410992 -0.027019093 0.035502434 0.042085610 0.998117387
1305031109.375397 0.149418980 0.000283595 0.051912136 -0.031077361 0.027187394 0.041122634 0.998300552
1305031109.411329 0.141325608 0.004116376 0.050760765 -0.030093011 0.019087844 0.037879806 0.998646677
1305031109.443302 0.132301793 0.006409767 0.049021665 -0.032887168 0.013543834 0.032563772 0.998836637
1305031109.475363 0.117321752 0.003424059 0.049762972 -0.036676165 0.012956614 0.028870242 0.998826027
1305031109.511273 0.107126355 0.000400092 0.048605196 -0.037360240 0.010659054 0.024717392 0.998939276
1305031109.543294 0.097838774 0.001511327 0.046561401 -0.034347437 0.008571124 0.022500465 0.999119818
1305031109.575362 0.086929157 0.003489337 0.044511996 -0.033394948 0.008414658 0.022124721 0.999161839
1305031109.611310 0.075380251 0.004448654 0.042744458 -0.033291519 0.007312697 0.019880410 0.999221206
1305031109.643229 0.067722492 0.006137863 0.041010469 -0.033456292 0.005292840 0.019293042 0.999239922
1305031109.675263 0.053534165 0.007308068 0.039349239 -0.035649288 0.006475273 0.021181356 0.999118865
1305031109.711312 0.041176207 0.009703966 0.037160110 -0.037713882 0.003527829 0.020808551 0.999065697
1305031109.743274 0.030700160 0.009051140 0.036681857 -0.042608358 0.000807986 0.019729804 0.998896718
1305031109.775277 0.023086524 0.008408030 0.039294846 -0.045955274 -0.001901131 0.020319879 0.998735011
1305031109.811371 0.010511619 0.011624116 0.039227959 -0.046927996 -0.002032753 0.019264152 0.998710394
1305031109.843296 0.000355527 0.011632498 0.040050872 -0.050570477 -0.004586466 0.018719748 0.998534501
1305031109.875306 -0.014069239 0.012597607 0.040193055 -0.053965729 -0.006332845 0.016791375 0.998381495
1305031109.911265 -0.026479684 0.014430739 0.050966196 -0.053905807 -0.011453203 0.010404928 0.998426139
1305031109.943299 -0.035238024 0.020869903 0.052237030 -0.053571478 -0.015220595 0.006405813 0.998427451
1305031109.975258 -0.046350650 0.020126326 0.055723641 -0.058304094 -0.017161405 0.001462807 0.998150289
1305031110.011256 -0.057181574 0.022124887 0.058618713 -0.059754010 -0.019324323 -0.005749347 0.998009503
1305031110.043299 -0.066345774 0.022543211 0.061181262 -0.062187064 -0.020673161 -0.012649918 0.997770190
1305031110.075319 -0.076664373 0.024397450 0.063383900 -0.063985214 -0.021065440 -0.017602244 0.997573197
1305031110.111325 -0.088768132 0.025887314 0.065676056 -0.067976363 -0.021696892 -0.022481095 0.997197628
1305031110.143432 -0.099561542 0.020932067 0.067311198 -0.071192972 -0.024970967 -0.026065318 0.996809185
1305031110.175641 -0.107693881 0.026952444 0.067612238 -0.070662513 -0.028662391 -0.027563913 0.996707320
1305031110.211637 -0.116814047 0.024736710 0.070272751 -0.075299919 -0.031747356 -0.029223077 0.996226847
1305031110.243323 -0.124874510 0.022607144 0.071879096 -0.076517671 -0.036200833 -0.028677693 0.995998025
1305031110.279321 -0.131620273 0.021888509 0.072812885 -0.075142778 -0.040489845 -0.029722955 0.995906949
1305031110.311404 -0.142559454 0.023175679 0.070181720 -0.072099999 -0.042612571 -0.031501696 0.995988667
1305031110.343355 -0.151233837 0.025921762 0.069943503 -0.070312396 -0.047236022 -0.032520898 0.995875120
1305031110.379281 -0.160685211 0.027213804 0.070241943 -0.068871006 -0.052592233 -0.036191069 0.995580733
1305031110.411469 -0.171853662 0.031826295 0.067326255 -0.067344829 -0.057766426 -0.039299313 0.995280504
1305031110.443260 -0.179403320 0.034133978 0.067698039 -0.071181588 -0.064039521 -0.042388789 0.994502544
1305031110.479331 -0.190579072 0.033015009 0.069536358 -0.074156754 -0.070072167 -0.048665572 0.993590593
1305031110.511429 -0.199844688 0.033174369 0.069238022 -0.074739017 -0.077132255 -0.052808452 0.992812157
1305031110.543408 -0.205953658 0.037773781 0.068793677 -0.074972391 -0.084589973 -0.056093141 0.992006660
1305031110.579426 -0.211625203 0.041472137 0.069678321 -0.078415871 -0.091446504 -0.060512505 0.990871668
1305031110.611307 -0.217585951 0.036249623 0.072007909 -0.084672794 -0.095800906 -0.064430088 0.989697635
1305031110.643418 -0.225254476 0.034774877 0.071824819 -0.083656080 -0.097574532 -0.068122610 0.989363492
1305031110.679606 -0.230473712 0.041911226 0.070599981 -0.081117943 -0.100131027 -0.069887400 0.989196360
1305031110.711412 -0.234906018 0.039733324 0.071931735 -0.085514262 -0.102317348 -0.071131371 0.988513410
1305031110.743249 -0.239582121 0.038269926 0.072013356 -0.086504787 -0.103848100 -0.072781295 0.988147438
1305031110.779193 -0.240178406 0.040474057 0.072008759 -0.085611708 -0.106543593 -0.073395193 0.987892747
1305031110.811386 -0.242046058 0.040643640 0.071669713 -0.086345807 -0.107071362 -0.074932292 0.987656415
1305031110.843218 -0.245650813 0.040807471 0.071988150 -0.087849654 -0.108226284 -0.077245116 0.987219632
1305031110.879313 -0.243137136 0.039788920 0.072196811 -0.088258147 -0.111626737 -0.077018328 0.986822188
1305031110.911333 -0.243295059 0.041707922 0.072596028 -0.088197321 -0.112418085 -0.077463724 0.986702919
1305031110.943862 -0.238903299 0.040862199 0.073039651 -0.088546917 -0.115700454 -0.078358948 0.986221373
1305031110.979345 -0.229666218 0.042670526 0.073535964 -0.087918796 -0.117195271 -0.078330435 0.986103356
1305031111.011431 -0.222232878 0.040903091 0.075892419 -0.090196609 -0.113952667 -0.077121519 0.986372948
1305031111.043327 -0.218930438 0.041383315 0.075542524 -0.089033142 -0.107474558 -0.074989952 0.987369657
1305031111.079283 -0.215925962 0.044996735 0.075403228 -0.089452386 -0.103318885 -0.073078394 0.987918496
1305031111.111508 -0.206668645 0.040250849 0.077750757 -0.092746876 -0.102729537 -0.069389954 0.987942159
1305031111.143257 -0.200206324 0.038835440 0.079035722 -0.091303341 -0.099972375 -0.068417490 0.988427162
1305031111.179326 -0.201540828 0.035065465 0.071836993 -0.090989783 -0.092806980 -0.066032186 0.989316642
1305031111.211433 -0.194400027 0.035916951 0.070616290 -0.088894524 -0.083999552 -0.062375702 0.990530729
1305031111.243236 -0.194198072 0.033018067 0.070072524 -0.089317530 -0.077765211 -0.062955871 0.990964949
1305031111.279308 -0.178811342 0.030045424 0.073372245 -0.085921355 -0.079409316 -0.060722236 0.991274178
1305031111.311547 -0.175308883 0.033896711 0.066679411 -0.081032112 -0.071681380 -0.057275616 0.992479265
1305031111.343397 -0.158493385 0.040249396 0.077034906 -0.081097372 -0.077938735 -0.058594506 0.991925120
1305031111.379134 -0.143158168 0.032207351 0.082772210 -0.083351016 -0.083158642 -0.054424513 0.991551936
1305031111.411296 -0.139038071 0.033131719 0.076365545 -0.078450643 -0.081497639 -0.054155327 0.992104232
1305031111.443386 -0.122557506 0.035554081 0.083445325 -0.077321239 -0.090060554 -0.058373671 0.991212904
1305031111.479259 -0.102793604 0.028250128 0.085572369 -0.076779425 -0.088505231 -0.057040814 0.991472661
1305031111.511264 -0.097976379 0.026969519 0.080084428 -0.072927579 -0.074626885 -0.056752268 0.992920756
1305031111.543250 -0.084550440 0.023150824 0.084016055 -0.070274167 -0.070184186 -0.055535614 0.993504643
1305031111.579237 -0.073104404 0.026293736 0.081021540 -0.065315880 -0.061059967 -0.048852827 0.994795918
1305031111.611271 -0.070122980 0.021133335 0.072744161 -0.068508334 -0.052998245 -0.042536631 0.995333314
1305031111.643395 -0.052390903 0.016430115 0.084306560 -0.066338412 -0.057818886 -0.035210717 0.995498061
1305031111.679320 -0.035837963 0.023159714 0.083261259 -0.058679849 -0.052513663 -0.026575144 0.996540368
1305031111.711760 -0.024518350 0.022377763 0.085304335 -0.058490388 -0.044968810 -0.025048252 0.996960044
1305031111.743386 -0.003265765 0.016691105 0.088552125 -0.056586176 -0.038243730 -0.021144357 0.997440934
1305031111.779423 0.008204930 0.020039983 0.087245919 -0.051982481 -0.020185823 -0.016361976 0.998309910
1305031111.811406 0.015443859 0.016056750 0.085408665 -0.050784048 -0.004877131 -0.016521875 0.998561084
1305031111.843299 0.023650941 0.016919434 0.082544491 -0.046710026 0.005667340 -0.015034761 0.998779237
1305031111.879442 0.031850513 0.016348578 0.079247877 -0.047825176 0.013055551 -0.010162429 0.998718679
1305031111.911354 0.035125159 0.011136397 0.076515138 -0.049137160 0.015651228 -0.003763960 0.998662293
1305031111.943300 0.048130516 0.012632666 0.076789476 -0.046627145 0.010745959 0.005301623 0.998840511
1305031111.979449 0.068593509 0.014375607 0.080363393 -0.045034725 0.008288720 0.012747699 0.998869717
1305031112.011433 0.080308966 0.011920398 0.080375046 -0.044154722 0.015344620 0.012924815 0.998823225
1305031112.043270 0.091401942 0.013085593 0.080930687 -0.039760631 0.023053726 0.010737193 0.998885512
1305031112.079339 0.106071912 0.011171285 0.079456180 -0.038550299 0.033085108 0.010449717 0.998654127
1305031112.111423 0.107549302 0.010336408 0.078607231 -0.036328621 0.044310313 0.005718158 0.998340666
1305031112.144342 0.125800282 0.013221635 0.075752027 -0.034753840 0.045938462 0.000141085 0.998339534
1305031112.179390 0.140778691 0.013529941 0.075126253 -0.036717981 0.056588233 -0.002491578 0.997719109
1305031112.211254 0.146403208 0.004154824 0.077573858 -0.040240008 0.067962646 -0.008575478 0.996839166
1305031112.243369 0.157022491 -0.000729936 0.078367800 -0.035895549 0.076901697 -0.013345311 0.996302903
1305031112.279353 0.161921754 -0.001271834 0.078825817 -0.030734155 0.084444359 -0.016727081 0.995813608
1305031112.311312 0.175730750 -0.004717746 0.079255663 -0.025411580 0.084857278 -0.019006137 0.995887637
1305031112.343323 0.184566855 -0.003530359 0.078186542 -0.018163394 0.085010022 -0.017210824 0.996065855
1305031112.379360 0.192515820 -0.001916242 0.077931270 -0.013321614 0.083750747 -0.013071216 0.996311963
1305031112.411442 0.203437790 -0.001396073 0.076628879 -0.010677258 0.080625892 -0.008715636 0.996649146
1305031112.443391 0.213678971 -0.004929997 0.076188549 -0.009577100 0.079168104 -0.002273657 0.996812701
1305031112.479418 0.218368828 -0.002763465 0.076686375 -0.005302491 0.078614622 0.007553912 0.996862352
1305031112.511504 0.224038720 -0.004424750 0.076590627 -0.003912411 0.075888172 0.014680589 0.997000575
1305031112.543212 0.232737482 -0.005231526 0.076042667 -0.001627636 0.072272144 0.018953256 0.997203529
1305031112.579252 0.240190119 -0.003733177 0.075221434 0.001042211 0.069012776 0.024874711 0.997305036
1305031112.611261 0.256772786 0.000651041 0.072412476 0.002739968 0.065177009 0.032489587 0.997340858
1305031112.643246 0.271680057 0.003004184 0.073083736 0.000917643 0.067659125 0.040210005 0.996897459
1305031112.679952 0.272970855 0.002264778 0.074418932 -0.001429047 0.074607715 0.043192524 0.996276081
1305031112.711251 0.274929762 0.004341884 0.074305326 -0.002751016 0.079072863 0.044869870 0.995854676
1305031112.743245 0.276931822 0.013142835 0.074252941 -0.004670319 0.082217611 0.047987346 0.995447457
1305031112.779310 0.273327708 0.008303067 0.078589283 -0.014085153 0.087866068 0.049431600 0.994805336
1305031112.811310 0.263650835 0.003474927 0.078011595 -0.017500067 0.090670906 0.048258044 0.994557023
1305031112.843286 0.262228668 0.009416515 0.078644805 -0.017753119 0.084790640 0.046463657 0.995156527
1305031112.879421 0.263231486 0.010448439 0.078891955 -0.020790933 0.080370195 0.049487643 0.995318711
1305031112.911411 0.253879309 0.008823896 0.079706430 -0.024282161 0.079482764 0.050682496 0.995250762
1305031112.943321 0.247614741 0.007286759 0.080119267 -0.026566684 0.074737839 0.049414266 0.995623767
1305031112.979278 0.245447025 0.008037088 0.079793163 -0.026787229 0.067970447 0.047385845 0.996201277
1305031113.011353 0.240745395 0.011988258 0.078822367 -0.026997993 0.064512730 0.047249340 0.996432006
1305031113.043231 0.233021408 0.010612624 0.078483649 -0.031735610 0.063550211 0.044573847 0.996477485
1305031113.079251 0.216834545 0.000399298 0.079719767 -0.036107507 0.064742438 0.038404081 0.996508837
1305031113.111316 0.209610820 0.005766046 0.076873094 -0.031314544 0.058802482 0.034026206 0.997198045
1305031113.143306 0.204063132 0.011727275 0.075194269 -0.031477172 0.054845966 0.032830689 0.997458398
1305031113.179343 0.190870985 0.004564074 0.075271159 -0.036633771 0.055089049 0.033936527 0.997231901
1305031113.211259 0.175562978 0.004234591 0.073525980 -0.034802768 0.051631361 0.035203129 0.997438550
1305031113.243227 0.164820358 0.009154441 0.071590088 -0.034815516 0.044867121 0.035854798 0.997742057
1305031113.279312 0.154280096 0.001794294 0.072451420 -0.039364733 0.039612867 0.037555914 0.997732818
1305031113.311452 0.139659151 -0.004538011 0.069898002 -0.036484271 0.033971470 0.041112442 0.997910142
1305031113.343252 0.123942792 0.003011134 0.068610474 -0.028592601 0.025557065 0.040024176 0.998462498
1305031113.379312 0.111478344 0.005091436 0.069666557 -0.030972885 0.016660316 0.037122671 0.998691618
1305031113.411625 0.101426989 -0.002541621 0.068291582 -0.032941386 0.009003185 0.037766512 0.998702884
1305031113.443266 0.079857416 0.002914314 0.067669928 -0.029104155 0.005863212 0.032209631 0.999040067
1305031113.479311 0.066633917 0.004319943 0.068045795 -0.032154430 -0.000882298 0.026791140 0.999123394
1305031113.511523 0.055376574 -0.001498827 0.066935040 -0.038545776 -0.007106993 0.025072571 0.998916984
1305031113.543242 0.038783528 -0.004648743 0.066186540 -0.041100617 -0.011037416 0.021489706 0.998862922
1305031113.579301 0.028936535 -0.000308888 0.066126935 -0.039090503 -0.016954992 0.016083578 0.998962343
1305031113.611268 0.018879166 0.000374784 0.068764471 -0.041406259 -0.020815270 0.011149195 0.998863339
1305031113.643222 0.008361534 0.000526088 0.070019379 -0.043952245 -0.021492312 0.007390569 0.998775065
1305031113.679288 -0.003634393 -0.001503277 0.069225110 -0.045749534 -0.020335905 0.004075335 0.998737633
1305031113.711931 -0.012656063 -0.002130250 0.070906535 -0.046113189 -0.020794768 -0.000554227 0.998719633
1305031113.743590 -0.022809258 -0.000292531 0.071598589 -0.044646326 -0.018542986 -0.005725699 0.998814344
1305031113.779320 -0.036507908 -0.001917640 0.071699969 -0.044137273 -0.014848513 -0.010260632 0.998862445
1305031113.811237 -0.047712095 0.000126759 0.071762070 -0.042359419 -0.013700508 -0.012344697 0.998932183
1305031113.843295 -0.059200075 0.002853160 0.071847528 -0.042108927 -0.011008957 -0.015805259 0.998927295
1305031113.879281 -0.073797211 -0.003144486 0.073964268 -0.042915609 -0.009318214 -0.020188525 0.998831213
1305031113.911290 -0.082355291 0.000943413 0.073825680 -0.038321398 -0.011339199 -0.020815112 0.998984277
1305031113.943291 -0.089592762 -0.000651563 0.075171009 -0.036747310 -0.010808177 -0.022723036 0.999007761
1305031113.979293 -0.102853574 0.000620863 0.075731210 -0.032876041 -0.008022408 -0.028138246 0.999031067
1305031114.011257 -0.117413282 0.002881857 0.075249545 -0.028952209 -0.005864315 -0.033355922 0.999006927
1305031114.043301 -0.133468211 0.001825137 0.074198380 -0.028220238 -0.006841419 -0.035533484 0.998946548
1305031114.079285 -0.145428240 0.001566304 0.074490540 -0.025970249 -0.011979508 -0.036059611 0.998940289
1305031114.111263 -0.156025589 0.005548385 0.075188473 -0.022403819 -0.017572954 -0.039606657 0.998809576
1305031114.143284 -0.165243432 0.005710771 0.077223055 -0.022472287 -0.023129234 -0.042772934 0.998564243
1305031114.179337 -0.172472522 0.002326532 0.079656154 -0.021115836 -0.026697578 -0.044933241 0.998409927
1305031114.211303 -0.183917254 0.011496102 0.078410037 -0.016207729 -0.026306400 -0.047322612 0.998401642
1305031114.243337 -0.198490888 0.011476824 0.080968194 -0.018528650 -0.027392358 -0.051456980 0.998127520
1305031114.279390 -0.211674243 0.010675067 0.080427863 -0.018867122 -0.032376215 -0.053465314 0.997866392
1305031114.311429 -0.219935358 0.013378719 0.082129225 -0.019262705 -0.041029483 -0.053574231 0.997534633
1305031114.343331 -0.224655181 0.012483991 0.084273994 -0.020726519 -0.048354011 -0.055922579 0.997048140
1305031114.379320 -0.232036114 0.011302135 0.085641600 -0.021006582 -0.050737008 -0.060184915 0.996675611
1305031114.411397 -0.243537471 0.011968163 0.085919857 -0.019861190 -0.051277924 -0.064818643 0.996380746
1305031114.443345 -0.255005062 0.013745261 0.086547449 -0.019488005 -0.054347537 -0.066619568 0.996106625
1305031114.479332 -0.266462803 0.012578875 0.087217927 -0.020297557 -0.059866898 -0.068260990 0.995662808
1305031114.511266 -0.270373434 0.015165935 0.087926365 -0.020023428 -0.069008105 -0.070035070 0.994953275
1305031114.543236 -0.270177275 0.014401596 0.090406321 -0.023083711 -0.075188361 -0.068475202 0.994547665
1305031114.579237 -0.273941249 0.012743562 0.091254264 -0.024843045 -0.076221190 -0.064984009 0.994660854
1305031114.611391 -0.279597014 0.015501652 0.090880208 -0.026280204 -0.076248042 -0.062791109 0.994762719
1305031114.644136 -0.287605464 0.014947113 0.092596620 -0.031217027 -0.077108026 -0.062261902 0.994587004
1305031114.679251 -0.292067975 0.012422003 0.093319058 -0.034778379 -0.083018690 -0.063322634 0.993925869
1305031114.711306 -0.291708410 0.009411737 0.094263054 -0.036423292 -0.088674016 -0.062183890 0.993450284
1305031114.743200 -0.291308612 0.007440479 0.094287515 -0.036152359 -0.092652425 -0.065435417 0.992888093
1305031114.779289 -0.289590448 0.008311720 0.093061969 -0.033574779 -0.094993137 -0.068661876 0.992539465
1305031114.811303 -0.288554758 0.011149948 0.092048064 -0.032621488 -0.094953872 -0.069398232 0.992523789
1305031114.843208 -0.287280798 0.010471787 0.091816537 -0.032952555 -0.095856257 -0.071994767 0.992241144
1305031114.879281 -0.283278465 0.013329901 0.091162242 -0.032483339 -0.096735135 -0.071372554 0.992216289
1305031114.912879 -0.280644178 0.015198212 0.090847179 -0.033071656 -0.096925892 -0.071774870 0.992149174
1305031114.943234 -0.271563947 0.017522749 0.091973834 -0.034814358 -0.098867849 -0.072845101 0.991819918
1305031114.979280 -0.266435921 0.020189585 0.092556760 -0.036086097 -0.096627861 -0.073664173 0.991934717
1305031115.011300 -0.258528888 0.024193745 0.093448699 -0.038983244 -0.096536249 -0.074409015 0.991778374
1305031115.043508 -0.247995540 0.020307045 0.096913263 -0.044261020 -0.096089207 -0.074547574 0.991589844
1305031115.079238 -0.239445999 0.024555242 0.097609423 -0.044047609 -0.093337089 -0.074900538 0.991835654
1305031115.111230 -0.223618999 0.023151465 0.100978270 -0.047872089 -0.092413403 -0.073049888 0.991882920
1305031115.143275 -0.215004385 0.020717669 0.103063010 -0.050152559 -0.083588772 -0.070863351 0.992711425
1305031115.179440 -0.211757705 0.023338160 0.104139760 -0.050601274 -0.077658303 -0.070363916 0.993205726
1305031115.211374 -0.195444033 0.017401455 0.110755585 -0.053148359 -0.078658894 -0.066862546 0.993235826
1305031115.243297 -0.184009314 0.014280251 0.113541320 -0.049732033 -0.074007809 -0.063133322 0.994013965
1305031115.279966 -0.172382772 0.021522664 0.115390599 -0.045799002 -0.071715847 -0.058693066 0.994642854
1305031115.311704 -0.151505411 0.015077112 0.124857932 -0.048197925 -0.071360022 -0.051708270 0.994942665
1305031115.343235 -0.141090035 0.017843818 0.122472107 -0.043189209 -0.061441220 -0.048418228 0.995999694
1305031115.379166 -0.143610835 0.023987383 0.117561474 -0.045609083 -0.051858772 -0.044581719 0.996615767
1305031115.411237 -0.125845060 0.021138810 0.124780141 -0.052833818 -0.061400596 -0.041321069 0.995856941
1305031115.443159 -0.105048150 0.022261837 0.130940095 -0.055605110 -0.067018412 -0.035024662 0.995585203
1305031115.479241 -0.093479477 0.023785438 0.132548928 -0.059161238 -0.066177994 -0.029586887 0.995612919
1305031115.511253 -0.072777718 0.021278452 0.140887395 -0.062687263 -0.068458833 -0.024575640 0.995379150
1305031115.543604 -0.049590483 0.020201728 0.146356955 -0.062695518 -0.060036570 -0.017483925 0.996071875
1305031115.579315 -0.043008659 0.020077297 0.142971113 -0.061570760 -0.044724178 -0.012488026 0.997021973
1305031115.611424 -0.029956993 0.017888289 0.142184764 -0.061636478 -0.038361076 -0.007146670 0.997335613
1305031115.643254 -0.015370961 0.016159581 0.142423227 -0.060671572 -0.032315660 0.000534096 0.997634411
1305031115.679241 -0.006514498 0.011515142 0.134112075 -0.061161503 -0.026629686 0.010937535 0.997712612
1305031115.711320 0.010766293 0.017410731 0.139593631 -0.057925161 -0.029500784 0.019837612 0.997687757
1305031115.743250 0.028228229 0.018081460 0.143994316 -0.057647478 -0.025250841 0.027747914 0.997631788
1305031115.779425 0.039886504 0.016751524 0.140979320 -0.055964302 -0.014845598 0.034019507 0.997742593
1305031115.811277 0.053723656 0.019184591 0.139946058 -0.054849289 -0.006316738 0.041544337 0.997610033
1305031115.843224 0.066463083 0.017187413 0.137251377 -0.058193322 0.003713214 0.049403135 0.997075260
1305031115.879198 0.076663837 0.010590585 0.130203098 -0.060046058 0.011345441 0.057119705 0.996495426
1305031115.911118 0.089003742 0.016220424 0.135038987 -0.055733815 0.013243328 0.062775292 0.996382236
1305031115.943311 0.103648044 0.016670043 0.132749870 -0.057108238 0.018628072 0.069629461 0.995762706
1305031115.980740 0.114524953 0.018454781 0.132447854 -0.058261104 0.024320900 0.075830497 0.995120049
1305031116.011379 0.139368281 0.018301068 0.134117678 -0.061442953 0.027293876 0.078357019 0.994655728
1305031116.043164 0.148330539 0.021010211 0.135856956 -0.063342504 0.040332742 0.080017276 0.993960857
1305031116.080030 0.155762285 0.027013266 0.137929752 -0.065641411 0.051390272 0.083881244 0.992982507
1305031116.111300 0.164641649 0.025906507 0.139938980 -0.073161170 0.061573505 0.087066457 0.991602540
1305031116.143441 0.170980409 0.023529589 0.141911671 -0.078473397 0.071228541 0.089621037 0.990321398
1305031116.179572 0.180250019 0.027640516 0.143897444 -0.078968138 0.075428911 0.092641830 0.989692867
1305031116.211299 0.189729273 0.026276594 0.145820633 -0.084358923 0.080494896 0.095704712 0.988556862
1305031116.243320 0.200456470 0.021871906 0.148161173 -0.089081638 0.085565083 0.098449215 0.987446606
1305031116.279385 0.207495943 0.022770539 0.148309603 -0.089175485 0.095314063 0.101358242 0.986250222
1305031116.311336 0.215518072 0.023625106 0.147279859 -0.091982275 0.102718100 0.104938902 0.984873652
1305031116.343292 0.222952008 0.021713521 0.147987783 -0.092877716 0.107769780 0.109666906 0.983734012
1305031116.379384 0.224674135 0.017935611 0.147225380 -0.089405738 0.112334855 0.109553359 0.983557582
1305031116.411333 0.225352585 0.023059472 0.143482476 -0.083220311 0.114578664 0.112746246 0.983480752
1305031116.443369 0.224700317 0.028481048 0.141634643 -0.082489163 0.117252156 0.122173138 0.982100427
1305031116.479850 0.224612311 0.020540439 0.141390458 -0.086772487 0.118983924 0.125844836 0.981058836
1305031116.511205 0.222997069 0.020389449 0.138527602 -0.084686823 0.117647707 0.122389384 0.981839120
1305031116.543262 0.218017876 0.021652125 0.135892153 -0.081373513 0.117895290 0.118036665 0.982622206
1305031116.579313 0.205606133 0.022201180 0.134537280 -0.081303246 0.118996575 0.114721939 0.982887805
1305031116.611261 0.194027141 0.017988663 0.133906752 -0.082406901 0.115299232 0.108354889 0.983958542
1305031116.643355 0.179501057 0.017617689 0.132963181 -0.080881894 0.110029936 0.098889463 0.985683680
1305031116.679281 0.173434854 0.018967049 0.131696418 -0.079876736 0.100436881 0.090181641 0.987623096
1305031116.711634 0.161999121 0.021879807 0.130416304 -0.077611580 0.096372426 0.081195377 0.988987446
1305031116.743291 0.146263465 0.024717417 0.129412308 -0.077368304 0.093362227 0.069138683 0.990210831
1305031116.779298 0.134292856 0.024220333 0.129077613 -0.079983890 0.089023642 0.058658618 0.991078496
1305031116.811318 0.115912944 0.023124797 0.128832415 -0.079752140 0.088149600 0.050542019 0.991622269
1305031116.846089 0.097125977 0.027818505 0.127716497 -0.075215138 0.081682488 0.043554705 0.992861331
1305031116.880165 0.083784238 0.029639164 0.127801061 -0.075648934 0.070927262 0.037000291 0.993920267
1305031116.912044 0.072016150 0.028657340 0.128239751 -0.075703703 0.059250206 0.032617349 0.994833887
1305031116.943296 0.047356613 0.030770456 0.121318713 -0.075702064 0.050324410 0.026366180 0.995510638
1305031116.979351 0.031184278 0.031827215 0.120163806 -0.074751176 0.039699953 0.016376667 0.996277034
1305031117.011382 0.023347752 0.032114137 0.120149925 -0.073487110 0.025365001 0.007477294 0.996945500
1305031117.043261 0.012444654 0.034374073 0.115769736 -0.073699400 0.014515277 0.003041699 0.997170210
1305031117.079520 -0.003283153 0.036927879 0.111683294 -0.074873678 0.007112044 -0.003646913 0.997160971
1305031117.111238 -0.013931730 0.034708135 0.106053777 -0.078421123 -0.003438655 -0.006103568 0.996895671
1305031117.143218 -0.022677740 0.040330507 0.104928277 -0.078955531 -0.013898303 -0.006062201 0.996762812
1305031117.179264 -0.025890738 0.042359266 0.110078536 -0.081080385 -0.025034662 -0.011948189 0.996321440
1305031117.211361 -0.028670276 0.044378027 0.114365064 -0.082131997 -0.033553414 -0.015701801 0.995932698
1305031117.243277 -0.029532621 0.048787102 0.115776055 -0.083899319 -0.037235379 -0.017639522 0.995622039
1305031117.279299 -0.028817408 0.046101145 0.117172047 -0.089952081 -0.038074307 -0.021472672 0.994986355
1305031117.311200 -0.032429300 0.044051833 0.118087351 -0.093882702 -0.035710603 -0.023340458 0.994668782
1305031117.343243 -0.034906439 0.040775184 0.118799269 -0.096192256 -0.035478566 -0.024383934 0.994431376
1305031117.379454 -0.035694443 0.036943324 0.118816346 -0.096359491 -0.035608567 -0.024647769 0.994404018
1305031117.411221 -0.037710533 0.032387204 0.118696779 -0.095789276 -0.036611494 -0.023741327 0.994444728
1305031117.443274 -0.037161961 0.030214170 0.118284777 -0.092636853 -0.038646009 -0.022654969 0.994691730
1305031117.479403 -0.038375881 0.024936430 0.118058294 -0.091627747 -0.039060131 -0.021158064 0.994801998
1305031117.511325 -0.038267430 0.017897433 0.118967012 -0.089523770 -0.040899046 -0.019513637 0.994953275
1305031117.544285 -0.039888479 0.014535808 0.118260354 -0.084337398 -0.041107882 -0.019082308 0.995406032
1305031117.579155 -0.041144341 0.009779021 0.118301846 -0.081482403 -0.042365957 -0.020937577 0.995553792
1305031117.611159 -0.041308243 0.004312817 0.120147124 -0.080673382 -0.044342712 -0.020262999 0.995547533
1305031117.643252 -0.042294115 -0.002255145 0.122003272 -0.079376258 -0.046168957 -0.019098060 0.995591819
1305031117.679262 -0.043281727 -0.006774349 0.123473413 -0.078850687 -0.048536029 -0.018566931 0.995531082
1305031117.711184 -0.042432770 -0.015510397 0.127483755 -0.080509119 -0.051732115 -0.016172463 0.995279133
1305031117.743184 -0.041746952 -0.023524290 0.131030023 -0.080919825 -0.054426260 -0.012699101 0.995152533
1305031117.779467 -0.041900333 -0.028359177 0.133164585 -0.080076806 -0.056875970 -0.010859114 0.995105505
1305031117.811320 -0.040131941 -0.039857652 0.138557568 -0.082953781 -0.059874833 -0.008672591 0.994715273
1305031117.843291 -0.037033230 -0.047172718 0.142773151 -0.080636337 -0.060965311 -0.007814157 0.994846702
1305031117.879451 -0.037323929 -0.053310446 0.145201176 -0.079102859 -0.057822291 -0.008024864 0.995155752
1305031117.911407 -0.039690264 -0.063247807 0.149450496 -0.079566084 -0.055320598 -0.008467288 0.995257378
1305031117.943253 -0.039884821 -0.068728477 0.151933968 -0.077754840 -0.053289078 -0.008823462 0.995508194
1305031117.979228 -0.042717598 -0.075247645 0.156448096 -0.079360768 -0.050774813 -0.009266634 0.995508850
1305031118.011228 -0.041927598 -0.086882666 0.162807971 -0.082690798 -0.051221397 -0.009445718 0.995213211
1305031118.043521 -0.042550985 -0.094532877 0.166836008 -0.081800476 -0.049791314 -0.009464539 0.995359182
1305031118.079334 -0.040743899 -0.101970084 0.171163484 -0.081904612 -0.049448818 -0.010834811 0.995353758
1305031118.111217 -0.038286835 -0.109523863 0.177670434 -0.081389956 -0.046635032 -0.011558441 0.995523572
1305031118.143256 -0.041224051 -0.116798744 0.179497793 -0.079933077 -0.040948756 -0.013513422 0.995867074
1305031118.179323 -0.041714877 -0.127136320 0.184432879 -0.080482125 -0.038222168 -0.015652904 0.995899916
1305031118.211202 -0.045377538 -0.137655094 0.187507987 -0.078708500 -0.034457747 -0.013952194 0.996204257
1305031118.243173 -0.046801358 -0.144482195 0.189361066 -0.075414084 -0.034973856 -0.014248993 0.996436894
1305031118.279194 -0.045281857 -0.154046461 0.194324329 -0.072557814 -0.036075965 -0.014366499 0.996608019
1305031118.311299 -0.045636036 -0.159878105 0.196857810 -0.066049062 -0.036451254 -0.014442210 0.997045755
1305031118.343324 -0.043305151 -0.163312078 0.199942917 -0.060770586 -0.036459908 -0.015408673 0.997366607
1305031118.379208 -0.046992727 -0.169144720 0.200830206 -0.056704056 -0.033434015 -0.017057672 0.997685254
1305031118.411296 -0.047106564 -0.171041578 0.201671988 -0.053277243 -0.035284732 -0.016205683 0.997824609
1305031118.445692 -0.044861019 -0.172407955 0.204300210 -0.052523442 -0.036256455 -0.013103047 0.997875273
1305031118.479285 -0.045291916 -0.174848601 0.205832466 -0.052119788 -0.036450680 -0.010896948 0.997915864
1305031118.511255 -0.043327630 -0.171418354 0.206322014 -0.048818346 -0.037284065 -0.009678135 0.998064637
1305031118.544414 -0.042573266 -0.166770056 0.206282765 -0.048957121 -0.036758393 -0.010274709 0.998071373
1305031118.579285 -0.041197460 -0.165961325 0.207011953 -0.051334083 -0.036146726 -0.010607186 0.997970819
1305031118.616142 -0.039440975 -0.161247492 0.206473112 -0.051086865 -0.034673788 -0.012671083 0.998011708
1305031118.645325 -0.040701419 -0.153682604 0.203534618 -0.050905846 -0.031827647 -0.015329902 0.998078465
1305031118.679295 -0.042006850 -0.148470700 0.202528998 -0.054170590 -0.030239942 -0.017460359 0.997920930
1305031118.711421 -0.043208487 -0.146805823 0.200952351 -0.056160424 -0.030234750 -0.020566653 0.997751892
1305031118.746770 -0.046766184 -0.138153434 0.195535272 -0.053260390 -0.031133279 -0.020139748 0.997891963
1305031118.779277 -0.044043303 -0.122246876 0.191187888 -0.052714784 -0.035957325 -0.019636726 0.997768819
1305031118.811221 -0.041499957 -0.124071091 0.191444010 -0.060168874 -0.039105758 -0.021414608 0.997191966
1305031118.846753 -0.037659604 -0.115881048 0.188233852 -0.055985808 -0.040511508 -0.019881234 0.997411251
1305031118.879208 -0.037388921 -0.096470825 0.179715440 -0.051087435 -0.037912663 -0.021763479 0.997736931
1305031118.911177 -0.038574491 -0.093038134 0.176410601 -0.055199653 -0.036353383 -0.024630567 0.997509241
1305031118.946974 -0.037723757 -0.083121702 0.170128822 -0.053751282 -0.035236415 -0.026066512 0.997591972
1305031118.979374 -0.039560877 -0.069778085 0.163059801 -0.053203262 -0.033482485 -0.029942231 0.997572958
1305031119.011363 -0.040885262 -0.061070479 0.157880768 -0.056621574 -0.033256482 -0.032151788 0.997323573
1305031119.047172 -0.042570468 -0.054416511 0.152870923 -0.059050191 -0.033281945 -0.032974467 0.997154951
1305031119.079223 -0.045542561 -0.045852643 0.146952048 -0.059227962 -0.034431860 -0.033206109 0.997097671
1305031119.111328 -0.045559380 -0.038153261 0.141859293 -0.059536405 -0.038129535 -0.032537092 0.996966839
1305031119.147616 -0.047632515 -0.027371112 0.135939956 -0.058721803 -0.040631607 -0.031224968 0.996958256
1305031119.179226 -0.045865074 -0.022795238 0.133350432 -0.060110990 -0.045927778 -0.030912183 0.996655285
1305031119.211364 -0.044556439 -0.012076824 0.127197623 -0.056410659 -0.048145104 -0.029547809 0.996808290
1305031119.247399 -0.044821382 -0.004136770 0.123237438 -0.055763677 -0.049248964 -0.028158562 0.996831000
1305031119.279212 -0.044151995 0.005150710 0.118408509 -0.054954000 -0.050411761 -0.028529877 0.996807277
1305031119.311212 -0.045459196 0.012599639 0.114451036 -0.054896042 -0.050184786 -0.026200254 0.996885896
1305031119.347741 -0.046527650 0.018902978 0.111003369 -0.054299787 -0.051557139 -0.023878437 0.996906817
1305031119.379239 -0.045517042 0.030366043 0.107353136 -0.052233502 -0.054142673 -0.023192612 0.996896327
1305031119.411484 -0.041183267 0.036914062 0.105089694 -0.053675555 -0.055728339 -0.022137510 0.996756315
1305031119.447706 -0.040572401 0.043578640 0.102231793 -0.054630771 -0.053491145 -0.021641018 0.996837914
1305031119.479267 -0.041932508 0.054049719 0.098523930 -0.052011736 -0.050845399 -0.022411233 0.997099400
1305031119.511240 -0.043905124 0.062930167 0.094962649 -0.053034287 -0.048872605 -0.021943456 0.997154593
1305031119.547382 -0.044416517 0.073009320 0.092952415 -0.053397413 -0.048811153 -0.020386469 0.997171342
1305031119.579559 -0.043053336 0.085428946 0.090188920 -0.053725816 -0.048164252 -0.020376969 0.997185290
1305031119.615017 -0.045039579 0.091226555 0.088787541 -0.058300804 -0.045491342 -0.019756509 0.997066319
1305031119.647903 -0.046525076 0.103728898 0.085527882 -0.059079748 -0.044299904 -0.018909948 0.997090518
1305031119.679208 -0.043399893 0.114458442 0.085505106 -0.062211115 -0.043617576 -0.020470211 0.996899307
1305031119.715232 -0.044332296 0.120952889 0.084859915 -0.068363927 -0.038837090 -0.018463617 0.996733189
1305031119.747193 -0.048731584 0.126404345 0.082197279 -0.072693713 -0.035358038 -0.013881742 0.996630728
1305031119.779169 -0.050592240 0.135822788 0.081261501 -0.074622668 -0.036258668 -0.011295911 0.996488392
1305031119.814537 -0.048490506 0.143657461 0.080863185 -0.076414324 -0.038348414 -0.006969784 0.996314049
1305031119.847429 -0.048129961 0.151804179 0.079338484 -0.078449316 -0.037339669 -0.002736542 0.996214807
1305031119.879214 -0.047383353 0.155811012 0.078962192 -0.079907008 -0.036037181 -0.002382091 0.996147811
1305031119.911401 -0.049283732 0.168237835 0.074991465 -0.076864608 -0.033192858 -0.001876476 0.996487081
1305031119.947392 -0.048540566 0.174181402 0.074666694 -0.081131302 -0.032106768 -0.001528507 0.996184945
1305031119.979537 -0.048048597 0.179367349 0.073579170 -0.083270587 -0.029272156 -0.002606817 0.996093571
1305031120.015264 -0.050508562 0.190434396 0.070139565 -0.084390596 -0.024768539 -0.001159087 0.996124208
1305031120.047290 -0.053194214 0.186824769 0.070380777 -0.094983883 -0.022951959 0.000068504 0.995214164
1305031120.079418 -0.054232083 0.187034369 0.069979720 -0.096923813 -0.024798172 0.002208449 0.994980395
1305031120.115232 -0.053711981 0.191218764 0.069621488 -0.096719168 -0.027577415 0.004075754 0.994921267
1305031120.148157 -0.051818665 0.187075093 0.071208961 -0.100484230 -0.029287295 0.004919259 0.994495332
1305031120.179246 -0.050278667 0.181671321 0.072377309 -0.101223946 -0.029513376 0.007901536 0.994394422
1305031120.215249 -0.050063502 0.176404506 0.072756246 -0.097969718 -0.029675426 0.008007267 0.994714618
1305031120.248003 -0.050495893 0.174925193 0.073033392 -0.092990182 -0.029315472 0.005593920 0.995219648
1305031120.279430 -0.049928788 0.169191033 0.073764488 -0.090433970 -0.028702997 0.004106244 0.995480239
1305031120.315196 -0.049602326 0.162279651 0.075357825 -0.088609010 -0.028423229 0.002072368 0.995658696
1305031120.347787 -0.050114773 0.155122995 0.077141382 -0.085402444 -0.027584853 -0.000284083 0.995964527
1305031120.379437 -0.049329922 0.146339282 0.080131233 -0.084738925 -0.028169397 -0.000617017 0.996004760
1305031120.415445 -0.047119703 0.131493658 0.085147932 -0.082023017 -0.030066350 -0.000317491 0.996176720
1305031120.447417 -0.048966996 0.128647745 0.086277023 -0.072845317 -0.029475402 -0.001345745 0.996906698
1305031120.479432 -0.047080893 0.116046049 0.091151603 -0.072436683 -0.031181753 -0.000523496 0.996885300
1305031120.514819 -0.048444740 0.106128439 0.094684079 -0.066653572 -0.032339677 0.001104955 0.997251272
1305031120.547736 -0.048940696 0.098851457 0.097464524 -0.060154725 -0.035052277 0.002643672 0.997569919
1305031120.579551 -0.050216723 0.092780367 0.100744307 -0.056598485 -0.038311068 0.006012567 0.997643530
1305031120.615236 -0.048340824 0.083058357 0.105953351 -0.054371133 -0.043484345 0.008519389 0.997537076
1305031120.647354 -0.046545107 0.075679690 0.109848157 -0.049764875 -0.047021218 0.008902462 0.997613788
1305031120.679318 -0.044302471 0.070968844 0.114268303 -0.046316870 -0.049501631 0.010067691 0.997648716
1305031120.714522 -0.044563800 0.063590646 0.117577545 -0.044442892 -0.049832627 0.010728475 0.997710586
1305031120.747369 -0.045184858 0.054678187 0.121236593 -0.044160906 -0.051828139 0.010888218 0.997619689
1305031120.779894 -0.042313866 0.045450747 0.125686392 -0.042703114 -0.055155065 0.010997733 0.997503579
1305031120.814944 -0.042836688 0.040338010 0.126911238 -0.039378300 -0.054960269 0.010036027 0.997661233
1305031120.847921 -0.042600971 0.031584792 0.130733207 -0.040856395 -0.056099061 0.008249009 0.997554839
1305031120.883435 -0.039805137 0.022433966 0.134509295 -0.039199010 -0.056913976 0.006627825 0.997587264
1305031120.915444 -0.041467126 0.017263208 0.135124251 -0.037279591 -0.054636780 0.004516269 0.997799933
1305031120.947488 -0.042041346 0.008206006 0.138010010 -0.038128905 -0.054167025 0.002228741 0.997801185
1305031120.983366 -0.042646322 -0.000126536 0.140796572 -0.038084973 -0.054088045 0.000168755 0.997809589
1305031121.015019 -0.042203203 -0.008780296 0.143092021 -0.037113316 -0.055014495 -0.000889060 0.997795165
1305031121.047498 -0.043160763 -0.013634807 0.144485265 -0.035794336 -0.054489031 -0.001941352 0.997870684
1305031121.083099 -0.045261551 -0.024544578 0.147228524 -0.036020380 -0.054974750 -0.003289539 0.997832358
1305031121.114696 -0.044914007 -0.030419521 0.148466557 -0.033047937 -0.056501955 -0.003079780 0.997850597
1305031121.147331 -0.045731451 -0.037735499 0.150320962 -0.031483475 -0.056958549 -0.003743513 0.997873008
1305031121.183271 -0.045888849 -0.046623614 0.151632577 -0.030377539 -0.058278400 -0.004475290 0.997828066
1305031121.211420 -0.042813487 -0.054423466 0.155545786 -0.028191082 -0.059363399 -0.004332046 0.997828901
1305031121.247194 -0.046183575 -0.060318306 0.155178741 -0.025956251 -0.056572121 -0.005193222 0.998047531
1305031121.282876 -0.046080261 -0.070458442 0.158718780 -0.027343810 -0.058247373 -0.003972307 0.997919738
1305031121.313568 -0.044673201 -0.079344183 0.162866428 -0.025197469 -0.059109159 -0.002881139 0.997929335
1305031121.347517 -0.048225824 -0.084707998 0.163548693 -0.022589488 -0.058882970 -0.002420647 0.998006344
1305031121.383226 -0.044477981 -0.095855348 0.169155881 -0.022458078 -0.061984487 -0.001643980 0.997823060
1305031121.414318 -0.045250580 -0.102095589 0.170396745 -0.017669838 -0.060717121 -0.003035495 0.997994006
1305031121.447319 -0.045208503 -0.107487902 0.172518194 -0.016186845 -0.060430720 -0.001917906 0.998039305
1305031121.482964 -0.042853255 -0.119560972 0.177690640 -0.016332753 -0.059455253 -0.000531918 0.998097241
1305031121.514107 -0.047138073 -0.122872941 0.175551340 -0.011889379 -0.055917565 -0.000205138 0.998364627
1305031121.547270 -0.046647102 -0.127134264 0.178254947 -0.012736670 -0.056167904 0.000515089 0.998339951
1305031121.583204 -0.045851633 -0.137327716 0.182390884 -0.015302474 -0.055290431 -0.000329931 0.998353004
1305031121.614700 -0.045708612 -0.143762708 0.184219018 -0.014099402 -0.053560261 -0.001559973 0.998463869
1305031121.647183 -0.043310814 -0.147499651 0.185670391 -0.012994642 -0.050252534 -0.003264241 0.998646677
1305031121.683200 -0.047799982 -0.155303448 0.185897410 -0.016075540 -0.044810314 -0.005157205 0.998852849
1305031121.714520 -0.050428957 -0.162070021 0.187036037 -0.017003147 -0.043211505 -0.004361259 0.998911738
1305031121.747145 -0.050026048 -0.165036932 0.189829320 -0.018329632 -0.043323208 -0.003763118 0.998885870
1305031121.782835 -0.049275711 -0.171694055 0.193099990 -0.020784551 -0.043297563 -0.001610346 0.998844683
1305031121.811540 -0.046846025 -0.174455822 0.195552826 -0.021751238 -0.042982563 0.000696578 0.998838782
1305031121.847335 -0.047799580 -0.176604092 0.196374461 -0.023535999 -0.040886525 0.003721243 0.998879611
1305031121.882060 -0.048902921 -0.179628193 0.196358114 -0.026288366 -0.040145908 0.009623288 0.998801589
1305031121.914931 -0.050470553 -0.180105358 0.196203679 -0.027915997 -0.041316859 0.011413385 0.998690844
1305031121.947288 -0.047510412 -0.179897353 0.198030904 -0.027843235 -0.044583872 0.011461674 0.998551786
1305031121.982926 -0.046004720 -0.174646065 0.198238537 -0.026689645 -0.044799175 0.011296632 0.998575509
1305031122.014256 -0.048958182 -0.173102438 0.195978507 -0.027472885 -0.043522984 0.008646455 0.998637199
1305031122.047306 -0.048943277 -0.168155670 0.194165125 -0.025962144 -0.044917904 0.005072203 0.998640358
1305031122.082959 -0.047172856 -0.162673220 0.192763895 -0.024995683 -0.046111181 0.001540008 0.998622358
1305031122.114672 -0.048217468 -0.153654516 0.188987002 -0.022837520 -0.045697872 -0.001977593 0.998692274
1305031122.150725 -0.046601683 -0.146845728 0.186784908 -0.023364700 -0.046630267 -0.007133739 0.998613417
1305031122.183042 -0.045160964 -0.137924820 0.183221638 -0.021170052 -0.046011377 -0.011980860 0.998644710
1305031122.214959 -0.047085363 -0.118637964 0.178233251 -0.020127904 -0.043669824 -0.016793270 0.998702109
1305031122.251319 -0.048599854 -0.116502188 0.176580057 -0.027538350 -0.042565413 -0.020680828 0.998499930
1305031122.283560 -0.050879508 -0.103877112 0.172466666 -0.026543671 -0.042737469 -0.023477299 0.998457730
1305031122.314289 -0.052309953 -0.088217482 0.165802374 -0.030108407 -0.044276059 -0.027395207 0.998189688
1305031122.351327 -0.052285023 -0.083055288 0.163180530 -0.037544310 -0.046712156 -0.029784001 0.997758150
1305031122.382630 -0.054956481 -0.071886942 0.159210727 -0.041259732 -0.047900032 -0.031088900 0.997515261
1305031122.414997 -0.057725303 -0.066459492 0.154326707 -0.045781735 -0.051002342 -0.031908412 0.997138262
1305031122.451257 -0.057433955 -0.056234699 0.149568051 -0.047031611 -0.055834860 -0.030317077 0.996870756
1305031122.483360 -0.057619691 -0.048748266 0.145369068 -0.050281737 -0.060673676 -0.030370424 0.996427655
1305031122.515097 -0.055625893 -0.040199719 0.141093522 -0.051394016 -0.065309480 -0.031291045 0.996049285
1305031122.551490 -0.052099872 -0.031111527 0.137189940 -0.052616317 -0.067532957 -0.032314483 0.995804489
1305031122.583208 -0.053090367 -0.022978108 0.133247241 -0.053799931 -0.065763719 -0.033974271 0.995804429
1305031122.614980 -0.056171965 -0.016819902 0.130008355 -0.054919988 -0.064942308 -0.033420522 0.995815933
1305031122.648788 -0.056178655 -0.007189945 0.124981098 -0.052977458 -0.066736490 -0.032370690 0.995837212
1305031122.683402 -0.056685917 0.001387865 0.120450988 -0.052460551 -0.067681991 -0.030776910 0.995851278
1305031122.715208 -0.058384251 0.009626513 0.116847299 -0.052294385 -0.069716424 -0.028005572 0.995801508
1305031122.751298 -0.056261130 0.022018172 0.113160610 -0.050571535 -0.073052995 -0.027374661 0.995668828
1305031122.783423 -0.055858441 0.034567557 0.110317945 -0.052153554 -0.073402427 -0.028048050 0.995542765
1305031122.812555 -0.053876452 0.040367711 0.109736048 -0.057795167 -0.073584020 -0.028432656 0.995206892
1305031122.851418 -0.049670830 0.048295669 0.109498218 -0.059251681 -0.071640663 -0.030430866 0.995203912
1305031122.883754 -0.052109800 0.057558384 0.105347931 -0.061474286 -0.064052038 -0.029881982 0.995602965
1305031122.914571 -0.055523485 0.061865784 0.103423499 -0.065654643 -0.060184438 -0.029114991 0.995600104
1305031122.951341 -0.055790734 0.067778714 0.101367183 -0.066693552 -0.059410542 -0.028067723 0.995607674
1305031122.982815 -0.057952076 0.076578662 0.097872317 -0.067363754 -0.058463335 -0.024675652 0.995708466
1305031123.015450 -0.056947649 0.080993354 0.096625902 -0.070396550 -0.060126644 -0.021477962 0.995473683
1305031123.051827 -0.055051021 0.085924812 0.095092639 -0.070257679 -0.060568795 -0.019814588 0.995491147
1305031123.082975 -0.056256361 0.097076871 0.091741368 -0.067734279 -0.059013080 -0.017584231 0.995801330
1305031123.113873 -0.056478724 0.105207995 0.089537606 -0.070439175 -0.057753418 -0.015275560 0.995725632
1305031123.150822 -0.057040043 0.111483455 0.088176534 -0.073330104 -0.056769919 -0.015018938 0.995577395
1305031123.182155 -0.054010402 0.122199908 0.088088065 -0.074053735 -0.056546606 -0.014302049 0.995547116
1305031123.214704 -0.053250175 0.130879939 0.086315513 -0.077594593 -0.052028954 -0.014735417 0.995517433
1305031123.250618 -0.054183129 0.142650038 0.084433913 -0.081146382 -0.047736846 -0.015933391 0.995430887
1305031123.282347 -0.052834123 0.151855707 0.084683418 -0.088338517 -0.045308482 -0.013338142 0.994970143
1305031123.311327 -0.051468629 0.159535959 0.084906109 -0.093351416 -0.041990593 -0.011385062 0.994682193
1305031123.350481 -0.050747208 0.166657403 0.084586360 -0.097897761 -0.038167857 -0.010780477 0.994405866
1305031123.382255 -0.048563860 0.175460398 0.084256127 -0.101240337 -0.034558102 -0.007216637 0.994235396
1305031123.411363 -0.049846530 0.179147303 0.083664566 -0.105486646 -0.028952751 -0.005499042 0.993983924
1305031123.451255 -0.051410090 0.189632744 0.081537545 -0.104986556 -0.025440963 -0.003789577 0.994140923
1305031123.483594 -0.049797941 0.196514279 0.081087679 -0.108847566 -0.024400301 0.000842176 0.993758559
1305031123.511360 -0.049870372 0.201062754 0.079960652 -0.112455375 -0.022397473 0.003496114 0.993398130
1305031123.551513 -0.050528105 0.212321937 0.078330472 -0.110474676 -0.021834616 0.005609386 0.993623257
1305031123.579583 -0.048267659 0.218443424 0.078278929 -0.112423442 -0.022583054 0.009107095 0.993362010
1305031123.611335 -0.046690300 0.226981759 0.076684453 -0.111856759 -0.021752907 0.010572532 0.993429959
1305031123.652411 -0.045276590 0.235404670 0.076666474 -0.114525490 -0.020138936 0.009432861 0.993171334
1305031123.683753 -0.044235427 0.241695255 0.075932331 -0.117623329 -0.016853726 0.010607067 0.992858589
1305031123.711323 -0.043303140 0.245996580 0.075124949 -0.122164756 -0.013595708 0.012064362 0.992343366
1305031123.751723 -0.044454750 0.244391382 0.074547738 -0.128336623 -0.010628028 0.013502092 0.991581798
1305031123.783858 -0.044996098 0.246620297 0.073542446 -0.129823670 -0.010588991 0.015226610 0.991363645
1305031123.811608 -0.044223651 0.247208744 0.072857417 -0.131314680 -0.011189331 0.016330345 0.991143048
1305031123.851444 -0.044399228 0.246256500 0.072009370 -0.133298784 -0.011023670 0.018505627 0.990841806
1305031123.883786 -0.043727182 0.240507036 0.071710035 -0.136336163 -0.012670233 0.019429769 0.990391076
1305031123.911243 -0.042980790 0.239854068 0.071453631 -0.132567495 -0.014585912 0.018606853 0.990891993
1305031123.951442 -0.043672528 0.242413491 0.071580105 -0.130016983 -0.014665678 0.019793276 0.991205692
1305031123.983415 -0.043880098 0.230271861 0.072753906 -0.137309521 -0.016741455 0.022004835 0.990142226
1305031124.011302 -0.042586897 0.223674774 0.074681222 -0.133450598 -0.021581125 0.022267841 0.990570188
1305031124.051505 -0.043927625 0.224919558 0.075110160 -0.125888601 -0.023801280 0.022405984 0.991505682
1305031124.083837 -0.042349495 0.216503754 0.078361407 -0.126691952 -0.027713381 0.024228491 0.991258860
1305031124.111331 -0.040804937 0.206185699 0.081399202 -0.123371542 -0.031496771 0.022032572 0.991615832
1305031124.147446 -0.044010535 0.209771052 0.081979409 -0.112556607 -0.030835625 0.019737473 0.992970586
1305031124.182694 -0.042723201 0.196776047 0.086036317 -0.115037888 -0.032937910 0.019078778 0.992631555
1305031124.211396 -0.040163379 0.188270181 0.088891953 -0.109927893 -0.035518974 0.016107678 0.993174136
1305031124.249327 -0.044232573 0.186823502 0.088205375 -0.101677842 -0.034257963 0.015200854 0.994111121
1305031124.282545 -0.045296967 0.177993998 0.089511484 -0.102315068 -0.037927844 0.015915278 0.993901312
1305031124.311361 -0.041568335 0.168024629 0.093331367 -0.100012146 -0.044232018 0.015348037 0.993884087
1305031124.350354 -0.042909257 0.161992639 0.094083518 -0.094321333 -0.046531945 0.013698963 0.994359434
1305031124.382420 -0.040296949 0.150464222 0.096530512 -0.093176007 -0.050086372 0.012671004 0.994308293
1305031124.411439 -0.040022187 0.140461206 0.098425120 -0.088954233 -0.051582776 0.011802838 0.994629085
1305031124.450245 -0.039610844 0.130227566 0.099779330 -0.083099298 -0.052871458 0.009788265 0.995089591
1305031124.480099 -0.039782729 0.119530194 0.100598440 -0.078051552 -0.053821012 0.007134772 0.995469928
1305031124.511324 -0.040687107 0.111322217 0.104019627 -0.071164921 -0.055421010 0.006980274 0.995899260
1305031124.550437 -0.042137459 0.101531118 0.105410151 -0.067494810 -0.056361191 0.003853527 0.996118963
1305031124.579404 -0.042586964 0.091252774 0.108033910 -0.064384051 -0.058741674 0.001716626 0.996193349
1305031124.611358 -0.042340524 0.081493981 0.110753238 -0.059613179 -0.061324924 -0.000403580 0.996335983
1305031124.651271 -0.042559713 0.072052613 0.113089271 -0.056194600 -0.063477919 -0.002414304 0.996396959
1305031124.679362 -0.040993638 0.060571261 0.117885172 -0.053118769 -0.066197932 -0.004103384 0.996383131
1305031124.711251 -0.040477030 0.052297529 0.120258741 -0.048581827 -0.066437826 -0.006019590 0.996589005
1305031124.749890 -0.041909531 0.040651530 0.123693839 -0.047351107 -0.065993607 -0.008108527 0.996662915
1305031124.779365 -0.042097822 0.030826561 0.127471685 -0.044120342 -0.067361481 -0.008976032 0.996712267
1305031124.811360 -0.042439498 0.022065725 0.130902082 -0.042051695 -0.068141259 -0.009421101 0.996744514
1305031124.850535 -0.042350404 0.010872903 0.136257261 -0.042529810 -0.069777332 -0.009941389 0.996605992
1305031124.879355 -0.037893519 -0.000513560 0.142707616 -0.041168109 -0.071909741 -0.010329304 0.996507645
1305031124.911448 -0.038575239 -0.006345470 0.146123514 -0.038758669 -0.069028027 -0.010554088 0.996805668
1305031124.950730 -0.038399525 -0.016255725 0.152442738 -0.042042557 -0.068092465 -0.010572087 0.996736705
1305031124.979438 -0.040358178 -0.031551015 0.158078045 -0.042765781 -0.066616863 -0.009113063 0.996820092
1305031125.011454 -0.043837298 -0.039754763 0.160157204 -0.037934195 -0.067574166 -0.008492311 0.996956646
1305031125.050763 -0.039609268 -0.043093812 0.164489970 -0.034646567 -0.071614832 -0.007141606 0.996804893
1305031125.079364 -0.039596580 -0.052824836 0.169501722 -0.036171798 -0.070689432 -0.004150812 0.996833682
1305031125.111364 -0.041745093 -0.063543208 0.173000172 -0.036136065 -0.070967577 -0.003274132 0.996818483
1305031125.151013 -0.039574917 -0.069672838 0.176345795 -0.031733207 -0.072317660 -0.005256098 0.996862829
1305031125.179353 -0.040680572 -0.071659893 0.177732274 -0.030785387 -0.069325477 -0.004455443 0.997108996
1305031125.211320 -0.043377116 -0.082407415 0.182036415 -0.035034675 -0.067162894 -0.004480548 0.997116685
1305031125.250632 -0.045138519 -0.093759879 0.184680656 -0.034208931 -0.066599913 -0.007273141 0.997166634
1305031125.279467 -0.045619942 -0.096631475 0.186197340 -0.030419016 -0.066519059 -0.008248637 0.997287273
1305031125.311493 -0.045161135 -0.105780296 0.190572992 -0.031154875 -0.065277316 -0.007633642 0.997351527
1305031125.348880 -0.048097678 -0.109442204 0.191238284 -0.026630713 -0.063104123 -0.010872757 0.997592330
1305031125.379401 -0.043840837 -0.112012744 0.196874514 -0.026051257 -0.063143946 -0.014417777 0.997560203
1305031125.411335 -0.042537548 -0.118007787 0.197638303 -0.026943961 -0.057189737 -0.014516462 0.997894108
1305031125.451195 -0.045035727 -0.122867346 0.199688226 -0.029899836 -0.051128518 -0.016663518 0.998105347
1305031125.479424 -0.044747282 -0.131164864 0.202531353 -0.030626372 -0.047527928 -0.018228818 0.998233855
1305031125.511316 -0.046369195 -0.130525559 0.202210948 -0.029060466 -0.043066002 -0.018862039 0.998471379
1305031125.551020 -0.045800239 -0.133083716 0.202988192 -0.030105539 -0.040255055 -0.020801047 0.998519123
1305031125.579308 -0.044810560 -0.134978294 0.204253361 -0.031671859 -0.037191711 -0.022928344 0.998542905
1305031125.611533 -0.046777319 -0.140961081 0.203787312 -0.032397140 -0.033090953 -0.023482891 0.998651087
1305031125.650575 -0.052219849 -0.144030944 0.198968202 -0.028694538 -0.030653857 -0.021082034 0.998895645
1305031125.679328 -0.055908576 -0.136694297 0.193150580 -0.023025930 -0.033390623 -0.020161806 0.998973668
1305031125.711443 -0.052465696 -0.137948707 0.193943158 -0.022546874 -0.040359903 -0.018083096 0.998767078
1305031125.751260 -0.049488567 -0.126713350 0.189513296 -0.015756866 -0.043615196 -0.016234692 0.998792231
1305031125.779348 -0.047894143 -0.120781429 0.187538743 -0.015784865 -0.045132846 -0.018771548 0.998679876
1305031125.811573 -0.046243787 -0.111905418 0.184544012 -0.014531633 -0.044914506 -0.019673835 0.998691380
1305031125.847412 -0.046951890 -0.106904730 0.181697950 -0.017098071 -0.043166835 -0.021732947 0.998685122
1305031125.879318 -0.050859742 -0.098631240 0.177798048 -0.016310792 -0.042277321 -0.023280719 0.998701453
1305031125.911305 -0.054083489 -0.087726995 0.171785235 -0.018768061 -0.044066705 -0.021912165 0.998611927
1305031125.947343 -0.056245767 -0.085466094 0.167984664 -0.023520932 -0.049932122 -0.019847132 0.998278320
1305031125.979324 -0.054320671 -0.074830964 0.164470762 -0.023072358 -0.057979707 -0.016335813 0.997917414
1305031126.011333 -0.050091997 -0.063115746 0.164242595 -0.024166349 -0.065172784 -0.015909191 0.997454464
1305031126.047324 -0.044764109 -0.051819719 0.163456365 -0.026528234 -0.068491168 -0.014681424 0.997190893
1305031126.079356 -0.043750040 -0.040420931 0.160199985 -0.030012172 -0.067045137 -0.013677464 0.997204661
1305031126.111370 -0.042595796 -0.032699514 0.159675956 -0.034116585 -0.066733532 -0.014309910 0.997084677
1305031126.147432 -0.043738343 -0.019073661 0.157648548 -0.035096880 -0.064807646 -0.013190581 0.997193158
1305031126.179384 -0.044471085 -0.005843553 0.154805914 -0.040261291 -0.064479828 -0.012052158 0.997033656
1305031126.211319 -0.041434299 -0.000499764 0.155886143 -0.046298683 -0.066457778 -0.011721603 0.996645570
1305031126.247298 -0.040274598 0.013065482 0.152793452 -0.047690392 -0.065384686 -0.011548379 0.996652961
1305031126.279363 -0.039612044 0.023085743 0.151219115 -0.051621012 -0.063783191 -0.012446889 0.996550083
1305031126.311332 -0.037926197 0.035991877 0.149280116 -0.054414459 -0.061309852 -0.013843332 0.996538281
1305031126.347363 -0.037903566 0.043026619 0.147060454 -0.059707105 -0.057411026 -0.015189376 0.996447861
1305031126.379423 -0.039984699 0.052994661 0.144515559 -0.062531576 -0.053526230 -0.016777059 0.996465385
1305031126.411465 -0.040338475 0.063200258 0.141934440 -0.066280283 -0.051767215 -0.018442186 0.996286571
1305031126.447361 -0.040805042 0.068947241 0.140186638 -0.071441837 -0.050117034 -0.018040415 0.996021509
1305031126.479533 -0.042700920 0.077491589 0.137038618 -0.073193245 -0.049394865 -0.015304136 0.995976269
1305031126.511410 -0.042832121 0.089201242 0.132498235 -0.074793518 -0.050752781 -0.013548105 0.995814502
1305031126.547374 -0.039602403 0.097661458 0.132398471 -0.080236845 -0.052607022 -0.012628504 0.995306551
1305031126.579454 -0.038202368 0.104960024 0.130993187 -0.084276393 -0.050978102 -0.010856732 0.995078325
1305031126.611528 -0.038430441 0.112255014 0.129236802 -0.089101173 -0.048889067 -0.009202890 0.994779468
1305031126.647376 -0.035583489 0.115547061 0.129547343 -0.093977720 -0.048420239 -0.007222770 0.994369924
1305031126.679479 -0.035360519 0.120678291 0.127364621 -0.095672339 -0.046081729 -0.002786312 0.994341791
1305031126.711583 -0.035007838 0.126594260 0.125156313 -0.097797677 -0.044389360 0.000196198 0.994215846
1305031126.747316 -0.033334594 0.127718166 0.124168023 -0.100038618 -0.043306015 0.003367350 0.994035006
1305031126.779379 -0.033433329 0.133489475 0.121475697 -0.098674022 -0.041935217 0.006424213 0.994215071
1305031126.811602 -0.030069713 0.136326373 0.120939255 -0.099098422 -0.041249856 0.007039917 0.994197369
1305031126.847343 -0.029844429 0.139905423 0.118351623 -0.098888718 -0.037200008 0.007559337 0.994374156
1305031126.879357 -0.030163834 0.142311722 0.116518252 -0.099276453 -0.034831706 0.008123083 0.994416893
1305031126.911364 -0.029244192 0.142866686 0.115557909 -0.099849254 -0.032937177 0.007300685 0.994430482
1305031126.947437 -0.030223358 0.144010469 0.113365695 -0.100494340 -0.031104356 0.009008511 0.994410515
1305031126.979337 -0.029610384 0.142859980 0.113317475 -0.101588205 -0.032309238 0.010235816 0.994249046
1305031127.011371 -0.028694637 0.142439842 0.113194972 -0.100291535 -0.033692446 0.010538282 0.994331658
1305031127.047297 -0.028402952 0.143689603 0.112411574 -0.098832794 -0.034021642 0.011599570 0.994454622
1305031127.079299 -0.029186258 0.142398417 0.112322263 -0.099759020 -0.034066617 0.011872790 0.994357407
1305031127.111435 -0.030123953 0.139287144 0.112392843 -0.100717209 -0.035855990 0.012924171 0.994184792
1305031127.147307 -0.030678337 0.137106031 0.113090716 -0.099794820 -0.039077371 0.013686084 0.994146168
1305031127.179349 -0.030363604 0.137259394 0.113253884 -0.097015567 -0.042127538 0.013082777 0.994304836
1305031127.211700 -0.028651400 0.135517344 0.115294680 -0.096621156 -0.044572707 0.012896147 0.994239092
1305031127.247374 -0.028382704 0.131810546 0.116927989 -0.095609859 -0.044964936 0.012172747 0.994328260
1305031127.279465 -0.029320616 0.131387174 0.116773710 -0.092726067 -0.044668328 0.010958820 0.994628847
1305031127.311362 -0.030301366 0.129147887 0.118191846 -0.093201086 -0.045243520 0.010328114 0.994565189
1305031127.347356 -0.029856831 0.123174168 0.120931581 -0.093111001 -0.047327761 0.009801553 0.994481921
1305031127.379262 -0.030577146 0.123771891 0.120598227 -0.089442760 -0.047977820 0.009574275 0.994789660
1305031127.411371 -0.031377155 0.122553289 0.121964440 -0.089075841 -0.048812933 0.008774202 0.994789302
1305031127.447333 -0.030917723 0.117458098 0.124510229 -0.089825280 -0.050555196 0.008674714 0.994635761
1305031127.479362 -0.032640714 0.119008422 0.124688163 -0.086518638 -0.050764009 0.007603614 0.994926989
1305031127.511356 -0.032751828 0.117698938 0.126006946 -0.087727606 -0.052041620 0.006467652 0.994763136
1305031127.547348 -0.031994935 0.113587409 0.128699839 -0.088847995 -0.053620309 0.006635946 0.994578719
1305031127.579345 -0.033345778 0.114324532 0.128641173 -0.086215027 -0.053359613 0.006021067 0.994828343
1305031127.611271 -0.033215877 0.114935644 0.129253417 -0.086127505 -0.054069169 0.005814113 0.994798839
1305031127.647358 -0.032368030 0.111727901 0.131050646 -0.088138491 -0.054882038 0.007230227 0.994568884
1305031127.679298 -0.033040740 0.110504672 0.131207958 -0.086782135 -0.055002082 0.008025108 0.994675457
1305031127.711375 -0.033963401 0.112471193 0.130501822 -0.085138120 -0.055246547 0.007445849 0.994808435
1305031127.747304 -0.032863371 0.110297807 0.132103235 -0.087061636 -0.056406755 0.007665135 0.994575202
1305031127.779346 -0.033323649 0.107469834 0.132446080 -0.086932093 -0.056362450 0.007934612 0.994586945
1305031127.811829 -0.034175880 0.109000482 0.131554276 -0.084554173 -0.056307361 0.006731602 0.994803905
1305031127.847366 -0.034389317 0.108225159 0.131738320 -0.084973693 -0.056376036 0.005816272 0.994769990
1305031127.879380 -0.034951340 0.106999561 0.132070526 -0.085376538 -0.056538183 0.005432028 0.994728506
1305031127.911476 -0.036167905 0.107031949 0.132007405 -0.084837042 -0.056872137 0.004865672 0.994758546
1305031127.947366 -0.036503911 0.108436435 0.132373303 -0.084773064 -0.057619508 0.005034522 0.994720161
1305031127.979371 -0.036341228 0.107181258 0.133833736 -0.086848371 -0.058570620 0.005015573 0.994485676
1305031128.011427 -0.035121784 0.107413635 0.135466352 -0.087677673 -0.059350129 0.004613357 0.994368613
1305031128.047369 -0.033955716 0.105337471 0.138161704 -0.090830840 -0.059071369 0.005843250 0.994095683
1305031128.079334 -0.034551911 0.102845684 0.139494613 -0.091536582 -0.058425348 0.006780259 0.994063139
1305031128.111391 -0.034051575 0.102237090 0.140286714 -0.090969875 -0.058908727 0.007520997 0.994081318
1305031128.147418 -0.033739533 0.102046117 0.141247660 -0.091565482 -0.059077263 0.009025089 0.994004130
1305031128.179350 -0.032492954 0.097956046 0.142990649 -0.092516050 -0.059690598 0.010448535 0.993865490
1305031128.211447 -0.033375420 0.099378929 0.142514840 -0.089658797 -0.059139404 0.010672116 0.994157910
1305031128.247480 -0.033661250 0.100114182 0.142808646 -0.089637652 -0.059509590 0.010940174 0.994134843
1305031128.279336 -0.032741621 0.097212322 0.143846184 -0.090922102 -0.060393635 0.011075692 0.993963301
1305031128.311483 -0.033310033 0.098032288 0.143219054 -0.089148425 -0.060100108 0.010447210 0.994148612
1305031128.347423 -0.034281958 0.098370500 0.142896146 -0.088913508 -0.059741575 0.009525088 0.994200468
1305031128.379404 -0.034390416 0.097072154 0.143466577 -0.089591362 -0.060265284 0.007920590 0.994122088
1305031128.411337 -0.034662962 0.096288532 0.143277705 -0.089064129 -0.060158055 0.006699446 0.994184971
1305031128.447296 -0.035499945 0.096438922 0.142910838 -0.088451840 -0.059846859 0.005445696 0.994266033
1305031128.479296 -0.035710417 0.095716245 0.142879844 -0.088815331 -0.060067061 0.004358586 0.994225740
1305031128.511433 -0.035399601 0.094812639 0.143089756 -0.088697553 -0.060100008 0.003693706 0.994236946
1305031128.547399 -0.035100661 0.094583243 0.143206164 -0.088706657 -0.059745174 0.003197805 0.994259238
1305031128.579455 -0.035113767 0.092331856 0.143332750 -0.089059174 -0.059138596 0.003051163 0.994264424
1305031128.611395 -0.036685608 0.092388876 0.142486572 -0.087504283 -0.058403023 0.003146855 0.994445622
1305031128.647352 -0.037576646 0.092347085 0.141682208 -0.086922921 -0.059225895 0.003330688 0.994447351
1305031128.679282 -0.036973067 0.091072150 0.141788542 -0.086997196 -0.060953844 0.002949591 0.994337678
1305031128.711457 -0.035866931 0.091217130 0.141912296 -0.085713767 -0.061489519 0.002080749 0.994418323
1305031128.747363 -0.035538979 0.091663629 0.141631275 -0.084665611 -0.060709894 0.001066778 0.994557679
